1 0.13230039903846152 1 0.13230039903846152 0.9365450552884614 0.009466076923076923 0.9365450552884614 0.009466076923076923 1 0.13230039903846152 1
0 0.1647057716346154 0.9187292644230769 0.15671359375 0.9187292644230769 0.15671359375 0.9454909495192307 0.1647057716346154 0.9454909495192307 0.1647057716346154 0.9187292644230769
1 0.16795018509615384 0.9403351081730769 0.14737395913461537 0.9403351081730769 0.14737395913461537 0.9673050745192308 0.16795018509615384 0.9673050745192308 0.16795018509615384 0.9403351081730769
0 0.20577484615384614 0.9661477019230769 0.1939638581730769 0.9661477019230769 0.1939638581730769 0.9955976658653847 0.20577484615384614 0.9955976658653847 0.20577484615384614 0.9661477019230769
0 0.23878344471153845 1 0.23878344471153845 0.9694305817307692 0.2274490841346154 0.9694305817307692 0.2274490841346154 1 0.23878344471153845 1
0 0.2501759302884615 1 0.2501759302884615 0.9741580745192308 0.23919031730769233 0.9741580745192308 0.23919031730769233 1 0.2501759302884615 1
0 0.3239069326923077 0.9563177788461539 0.3161181923076923 0.9563177788461539 0.3161181923076923 0.9911927355769231 0.3239069326923077 0.9911927355769231 0.3239069326923077 0.9563177788461539
0 0.32233756009615383 0.9350053028846154 0.31065444951923077 0.9350053028846154 0.31065444951923077 0.9515902836538461 0.32233756009615383 0.9515902836538461 0.32233756009615383 0.9350053028846154
0 0.31559646153846155 0.9443827932692308 0.30687772355769233 0.9443827932692308 0.30687772355769233 0.9770877524038462 0.31559646153846155 0.9770877524038462 0.31559646153846155 0.9443827932692308
0 0.3082727211538462 0.9468627884615385 0.3035646009615385 0.9468627884615385 0.3035646009615385 0.9629052692307692 0.3082727211538462 0.9629052692307692 0.3082727211538462 0.9468627884615385
0 0.3525124230769231 1 0.3525124230769231 0.9828824447115385 0.3450143076923077 0.9828824447115385 0.3450143076923077 1 0.3525124230769231 1
0 0.38931309375 1 0.38931309375 0.986765 0.37826935576923076 0.986765 0.37826935576923076 1 0.38931309375 1
0 0.4099474423076923 1 0.4099474423076923 0.9763993894230769 0.4025365144230769 0.9763993894230769 0.4025365144230769 1 0.4099474423076923 1
0 0.40551541826923077 1 0.40551541826923077 0.973493141826923 0.39941230048076926 0.973493141826923 0.39941230048076926 1 0.40551541826923077 1
0 0.39941230048076926 0.9592525336538462 0.39149277884615385 0.9592525336538462 0.39149277884615385 0.9905431201923077 0.39941230048076926 0.9905431201923077 0.39941230048076926 0.9592525336538462
1 0.40938578365384615 0.9466787932692308 0.40138779086538456 0.9466787932692308 0.40138779086538456 0.9755707596153846 0.40938578365384615 0.9755707596153846 0.40938578365384615 0.9466787932692308
0 0.46597409134615386 0.9436828341346154 0.45707371153846155 0.9436828341346154 0.45707371153846155 0.9699601442307693 0.46597409134615386 0.9699601442307693 0.46597409134615386 0.9436828341346154
1 0.4750561105769231 0.9717765480769232 0.46034323798076926 0.9717765480769232 0.46034323798076926 0.9864288750000001 0.4750561105769231 0.9864288750000001 0.4750561105769231 0.9717765480769232
0 0.43028175240384614 0.9419875216346154 0.42238039423076923 0.9419875216346154 0.42238039423076923 0.9686281153846154 0.43028175240384614 0.9686281153846154 0.43028175240384614 0.9419875216346154
0 0.42801124519230765 0.9251555120192307 0.42201711298076927 0.9251555120192307 0.42201711298076927 0.9419875216346154 0.42801124519230765 0.9419875216346154 0.42801124519230765 0.9251555120192307
0 0.3855555769230769 0.9315323822115384 0.3754745360576923 0.9315323822115384 0.3754745360576923 0.9596260985576923 0.3855555769230769 0.9596260985576923 0.3855555769230769 0.9315323822115384
0 0.3618515048076923 0.9236612980769231 0.35249702403846156 0.9236612980769231 0.35249702403846156 0.9569620408653846 0.3618515048076923 0.9569620408653846 0.3618515048076923 0.9236612980769231
0 0.3288837716346154 0.9136105288461539 0.3210732331730769 0.9136105288461539 0.3210732331730769 0.9329855072115384 0.3288837716346154 0.9329855072115384 0.3288837716346154 0.9136105288461539
0 0.3399638365384616 0.9245089543269231 0.3304277139423077 0.9245089543269231 0.3304277139423077 0.9408565889423077 0.3399638365384616 0.9408565889423077 0.3399638365384616 0.9245089543269231
0 0.3461396105769231 0.9196652091346155 0.3376933317307692 0.9196652091346155 0.3376933317307692 0.9331066009615385 0.3461396105769231 0.9331066009615385 0.3461396105769231 0.9196652091346155
0 0.3722050072115385 0.9127628750000001 0.36194232451923075 0.9127628750000001 0.36194232451923075 0.9281417620192307 0.3722050072115385 0.9281417620192307 0.3722050072115385 0.9127628750000001
0 0.05639563461538462 0.8983047716346154 0.045724259615384615 0.8983047716346154 0.045724259615384615 0.9272158677884617 0.05639563461538462 0.9272158677884617 0.05639563461538462 0.8983047716346154
0 0.12859769471153845 0.8981534038461538 0.1184939471153846 0.8981534038461538 0.1184939471153846 0.9263076658653847 0.12859769471153845 0.9263076658653847 0.12859769471153845 0.8981534038461538
0 0.14335597836538463 0.8846817403846153 0.13313870432692307 0.8846817403846153 0.13313870432692307 0.9107168653846155 0.14335597836538463 0.9107168653846155 0.14335597836538463 0.8846817403846153
0 0.12405668509615385 0.8749942524038462 0.1161099158653846 0.8749942524038462 0.1161099158653846 0.9011807451923077 0.12405668509615385 0.9011807451923077 0.12405668509615385 0.8749942524038462
0 0.178861 0.8752780649038462 0.17114128365384615 0.8752780649038462 0.17114128365384615 0.9008590889423077 0.178861 0.9008590889423077 0.178861 0.8752780649038462
0 0.17896601201923076 0.8450629423076923 0.17087733653846152 0.8450629423076923 0.17087733653846152 0.8664435288461539 0.17896601201923076 0.8664435288461539 0.17896601201923076 0.8450629423076923
0 0.17383467067307692 0.8360584975961539 0.16638741346153846 0.8360584975961539 0.16638741346153846 0.8639100240384615 0.17383467067307692 0.8639100240384615 0.17383467067307692 0.8360584975961539
0 0.09763651923076923 0.8137772740384615 0.08746465865384614 0.8137772740384615 0.08746465865384614 0.8262499134615384 0.09763651923076923 0.8262499134615384 0.09763651923076923 0.8137772740384615
0 0.25109428125 0.815587016826923 0.24458428846153846 0.815587016826923 0.24458428846153846 0.8330244951923077 0.25109428125 0.8330244951923077 0.25109428125 0.815587016826923
0 0.29572919951923077 0.8439171682692308 0.28860889663461536 0.8439171682692308 0.28860889663461536 0.8681358894230768 0.29572919951923077 0.8681358894230768 0.29572919951923077 0.8439171682692308
0 0.29398545192307696 0.8272546899038461 0.29398545192307696 0.8236703173076924 0.28955342548076923 0.8236703173076924 0.28955342548076923 0.8466296658653847 0.29398545192307696 0.8466296658653847 0.29398545192307696 0.8272546899038461
0 0.29863544711538464 0.8277390625 0.29471201442307693 0.8277390625 0.29471201442307693 0.8483734134615385 0.29863544711538464 0.8483734134615385 0.29863544711538464 0.8277390625
0 0.3098971514423077 0.8389765480769231 0.3033580961538461 0.8389765480769231 0.3033580961538461 0.85360465625 0.3098971514423077 0.85360465625 0.3098971514423077 0.8389765480769231
0 0.34706077884615383 0.8629470288461539 0.33970434134615385 0.8629470288461539 0.33970434134615385 0.8869235600961538 0.34706077884615383 0.8869235600961538 0.34706077884615383 0.8629470288461539
0 0.3413391057692308 0.8435720504807692 0.33470923076923076 0.8435720504807692 0.33470923076923076 0.871423579326923 0.3413391057692308 0.871423579326923 0.3413391057692308 0.8435720504807692
0 0.3599781802884615 0.8939444471153847 0.3502131923076923 0.8939444471153847 0.3502131923076923 0.9085764302884616 0.3599781802884615 0.9085764302884616 0.3599781802884615 0.8939444471153847
1 0.38234465384615385 0.8718104735576924 0.36230317788461536 0.8718104735576924 0.36230317788461536 0.9119864254807692 0.38234465384615385 0.9119864254807692 0.38234465384615385 0.8718104735576924
0 0.3950855216346154 0.8936550625 0.38639003365384617 0.8936550625 0.38639003365384617 0.91888903125 0.3950855216346154 0.91888903125 0.3950855216346154 0.8936550625
0 0.40573400961538464 0.9012190528846153 0.39792201923076925 0.9012190528846153 0.39792201923076925 0.9128750408653846 0.40573400961538464 0.9128750408653846 0.40573400961538464 0.9012190528846153
0 0.4219196899038461 0.9013123701923077 0.4219196899038461 0.900358185096154 0.4162931971153846 0.900358185096154 0.4162931971153846 0.9244761538461539 0.4219196899038461 0.9244761538461539 0.4219196899038461 0.9013123701923077
0 0.4700592620192308 0.8962952211538462 0.4590155264423077 0.8962952211538462 0.4590155264423077 0.9199326923076924 0.4700592620192308 0.9199326923076924 0.4700592620192308 0.8962952211538462
0 0.42790415625 0.9016998701923077 0.42252760096153846 0.9016998701923077 0.42252760096153846 0.9170061033653846 0.42790415625 0.9170061033653846 0.42790415625 0.9016998701923077
0 0.4396744543269231 0.9151654783653846 0.43051977884615383 0.9151654783653846 0.43051977884615383 0.9278560889423078 0.4396744543269231 0.9278560889423078 0.4396744543269231 0.9151654783653846
0 0.4370588341346154 0.9060592403846154 0.429284625 0.9060592403846154 0.429284625 0.9170061033653846 0.4370588341346154 0.9170061033653846 0.4370588341346154 0.9060592403846154
1 0.4619798966346154 0.8748655288461538 0.43299008894230767 0.8748655288461538 0.43299008894230767 0.9150686033653846 0.4619798966346154 0.9150686033653846 0.4619798966346154 0.8748655288461538
0 0.4441791370192308 0.8692467836538461 0.43771273798076926 0.8692467836538461 0.43771273798076926 0.8893967596153847 0.4441791370192308 0.8893967596153847 0.4441791370192308 0.8692467836538461
0 0.48631971153846154 0.8691499110576923 0.48057987500000005 0.8691499110576923 0.48057987500000005 0.8925936322115385 0.48631971153846154 0.8925936322115385 0.48631971153846154 0.8691499110576923
0 0.48777283413461536 0.8555874254807693 0.48145174759615383 0.8555874254807693 0.48145174759615383 0.8768030264423078 0.48777283413461536 0.8768030264423078 0.48777283413461536 0.8555874254807693
0 0.49939781971153846 0.8449311899038462 0.4940212644230769 0.8449311899038462 0.4940212644230769 0.8618842932692308 0.49939781971153846 0.8618842932692308 0.49939781971153846 0.8449311899038462
1 0.47318114423076924 0.8350184182692307 0.45174757451923075 0.8350184182692307 0.45174757451923075 0.8799441466346154 0.47318114423076924 0.8799441466346154 0.47318114423076924 0.8350184182692307
0 0.47708641105769234 0.8396199759615384 0.470910639423077 0.8396199759615384 0.470910639423077 0.8583894855769232 0.47708641105769234 0.8583894855769232 0.47708641105769234 0.8396199759615384
0 0.48271726442307694 0.8379246634615385 0.47772215384615385 0.8379246634615385 0.47772215384615385 0.859721514423077 0.48271726442307694 0.859721514423077 0.48271726442307694 0.8379246634615385
0 0.49606783413461536 0.8223035889423076 0.48943795913461535 0.8223035889423076 0.48943795913461535 0.8350184182692307 0.49606783413461536 0.8350184182692307 0.49606783413461536 0.8223035889423076
0 0.48753073557692306 0.8137059447115385 0.48153660096153844 0.8137059447115385 0.48153660096153844 0.8350184182692307 0.48753073557692306 0.8350184182692307 0.48753073557692306 0.8137059447115385
0 0.4835346466346154 0.8233934326923078 0.47663231009615387 0.8233934326923078 0.47663231009615387 0.8434949711538462 0.4835346466346154 0.8434949711538462 0.4835346466346154 0.8233934326923078
0 0.470910639423077 0.8244832740384616 0.46437158413461543 0.8244832740384616 0.46437158413461543 0.8466434038461539 0.470910639423077 0.8466434038461539 0.470910639423077 0.8244832740384616
0 0.46437158413461543 0.8124950072115384 0.4598305745192308 0.8124950072115384 0.4598305745192308 0.8311434230769231 0.46437158413461543 0.8311434230769231 0.46437158413461543 0.8124950072115384
0 0.45292823798076925 0.8586316706730769 0.4477514855769231 0.8586316706730769 0.4477514855769231 0.8840613269230769 0.45292823798076925 0.8840613269230769 0.45292823798076925 0.8586316706730769
0 0.4477514855769231 0.8536668341346154 0.4422114543269231 0.8536668341346154 0.4422114543269231 0.8772800865384615 0.4477514855769231 0.8772800865384615 0.4477514855769231 0.8536668341346154
0 0.4466616442307692 0.8379246634615385 0.43903274759615385 0.8379246634615385 0.43903274759615385 0.858994951923077 0.4466616442307692 0.858994951923077 0.4466616442307692 0.8379246634615385
0 0.4362173197115385 0.8426473149038463 0.4286792451923077 0.8426473149038463 0.4286792451923077 0.8683191586538462 0.4362173197115385 0.8683191586538462 0.4362173197115385 0.8426473149038463
1 0.42985990625 0.8495496514423077 0.416236875 0.8495496514423077 0.416236875 0.883213673076923 0.42985990625 0.883213673076923 0.42985990625 0.8495496514423077
1 0.5953725937500001 0.8819137740384615 0.5863813942307693 0.8819137740384615 0.5863813942307693 0.8935387620192308 0.5953725937500001 0.8935387620192308 0.5953725937500001 0.8819137740384615
1 0.6136274543269231 0.8722262860576924 0.605907735576923 0.8722262860576924 0.605907735576923 0.8821559615384615 0.6136274543269231 0.8821559615384615 0.6136274543269231 0.8722262860576924
1 0.6045454326923078 0.8698044134615385 0.5960991538461539 0.8698044134615385 0.5960991538461539 0.8808239326923076 0.6045454326923078 0.8808239326923076 0.6045454326923078 0.8698044134615385
1 0.5935339519230769 0.8075832379807693 0.5856870865384616 0.8075832379807693 0.5856870865384616 0.8161857283653846 0.5935339519230769 0.8161857283653846 0.5935339519230769 0.8075832379807693
1 0.5801652163461538 0.7902232596153845 0.5727252259615384 0.7902232596153845 0.5727252259615384 0.79750825 0.5801652163461538 0.79750825 0.5801652163461538 0.7902232596153845
1 0.5945801995192308 0.7816982692307692 0.5878958317307692 0.7816982692307692 0.5878958317307692 0.7878982644230769 0.5945801995192308 0.7878982644230769 0.5945801995192308 0.7816982692307692
1 0.6212595432692307 0.7823957692307691 0.6152145504807692 0.7823957692307691 0.6152145504807692 0.7885957620192308 0.6212595432692307 0.7885957620192308 0.6212595432692307 0.7823957692307691
1 0.6520344543269231 0.8022281562500001 0.6445944639423077 0.8022281562500001 0.6445944639423077 0.8106006274038461 0.6520344543269231 0.8106006274038461 0.6520344543269231 0.8022281562500001
1 0.3220417932692307 0.82465746875 0.3131777427884615 0.82465746875 0.3131777427884615 0.8426761947115384 0.3220417932692307 0.8426761947115384 0.3220417932692307 0.82465746875
1 0.3588058125 0.8264980889423076 0.34659957692307697 0.8264980889423076 0.34659957692307697 0.8457761923076923 0.3588058125 0.8457761923076923 0.3588058125 0.8264980889423076
0 0.38517999759615384 0.8247543413461538 0.3754440721153846 0.8247543413461538 0.3754440721153846 0.8401574495192308 0.38517999759615384 0.8401574495192308 0.38517999759615384 0.8247543413461538
0 0.3350472475961539 0.7998574975961539 0.32829022355769233 0.7998574975961539 0.32829022355769233 0.8194262235576922 0.3350472475961539 0.8194262235576922 0.3350472475961539 0.7998574975961539
0 0.32029804567307696 0.8055731153846154 0.3104168076923077 0.8055731153846154 0.3104168076923077 0.8197168485576923 0.32029804567307696 0.8197168485576923 0.32029804567307696 0.8055731153846154
0 0.31281446153846154 0.7883293870192307 0.30809181009615383 0.7883293870192307 0.30809181009615383 0.8086731129807692 0.31281446153846154 0.8086731129807692 0.31281446153846154 0.7883293870192307
0 0.3020613485576923 0.7803856466346153 0.2966121370192308 0.7803856466346153 0.2966121370192308 0.7924950072115385 0.3020613485576923 0.7924950072115385 0.3020613485576923 0.7803856466346153
0 0.3309785024038462 0.77079503125 0.32632850721153844 0.77079503125 0.32632850721153844 0.7884262620192307 0.3309785024038462 0.7884262620192307 0.3309785024038462 0.77079503125
1 0.0017795408653846153 0.7976635745192309 0.023775057692307693 0.7976635745192309 0.023775057692307693 0.7460095865384615 0.0017795408653846153 0.7460095865384615 0.0017795408653846153 0.7976635745192309
0 0.038249528846153846 0.7759045697115384 0.029877040865384615 0.7759045697115384 0.029877040865384615 0.7917981033653846 0.038249528846153846 0.7917981033653846 0.038249528846153846 0.7759045697115384
0 0.05400115625 0.7639844182692308 0.04633820192307692 0.7639844182692308 0.04633820192307692 0.7868786754807692 0.05400115625 0.7868786754807692 0.05400115625 0.7639844182692308
0 0.060528858173076926 0.7624707475961539 0.05499450240384615 0.7624707475961539 0.05499450240384615 0.7838513365384615 0.060528858173076926 0.7838513365384615 0.060528858173076926 0.7624707475961539
0 0.06895442788461538 0.7620034855769231 0.06365052884615384 0.7620034855769231 0.06365052884615384 0.7821534591346153 0.06895442788461538 0.7821534591346153 0.06895442788461538 0.7620034855769231
0 0.0849440048076923 0.7614352524038461 0.07738776442307692 0.7614352524038461 0.07738776442307692 0.7750752355769231 0.0849440048076923 0.7750752355769231 0.0849440048076923 0.7614352524038461
0 0.13690614903846154 0.7822875120192307 0.12998110817307693 0.7822875120192307 0.12998110817307693 0.8022679567307692 0.13690614903846154 0.8022679567307692 0.13690614903846154 0.7822875120192307
0 0.1336139158653846 0.7712377211538463 0.12952700721153845 0.7712377211538463 0.12952700721153845 0.7807738413461538 0.1336139158653846 0.7807738413461538 0.1336139158653846 0.7712377211538463
0 0.17368833173076922 0.7715404543269231 0.16767149278846152 0.7715404543269231 0.16767149278846152 0.7918236322115385 0.17368833173076922 0.7918236322115385 0.17368833173076922 0.7715404543269231
0 0.19509181009615384 0.7562183870192307 0.18900685576923076 0.7562183870192307 0.18900685576923076 0.7766832067307692 0.19509181009615384 0.7766832067307692 0.19509181009615384 0.7562183870192307
0 0.21280174999999998 0.7811636706730769 0.20880566105769233 0.7811636706730769 0.20880566105769233 0.7887925673076922 0.21280174999999998 0.7887925673076922 0.21280174999999998 0.7811636706730769
0 0.2180693221153846 0.7787417980769231 0.21325585096153846 0.7787417980769231 0.21325585096153846 0.7866128822115385 0.2180693221153846 0.7866128822115385 0.2180693221153846 0.7787417980769231
0 0.21080370673076926 0.7780152355769231 0.20580859375000002 0.7780152355769231 0.20580859375000002 0.7863706947115384 0.21080370673076926 0.7863706947115384 0.21080370673076926 0.7780152355769231
0 0.25587818990384614 0.7570851947115386 0.2497024158653846 0.7570851947115386 0.2497024158653846 0.7680320552884615 0.25587818990384614 0.7680320552884615 0.25587818990384614 0.7570851947115386
0 0.2801430576923077 0.7461103052884616 0.2750861875 0.7461103052884616 0.2750861875 0.7560302932692308 0.2801430576923077 0.7560302932692308 0.2801430576923077 0.7461103052884616
0 0.28409555048076923 0.741692810096154 0.2795618076923077 0.741692810096154 0.2795618076923077 0.7521552980769232 0.28409555048076923 0.7521552980769232 0.28409555048076923 0.741692810096154
0 0.2895011706730769 0.7430103076923077 0.2845605504807692 0.7430103076923077 0.2845605504807692 0.752387798076923 0.2895011706730769 0.752387798076923 0.2895011706730769 0.7430103076923077
0 0.3623777331730769 0.79190075 0.35533008653846154 0.79190075 0.35533008653846154 0.804591358173077 0.3623777331730769 0.804591358173077 0.3623777331730769 0.79190075
0 0.3657925745192308 0.7734945216346154 0.35910820673076926 0.7734945216346154 0.35910820673076926 0.79190075 0.3657925745192308 0.79190075 0.3657925745192308 0.7734945216346154
0 0.38148630528846156 0.7860882548076924 0.37610974759615384 0.7860882548076924 0.37610974759615384 0.7981976153846154 0.38148630528846156 0.7981976153846154 0.38148630528846156 0.7860882548076924
0 0.37560115384615383 0.7884132524038462 0.3712417860576923 0.7884132524038462 0.3712417860576923 0.7992632403846154 0.37560115384615383 0.7992632403846154 0.37560115384615383 0.7884132524038462
0 0.36993397355769225 0.7884132524038462 0.3665191346153846 0.7884132524038462 0.3665191346153846 0.8054632331730769 0.36993397355769225 0.8054632331730769 0.36993397355769225 0.7884132524038462
0 0.37196834615384616 0.7937413701923077 0.3657925745192308 0.7937413701923077 0.3657925745192308 0.81689446875 0.37196834615384616 0.81689446875 0.37196834615384616 0.7937413701923077
0 0.43101650961538457 0.8137764423076923 0.4250296418269231 0.8137764423076923 0.4250296418269231 0.8362514134615384 0.43101650961538457 0.8362514134615384 0.43101650961538457 0.8137764423076923
0 0.4185777740384615 0.8095139447115384 0.41352090625 0.8095139447115384 0.41352090625 0.8250139254807694 0.4185777740384615 0.8250139254807694 0.4185777740384615 0.8095139447115384
0 0.40689466346153846 0.8102114447115384 0.400849670673077 0.8102114447115384 0.400849670673077 0.8247039278846154 0.40689466346153846 0.8247039278846154 0.40689466346153846 0.8102114447115384
0 0.4054415408653846 0.79068146875 0.40044279567307695 0.79068146875 0.40044279567307695 0.8064914495192308 0.4054415408653846 0.8064914495192308 0.4054415408653846 0.79068146875
0 0.3982340480769231 0.7916889687499999 0.39404905528846157 0.7916889687499999 0.39404905528846157 0.802151454326923 0.3982340480769231 0.802151454326923 0.3982340480769231 0.7916889687499999
0 0.3912590576923077 0.7751039879807693 0.3912590576923077 0.7719264903846154 0.38771343750000004 0.7719264903846154 0.38771343750000004 0.79021646875 0.3912590576923077 0.79021646875 0.3912590576923077 0.7751039879807693
0 0.3956765528846154 0.7757239855769231 0.39218905769230766 0.7757239855769231 0.39218905769230766 0.7941689639423076 0.3956765528846154 0.7941689639423076 0.3956765528846154 0.7757239855769231
1 0.4309583846153846 0.7750264879807692 0.41154465865384615 0.7750264879807692 0.41154465865384615 0.8098239447115384 0.4309583846153846 0.8098239447115384 0.4309583846153846 0.7750264879807692
0 0.44898090144230773 0.8139615721153847 0.4443774086538462 0.8139615721153847 0.4443774086538462 0.8264235552884615 0.44898090144230773 0.8264235552884615 0.44898090144230773 0.8139615721153847
0 0.44326140865384617 0.7957955937500001 0.43833241346153845 0.7957955937500001 0.43833241346153845 0.8182395649038461 0.44326140865384617 0.8182395649038461 0.44326140865384617 0.7957955937500001
1 0.47870885336538466 0.7512928197115385 0.43202726923076923 0.7512928197115385 0.43202726923076923 0.8095388437500001 0.47870885336538466 0.8095388437500001 0.47870885336538466 0.7512928197115385
0 0.49375126442307693 0.7632313052884616 0.4906997043269231 0.7632313052884616 0.4880840841346154 0.7632313052884616 0.4880840841346154 0.7857062788461538 0.49375126442307693 0.7857062788461538 0.49375126442307693 0.7632313052884616
0 0.49460163221153847 0.7936209567307693 0.4890216394230769 0.7936209567307693 0.4890216394230769 0.8087985384615385 0.49460163221153847 0.8087985384615385 0.49460163221153847 0.7936209567307693
0 0.49958642548076926 0.8075089399038462 0.4952712307692308 0.8075089399038462 0.4952712307692308 0.8181233245192308 0.49958642548076926 0.8181233245192308 0.49958642548076926 0.8075089399038462
0 0.5407137884615385 0.7717712139423077 0.535482545673077 0.7717712139423077 0.535482545673077 0.7896930673076923 0.5407137884615385 0.7896930673076923 0.5407137884615385 0.7717712139423077
1 0.5310253004807692 0.7582368245192307 0.4992309639423077 0.7582368245192307 0.4992309639423077 0.81860925 0.5310253004807692 0.81860925 0.5310253004807692 0.7582368245192307
0 0.32064725480769235 0.7226037115384615 0.3169009230769231 0.7226037115384615 0.3169009230769231 0.7386486129807692 0.32064725480769235 0.7386486129807692 0.32064725480769235 0.7226037115384615
0 0.32064725480769235 0.7378917788461539 0.32564236778846156 0.7378917788461539 0.32564236778846156 0.7226037115384615 0.32064725480769235 0.7226037115384615 0.32064725480769235 0.7378917788461539
0 0.3393789230769231 0.7194250024038461 0.3339297091346154 0.7194250024038461 0.3339297091346154 0.7316857307692307 0.3393789230769231 0.7316857307692307 0.3393789230769231 0.7194250024038461
0 0.328139923076923 0.7475792668269231 0.32166898317307696 0.7475792668269231 0.32166898317307696 0.7613536634615384 0.328139923076923 0.7613536634615384 0.328139923076923 0.7475792668269231
0 0.36662498317307696 0.7392540817307692 0.36083519471153847 0.7392540817307692 0.36083519471153847 0.7480333677884615 0.36662498317307696 0.7480333677884615 0.36662498317307696 0.7392540817307692
0 0.3738905985576923 0.7477306322115385 0.3691225384615385 0.7477306322115385 0.3691225384615385 0.7586290576923077 0.3738905985576923 0.7586290576923077 0.3738905985576923 0.7477306322115385
0 0.38183736778846156 0.7454601274038463 0.37479880048076925 0.7454601274038463 0.37479880048076925 0.7563585528846153 0.38183736778846156 0.7563585528846153 0.38183736778846156 0.7454601274038463
0 0.35754296153846155 0.7165490288461539 0.3526613774038462 0.7165490288461539 0.3526613774038462 0.7384972451923077 0.35754296153846155 0.7384972451923077 0.35754296153846155 0.7165490288461539
0 0.35754296153846155 0.7375890432692308 0.36197044711538456 0.7375890432692308 0.36197044711538456 0.720938673076923 0.35754296153846155 0.720938673076923 0.35754296153846155 0.7375890432692308
0 0.3844484471153846 0.7027746322115385 0.3801344879807692 0.7027746322115385 0.3801344879807692 0.7185168004807692 0.3844484471153846 0.7185168004807692 0.3844484471153846 0.7027746322115385
0 0.3904652860576923 0.7223009759615385 0.3961415480769231 0.7223009759615385 0.3961415480769231 0.7073156442307693 0.3904652860576923 0.7073156442307693 0.3904652860576923 0.7223009759615385
1 0.3956874471153846 0.7207873076923076 0.36821433653846153 0.7207873076923076 0.36821433653846153 0.7601427283653847 0.3956874471153846 0.7601427283653847 0.3956874471153846 0.7207873076923076
1 0.43780531730769234 0.7051965048076922 0.4018178125 0.7051965048076922 0.4018178125 0.7583263245192308 0.43780531730769234 0.7583263245192308 0.43780531730769234 0.7051965048076922
1 0.35141259855769236 0.7277501899038461 0.3264370432692308 0.7277501899038461 0.3264370432692308 0.7572667548076922 0.35141259855769236 0.7572667548076922 0.35141259855769236 0.7277501899038461
1 0.3565212355769231 0.7658946730769232 0.3478933149038462 0.7658946730769232 0.3478933149038462 0.7801231730769231 0.3565212355769231 0.7801231730769231 0.3565212355769231 0.7658946730769232
0 0.5901868822115385 0.7333458701923077 0.5835172740384615 0.7333458701923077 0.5835172740384615 0.7482933629807692 0.5901868822115385 0.7482933629807692 0.5901868822115385 0.7333458701923077
0 0.5757124134615385 0.7293724879807691 0.5696104302884616 0.7293724879807691 0.5696104302884616 0.7431847259615385 0.5757124134615385 0.7431847259615385 0.5757124134615385 0.7293724879807691
0 0.5694685240384616 0.7308861586538461 0.564785608173077 0.7308861586538461 0.564785608173077 0.7448876057692307 0.5694685240384616 0.7448876057692307 0.5694685240384616 0.7308861586538461
0 0.5660627668269231 0.7342919134615384 0.5605284110576924 0.7342919134615384 0.5605284110576924 0.7488609879807692 0.5660627668269231 0.7488609879807692 0.5660627668269231 0.7342919134615384
0 0.537681454326923 0.7541588341346154 0.53115375 0.7541588341346154 0.53115375 0.7717712139423077 0.537681454326923 0.7717712139423077 0.537681454326923 0.7541588341346154
0 0.5321470985576923 0.7484825721153846 0.5260451153846154 0.7484825721153846 0.5260451153846154 0.7628624375 0.5321470985576923 0.7628624375 0.5321470985576923 0.7484825721153846
1 0.41367870192307693 0.7646175889423077 0.6289117451923077 0.7646175889423077 0.6289117451923077 0.6843563052884616 0.41367870192307693 0.6843563052884616 0.41367870192307693 0.7646175889423077
1 0.39852144471153844 0.6416272788461538 0.39852144471153844 0.7138046899038462 0.7926101129807692 0.7138046899038462 0.7926101129807692 0.6416272788461538 0.7514689879807693 0.6416272788461538 0.39852144471153844 0.6416272788461538
1 0.722886733173077 0.5694498653846154 0.4946617572115385 0.5694498653846154 0.4946617572115385 0.6416272788461538 0.722886733173077 0.6416272788461538 0.722886733173077 0.5694498653846154
1 0.25587818990384614 0.7039885600961538 0.08844728365384615 0.7039885600961538 0.08844728365384615 0.7680320552884615 0.25587818990384614 0.7680320552884615 0.25587818990384614 0.7039885600961538
1 0.32064725480769235 0.661259533653846 0.22269726923076924 0.661259533653846 0.22269726923076924 0.7226037115384615 0.32064725480769235 0.7226037115384615 0.32064725480769235 0.661259533653846
1 0.38856096153846154 0.6352756658653846 0.3140738725961538 0.6352756658653846 0.3140738725961538 0.6953272716346154 0.38856096153846154 0.6953272716346154 0.38856096153846154 0.6352756658653846
1 0.4946617572115385 0.5925466370192308 0.379466608173077 0.5925466370192308 0.379466608173077 0.6416272788461538 0.4946617572115385 0.6416272788461538 0.4946617572115385 0.5925466370192308
1 0.7227712884615385 0.5876220793269231 0.999499485576923 0.5876220793269231 0.999499485576923 0.5327672451923077 0.7227712884615385 0.5327672451923077 0.7227712884615385 0.5876220793269231
1 0.9333412524038462 0.7135924110576923 0.9257123557692307 0.7135924110576923 0.9257123557692307 0.7278330192307692 0.9333412524038462 0.7278330192307692 0.9333412524038462 0.7135924110576923
1 0.7028392091346153 0.5488833076923076 0.6684979158653845 0.5488833076923076 0.6684979158653845 0.5694498653846154 0.7028392091346153 0.5694498653846154 0.7028392091346153 0.5488833076923076
0 0.3867832908653846 0.8053590745192308 0.3923380913461539 0.8053590745192308 0.3923380913461539 0.7963997139423077 0.3867832908653846 0.7963997139423077 0.3867832908653846 0.8053590745192308
0 0.4010504254807692 0.7748435600961538 0.3968646129807692 0.7748435600961538 0.3968646129807692 0.7897519326923077 0.4010504254807692 0.7897519326923077 0.4010504254807692 0.7748435600961538