0 0.24337079326923078 0.49953037019230767 0.23938109375 0.49953037019230767 0.23938109375 0.5159936730769231 0.24337079326923078 0.5159936730769231 0.24337079326923078 0.49953037019230767
0 0.23376480528846155 0.5008709951923077 0.22895341105769232 0.5008709951923077 0.22895341105769232 0.5168852572115384 0.23376480528846155 0.5168852572115384 0.23376480528846155 0.5008709951923077
0 0.23568755288461538 0.5015045024038461 0.2330566923076923 0.5015045024038461 0.2330566923076923 0.5163793221153846 0.23568755288461538 0.5163793221153846 0.23568755288461538 0.5015045024038461
0 0.3326607548076923 0.49933998317307693 0.32847100721153843 0.49933998317307693 0.32847100721153843 0.5152361562500001 0.3326607548076923 0.5152361562500001 0.3326607548076923 0.49933998317307693
1 0.25835169230769234 0.49550261298076925 0.2554270985576923 0.49550261298076925 0.2554270985576923 0.5009626875 0.25835169230769234 0.5009626875 0.25835169230769234 0.49550261298076925
0 0.23773331971153844 0.5022003052884615 0.23446752644230767 0.5022003052884615 0.23446752644230767 0.51697890625 0.23773331971153844 0.51697890625 0.23773331971153844 0.5022003052884615
0 0.3082838028846154 0.5025913774038462 0.3049302716346154 0.5025913774038462 0.3049302716346154 0.5155790745192308 0.3082838028846154 0.5155790745192308 0.3082838028846154 0.5025913774038462
0 0.30091383413461537 0.5142977764423077 0.30091383413461537 0.5007859134615384 0.29865214903846155 0.5007859134615384 0.29865214903846155 0.5112828004807692 0.29865214903846155 0.5142977764423077 0.30091383413461537 0.5142977764423077
0 0.30173271874999996 0.5152296298076923 0.30173271874999996 0.5013100793269231 0.30009494711538465 0.5013100793269231 0.30009494711538465 0.5152296298076923 0.3006212620192308 0.5152296298076923 0.30173271874999996 0.5152296298076923
0 0.30434535336538465 0.5006694326923077 0.3025126105769231 0.5006694326923077 0.3025126105769231 0.5159285192307692 0.30434535336538465 0.5159285192307692 0.30434535336538465 0.5006694326923077
1 0.30434535336538465 0.49665081730769234 0.2990594855769231 0.49665081730769234 0.2982232091346154 0.49665081730769234 0.2982232091346154 0.5039891562500001 0.30434535336538465 0.5039891562500001 0.30434535336538465 0.49665081730769234
1 0.9820449062500001 0.9008746346153846 0.8231601802884616 0.9008746346153846 0.8231601802884616 0.9924062644230769 0.9820449062500001 0.9924062644230769 0.9820449062500001 0.9008746346153846