0 0.49267470913461536 0.28563083653846155 0.4881799206730769 0.28563083653846155 0.4881799206730769 0.2979981394230769 0.49267470913461536 0.2979981394230769 0.49267470913461536 0.28563083653846155
0 0.092126875 0.22520339423076924 0.08838281009615384 0.22520339423076924 0.08838281009615384 0.2415708701923077 0.092126875 0.2415708701923077 0.092126875 0.22520339423076924
0 0.4982734014423077 0.28829513701923076 0.49355152163461535 0.28829513701923076 0.49355152163461535 0.29886382692307695 0.4982734014423077 0.29886382692307695 0.4982734014423077 0.28829513701923076
0 0.8810682884615384 0.2862653173076923 0.8779450048076923 0.2862653173076923 0.8779450048076923 0.2960108341346154 0.8810682884615384 0.2960108341346154 0.8810682884615384 0.2862653173076923
0 0.09775798076923076 0.2225030576923077 0.0936550048076923 0.2225030576923077 0.0936550048076923 0.2380081778846154 0.09775798076923076 0.2380081778846154 0.09775798076923076 0.2225030576923077
0 0.7119221682692308 0.2850528557692308 0.7078546298076923 0.2850528557692308 0.7078546298076923 0.2994958942307692 0.7119221682692308 0.2994958942307692 0.7119221682692308 0.2850528557692308
0 0.2233392451923077 0.19153736778846156 0.2172342403846154 0.19153736778846156 0.2172342403846154 0.2080695408653846 0.2233392451923077 0.2080695408653846 0.2233392451923077 0.19153736778846156
1 0.7951839567307691 0.34751699999999996 0.7951839567307691 0.3383911274038462 0.7923077524038462 0.3383911274038462 0.7910485865384616 0.3383911274038462 0.7910485865384616 0.34195559374999995 0.7910485865384616 0.34751699999999996 0.7951839567307691 0.34751699999999996
0 0.7554290288461538 0.2620050697115385 0.751173139423077 0.2620050697115385 0.751173139423077 0.27811088942307693 0.7554290288461538 0.27811088942307693 0.7554290288461538 0.2620050697115385
0 0.6640029543269231 0.25264267548076924 0.6602694399038461 0.25264267548076924 0.6602694399038461 0.2680550360576923 0.6640029543269231 0.2680550360576923 0.6640029543269231 0.25264267548076924
0 0.7621358028846154 0.26410093028846154 0.7572841033653847 0.26410093028846154 0.7572841033653847 0.2766067043269231 0.7621358028846154 0.2766067043269231 0.7621358028846154 0.26410093028846154
0 0.43845376442307693 0.2659061153846154 0.4344619807692308 0.2659061153846154 0.4344619807692308 0.2786490576923077 0.43845376442307693 0.2786490576923077 0.43845376442307693 0.2659061153846154
0 0.5930806995192308 0.25736675480769233 0.5881527067307692 0.25736675480769233 0.5881527067307692 0.2716636826923077 0.5930806995192308 0.2716636826923077 0.5930806995192308 0.25736675480769233
1 0.9638033509615384 0.3215064158653846 0.9638033509615384 0.31107887740384615 0.9575399759615385 0.31107887740384615 0.9575399759615385 0.3136741033653846 0.9575399759615385 0.3215064158653846 0.9638033509615384 0.3215064158653846
0 0.6220960024038462 0.2527736370192308 0.6155609495192308 0.2527736370192308 0.6155609495192308 0.2657239471153846 0.6220960024038462 0.2657239471153846 0.6220960024038462 0.2527736370192308
0 0.7452391971153846 0.2518440360576923 0.7407862548076923 0.2518440360576923 0.7407862548076923 0.26507445432692306 0.7452391971153846 0.26507445432692306 0.7452391971153846 0.2518440360576923
0 0.33618891105769233 0.265912125 0.3303197019230769 0.265912125 0.3303197019230769 0.27850828846153847 0.33618891105769233 0.27850828846153847 0.33618891105769233 0.265912125
0 0.5455448028846154 0.24667702403846153 0.5411373966346154 0.24667702403846153 0.5411373966346154 0.26476684375 0.5455448028846154 0.26476684375 0.5455448028846154 0.24667702403846153
0 0.2962138966346154 0.18993950721153846 0.2910374110576923 0.18993950721153846 0.2910374110576923 0.20757871153846155 0.2962138966346154 0.20757871153846155 0.2962138966346154 0.18993950721153846
0 0.4940397451923077 0.25378849278846155 0.4899797740384615 0.25378849278846155 0.4899797740384615 0.2701074879807692 0.4940397451923077 0.2701074879807692 0.4940397451923077 0.25378849278846155
0 0.5553737283653846 0.25391534375 0.5492120384615384 0.25391534375 0.5492120384615384 0.26728342788461534 0.5553737283653846 0.26728342788461534 0.5553737283653846 0.25391534375
0 0.1749335841346154 0.1670678341346154 0.17114403846153847 0.1670678341346154 0.17114403846153847 0.18052751442307693 0.1749335841346154 0.18052751442307693 0.1749335841346154 0.1670678341346154
0 0.9451624158653846 0.2949195264423077 0.9451624158653846 0.2828343894230769 0.9402962331730769 0.2828343894230769 0.9402962331730769 0.3004800048076923 0.9451624158653846 0.3004800048076923 0.9451624158653846 0.2949195264423077
0 0.9646916394230769 0.27086392548076926 0.9597285384615385 0.27086392548076926 0.9597285384615385 0.28025426923076924 0.9646916394230769 0.28025426923076924 0.9646916394230769 0.27086392548076926
0 0.9578848485576923 0.2717282043269231 0.9535770408653845 0.2717282043269231 0.9535770408653845 0.28037904326923074 0.9578848485576923 0.28037904326923074 0.9578848485576923 0.2717282043269231
1 0.324415875 0.3231395288461538 0.31927818509615385 0.3231395288461538 0.31927818509615385 0.33486114182692306 0.324415875 0.33486114182692306 0.324415875 0.3231395288461538
1 0.34563676682692307 0.3281630769230769 0.3413925889423077 0.3281630769230769 0.3413925889423077 0.33720546394230766 0.34563676682692307 0.33720546394230766 0.34563676682692307 0.3281630769230769
1 0.33871205288461537 0.33251681730769234 0.3358081418269231 0.33251681730769234 0.3358081418269231 0.34021959375 0.33871205288461537 0.34021959375 0.33871205288461537 0.33251681730769234
1 0.35122121153846153 0.3305073990384615 0.3480939230769231 0.3305073990384615 0.3480939230769231 0.33887997836538464 0.35122121153846153 0.33887997836538464 0.35122121153846153 0.3305073990384615
1 0.37623952644230774 0.3047198533653846 0.3724421033653846 0.3047198533653846 0.3724421033653846 0.3130924326923077 0.37623952644230774 0.3130924326923077 0.37623952644230774 0.3047198533653846
1 0.39120583894230765 0.3308423028846154 0.3880785504807692 0.3308423028846154 0.3880785504807692 0.33854507692307695 0.39120583894230765 0.33854507692307695 0.39120583894230765 0.3308423028846154
1 0.38271748317307697 0.3147669495192308 0.37959019230769225 0.3147669495192308 0.37959019230769225 0.3214650120192308 0.38271748317307697 0.3214650120192308 0.38271748317307697 0.3147669495192308
1 0.38405775 0.3003661129807692 0.38137721634615385 0.3003661129807692 0.38137721634615385 0.3104132067307692 0.38405775 0.3104132067307692 0.38405775 0.3003661129807692
1 0.3799115168269231 0.3037003125 0.3775106730769231 0.3037003125 0.3775106730769231 0.3124795985576923 0.3799115168269231 0.3124795985576923 0.3799115168269231 0.3037003125
1 0.4246151610576923 0.303881875 0.4221133293269231 0.303881875 0.4221133293269231 0.31191955288461537 0.4246151610576923 0.31191955288461537 0.4246151610576923 0.303881875
1 0.4260447788461538 0.29316497355769233 0.42354294711538465 0.29316497355769233 0.42354294711538465 0.30147057211538464 0.4260447788461538 0.30147057211538464 0.4260447788461538 0.29316497355769233
1 0.4330141682692308 0.3132591634615384 0.4297975264423077 0.3132591634615384 0.4297975264423077 0.3212968413461538 0.4330141682692308 0.3212968413461538 0.4330141682692308 0.3132591634615384
1 0.4438904326923077 0.30524540865384614 0.4410982091346154 0.30524540865384614 0.4410982091346154 0.3123621033653846 0.4438904326923077 0.3123621033653846 0.4438904326923077 0.30524540865384614
1 0.48582112980769226 0.31196337740384616 0.48068343750000003 0.31196337740384616 0.48068343750000003 0.32033595673076926 0.48582112980769226 0.32033595673076926 0.48582112980769226 0.31196337740384616
1 0.5112861995192307 0.31832653846153847 0.5074887764423077 0.31832653846153847 0.5074887764423077 0.3253595048076923 0.5112861995192307 0.3253595048076923 0.5112861995192307 0.31832653846153847
1 0.5273694014423077 0.3193312451923077 0.5231252235576923 0.3193312451923077 0.5231252235576923 0.3253595048076923 0.5273694014423077 0.3253595048076923 0.5273694014423077 0.3193312451923077
1 0.5336239807692308 0.3156473125 0.5302733125 0.3156473125 0.5302733125 0.32268027884615386 0.5336239807692308 0.32268027884615386 0.5336239807692308 0.3156473125
1 0.5472500264423077 0.3076096346153846 0.5436759831730769 0.3076096346153846 0.5436759831730769 0.31464260096153845 0.5472500264423077 0.31464260096153845 0.5472500264423077 0.3076096346153846
1 0.5626630961538461 0.31196337740384616 0.5588656730769231 0.31196337740384616 0.5588656730769231 0.3186614399038462 0.5626630961538461 0.3186614399038462 0.5626630961538461 0.31196337740384616
1 0.5865645216346154 0.3200010528846154 0.5816502091346154 0.3200010528846154 0.5816502091346154 0.32703401923076925 0.5865645216346154 0.32703401923076925 0.5865645216346154 0.3200010528846154
1 0.4380182764423077 0.30827943990384615 0.43556112019230764 0.30827943990384615 0.43556112019230764 0.31430769951923077 0.4380182764423077 0.31430769951923077 0.4380182764423077 0.30827943990384615
1 0.06970321394230769 0.3177795817307692 0.06481682211538461 0.3177795817307692 0.06481682211538461 0.3271987355769231 0.06970321394230769 0.3271987355769231 0.06970321394230769 0.3177795817307692
1 0.00862334375 0.3449904663461538 0.0071404014423076916 0.3449904663461538 0.003387925480769231 0.3449904663461538 0.003387925480769231 0.3512699014423077 0.00862334375 0.3512699014423077 0.00862334375 0.3449904663461538
1 0 0.35650276442307693 0.003387925480769231 0.35650276442307693 0.003387925480769231 0.34865347115384615 0 0.34865347115384615 0 0.35650276442307693
1 0.1531208653846154 0.35754933653846155 0.14265003125 0.35754933653846155 0.14265003125 0.36382877163461536 0.1531208653846154 0.36382877163461536 0.1531208653846154 0.35754933653846155
1 0.18383531490384616 0.35650276442307693 0.17825087019230768 0.35650276442307693 0.17825087019230768 0.36278219951923074 0.18383531490384616 0.36278219951923074 0.18383531490384616 0.35650276442307693
0 0.1336097451923077 0.2891345841346154 0.12960681490384615 0.2891345841346154 0.12960681490384615 0.3047812596153846 0.1336097451923077 0.3047812596153846 0.1336097451923077 0.2891345841346154
0 0.11130770432692307 0.2968507548076923 0.10230111057692308 0.2968507548076923 0.10230111057692308 0.30456692307692307 0.11130770432692307 0.30456692307692307 0.11130770432692307 0.2968507548076923
0 0.1001566826923077 0.2955647235576923 0.09072120432692307 0.2955647235576923 0.09072120432692307 0.30392390865384616 0.1001566826923077 0.30392390865384616 0.1001566826923077 0.2955647235576923
0 0.27279542307692306 0.28315871634615386 0.2682206466346154 0.28315871634615386 0.2682206466346154 0.2949901754807692 0.27279542307692306 0.2949901754807692 0.27279542307692306 0.28315871634615386
0 0.2674200600961539 0.2819584230769231 0.26364586778846155 0.2819584230769231 0.26364586778846155 0.29224664903846154 0.2674200600961539 0.29224664903846154 0.2674200600961539 0.2819584230769231
1 0.4163960504807692 0.2968862596153846 0.4117051177884615 0.2968862596153846 0.4117051177884615 0.30492393509615384 0.4163960504807692 0.30492393509615384 0.4163960504807692 0.2968862596153846
1 0.4163960504807692 0.3052588389423077 0.41974671874999997 0.3052588389423077 0.41974671874999997 0.2995654855769231 0.4163960504807692 0.2995654855769231 0.4163960504807692 0.3052588389423077
1 0.4773450360576923 0.31114450000000005 0.4748878798076923 0.31114450000000005 0.4748878798076923 0.31717275961538466 0.4773450360576923 0.31717275961538466 0.4773450360576923 0.31114450000000005
1 0.6397407067307692 0.3004275985576923 0.6334861274038462 0.3004275985576923 0.6334861274038462 0.31616804807692306 0.6397407067307692 0.31616804807692306 0.6397407067307692 0.3004275985576923
1 0.7192632067307693 0.3027719206730769 0.7145722740384616 0.3027719206730769 0.7145722740384616 0.3101397908653846 0.7192632067307693 0.3101397908653846 0.7192632067307693 0.3027719206730769
1 0.7815856177884615 0.3309037884615385 0.773544014423077 0.3309037884615385 0.773544014423077 0.3402810793269231 0.7815856177884615 0.3402810793269231 0.7815856177884615 0.3309037884615385
1 0.8133052668269231 0.3195170793269231 0.8095078437500001 0.3195170793269231 0.8095078437500001 0.3258802403846154 0.8133052668269231 0.3258802403846154 0.8133052668269231 0.3195170793269231
1 0.9075707043269231 0.3610450769230769 0.9031031466346153 0.3610450769230769 0.9031031466346153 0.3684129471153846 0.9075707043269231 0.3684129471153846 0.9075707043269231 0.3610450769230769
1 0.9509522451923077 0.3136741033653846 0.9470207956730768 0.3136741033653846 0.9470207956730768 0.3201042451923077 0.9509522451923077 0.3201042451923077 0.9509522451923077 0.3136741033653846
1 0.3290758389423077 0.7820954014423077 0.3290758389423077 0.7700024471153846 0.31077712740384617 0.7700024471153846 0.31077712740384617 0.7936960240384615 0.3290758389423077 0.7936960240384615 0.3290758389423077 0.7820954014423077
1 0.3906260480769231 0.7943195408653847 0.3906260480769231 0.7731200216346154 0.3767387403846154 0.7731200216346154 0.3694161778846154 0.7731200216346154 0.3694161778846154 0.7943195408653847 0.3906260480769231 0.7943195408653847
1 0.3602668221153846 0.8142720264423077 0.3696314182692308 0.8142720264423077 0.3773178942307692 0.8142720264423077 0.3773178942307692 0.7961900841346155 0.3602668221153846 0.7961900841346155 0.3602668221153846 0.8142720264423077
1 0.31659944471153845 0.8360950600961539 0.3336505168269231 0.8360950600961539 0.3336505168269231 0.8086603894230768 0.31659944471153845 0.8086603894230768 0.31659944471153845 0.8360950600961539
1 0.6465431971153847 0.4862348221153846 0.6411367596153846 0.4862348221153846 0.6411367596153846 0.49995215625 0.6465431971153847 0.49995215625 0.6465431971153847 0.4862348221153846
1 0.6344826826923077 0.4918464591346154 0.6274127259615384 0.4918464591346154 0.6274127259615384 0.49995215625 0.6344826826923077 0.49995215625 0.6344826826923077 0.4918464591346154
1 0.8204683485576924 0.5852512115384616 0.8124834567307692 0.5852512115384616 0.8124834567307692 0.61039134375 0.8204683485576924 0.61039134375 0.8204683485576924 0.5852512115384616
1 0.3299319567307692 1 0.3299319567307692 0.9524356225961538 0 0.9524356225961538 0 1 0.3299319567307692 1
1 0.734154920673077 0.2526584326923077 0.6966791634615385 0.2526584326923077 0.6966791634615385 0.27692065625 0.734154920673077 0.27692065625 0.734154920673077 0.2526584326923077
0 0.7404122572115385 0.1546369375 0.73618771875 0.1546369375 0.73618771875 0.1756812235576923 0.7404122572115385 0.1756812235576923 0.7404122572115385 0.1546369375
1 0.9156147379807693 0.1676271778846154 0.9053940769230769 0.1676271778846154 0.9053940769230769 0.18524921394230767 0.9156147379807693 0.18524921394230767 0.9156147379807693 0.1676271778846154
1 0.9461063774038462 0.1752889326923077 0.9394629471153846 0.1752889326923077 0.9394629471153846 0.18754774038461536 0.9461063774038462 0.18754774038461536 0.9461063774038462 0.1752889326923077