0 0.19553115384615383 0.8292431033653845 0.18706937259615383 0.8292431033653845 0.18706937259615383 0.83754278125 0.19553115384615383 0.83754278125 0.19553115384615383 0.8292431033653845
0 0.20183348076923077 0.8510172716346154 0.19289754567307693 0.8510172716346154 0.19289754567307693 0.8610676634615384 0.20183348076923077 0.8610676634615384 0.20183348076923077 0.8510172716346154
0 0.21895399999999998 0.8115904591346154 0.21370185817307694 0.8115904591346154 0.21370185817307694 0.8203051225961538 0.21895399999999998 0.8203051225961538 0.21895399999999998 0.8115904591346154
0 0.19694636298076923 0.8653702475961539 0.19164286778846154 0.8653702475961539 0.19164286778846154 0.8762594254807692 0.19694636298076923 0.8762594254807692 0.19694636298076923 0.8653702475961539
0 0.20351970913461537 0.8660342211538462 0.19821621394230768 0.8660342211538462 0.19821621394230768 0.8751970673076923 0.20351970913461537 0.8751970673076923 0.20351970913461537 0.8660342211538462
0 0.20867381009615385 0.8628471442307692 0.2041172860576923 0.8628471442307692 0.2041172860576923 0.8717444014423077 0.20867381009615385 0.8717444014423077 0.20867381009615385 0.8628471442307692
0 0.314503625 0.7670256129807692 0.314503625 0.7622862307692307 0.314503625 0.7613513557692309 0.314503625 0.7550740745192308 0.30934952403846155 0.7550740745192308 0.30934952403846155 0.7670256129807692 0.3103934206730769 0.7670256129807692 0.314503625 0.7670256129807692
0 0.31413912019230766 0.7764546754807693 0.3220940625 0.7764546754807693 0.3220940625 0.7617142307692307 0.31413912019230766 0.7617142307692307 0.31413912019230766 0.7764546754807693
0 0.94118859375 0.07476200000000001 0.9346525961538461 0.07476200000000001 0.9346525961538461 0.08472161538461538 0.94118859375 0.08472161538461538 0.94118859375 0.07476200000000001
0 0.9455770480769231 0.0835596610576923 0.9362399086538461 0.0835596610576923 0.9362399086538461 0.09534520673076924 0.9455770480769231 0.09534520673076924 0.9455770480769231 0.0835596610576923
0 0.5253848509615385 0.5430254062500001 0.5213698822115385 0.5430254062500001 0.5213698822115385 0.5508271057692308 0.5253848509615385 0.5508271057692308 0.5253848509615385 0.5430254062500001
0 0.5224903389423077 0.5582968149038462 0.5264119375 0.5582968149038462 0.5264119375 0.5508271057692308 0.5224903389423077 0.5508271057692308 0.5224903389423077 0.5582968149038462
0 0.5641900024038462 0.5004237596153847 0.5591105985576923 0.5004237596153847 0.5591105985576923 0.5097194014423077 0.5641900024038462 0.5097194014423077 0.5641900024038462 0.5004237596153847
0 0.5678501610576923 0.5135704519230769 0.5635924254807693 0.5135704519230769 0.5635924254807693 0.5212725552884615 0.5678501610576923 0.5212725552884615 0.5678501610576923 0.5135704519230769
0 0.7863345384615384 0.24626986298076922 0.7810823990384616 0.24626986298076922 0.7810823990384616 0.2571631899038462 0.7863345384615384 0.2571631899038462 0.7863345384615384 0.24626986298076922
0 0.7717452596153845 0.25638509615384614 0.7641588341346155 0.25638509615384614 0.7641588341346155 0.26857525 0.7717452596153845 0.26857525 0.7717452596153845 0.25638509615384614
0 0.176953125 0.8586905649038462 0.18363104326923077 0.8586905649038462 0.18363104326923077 0.8493889038461538 0.176953125 0.8493889038461538 0.176953125 0.8586905649038462
0 0.18610944711538463 0.8474918557692307 0.18314913221153845 0.8474918557692307 0.18314913221153845 0.8547128822115385 0.18610944711538463 0.8547128822115385 0.18610944711538463 0.8474918557692307