0 0.426498 0.3096297091346154 0.42353328125 0.3096297091346154 0.42353328125 0.3199236826923077 0.426498 0.3199236826923077 0.426498 0.3096297091346154
0 0.4393584254807692 0.34694086778846156 0.4355958629807692 0.34694086778846156 0.4355958629807692 0.35864526201923075 0.4393584254807692 0.35864526201923075 0.4393584254807692 0.34694086778846156
0 0.47691618509615386 0.35647523798076924 0.47276712980769225 0.35647523798076924 0.47276712980769225 0.3706292908653846 0.47691618509615386 0.3706292908653846 0.47691618509615386 0.35647523798076924
1 0.10812624278846153 0.3064941971153846 0.10571959855769232 0.3064941971153846 0.10571959855769232 0.31708984375000004 0.10812624278846153 0.31708984375000004 0.10812624278846153 0.3064941971153846
0 0.4678848269230769 0.3589391346153846 0.46505718269230767 0.3589391346153846 0.46505718269230767 0.36859925 0.4678848269230769 0.36859925 0.4678848269230769 0.3589391346153846
1 0.022139574519230768 0.28530748076923074 0.02016121875 0.28530748076923074 0.02016121875 0.2888098269230769 0.022139574519230768 0.2888098269230769 0.022139574519230768 0.28530748076923074
0 0.4033193269230769 0.3118151634615384 0.4009406730769231 0.3118151634615384 0.4009406730769231 0.3210439615384616 0.4033193269230769 0.3210439615384616 0.4033193269230769 0.3118151634615384
0 0.3931193990384615 0.3113813894230769 0.38991683413461536 0.3113813894230769 0.38991683413461536 0.3211690552884615 0.3931193990384615 0.3211690552884615 0.3931193990384615 0.3113813894230769
0 0.48715769471153847 0.30823152403846155 0.4841068894230769 0.30823152403846155 0.4841068894230769 0.31750129326923077 0.48715769471153847 0.31750129326923077 0.48715769471153847 0.30823152403846155
0 0.4110369038461539 0.31421751682692306 0.4077466009615385 0.31421751682692306 0.4077466009615385 0.3208216923076923 0.4110369038461539 0.3208216923076923 0.4110369038461539 0.31421751682692306
0 0.4144266129807692 0.30993790865384613 0.4110539110576923 0.30993790865384613 0.4110539110576923 0.32053304567307694 0.4144266129807692 0.32053304567307694 0.4144266129807692 0.30993790865384613
0 0.4649510697115385 0.35900859134615387 0.46217511538461536 0.35900859134615387 0.46217511538461536 0.3674764831730769 0.4649510697115385 0.3674764831730769 0.4649510697115385 0.35900859134615387
0 0.34611285576923073 0.3139916322115385 0.34246371634615386 0.3139916322115385 0.34246371634615386 0.32279793028846154 0.34611285576923073 0.32279793028846154 0.34611285576923073 0.3139916322115385
0 0.41934401201923077 0.3101190360576923 0.41637585817307693 0.3101190360576923 0.41637585817307693 0.31994626201923076 0.41934401201923077 0.31994626201923076 0.41934401201923077 0.3101190360576923
0 0.42423772836538465 0.3106792596153846 0.4219504350961539 0.3106792596153846 0.4219504350961539 0.3201360360576923 0.42423772836538465 0.3201360360576923 0.42423772836538465 0.3106792596153846
0 0.42242056490384616 0.31102888221153846 0.4199342091346154 0.31102888221153846 0.4199342091346154 0.31980743509615384 0.42242056490384616 0.31980743509615384 0.42242056490384616 0.31102888221153846
0 0.46350688942307694 0.3592372740384615 0.46043923798076924 0.3592372740384615 0.46043923798076924 0.3665191658653846 0.46350688942307694 0.3665191658653846 0.46350688942307694 0.3592372740384615
0 0.4437082620192308 0.30874102644230766 0.4409021706730769 0.30874102644230766 0.4409021706730769 0.3195467908653846 0.4437082620192308 0.3195467908653846 0.4437082620192308 0.30874102644230766
0 0.46285136538461535 0.34163990624999996 0.46003389423076924 0.34163990624999996 0.46003389423076924 0.35394487740384617 0.46285136538461535 0.35394487740384617 0.46285136538461535 0.34163990624999996
0 0.26067730528846156 0.3458586802884615 0.2574859927884615 0.3458586802884615 0.2574859927884615 0.36400166346153845 0.26067730528846156 0.36400166346153845 0.26067730528846156 0.3458586802884615
1 0.5109425552884616 0.3136963413461539 0.5109425552884616 0.3095865600961538 0.5083155625 0.3095865600961538 0.5083155625 0.3208624663461539 0.5109425552884616 0.3208624663461539 0.5109425552884616 0.3136963413461539
0 0.49310026201923074 0.30634418028846155 0.49040664182692306 0.30634418028846155 0.49040664182692306 0.3168424543269231 0.49310026201923074 0.3168424543269231 0.49310026201923074 0.30634418028846155
0 0.4848631538461538 0.3524984278846154 0.4813126875 0.3524984278846154 0.4813126875 0.37221713701923076 0.4848631538461538 0.37221713701923076 0.4848631538461538 0.3524984278846154
0 0.46208715384615384 0.35882407211538464 0.45951929086538457 0.35882407211538464 0.45951929086538457 0.3655444951923077 0.46208715384615384 0.3655444951923077 0.46208715384615384 0.35882407211538464
0 0.4350506778846154 0.30951521153846157 0.43273687259615384 0.30951521153846157 0.43273687259615384 0.31907896875 0.4350506778846154 0.31907896875 0.4350506778846154 0.30951521153846157
0 0.45088173557692307 0.30822482692307696 0.44793729807692306 0.30822482692307696 0.44793729807692306 0.3203027788461539 0.45088173557692307 0.3203027788461539 0.45088173557692307 0.30822482692307696
1 0.012446942307692306 0.30259568990384617 0.010053103365384616 0.30259568990384617 0.010053103365384616 0.3071148918269231 0.012446942307692306 0.3071148918269231 0.012446942307692306 0.30259568990384617
0 0.3894685745192307 0.31091831490384614 0.38656806971153845 0.31091831490384614 0.38656806971153845 0.31992817548076924 0.3894685745192307 0.31992817548076924 0.3894685745192307 0.31091831490384614
1 0.11539796153846155 0.3059628245192308 0.11250651682692309 0.3059628245192308 0.11250651682692309 0.31564141826923076 0.11539796153846155 0.31564141826923076 0.11539796153846155 0.3059628245192308
0 0.40064051923076927 0.31086685817307697 0.39791771634615386 0.31086685817307697 0.39791771634615386 0.3207114879807692 0.40064051923076927 0.3207114879807692 0.40064051923076927 0.31086685817307697
0 0.32670984375 0.3149404447115384 0.32367493269230774 0.3149404447115384 0.32367493269230774 0.32467057932692306 0.32670984375 0.32467057932692306 0.32670984375 0.3149404447115384
0 0.4560351370192308 0.35040060096153847 0.45183718990384614 0.35040060096153847 0.45183718990384614 0.3649412644230769 0.4560351370192308 0.3649412644230769 0.4560351370192308 0.35040060096153847
0 0.4899111754807692 0.3090943221153846 0.487148 0.3090943221153846 0.487148 0.3176534302884615 0.4899111754807692 0.3176534302884615 0.4899111754807692 0.3090943221153846
0 0.3355381634615385 0.3163508677884615 0.33215878846153846 0.3163508677884615 0.33215878846153846 0.32229586057692305 0.3355381634615385 0.32229586057692305 0.3355381634615385 0.3163508677884615
0 0.48610445673076924 0.30890819471153846 0.4828704831730769 0.30890819471153846 0.4828704831730769 0.31746492788461544 0.48610445673076924 0.31746492788461544 0.48610445673076924 0.30890819471153846
0 0.4365181610576923 0.3092880817307692 0.4340520865384615 0.3092880817307692 0.4340520865384615 0.31951254326923073 0.4365181610576923 0.31951254326923073 0.4365181610576923 0.3092880817307692
0 0.4329506875 0.3476472932692308 0.43007516826923076 0.3476472932692308 0.43007516826923076 0.35774069951923076 0.4329506875 0.35774069951923076 0.4329506875 0.3476472932692308
0 0.37857017548076927 0.31421669711538464 0.3753268557692308 0.31421669711538464 0.3753268557692308 0.3215023197115385 0.37857017548076927 0.3215023197115385 0.37857017548076927 0.31421669711538464
0 0.30000966346153846 0.3601923052884616 0.2974411634615385 0.3601923052884616 0.2974411634615385 0.3769181995192307 0.30000966346153846 0.3769181995192307 0.30000966346153846 0.3601923052884616
0 0.16051966346153845 0.30724679326923077 0.16051966346153845 0.30186196875 0.15796702644230767 0.30186196875 0.15796702644230767 0.30724679326923077 0.15886235817307692 0.30724679326923077 0.16051966346153845 0.30724679326923077
0 0.40546178846153846 0.3440129302884615 0.4017020216346153 0.3440129302884615 0.4017020216346153 0.34919351682692307 0.40546178846153846 0.34919351682692307 0.40546178846153846 0.3440129302884615
0 0.14753794711538462 0.30204134374999997 0.14376842307692309 0.30204134374999997 0.14376842307692309 0.31044893509615384 0.14753794711538462 0.31044893509615384 0.14753794711538462 0.30204134374999997
0 0.4412742932692308 0.30955793509615387 0.4381856610576923 0.30955793509615387 0.4381856610576923 0.3194902211538461 0.4412742932692308 0.3194902211538461 0.4412742932692308 0.30955793509615387
0 0.4589791923076923 0.3073567692307692 0.45598440144230773 0.3073567692307692 0.45598440144230773 0.31837830769230774 0.4589791923076923 0.31837830769230774 0.4589791923076923 0.3073567692307692
0 0.2395050673076923 0.32226150000000003 0.23707307211538461 0.32226150000000003 0.23707307211538461 0.3347501394230769 0.2395050673076923 0.3347501394230769 0.2395050673076923 0.32226150000000003
0 0.4682035456730769 0.30986783173076926 0.46466852884615384 0.30986783173076926 0.46466852884615384 0.31728880288461536 0.4682035456730769 0.31728880288461536 0.4682035456730769 0.30986783173076926
0 0.3393916754807692 0.31404540384615387 0.33647667548076926 0.31404540384615387 0.33647667548076926 0.32324978846153846 0.3393916754807692 0.32324978846153846 0.3393916754807692 0.31404540384615387
0 0.44780069951923074 0.30831731249999994 0.4447440456730769 0.30831731249999994 0.4447440456730769 0.3201881971153846 0.44780069951923074 0.3201881971153846 0.44780069951923074 0.30831731249999994
0 0.3684152932692308 0.31280941346153845 0.3659717235576923 0.31280941346153845 0.3659717235576923 0.3205781730769231 0.3684152932692308 0.3205781730769231 0.3684152932692308 0.31280941346153845
0 0.32344538461538463 0.31407018509615386 0.32089036298076923 0.31407018509615386 0.32089036298076923 0.325277483173077 0.32344538461538463 0.325277483173077 0.32344538461538463 0.31407018509615386
0 0.3853593509615385 0.31396320432692304 0.38250805528846155 0.31396320432692304 0.38250805528846155 0.3199775985576923 0.3853593509615385 0.3199775985576923 0.3853593509615385 0.31396320432692304
0 0.3729194014423077 0.31243676201923076 0.3693607956730769 0.31243676201923076 0.3693607956730769 0.32033979567307697 0.3729194014423077 0.32033979567307697 0.3729194014423077 0.31243676201923076
0 0.3648814519230769 0.3129839302884615 0.36229031971153847 0.3129839302884615 0.36229031971153847 0.3214254302884615 0.3648814519230769 0.3214254302884615 0.3648814519230769 0.3129839302884615
0 0.4992680240384615 0.3092987067307692 0.4958365120192308 0.3092987067307692 0.4958365120192308 0.3179581802884615 0.4992680240384615 0.3179581802884615 0.4992680240384615 0.3092987067307692
1 0.12344442307692308 0.30758592307692306 0.12344442307692308 0.30467746875 0.12156773317307693 0.30467746875 0.12156773317307693 0.3106348389423077 0.12344442307692308 0.3106348389423077 0.12344442307692308 0.30758592307692306
0 0.3341698966346154 0.31690617307692304 0.3311850240384615 0.31690617307692304 0.3311850240384615 0.3222204711538461 0.3341698966346154 0.3222204711538461 0.3341698966346154 0.31690617307692304
0 0.3625420889423077 0.31255075 0.3618253100961538 0.31255075 0.3602026610576923 0.31255075 0.3602026610576923 0.3212136177884615 0.3625420889423077 0.3212136177884615 0.3625420889423077 0.31255075
0 0.4525336586538462 0.30830891826923074 0.44999364182692303 0.30830891826923074 0.44999364182692303 0.3188023317307692 0.4525336586538462 0.3188023317307692 0.4525336586538462 0.30830891826923074
0 0.3564953485576923 0.3142159639423077 0.35380795673076926 0.3142159639423077 0.35380795673076926 0.3214323533653846 0.3564953485576923 0.3214323533653846 0.3564953485576923 0.3142159639423077
0 0.28475462500000004 0.3111505288461538 0.28191604567307693 0.3111505288461538 0.28191604567307693 0.3234131129807692 0.28475462500000004 0.3234131129807692 0.28475462500000004 0.3111505288461538
0 0.4967445697115384 0.3096891610576923 0.4932505600961538 0.3096891610576923 0.4932505600961538 0.31745300240384616 0.4967445697115384 0.31745300240384616 0.4967445697115384 0.3096891610576923
0 0.2841475168269231 0.3511416129807692 0.2805129375 0.3511416129807692 0.2805129375 0.37039062980769233 0.2841475168269231 0.37039062980769233 0.2841475168269231 0.3511416129807692
0 0.3601283076923077 0.3111851730769231 0.35735381490384616 0.3111851730769231 0.35735381490384616 0.3213458870192308 0.3601283076923077 0.3213458870192308 0.3601283076923077 0.3111851730769231
0 0.28654222596153844 0.31093105769230767 0.28387168269230767 0.31093105769230767 0.28387168269230767 0.3240012836538462 0.28654222596153844 0.3240012836538462 0.28654222596153844 0.31093105769230767
0 0.25817124038461536 0.32574850000000005 0.25590747115384616 0.32574850000000005 0.25590747115384616 0.3382322235576923 0.25817124038461536 0.3382322235576923 0.25817124038461536 0.32574850000000005
0 0.5022922524038461 0.30868759134615387 0.4997412355769231 0.30868759134615387 0.4997412355769231 0.31755040384615385 0.5022922524038461 0.31755040384615385 0.5022922524038461 0.30868759134615387
0 0.35178534134615386 0.3159231682692308 0.34930477163461543 0.3159231682692308 0.34930477163461543 0.3218991322115385 0.35178534134615386 0.3218991322115385 0.35178534134615386 0.3159231682692308
0 0.3987091706730769 0.31024568269230773 0.3957957572115385 0.31024568269230773 0.3957957572115385 0.3197395889423077 0.3987091706730769 0.3197395889423077 0.3987091706730769 0.31024568269230773
0 0.4949059158653846 0.3084272884615385 0.4919205985576923 0.3084272884615385 0.4919205985576923 0.31716543028846156 0.4949059158653846 0.31716543028846156 0.4949059158653846 0.3084272884615385
0 0.41663220673076923 0.3107332307692308 0.41410096394230766 0.3107332307692308 0.41410096394230766 0.32101607211538463 0.41663220673076923 0.32101607211538463 0.41663220673076923 0.3107332307692308
0 0.36681385096153846 0.3135646971153846 0.36429799278846153 0.3135646971153846 0.36429799278846153 0.32112028365384615 0.36681385096153846 0.32112028365384615 0.36681385096153846 0.3135646971153846
0 0.28911736778846153 0.31101828605769233 0.2862476346153846 0.31101828605769233 0.2862476346153846 0.32458340625000004 0.28911736778846153 0.32458340625000004 0.28911736778846153 0.31101828605769233
0 0.2957468990384615 0.3582006658653846 0.29300266826923077 0.3582006658653846 0.29300266826923077 0.37394434615384614 0.2957468990384615 0.37394434615384614 0.2957468990384615 0.3582006658653846
0 0.45454206490384613 0.3091817211538462 0.4518828389423077 0.3091817211538462 0.4518828389423077 0.3190195168269231 0.45454206490384613 0.3190195168269231 0.45454206490384613 0.3091817211538462
0 0.2287197596153846 0.30794471394230766 0.2262402692307692 0.30794471394230766 0.2262402692307692 0.3194554927884615 0.2287197596153846 0.3194554927884615 0.2287197596153846 0.30794471394230766
0 0.47897850721153845 0.3093616346153846 0.47626612980769234 0.3093616346153846 0.47626612980769234 0.3169854903846154 0.47897850721153845 0.3169854903846154 0.47897850721153845 0.3093616346153846
1 0.10495061778846154 0.30783380528846155 0.10239976201923076 0.30783380528846155 0.10239976201923076 0.31747764182692306 0.10495061778846154 0.31747764182692306 0.10495061778846154 0.30783380528846155
0 0.47241935817307695 0.3057414879807692 0.46915779086538467 0.3057414879807692 0.46915779086538467 0.31700456490384615 0.47241935817307695 0.31700456490384615 0.47241935817307695 0.3057414879807692
0 0.2777335168269231 0.3376646538461538 0.27502113942307693 0.3376646538461538 0.27502113942307693 0.3561106081730769 0.2777335168269231 0.3561106081730769 0.2777335168269231 0.3376646538461538
0 0.38036177884615385 0.31437358173076924 0.3771491057692308 0.31437358173076924 0.3771491057692308 0.3210000769230769 0.38036177884615385 0.3210000769230769 0.38036177884615385 0.31437358173076924
0 0.2565834519230769 0.3377903125 0.25430029326923076 0.3377903125 0.25430029326923076 0.3513975360576923 0.2565834519230769 0.3513975360576923 0.2565834519230769 0.3377903125
0 0.3487245865384615 0.3162473317307692 0.34571771634615384 0.3162473317307692 0.34571771634615384 0.3228008125 0.3487245865384615 0.3228008125 0.3487245865384615 0.3162473317307692
0 0.2506302668269231 0.3188729182692308 0.24780195673076924 0.3188729182692308 0.24780195673076924 0.3316853846153846 0.2506302668269231 0.3316853846153846 0.2506302668269231 0.3188729182692308
0 0.3611831033653846 0.3118114903846154 0.35854301442307696 0.3118114903846154 0.35854301442307696 0.32086927644230767 0.3611831033653846 0.32086927644230767 0.3611831033653846 0.3118114903846154
0 0.4181691177884615 0.31028134375000005 0.4151719735576923 0.31028134375000005 0.4151719735576923 0.32003397115384613 0.4181691177884615 0.32003397115384613 0.4181691177884615 0.31028134375000005
0 0.4821269663461539 0.3102164375 0.4784778269230769 0.3102164375 0.4784778269230769 0.31736953125 0.4821269663461539 0.31736953125 0.4821269663461539 0.3102164375
0 0.3501975697115384 0.3160967211538462 0.3477257740384615 0.3160967211538462 0.3477257740384615 0.32247687500000005 0.3501975697115384 0.32247687500000005 0.3501975697115384 0.3160967211538462
0 0.43330154326923076 0.3097581947115385 0.43080100961538464 0.3097581947115385 0.43080100961538464 0.3182759879807693 0.43330154326923076 0.3182759879807693 0.43330154326923076 0.3097581947115385
0 0.47759895432692306 0.3088263341346154 0.4750970841346154 0.3088263341346154 0.4750970841346154 0.31705138701923075 0.47759895432692306 0.31705138701923075 0.47759895432692306 0.3088263341346154
0 0.2297480889423077 0.3087092932692308 0.22744054807692307 0.3087092932692308 0.22744054807692307 0.31969963221153846 0.2297480889423077 0.31969963221153846 0.2297480889423077 0.3087092932692308
0 0.35790996634615385 0.3133845865384615 0.355524 0.3133845865384615 0.355524 0.32164801201923077 0.35790996634615385 0.32164801201923077 0.35790996634615385 0.3133845865384615
0 0.2520209783653846 0.3208775552884615 0.24973861298076921 0.3208775552884615 0.24973861298076921 0.3315452572115385 0.2520209783653846 0.3315452572115385 0.2520209783653846 0.3208775552884615
0 0.40483662259615383 0.3121174278846154 0.4020323125 0.3121174278846154 0.4020323125 0.3206700360576923 0.40483662259615383 0.3206700360576923 0.40483662259615383 0.3121174278846154
0 0.4790267620192308 0.4025914230769231 0.4711954423076923 0.4025914230769231 0.4711954423076923 0.44730142788461535 0.4790267620192308 0.44730142788461535 0.4790267620192308 0.4025914230769231
0 0.46657438221153846 0.40170206009615383 0.46036462740384615 0.40170206009615383 0.46036462740384615 0.4342685 0.46657438221153846 0.4342685 0.46657438221153846 0.40170206009615383
0 0.44207963942307693 0.38863725961538464 0.4357622451923077 0.38863725961538464 0.4357622451923077 0.42321051201923077 0.44207963942307693 0.42321051201923077 0.44207963942307693 0.38863725961538464
0 0.4580894783653846 0.39446349038461537 0.4510727235576923 0.39446349038461537 0.4510727235576923 0.4300626971153846 0.4580894783653846 0.4300626971153846 0.4580894783653846 0.39446349038461537
0 0.6349185937499999 0.3741775504807692 0.6297922764423076 0.3741775504807692 0.6297922764423076 0.3978868269230769 0.6349185937499999 0.3978868269230769 0.6349185937499999 0.3741775504807692
0 0.6093442283653846 0.36126044951923075 0.6055910745192308 0.36126044951923075 0.6055910745192308 0.3814893653846154 0.6093442283653846 0.3814893653846154 0.6093442283653846 0.36126044951923075
0 0.6755744927884616 0.3643927956730769 0.6706225072115385 0.3643927956730769 0.6706225072115385 0.38425985336538465 0.6755744927884616 0.38425985336538465 0.6755744927884616 0.3643927956730769
0 0.561533673076923 0.3917081490384616 0.5571568798076924 0.3917081490384616 0.5571568798076924 0.41446018990384614 0.561533673076923 0.41446018990384614 0.561533673076923 0.3917081490384616
0 0.6570301057692307 0.3690941706730769 0.6517923990384615 0.3690941706730769 0.6517923990384615 0.3875723942307693 0.6570301057692307 0.3875723942307693 0.6570301057692307 0.3690941706730769
0 0.6513969423076923 0.3659597884615385 0.6444811514423077 0.3659597884615385 0.6444811514423077 0.38513822115384616 0.6513969423076923 0.38513822115384616 0.6513969423076923 0.3659597884615385
0 0.7083134326923077 0.4843857379807692 0.7032176971153846 0.4843857379807692 0.7032176971153846 0.4977135552884615 0.7083134326923077 0.4977135552884615 0.7083134326923077 0.4843857379807692
1 0.6446982067307693 0.30347473798076924 0.6416256586538461 0.30347473798076924 0.6416256586538461 0.31123366105769235 0.6446982067307693 0.31123366105769235 0.6446982067307693 0.30347473798076924
1 0.6512828822115384 0.30443646394230767 0.6483697884615385 0.30443646394230767 0.6483697884615385 0.31542109615384617 0.6512828822115384 0.31542109615384617 0.6512828822115384 0.30443646394230767
1 0.5056469278846154 0.314332610576923 0.5056469278846154 0.3099775240384615 0.5035162283653846 0.3099775240384615 0.5035162283653846 0.31849967067307694 0.5056469278846154 0.31849967067307694 0.5056469278846154 0.314332610576923
0 0.6195740384615385 0.4333048798076923 0.6149213798076923 0.4333048798076923 0.6149213798076923 0.44504679807692304 0.6195740384615385 0.44504679807692304 0.6195740384615385 0.4333048798076923
0 0.6614354447115385 0.44949233413461537 0.65509846875 0.44949233413461537 0.65509846875 0.4742082379807692 0.6614354447115385 0.4742082379807692 0.6614354447115385 0.44949233413461537
0 0.4979077331730769 0.31000906009615387 0.4949116706730769 0.31000906009615387 0.4949116706730769 0.31890436778846154 0.4979077331730769 0.31890436778846154 0.4979077331730769 0.31000906009615387
1 0.6531243629807691 0.3093670360576923 0.6531243629807691 0.30586525240384616 0.6509026201923077 0.30586525240384616 0.6509026201923077 0.3176205673076923 0.6531243629807691 0.3176205673076923 0.6531243629807691 0.3093670360576923
1 0.8424521754807692 0.3016785240384615 0.8400436394230769 0.3016785240384615 0.8400436394230769 0.3091458341346154 0.8424521754807692 0.3091458341346154 0.8424521754807692 0.3016785240384615
1 0.5442995072115384 0.31030420432692307 0.5429785408653847 0.31030420432692307 0.5415820432692308 0.31030420432692307 0.5415820432692308 0.3216529567307692 0.5442995072115384 0.3216529567307692 0.5442995072115384 0.31030420432692307
0 0.6439260480769231 0.43921946874999995 0.6408207572115384 0.43921946874999995 0.6408207572115384 0.44854773076923077 0.6439260480769231 0.44854773076923077 0.6439260480769231 0.43921946874999995
0 0.5741448725961539 0.38381720673076924 0.5695360817307692 0.38381720673076924 0.5695360817307692 0.4078783942307692 0.5741448725961539 0.4078783942307692 0.5741448725961539 0.38381720673076924
0 0.60547053125 0.3626621658653846 0.6024522139423077 0.3626621658653846 0.6024522139423077 0.38013636298076925 0.60547053125 0.38013636298076925 0.60547053125 0.3626621658653846
0 0.5996267307692308 0.3629350721153846 0.5950485240384615 0.3629350721153846 0.5950485240384615 0.3827562980769231 0.5996267307692308 0.3827562980769231 0.5996267307692308 0.3629350721153846
0 0.5951705288461538 0.38408420673076926 0.5911446899038462 0.38408420673076926 0.5911446899038462 0.4056364567307692 0.5951705288461538 0.4056364567307692 0.5951705288461538 0.38408420673076926
0 0.6123803461538462 0.4292340600961539 0.60802440625 0.4292340600961539 0.60802440625 0.45367954326923077 0.6123803461538462 0.45367954326923077 0.6123803461538462 0.4292340600961539
0 0.6636370336538462 0.3674038365384616 0.6587612139423077 0.3674038365384616 0.6587612139423077 0.39098488221153843 0.6636370336538462 0.39098488221153843 0.6636370336538462 0.3674038365384616
0 0.6207996370192308 0.3620570144230769 0.6163811995192308 0.3620570144230769 0.6163811995192308 0.3822215048076923 0.6207996370192308 0.3822215048076923 0.6207996370192308 0.3620570144230769
0 0.5600748701923076 0.4353443293269231 0.5560171754807692 0.4353443293269231 0.5560171754807692 0.4648359519230769 0.5600748701923076 0.4648359519230769 0.5600748701923076 0.4353443293269231
0 0.70175234375 0.49554573317307693 0.70175234375 0.46112701923076926 0.6926269519230769 0.46112701923076926 0.6926269519230769 0.49554573317307693 0.7003883509615385 0.49554573317307693 0.70175234375 0.49554573317307693
0 0.7399459206730769 0.47349641586538466 0.7279363004807693 0.47349641586538466 0.7279363004807693 0.5012254495192308 0.7399459206730769 0.5012254495192308 0.7399459206730769 0.47349641586538466
0 0.5479424807692308 0.4367678605769231 0.53914165625 0.4367678605769231 0.53914165625 0.458933625 0.5479424807692308 0.458933625 0.5479424807692308 0.4367678605769231
0 0.58730490625 0.8689020745192307 0.5539846754807692 0.8689020745192307 0.5539846754807692 0.99690146875 0.58730490625 0.99690146875 0.58730490625 0.8689020745192307
0 0.7252023100961539 0.7252393245192308 0.7051635697115385 0.7252393245192308 0.7051635697115385 0.8379119302884616 0.7252023100961539 0.8379119302884616 0.7252023100961539 0.7252393245192308
0 0.7510662644230769 0.7202684759615384 0.7249693028846154 0.7202684759615384 0.7249693028846154 0.8321126057692307 0.7510662644230769 0.8321126057692307 0.7510662644230769 0.7202684759615384
0 0.7331525649038462 0.6596241009615385 0.7121258677884617 0.6596241009615385 0.7121258677884617 0.7516179711538461 0.7331525649038462 0.7516179711538461 0.7331525649038462 0.6596241009615385
0 0.6668010336538461 0.6696113677884615 0.6414613485576923 0.6696113677884615 0.6414613485576923 0.792329233173077 0.6668010336538461 0.792329233173077 0.6668010336538461 0.6696113677884615
0 0.6549410120192308 0.7663376947115386 0.6741483774038461 0.7663376947115386 0.6741483774038461 0.6675039350961539 0.6549410120192308 0.6675039350961539 0.6549410120192308 0.7663376947115386
0 0.6839444326923078 0.6368304759615384 0.6675286971153847 0.6368304759615384 0.6675286971153847 0.7235327091346153 0.6839444326923078 0.7235327091346153 0.6839444326923078 0.6368304759615384
0 0.69403128125 0.6188452764423077 0.6779257259615386 0.6188452764423077 0.6779257259615386 0.7149218701923077 0.69403128125 0.7149218701923077 0.69403128125 0.6188452764423077
0 0.6433286105769231 0.6512949879807692 0.62435984375 0.6512949879807692 0.62435984375 0.743341877403846 0.6433286105769231 0.743341877403846 0.6433286105769231 0.6512949879807692
0 0.6167246177884615 0.62181453125 0.5988295576923077 0.62181453125 0.5988295576923077 0.7214966490384616 0.6167246177884615 0.7214966490384616 0.6167246177884615 0.62181453125
0 0.6232861418269231 0.6148155745192307 0.6112368004807692 0.6148155745192307 0.6112368004807692 0.7068624639423077 0.6232861418269231 0.7068624639423077 0.6232861418269231 0.6148155745192307
0 0.6414613485576923 0.6080287067307693 0.6231668413461539 0.6080287067307693 0.6231668413461539 0.6960458942307692 0.6414613485576923 0.6960458942307692 0.6414613485576923 0.6080287067307693
0 0.915208233173077 1 0.915208233173077 0.85989625 0.8683334543269231 0.85989625 0.8683334543269231 1 0.915208233173077 1
0 0.5483350384615384 0.5254193100961538 0.5390892548076923 0.5254193100961538 0.5390892548076923 0.5909019759615385 0.5483350384615384 0.5909019759615385 0.5483350384615384 0.5254193100961538
0 0.5390892548076923 0.5134892692307692 0.5259662115384616 0.5134892692307692 0.5259662115384616 0.5768510408653846 0.5390892548076923 0.5768510408653846 0.5390892548076923 0.5134892692307692
0 0.5250917379807692 0.525192375 0.5122645600961538 0.525192375 0.5122645600961538 0.5893961394230769 0.5250917379807692 0.5893961394230769 0.5250917379807692 0.525192375
0 0.5250917379807692 0.5893961394230769 0.5297492259615384 0.5893961394230769 0.5297492259615384 0.5489464110576923 0.5250917379807692 0.5489464110576923 0.5250917379807692 0.5893961394230769
0 0.5221521778846154 0.4944224134615384 0.5115344423076923 0.4944224134615384 0.5115344423076923 0.5552921322115385 0.5221521778846154 0.5552921322115385 0.5221521778846154 0.4944224134615384
0 0.4528675360576923 0.49326089182692306 0.44141469471153844 0.49326089182692306 0.44141469471153844 0.5507371754807692 0.4528675360576923 0.5507371754807692 0.4528675360576923 0.49326089182692306
0 0.4523903341346154 0.5494646370192308 0.46336597115384615 0.5494646370192308 0.46336597115384615 0.4890190985576923 0.4523903341346154 0.4890190985576923 0.4523903341346154 0.5494646370192308
0 0.4566851490384615 0.47035521394230767 0.44618671153846157 0.47035521394230767 0.44618671153846157 0.4983510408653846 0.4566851490384615 0.4983510408653846 0.4566851490384615 0.47035521394230767
0 0.44141469471153844 0.4718398413461538 0.4291267548076923 0.4718398413461538 0.4291267548076923 0.5257106009615384 0.44141469471153844 0.5257106009615384 0.44141469471153844 0.4718398413461538
0 0.44046029326923075 0.45444849278846156 0.4317513629807692 0.45444849278846156 0.4317513629807692 0.48859491826923074 0.44046029326923075 0.48859491826923074 0.44046029326923075 0.45444849278846156
0 0.3613234735576923 0.4285987451923077 0.3547266370192308 0.4285987451923077 0.3547266370192308 0.46226160817307693 0.3613234735576923 0.46226160817307693 0.3613234735576923 0.4285987451923077
0 0.3903826057692308 0.48968850721153845 0.40004593749999995 0.48968850721153845 0.40004593749999995 0.4438771514423077 0.3903826057692308 0.4438771514423077 0.3903826057692308 0.48968850721153845
0 0.3903826057692308 0.42648580288461535 0.38227017788461537 0.42648580288461535 0.38227017788461537 0.4663586490384616 0.3903826057692308 0.4663586490384616 0.3903826057692308 0.42648580288461535
0 0.40004593749999995 0.42415281730769233 0.39229141105769233 0.42415281730769233 0.39229141105769233 0.4695399927884615 0.40004593749999995 0.4695399927884615 0.40004593749999995 0.42415281730769233
0 0.40004593749999995 0.47250924759615387 0.40827766586538466 0.47250924759615387 0.40827766586538466 0.4283946081730769 0.40004593749999995 0.4283946081730769 0.40004593749999995 0.47250924759615387
0 0.40636886057692306 0.41439669471153845 0.39813713221153846 0.41439669471153845 0.39813713221153846 0.4502398389423077 0.40636886057692306 0.4502398389423077 0.40636886057692306 0.41439669471153845
0 0.3809056802884615 0.4097572355769231 0.3735090552884615 0.4097572355769231 0.3735090552884615 0.44708500721153843 0.3809056802884615 0.44708500721153843 0.3809056802884615 0.4097572355769231
0 0.36604532211538465 0.4592403918269231 0.35316087980769234 0.4592403918269231 0.35316087980769234 0.4865999519230769 0.36604532211538465 0.4865999519230769 0.36604532211538465 0.4592403918269231
0 0.34409404807692306 0.40473336298076923 0.3375325264423077 0.40473336298076923 0.3375325264423077 0.4363347139423077 0.34409404807692306 0.4363347139423077 0.34409404807692306 0.40473336298076923
0 0.33848693028846155 0.40176410817307695 0.33144820432692307 0.40176410817307695 0.33144820432692307 0.4333654591346154 0.33848693028846155 0.4333654591346154 0.33848693028846155 0.40176410817307695
0 0.35375738221153846 0.39964321153846155 0.34767306009615384 0.39964321153846155 0.34767306009615384 0.43230501201923077 0.35375738221153846 0.43230501201923077 0.35375738221153846 0.39964321153846155
0 0.3296586995192308 0.3998553028846154 0.3240515793269231 0.3998553028846154 0.3240515793269231 0.4274269519230769 0.3296586995192308 0.4274269519230769 0.3296586995192308 0.3998553028846154
0 0.3085425264423077 0.3811914158653846 0.2993563966346154 0.3811914158653846 0.2993563966346154 0.4098235120192308 0.3085425264423077 0.4098235120192308 0.3085425264423077 0.3811914158653846
0 0.3110478365384616 0.37461663701923076 0.3046056129807692 0.37461663701923076 0.3046056129807692 0.40091575 0.3110478365384616 0.40091575 0.3110478365384616 0.37461663701923076
0 0.31963746394230774 0.3803430576923077 0.31355314423076924 0.3803430576923077 0.31355314423076924 0.4013399278846154 0.31963746394230774 0.4013399278846154 0.31963746394230774 0.3803430576923077
0 0.32309717788461534 0.3966739567307692 0.3173707572115385 0.3966739567307692 0.3173707572115385 0.4242456057692308 0.32309717788461534 0.4242456057692308 0.32309717788461534 0.3966739567307692
0 0.3240515793269231 0.3879782836538462 0.3189216634615385 0.3879782836538462 0.3189216634615385 0.4121565 0.3240515793269231 0.4121565 0.3240515793269231 0.3879782836538462
0 0.3301359014423077 0.38670574519230766 0.32309717788461534 0.38670574519230766 0.32309717788461534 0.41533784375 0.3301359014423077 0.41533784375 0.3301359014423077 0.38670574519230766
0 0.35268367788461535 0.3922200769230769 0.3479116610576923 0.3922200769230769 0.3479116610576923 0.41661037980769233 0.35268367788461535 0.41661037980769233 0.35268367788461535 0.3922200769230769
0 0.3062042403846154 0.3563795817307692 0.30200486538461535 0.3563795817307692 0.30200486538461535 0.37690985576923075 0.3062042403846154 0.37690985576923075 0.3062042403846154 0.3563795817307692
0 0.28997699759615386 0.37188121153846154 0.28478504567307694 0.37188121153846154 0.28478504567307694 0.3964496730769231 0.28997699759615386 0.3964496730769231 0.28997699759615386 0.37188121153846154
0 0.28921347596153846 0.3950922980769231 0.29463448557692307 0.3950922980769231 0.29463448557692307 0.37052383894230767 0.28921347596153846 0.37052383894230767 0.28921347596153846 0.3950922980769231
0 0.28417422596153846 0.3691664639423077 0.2881445432692308 0.3691664639423077 0.2881445432692308 0.3490773365384615 0.28417422596153846 0.3490773365384615 0.28417422596153846 0.3691664639423077
0 0.29028240625 0.34256194471153845 0.2859303293269231 0.34256194471153845 0.2859303293269231 0.3656372932692307 0.29028240625 0.3656372932692307 0.29028240625 0.34256194471153845
0 0.26730037740384616 0.3421547331730769 0.26325370673076925 0.3421547331730769 0.26325370673076925 0.3584432139423077 0.26730037740384616 0.3584432139423077 0.26730037740384616 0.3421547331730769
0 0.27310314903846156 0.3399829350961538 0.26913283173076924 0.3399829350961538 0.26913283173076924 0.3592576394230769 0.27310314903846156 0.3592576394230769 0.27310314903846156 0.3399829350961538
0 0.24165823557692306 0.32453602403846155 0.23926382692307693 0.32453602403846155 0.23926382692307693 0.33730619471153844 0.24165823557692306 0.33730619471153844 0.24165823557692306 0.32453602403846155
0 0.24200029326923078 0.3378274254807693 0.24478562259615386 0.3378274254807693 0.24478562259615386 0.3246228966346154 0.24200029326923078 0.3246228966346154 0.24200029326923078 0.3378274254807693
0 0.27310314903846156 0.3337016899038462 0.26897535576923076 0.3337016899038462 0.26897535576923076 0.34629811538461536 0.27310314903846156 0.34629811538461536 0.27310314903846156 0.3337016899038462
0 0.2554762764423077 0.31969359375 0.25236110336538464 0.31969359375 0.25236110336538464 0.3327243798076923 0.2554762764423077 0.3327243798076923 0.2554762764423077 0.31969359375
0 0.26121796634615385 0.32251693028846157 0.25822495673076923 0.32251693028846157 0.25822495673076923 0.34065144230769234 0.26121796634615385 0.34065144230769234 0.26121796634615385 0.32251693028846157
0 0.25657574759615387 0.3449950360576923 0.2606682283653846 0.3449950360576923 0.2606682283653846 0.3359820769230769 0.25657574759615387 0.3359820769230769 0.25657574759615387 0.3449950360576923
0 0.2596298389423077 0.3634553173076923 0.2632336658653846 0.3634553173076923 0.2632336658653846 0.34184593028846155 0.2596298389423077 0.34184593028846155 0.2596298389423077 0.3634553173076923
1 0.26726506490384616 0.32718629567307694 0.26219527403846155 0.32718629567307694 0.26219527403846155 0.3413029807692308 0.26726506490384616 0.3413029807692308 0.26726506490384616 0.32718629567307694
0 0.2337315721153846 0.3157403125 0.23107329086538464 0.3157403125 0.23107329086538464 0.32755489182692304 0.2337315721153846 0.32755489182692304 0.2337315721153846 0.3157403125
0 0.2361943918269231 0.3157403125 0.23416158894230768 0.3157403125 0.23416158894230768 0.32588695192307693 0.2361943918269231 0.32588695192307693 0.2361943918269231 0.3157403125
0 0.24701808653846152 0.3257957355769231 0.24512455048076923 0.3257957355769231 0.24512455048076923 0.33936947115384614 0.24701808653846152 0.33936947115384614 0.24701808653846152 0.3257957355769231
0 0.21846844951923078 0.3023403221153846 0.21548765865384614 0.3023403221153846 0.21548765865384614 0.3123305889423077 0.21846844951923078 0.3123305889423077 0.21846844951923078 0.3023403221153846
0 0.21548765865384614 0.2992129326923077 0.21280005769230767 0.2992129326923077 0.21280005769230767 0.30520709375 0.21548765865384614 0.30520709375 0.21548765865384614 0.2992129326923077
0 0.23268829567307694 0.3088557139423077 0.23039161778846154 0.3088557139423077 0.23039161778846154 0.31954095913461533 0.23268829567307694 0.31954095913461533 0.23268829567307694 0.3088557139423077
0 0.48786098076923073 0.4080953269230769 0.48251632451923077 0.4080953269230769 0.48251632451923077 0.4454230985576923 0.48786098076923073 0.4454230985576923 0.48786098076923073 0.4080953269230769
0 0.51067121875 0.4125067908653846 0.5038949567307692 0.4125067908653846 0.5038949567307692 0.4583181466346154 0.51067121875 0.4583181466346154 0.51067121875 0.4125067908653846
0 0.4999819014423077 0.40538057932692306 0.48996066826923074 0.40538057932692306 0.48996066826923074 0.4522099639423077 0.4999819014423077 0.4522099639423077 0.4999819014423077 0.40538057932692306
0 0.44939853125 0.3912978293269231 0.4429085889423077 0.3912978293269231 0.4429085889423077 0.42540183894230765 0.44939853125 0.42540183894230765 0.44939853125 0.3912978293269231
1 0.3460697668269231 0.3859600649038461 0.33057025721153843 0.3859600649038461 0.33057025721153843 0.40075543509615386 0.3460697668269231 0.40075543509615386 0.3460697668269231 0.3859600649038461
0 0.24535099278846154 0.30632461298076924 0.2434432860576923 0.30632461298076924 0.2434432860576923 0.31360795432692307 0.24535099278846154 0.31360795432692307 0.24535099278846154 0.30632461298076924
0 0.24253634134615384 0.30738097596153846 0.24028462259615385 0.30738097596153846 0.24028462259615385 0.3143307283653846 0.24253634134615384 0.3143307283653846 0.24253634134615384 0.30738097596153846
0 0.23306035576923076 0.30009763461538463 0.23115264903846156 0.30009763461538463 0.23115264903846156 0.3069361923076923 0.23306035576923076 0.3069361923076923 0.23306035576923076 0.30009763461538463
0 0.22023610817307693 0.3032493485576923 0.21846844951923078 0.3032493485576923 0.21846844951923078 0.3107550817307692 0.22023610817307693 0.3107550817307692 0.22023610817307693 0.3032493485576923
1 0.30067107451923075 0.30832320913461536 0.30067107451923075 0.30074798076923076 0.29840371875 0.30074798076923076 0.29840371875 0.30213771875 0.29840371875 0.30832320913461536 0.30067107451923075 0.30832320913461536
1 0.34856165624999996 0.29443564903846153 0.34856165624999996 0.2891147451923077 0.34690866586538466 0.2891147451923077 0.34611838221153846 0.2891147451923077 0.34611838221153846 0.29443564903846153 0.3467293173076923 0.29443564903846153 0.34856165624999996 0.29443564903846153
1 0.3452632379807692 0.2884632067307692 0.3433697019230769 0.2884632067307692 0.3433697019230769 0.29345834134615384 0.3452632379807692 0.29345834134615384 0.3452632379807692 0.2884632067307692
1 0.3423923918269231 0.28900615625000003 0.3406821009615385 0.28900615625000003 0.3406821009615385 0.29302398317307693 0.3423923918269231 0.29302398317307693 0.3423923918269231 0.28900615625000003
1 0.32590030528846153 0.289874875 0.32419001442307693 0.289874875 0.32419001442307693 0.29345834134615384 0.32590030528846153 0.29345834134615384 0.32590030528846153 0.289874875
1 0.3298095408653846 0.29009205528846155 0.3274273485576923 0.29009205528846155 0.3274273485576923 0.29443564903846153 0.3298095408653846 0.29443564903846153 0.3298095408653846 0.29009205528846155
1 0.3116682427884615 0.29096077403846154 0.3096525432692308 0.29096077403846154 0.3096525432692308 0.2948700096153846 0.3116682427884615 0.2948700096153846 0.3116682427884615 0.29096077403846154
1 0.3091028076923077 0.29508718990384614 0.3091028076923077 0.29106936298076924 0.30733143509615385 0.29106936298076924 0.30733143509615385 0.29228418509615384 0.30733143509615385 0.29508718990384614 0.3091028076923077 0.29508718990384614
1 0.2925665889423077 0.29682462740384613 0.2943210096153846 0.29682462740384613 0.2943210096153846 0.29291539182692305 0.29336664423076925 0.29291539182692305 0.29230531009615385 0.29291539182692305 0.29230531009615385 0.29550794711538464 0.29230531009615385 0.29682462740384613 0.2925665889423077 0.29682462740384613
1 0.2919500048076923 0.29290581009615385 0.29069905048076927 0.29290581009615385 0.29069905048076927 0.2975204447115385 0.2919500048076923 0.2975204447115385 0.2919500048076923 0.29290581009615385
1 0.333404625 0.28931798557692306 0.33196423798076924 0.28931798557692306 0.3310590841346154 0.28931798557692306 0.3310590841346154 0.2926191177884615 0.333404625 0.2926191177884615 0.333404625 0.28931798557692306
0 0.2750104158653846 0.2908816802884615 0.27320239423076925 0.2908816802884615 0.27320239423076925 0.2955727620192308 0.2750104158653846 0.2955727620192308 0.2750104158653846 0.2908816802884615
0 0.2727137403846154 0.2890573701923077 0.27075912259615387 0.2890573701923077 0.27075912259615387 0.29513840384615386 0.2727137403846154 0.29513840384615386 0.2727137403846154 0.2890573701923077
0 0.27075912259615387 0.29105542307692306 0.26914656249999996 0.29105542307692306 0.26914656249999996 0.29513840384615386 0.27075912259615387 0.29513840384615386 0.27075912259615387 0.29105542307692306
0 0.2776980168269231 0.2900998341346154 0.27569453365384616 0.2900998341346154 0.27569453365384616 0.29531214663461536 0.2776980168269231 0.29531214663461536 0.2776980168269231 0.2900998341346154
0 0.26621463701923076 0.28975234615384615 0.26367363221153844 0.28975234615384615 0.26367363221153844 0.29565963461538464 0.26621463701923076 0.29565963461538464 0.26621463701923076 0.28975234615384615
0 0.26483724278846155 0.30189608653846156 0.26312695192307695 0.30189608653846156 0.26312695192307695 0.30852006971153845 0.26483724278846155 0.30852006971153845 0.26483724278846155 0.30189608653846156
1 0.5475144375000001 0.3072970048076923 0.5461090673076924 0.3072970048076923 0.54512003125 0.3072970048076923 0.54512003125 0.31581045192307694 0.5475144375000001 0.31581045192307694 0.5475144375000001 0.3072970048076923
1 0.5499557572115384 0.30601130048076924 0.5481418701923076 0.30601130048076924 0.5481418701923076 0.3170197091346154 0.5499557572115384 0.3170197091346154 0.5499557572115384 0.30601130048076924
1 0.5687057403846154 0.30876771875000003 0.5663601995192308 0.30876771875000003 0.5663601995192308 0.31545685576923077 0.5687057403846154 0.31545685576923077 0.5687057403846154 0.30876771875000003
1 0.5716376682692308 0.3065090480769231 0.5690966634615384 0.3065090480769231 0.5690966634615384 0.31424064903846155 0.5716376682692308 0.31424064903846155 0.5716376682692308 0.3065090480769231
1 0.5733968245192307 0.31215572355769233 0.5707580889423076 0.31215572355769233 0.5707580889423076 0.3179761418269231 0.5733968245192307 0.3179761418269231 0.5733968245192307 0.31215572355769233
1 0.5764264807692308 0.30459786778846154 0.5736900168269231 0.30459786778846154 0.5736900168269231 0.3111132596153846 0.5764264807692308 0.3111132596153846 0.5764264807692308 0.30459786778846154
1 0.5764264807692308 0.31884485817307695 0.5767095336538461 0.31884485817307695 0.5797004663461538 0.31884485817307695 0.5797004663461538 0.3092020769230769 0.5764264807692308 0.3092020769230769 0.5764264807692308 0.31884485817307695
0 0.5997062692307693 0.4629668125 0.6080360072115385 0.4629668125 0.6080360072115385 0.43391053605769236 0.5997062692307693 0.43391053605769236 0.5997062692307693 0.4629668125
0 0.6080360072115385 0.4247906826923077 0.600877983173077 0.4247906826923077 0.600877983173077 0.44387874759615387 0.6080360072115385 0.44387874759615387 0.6080360072115385 0.4247906826923077
0 0.6544438653846154 0.4466359110576923 0.6485981442307692 0.4466359110576923 0.6485981442307692 0.4862966682692308 0.6544438653846154 0.4862966682692308 0.6544438653846154 0.4466359110576923
0 0.9802451995192307 0.5906113052884615 0.9629093581730769 0.5906113052884615 0.9629093581730769 0.6771040985576923 0.9802451995192307 0.6771040985576923 0.9802451995192307 0.5906113052884615
0 0.9524705745192308 0.5922682548076923 0.9375580240384616 0.5922682548076923 0.9375580240384616 0.6558951394230769 0.9524705745192308 0.6558951394230769 0.9524705745192308 0.5922682548076923
0 0.8741796826923077 0.594919375 0.8603855745192307 0.594919375 0.8603855745192307 0.6346861778846153 0.8741796826923077 0.6346861778846153 0.8741796826923077 0.594919375
0 0.8738068701923076 0.6393256370192308 0.888905826923077 0.6393256370192308 0.888905826923077 0.5826579447115384 0.8738068701923076 0.5826579447115384 0.8738068701923076 0.6393256370192308
0 0.9067263245192307 0.5462713221153846 0.8956910360576923 0.5462713221153846 0.8956910360576923 0.6006192836538461 0.9067263245192307 0.6006192836538461 0.9067263245192307 0.5462713221153846
0 0.8982261706730769 0.6149353317307692 0.916568608173077 0.6149353317307692 0.916568608173077 0.5574060264423077 0.8982261706730769 0.5574060264423077 0.8982261706730769 0.6149353317307692
0 0.9119457163461538 0.6194422379807693 0.93058640625 0.6194422379807693 0.93058640625 0.5481271057692307 0.9119457163461538 0.5481271057692307 0.9119457163461538 0.6194422379807693
0 0.9405778149038462 0.5802056586538462 0.926410891826923 0.5802056586538462 0.926410891826923 0.6077773076923078 0.9405778149038462 0.6077773076923078 0.9405778149038462 0.5802056586538462
0 0.8592964903846153 0.5388307860576923 0.8456962451923077 0.5388307860576923 0.8456962451923077 0.5755222908653846 0.8592964903846153 0.5755222908653846 0.8592964903846153 0.5388307860576923
0 0.8582227884615385 0.5269537692307693 0.8466506490384614 0.5269537692307693 0.8466506490384614 0.5604639278846154 0.8582227884615385 0.5604639278846154 0.8582227884615385 0.5269537692307693
0 0.8441453389423077 0.5089261514423077 0.832096 0.5089261514423077 0.832096 0.571916766826923 0.8441453389423077 0.571916766826923 0.8441453389423077 0.5089261514423077
0 0.832096 0.5080777932692307 0.8231484687499999 0.5080777932692307 0.8231484687499999 0.5596155697115385 0.832096 0.5596155697115385 0.832096 0.5080777932692307
0 0.8250572740384615 0.4970491346153846 0.8114570288461539 0.4970491346153846 0.8114570288461539 0.5551616875 0.8250572740384615 0.5551616875 0.8250572740384615 0.4970491346153846
0 0.8102640240384615 0.4983216730769231 0.7970216802884615 0.4983216730769231 0.7970216802884615 0.5521924326923077 0.8102640240384615 0.5521924326923077 0.8102640240384615 0.4983216730769231
0 0.77507040625 0.4981095817307692 0.7658842740384616 0.4981095817307692 0.7658842740384616 0.5568584038461538 0.77507040625 0.5568584038461538 0.77507040625 0.4981095817307692
0 0.7833021322115384 0.5530407908653846 0.7903408557692307 0.5530407908653846 0.7903408557692307 0.49917003125 0.7833021322115384 0.49917003125 0.7833021322115384 0.5530407908653846
0 0.7804389230769231 0.49492823798076924 0.7731615985576923 0.49492823798076924 0.7731615985576923 0.5513440745192308 0.7804389230769231 0.5513440745192308 0.7804389230769231 0.49492823798076924
0 0.7528805288461539 0.5038360024038462 0.7454839038461538 0.5038360024038462 0.7454839038461538 0.5562221346153846 0.7528805288461539 0.5562221346153846 0.7528805288461539 0.5038360024038462
0 0.7547893365384616 0.5500715360576923 0.7620666610576923 0.5500715360576923 0.7620666610576923 0.49492823798076924 0.7547893365384616 0.49492823798076924 0.7547893365384616 0.5500715360576923
0 0.7601578533653846 0.5466781033653846 0.7683895817307692 0.5466781033653846 0.7683895817307692 0.4981095817307692 0.7601578533653846 0.4981095817307692 0.7601578533653846 0.5466781033653846
0 0.7357012716346154 0.507865704326923 0.7249642355769231 0.507865704326923 0.7249642355769231 0.5568584038461538 0.7357012716346154 0.5568584038461538 0.7357012716346154 0.507865704326923
0 0.7440523004807692 0.4968370432692308 0.7357012716346154 0.4968370432692308 0.7357012716346154 0.5413758629807692 0.7440523004807692 0.5413758629807692 0.7440523004807692 0.4968370432692308
0 0.7249642355769231 0.491110625 0.7204308197115386 0.491110625 0.7204308197115386 0.5112591370192308 0.7249642355769231 0.5112591370192308 0.7249642355769231 0.491110625
0 0.7229361274038462 0.48941390865384615 0.7142271995192307 0.48941390865384615 0.7142271995192307 0.5182580961538462 0.7229361274038462 0.5182580961538462 0.7229361274038462 0.48941390865384615
0 0.722339625 0.5057448076923077 0.7123183918269231 0.5057448076923077 0.7123183918269231 0.538406608173077 0.722339625 0.538406608173077 0.722339625 0.5057448076923077
0 0.7095744831730768 0.5006546562499999 0.7025357596153847 0.5006546562499999 0.7025357596153847 0.5401033245192308 0.7095744831730768 0.5401033245192308 0.7095744831730768 0.5006546562499999
0 0.7006269519230769 0.49917003125 0.691082920673077 0.49917003125 0.691082920673077 0.5420121322115384 0.7006269519230769 0.5420121322115384 0.7006269519230769 0.49917003125
0 0.6913734110576922 0.4546179567307692 0.6794433701923077 0.4546179567307692 0.6794433701923077 0.4921153990384616 0.6913734110576922 0.4921153990384616 0.6913734110576922 0.4546179567307692
0 0.6514793557692309 0.5116276442307692 0.6628367548076923 0.5116276442307692 0.6628367548076923 0.4843105024038462 0.6514793557692309 0.4843105024038462 0.6514793557692309 0.5116276442307692
0 0.6656045240384615 0.5189235264423077 0.6736215120192307 0.5189235264423077 0.6736215120192307 0.4848195168269231 0.6656045240384615 0.4848195168269231 0.6656045240384615 0.5189235264423077
0 0.6691930793269231 0.45695942548076923 0.6630085480769231 0.45695942548076923 0.6630085480769231 0.4769128173076923 0.6691930793269231 0.4769128173076923 0.6691930793269231 0.45695942548076923
0 0.675759375 0.45275156971153846 0.6669788653846154 0.45275156971153846 0.6669788653846154 0.47379085817307687 0.675759375 0.47379085817307687 0.675759375 0.45275156971153846
0 0.6402173990384615 0.46932849278846156 0.6324294663461539 0.46932849278846156 0.6324294663461539 0.49959792067307696 0.6402173990384615 0.49959792067307696 0.6402173990384615 0.46932849278846156
0 0.6324294663461539 0.4694642307692308 0.6257868197115385 0.4694642307692308 0.6257868197115385 0.5013625072115384 0.6324294663461539 0.5013625072115384 0.6324294663461539 0.4694642307692308
0 0.6246319927884615 0.45159780048076925 0.6195163918269231 0.45159780048076925 0.6195163918269231 0.48593935096153845 0.6246319927884615 0.48593935096153845 0.6246319927884615 0.45159780048076925
0 0.6315036971153846 0.45119058894230774 0.6237921177884616 0.45119058894230774 0.6237921177884616 0.4787452692307692 0.6315036971153846 0.4787452692307692 0.6315036971153846 0.45119058894230774
0 0.5872957379807692 0.4148129783653846 0.5803476826923076 0.4148129783653846 0.5803476826923076 0.42987982451923074 0.5872957379807692 0.42987982451923074 0.5872957379807692 0.4148129783653846
0 0.5797368629807692 0.4146772427884615 0.5702691826923076 0.4146772427884615 0.5702691826923076 0.4321873581730769 0.5797368629807692 0.4321873581730769 0.5797368629807692 0.4146772427884615
0 0.5829436586538461 0.44576109374999995 0.5772172403846154 0.44576109374999995 0.5772172403846154 0.46992234375 0.5829436586538461 0.46992234375 0.5829436586538461 0.44576109374999995
0 0.6171494711538461 0.4593348293269231 0.60646015625 0.4593348293269231 0.60646015625 0.4830888653846154 0.6171494711538461 0.4830888653846154 0.6171494711538461 0.4593348293269231
0 0.5943964975961539 0.4285224519230769 0.5829436586538461 0.4285224519230769 0.5829436586538461 0.4482043677884615 0.5943964975961539 0.4482043677884615 0.5943964975961539 0.4285224519230769
0 0.5466846875 0.3989783677884615 0.5401947451923077 0.3989783677884615 0.5401947451923077 0.4192032331730769 0.5466846875 0.4192032331730769 0.5466846875 0.3989783677884615
0 0.5521056971153846 0.42924779807692304 0.5521056971153846 0.4118734158653846 0.5463029254807692 0.4118734158653846 0.5463029254807692 0.42924779807692304 0.5491279591346154 0.42924779807692304 0.5521056971153846 0.42924779807692304
0 0.63920334375 0.49654595192307693 0.6453115240384615 0.49654595192307693 0.6453115240384615 0.4626116129807692 0.63920334375 0.4626116129807692 0.63920334375 0.49654595192307693
0 0.5818496754807693 0.4810740144230769 0.5883396177884616 0.4810740144230769 0.5883396177884616 0.45172081249999996 0.5818496754807693 0.45172081249999996 0.5818496754807693 0.4810740144230769
0 0.5829644182692307 0.37242305288461536 0.5774670552884615 0.37242305288461536 0.5774670552884615 0.3946839783653846 0.5829644182692307 0.3946839783653846 0.5829644182692307 0.37242305288461536
0 0.5914547884615384 0.3474473798076923 0.5876066346153845 0.3474473798076923 0.5876066346153845 0.3662334302884615 0.5914547884615384 0.3662334302884615 0.5914547884615384 0.3474473798076923
0 0.5873012259615384 0.3491848197115385 0.5832087451923077 0.3491848197115385 0.5832087451923077 0.3677536875 0.5873012259615384 0.3677536875 0.5873012259615384 0.3491848197115385
0 0.5766119086538462 0.3524425144230769 0.5728859182692307 0.3524425144230769 0.5728859182692307 0.37166292307692306 0.5766119086538462 0.37166292307692306 0.5766119086538462 0.3524425144230769
0 0.5829644182692307 0.35754623798076923 0.5782611177884616 0.35754623798076923 0.5782611177884616 0.37242305288461536 0.5829644182692307 0.37242305288461536 0.5829644182692307 0.35754623798076923
0 0.5682437019230769 0.35993521634615383 0.5637236490384615 0.35993521634615383 0.5637236490384615 0.37796113701923073 0.5682437019230769 0.37796113701923073 0.5682437019230769 0.35993521634615383
0 0.5676328846153846 0.37654946875 0.5714810384615384 0.37654946875 0.5714810384615384 0.35722046874999996 0.5676328846153846 0.35722046874999996 0.5676328846153846 0.37654946875
0 0.5593868389423077 0.35450572115384615 0.5560273389423077 0.35450572115384615 0.5560273389423077 0.36905676682692307 0.5593868389423077 0.36905676682692307 0.5593868389423077 0.35450572115384615
0 0.5599976586538461 0.3688395865384615 0.5637847307692307 0.3688395865384615 0.5637847307692307 0.3530940528846154 0.5599976586538461 0.3530940528846154 0.5599976586538461 0.3688395865384615
0 0.5637847307692307 0.3474473798076923 0.5595700841346154 0.3474473798076923 0.5595700841346154 0.3640616322115384 0.5637847307692307 0.3640616322115384 0.5637847307692307 0.3474473798076923
0 0.5679382932692307 0.34875045913461544 0.5637847307692307 0.34875045913461544 0.5637847307692307 0.3617812451923077 0.5679382932692307 0.3617812451923077 0.5679382932692307 0.34875045913461544
0 0.5733745745192308 0.3489676394230769 0.5701372379807692 0.3489676394230769 0.5701372379807692 0.36525612019230774 0.5733745745192308 0.36525612019230774 0.5733745745192308 0.3489676394230769
0 0.5546110048076923 0.36898211057692304 0.5499535192307692 0.36898211057692304 0.5499535192307692 0.39260041105769233 0.5546110048076923 0.39260041105769233 0.5546110048076923 0.36898211057692304
0 0.5510224495192307 0.35160773076923074 0.54697578125 0.35160773076923074 0.54697578125 0.36898211057692304 0.5510224495192307 0.36898211057692304 0.5510224495192307 0.35160773076923074
0 0.5462122572115384 0.34862150721153845 0.5417838269230769 0.34862150721153845 0.5417838269230769 0.36382409134615384 0.5462122572115384 0.36382409134615384 0.5462122572115384 0.34862150721153845
0 0.534224951923077 0.3521506802884616 0.5299492259615385 0.3521506802884616 0.5299492259615385 0.37033948317307697 0.534224951923077 0.37033948317307697 0.534224951923077 0.3521506802884616
0 0.5381952692307692 0.3525578918269231 0.534224951923077 0.3525578918269231 0.534224951923077 0.3691178485576923 0.5381952692307692 0.3691178485576923 0.5381952692307692 0.3525578918269231
0 0.5463649615384616 0.374683079326923 0.5413257139423077 0.374683079326923 0.5413257139423077 0.39042861298076925 0.5463649615384616 0.39042861298076925 0.5463649615384616 0.374683079326923
0 0.5406385432692308 0.3976226923076923 0.5475865985576923 0.3976226923076923 0.5475865985576923 0.3889355 0.5406385432692308 0.3889355 0.5406385432692308 0.3976226923076923
0 0.5398750192307692 0.37264701923076926 0.5343013052884615 0.37264701923076926 0.5343013052884615 0.39327909615384615 0.5398750192307692 0.39327909615384615 0.5398750192307692 0.37264701923076926
0 0.5284985336538461 0.3518792043269231 0.5235356370192308 0.3518792043269231 0.5235356370192308 0.3696607980769231 0.5284985336538461 0.3696607980769231 0.5284985336538461 0.3518792043269231
0 0.5232302259615385 0.3716968581730769 0.5184200360576923 0.3716968581730769 0.5184200360576923 0.38825681490384617 0.5232302259615385 0.38825681490384617 0.5232302259615385 0.3716968581730769
0 0.5217795336538461 0.35432247596153843 0.5186490913461539 0.35432247596153843 0.5186490913461539 0.3706109591346154 0.5217795336538461 0.3706109591346154 0.5217795336538461 0.35432247596153843
0 0.5175801610576923 0.3467211850961539 0.5141443076923077 0.3467211850961539 0.5141443076923077 0.3643670408653846 0.5175801610576923 0.3643670408653846 0.5175801610576923 0.3467211850961539
0 0.5210160120192308 0.3465854471153846 0.5167402860576923 0.3465854471153846 0.5167402860576923 0.3643670408653846 0.5210160120192308 0.3643670408653846 0.5210160120192308 0.3465854471153846
0 0.508336764423077 0.3763458629807692 0.5042137427884615 0.3763458629807692 0.5042137427884615 0.3820468317307692 0.508336764423077 0.3820468317307692 0.508336764423077 0.3763458629807692
0 0.5157429326923076 0.37444553846153844 0.5110854447115385 0.37444553846153844 0.5110854447115385 0.3846258413461538 0.5157429326923076 0.3846258413461538 0.5157429326923076 0.37444553846153844
0 0.5168118653846154 0.36616556009615386 0.5136814230769231 0.36616556009615386 0.5136814230769231 0.38258978125000004 0.5168118653846154 0.38258978125000004 0.5168118653846154 0.36616556009615386
0 0.5044428004807693 0.3619577019230769 0.49955625480769233 0.3619577019230769 0.49955625480769233 0.3768888100961538 0.5044428004807693 0.3768888100961538 0.5044428004807693 0.3619577019230769
0 0.5136814230769231 0.35232035096153846 0.5103982764423077 0.35232035096153846 0.5103982764423077 0.37173079326923075 0.5136814230769231 0.37173079326923075 0.5136814230769231 0.35232035096153846
0 0.5054115576923077 0.34827429326923076 0.5028705528846154 0.34827429326923076 0.5028705528846154 0.36217379807692307 0.5054115576923077 0.36217379807692307 0.5054115576923077 0.34827429326923076
0 0.5054115576923077 0.3646757067307692 0.5079525600961539 0.3646757067307692 0.5079525600961539 0.3511236899038461 0.5054115576923077 0.3511236899038461 0.5054115576923077 0.3646757067307692
0 0.5098680865384615 0.34869127884615386 0.5070925288461539 0.34869127884615386 0.5070925288461539 0.36252128365384617 0.5098680865384615 0.36252128365384617 0.5098680865384615 0.34869127884615386
0 0.49209106490384613 0.35727103125000004 0.48744884855769227 0.35727103125000004 0.48744884855769227 0.3679128389423077 0.49209106490384613 0.3679128389423077 0.49209106490384613 0.35727103125000004
0 0.46268764663461537 0.30923752884615385 0.46026079326923075 0.30923752884615385 0.46026079326923075 0.31773290624999995 0.46268764663461537 0.31773290624999995 0.46268764663461537 0.30923752884615385
0 0.31669844230769234 0.31478906971153847 0.31496917307692307 0.31478906971153847 0.31496917307692307 0.31931003125 0.31669844230769234 0.31931003125 0.31669844230769234 0.31478906971153847
0 0.3011699951923077 0.3238286105769231 0.2991418870192308 0.3238286105769231 0.2991418870192308 0.33019129807692305 0.3011699951923077 0.33019129807692305 0.3011699951923077 0.3238286105769231
0 0.2961593774038462 0.3144966682692308 0.29425057211538463 0.3144966682692308 0.29425057211538463 0.3197989086538462 0.2961593774038462 0.3197989086538462 0.2961593774038462 0.3144966682692308
0 0.29608396153846156 0.32309377884615387 0.2938697451923077 0.32309377884615387 0.2938697451923077 0.3282517980769231 0.29608396153846156 0.3282517980769231 0.29608396153846156 0.32309377884615387
0 0.30836140625 0.3261071466346154 0.30567380528846155 0.3261071466346154 0.30567380528846155 0.3340342091346154 0.30836140625 0.3340342091346154 0.30836140625 0.3261071466346154
0 0.32051668509615383 0.32969061298076924 0.31795125 0.32969061298076924 0.31795125 0.3384863942307692 0.32051668509615383 0.3384863942307692 0.32051668509615383 0.32969061298076924
1 0.27729006971153847 0.3011222860576923 0.2756775096153846 0.3011222860576923 0.2756775096153846 0.30737706490384614 0.27729006971153847 0.30737706490384614 0.27729006971153847 0.3011222860576923
0 0.27231385576923073 0.3041632379807692 0.2705937932692308 0.3041632379807692 0.2705937932692308 0.30861107932692305 0.27231385576923073 0.30861107932692305 0.27231385576923073 0.3041632379807692
1 0.2751285048076923 0.3029956802884616 0.2737524543269231 0.3029956802884616 0.2737524543269231 0.3072211298076923 0.2751285048076923 0.3072211298076923 0.2751285048076923 0.3029956802884616
1 0.23111426923076922 0.35577720192307694 0.23111426923076922 0.34155192788461536 0.22757152403846154 0.34155192788461536 0.22757152403846154 0.35577720192307694 0.2283860096153846 0.35577720192307694 0.23111426923076922 0.35577720192307694
1 0.04700069711538461 0.3108349326923077 0.04554958894230769 0.3108349326923077 0.04554958894230769 0.3147935120192308 0.04700069711538461 0.3147935120192308 0.04700069711538461 0.3108349326923077
1 0.05242984375 0.309411625 0.050678507211538465 0.309411625 0.050678507211538465 0.31372603125 0.05242984375 0.31372603125 0.05242984375 0.309411625
1 0.06875647355769231 0.3143454278846154 0.06875647355769231 0.30834084134615386 0.06678621875 0.30834084134615386 0.06678621875 0.3143454278846154 0.06739790625 0.3143454278846154 0.06875647355769231 0.3143454278846154
1 0.07150857451923077 0.30778486057692306 0.06925685576923077 0.30778486057692306 0.06925685576923077 0.3135670552884615 0.07150857451923077 0.3135670552884615 0.07150857451923077 0.30778486057692306
1 0.07957098317307693 0.30806285096153846 0.07789470192307692 0.30806285096153846 0.07789470192307692 0.3129109975961538 0.07957098317307693 0.3129109975961538 0.07957098317307693 0.30806285096153846
1 0.08419951923076924 0.3063281923076923 0.08262331490384615 0.3063281923076923 0.08262331490384615 0.3109539471153846 0.08419951923076924 0.3109539471153846 0.08419951923076924 0.3063281923076923
1 0.08922835817307692 0.30690641105769234 0.08757709855769231 0.30690641105769234 0.08757709855769231 0.3134002596153846 0.08922835817307692 0.3134002596153846 0.08922835817307692 0.30690641105769234
1 0.09120486778846154 0.3123772572115385 0.08915330048076922 0.3123772572115385 0.08915330048076922 0.3200720240384615 0.09120486778846154 0.3200720240384615 0.09120486778846154 0.3123772572115385
1 0.09160517307692308 0.3188711057692308 0.09360670192307692 0.3188711057692308 0.09360670192307692 0.3138450432692308 0.09160517307692308 0.3138450432692308 0.09160517307692308 0.3188711057692308
1 0.09523294471153847 0.3100199014423077 0.09308130048076922 0.3100199014423077 0.09308130048076922 0.3170474903846153 0.09523294471153847 0.3170474903846153 0.09523294471153847 0.3100199014423077
1 0.09490769711538462 0.30503831971153844 0.09275605288461539 0.30503831971153844 0.09275605288461539 0.3093082451923077 0.09490769711538462 0.3093082451923077 0.09490769711538462 0.30503831971153844
1 0.11868418028846153 0.3072221490384615 0.11699539182692308 0.3072221490384615 0.11699539182692308 0.311392 0.11868418028846153 0.311392 0.11868418028846153 0.3072221490384615
1 0.12722195192307692 0.3041086586538462 0.12587717548076924 0.3041086586538462 0.12587717548076924 0.30883449038461536 0.12722195192307692 0.30883449038461536 0.12722195192307692 0.3041086586538462
1 0.13823915625 0.29865570913461537 0.13823915625 0.29487504326923075 0.1367067355769231 0.29487504326923075 0.1367067355769231 0.29865570913461537 0.13695603846153845 0.29865570913461537 0.13823915625 0.29865570913461537
1 0.13623762740384615 0.2940410745192308 0.13454883653846153 0.2940410745192308 0.13454883653846153 0.29837771874999997 0.13623762740384615 0.29837771874999997 0.13623762740384615 0.2940410745192308
1 0.1407410673076923 0.2950418389423077 0.13898972836538462 0.2950418389423077 0.13898972836538462 0.29865570913461537 0.1407410673076923 0.29865570913461537 0.1407410673076923 0.2950418389423077
1 0.14099125721153846 0.29837771874999997 0.14293023798076923 0.29837771874999997 0.14293023798076923 0.29431906490384613 0.14099125721153846 0.29431906490384613 0.14099125721153846 0.29837771874999997
0 0.1516992644230769 0.3048717235576923 0.1516992644230769 0.30342394471153844 0.15035448798076922 0.30342394471153844 0.15035448798076922 0.3080941778846154 0.1516992644230769 0.3080941778846154 0.1516992644230769 0.3048717235576923
0 0.15013556971153846 0.30309035817307695 0.14847805528846153 0.30309035817307695 0.14847805528846153 0.3084833653846154 0.15013556971153846 0.3084833653846154 0.15013556971153846 0.30309035817307695
1 0.19282613461538461 0.30722589423076924 0.19098097596153846 0.30722589423076924 0.19098097596153846 0.3135640697115385 0.19282613461538461 0.3135640697115385 0.19282613461538461 0.30722589423076924
1 0.1907620576923077 0.3076706778846154 0.1889794471153846 0.3076706778846154 0.1889794471153846 0.31256330288461537 0.1907620576923077 0.31256330288461537 0.1907620576923077 0.3076706778846154
0 0.5470153413461538 0.4071214663461538 0.5522072956730769 0.4071214663461538 0.5522072956730769 0.3921903581730769 0.5470153413461538 0.3921903581730769 0.5470153413461538 0.4071214663461538
0 0.5264718125 0.38306371875 0.5311751105769231 0.38306371875 0.5311751105769231 0.36677523557692304 0.5264718125 0.36677523557692304 0.5264718125 0.38306371875
0 0.4941175408653846 0.36577077884615383 0.48984181490384615 0.36577077884615383 0.48984181490384615 0.37782425721153845 0.4941175408653846 0.37782425721153845 0.4941175408653846 0.36577077884615383
0 0.5000424759615385 0.3697886057692308 0.4950337692307692 0.3697886057692308 0.4950337692307692 0.37956169471153844 0.5000424759615385 0.37956169471153844 0.5000424759615385 0.3697886057692308
0 0.3536625264423077 0.37995891346153843 0.35022667548076925 0.37995891346153843 0.35022667548076925 0.3925824879807692 0.3536625264423077 0.3925824879807692 0.3536625264423077 0.37995891346153843
0 0.3953508605769231 0.36842123798076926 0.39260218028846156 0.36842123798076926 0.39260218028846156 0.38348808413461544 0.3953508605769231 0.38348808413461544 0.3953508605769231 0.36842123798076926
0 0.4042077235576923 0.37181467307692306 0.4004664615384615 0.37181467307692306 0.4004664615384615 0.3855241442307692 0.4042077235576923 0.3855241442307692 0.4042077235576923 0.37181467307692306
0 0.3654744134615384 0.35499134615384614 0.3631288701923077 0.35499134615384614 0.3631288701923077 0.3645472548076923 0.3654744134615384 0.3645472548076923 0.3654744134615384 0.35499134615384614
0 0.32343714903846155 0.3296301802884616 0.3210916081730769 0.3296301802884616 0.3210916081730769 0.3392729591346154 0.32343714903846155 0.3392729591346154 0.32343714903846155 0.3296301802884616
0 0.2698699759615385 0.30462625 0.2677687620192308 0.30462625 0.2677687620192308 0.31479026442307695 0.2698699759615385 0.31479026442307695 0.2698699759615385 0.30462625
1 0.33883812740384617 0.32651127884615383 0.3243250889423077 0.32651127884615383 0.3243250889423077 0.3434513004807692 0.33883812740384617 0.3434513004807692 0.33883812740384617 0.32651127884615383
1 0.3819584471153846 0.35761532211538466 0.36951302884615383 0.35761532211538466 0.36951302884615383 0.37146053125 0.3819584471153846 0.37146053125 0.3819584471153846 0.35761532211538466
1 0.31222631009615387 0.3141389879807692 0.3014270480769231 0.3141389879807692 0.3014270480769231 0.3246504903846154 0.31222631009615387 0.3246504903846154 0.31222631009615387 0.3141389879807692
1 0.39001542548076923 0.3661051009615385 0.38639938221153847 0.3661051009615385 0.38639938221153847 0.37765906490384615 0.39001542548076923 0.37765906490384615 0.39001542548076923 0.3661051009615385
1 0.7203438052884615 0.29958117548076924 0.7178809879807692 0.29958117548076924 0.7178809879807692 0.3067394206730769 0.7203438052884615 0.3067394206730769 0.7203438052884615 0.29958117548076924
1 0.7203828990384615 0.3084768581730769 0.7175291562499999 0.3084768581730769 0.7175291562499999 0.31591309375 0.7203828990384615 0.31591309375 0.7203828990384615 0.3084768581730769
1 0.7525198245192308 0.29917040384615384 0.7500570048076922 0.29917040384615384 0.7500570048076922 0.30744061057692307 0.7525198245192308 0.30744061057692307 0.7525198245192308 0.29917040384615384
1 0.7520507139423077 0.3080660889423077 0.7500570048076922 0.3080660889423077 0.7500570048076922 0.3150853389423077 0.7520507139423077 0.3150853389423077 0.7520507139423077 0.3080660889423077
1 0.8058480528846155 0.30067989182692306 0.8037714663461538 0.30067989182692306 0.8037714663461538 0.30770748076923077 0.8058480528846155 0.30770748076923077 0.8058480528846155 0.30067989182692306
1 0.8055228052884615 0.30846361298076924 0.8035212764423078 0.30846361298076924 0.8035212764423078 0.3149574615384615 0.8055228052884615 0.3149574615384615 0.8055228052884615 0.30846361298076924
1 0.8216341081730769 0.30080087259615385 0.8195685312500001 0.30080087259615385 0.8195685312500001 0.30800281730769236 0.8216341081730769 0.30800281730769236 0.8216341081730769 0.30080087259615385
1 0.82149 0.3089422019230769 0.8195685312500001 0.3089422019230769 0.8195685312500001 0.3152616947115385 0.82149 0.3152616947115385 0.82149 0.3089422019230769
1 0.8422044543269231 0.31135756730769226 0.8398589110576923 0.31135756730769226 0.8398589110576923 0.31900229326923074 0.8422044543269231 0.31900229326923074 0.8422044543269231 0.31135756730769226
1 0.8493886514423077 0.30171560096153843 0.8454794158653847 0.30171560096153843 0.8454794158653847 0.30916573317307694 0.8493886514423077 0.30916573317307694 0.8493886514423077 0.30171560096153843
1 0.8491071850961538 0.31050008653846156 0.8456357836538462 0.31050008653846156 0.8456357836538462 0.31722744711538464 0.8491071850961538 0.31722744711538464 0.8491071850961538 0.31050008653846156
1 0.5441744807692308 0.32287739182692304 0.5419755360576923 0.32287739182692304 0.5419755360576923 0.32960996394230774 0.5441744807692308 0.32960996394230774 0.5441744807692308 0.32287739182692304
1 0.5327595120192308 0.31961969471153845 0.5327595120192308 0.31239195432692307 0.5298666778846154 0.31239195432692307 0.5298666778846154 0.31961969471153845 0.5302934639423077 0.31961969471153845 0.5327595120192308 0.31961969471153845
1 0.5302934639423077 0.3267073485576923 0.5324826346153846 0.3267073485576923 0.5324826346153846 0.31961969471153845 0.5302934639423077 0.31961969471153845 0.5302934639423077 0.3267073485576923
1 0.5247920048076924 0.29523914903846155 0.5224502163461539 0.29523914903846155 0.5224502163461539 0.3019287043269231 0.5247920048076924 0.3019287043269231 0.5247920048076924 0.29523914903846155
1 0.5246719134615385 0.3027115240384615 0.5225903245192307 0.3027115240384615 0.5225903245192307 0.3075507764423077 0.5246719134615385 0.3075507764423077 0.5246719134615385 0.3027115240384615
1 0.5764652067307693 0.32801420192307695 0.5795437307692308 0.32801420192307695 0.5795437307692308 0.3195007572115385 0.5764652067307693 0.3195007572115385 0.5764652067307693 0.32801420192307695
1 0.5713163149038462 0.32658706009615385 0.5737009495192308 0.32658706009615385 0.5737009495192308 0.31901183173076925 0.5713163149038462 0.31901183173076925 0.5713163149038462 0.32658706009615385
1 0.4926316370192308 0.32211973317307696 0.49055485576923075 0.32211973317307696 0.49055485576923075 0.3328701298076923 0.4926316370192308 0.3328701298076923 0.4926316370192308 0.32211973317307696
1 0.48969971153846154 0.3211424230769231 0.4878061754807692 0.3211424230769231 0.4878061754807692 0.33211 0.48969971153846154 0.33211 0.48969971153846154 0.3211424230769231
1 0.4869510288461539 0.3216853725961538 0.48517965625 0.3216853725961538 0.48517965625 0.33080692307692305 0.4869510288461539 0.33080692307692305 0.4869510288461539 0.3216853725961538
1 0.4677102596153846 0.3232056298076923 0.46520590624999997 0.3232056298076923 0.46520590624999997 0.3342817980769231 0.4677102596153846 0.3342817980769231 0.4677102596153846 0.3232056298076923
1 0.4677102596153846 0.3327615408653846 0.46990920432692307 0.3327615408653846 0.46990920432692307 0.3239657596153846 0.4677102596153846 0.3239657596153846 0.4677102596153846 0.3327615408653846
1 0.40068776923076926 0.3276373701923077 0.3987331514423077 0.3276373701923077 0.3987331514423077 0.3373670240384615 0.40068776923076926 0.3373670240384615 0.40068776923076926 0.3276373701923077
1 0.401176423076923 0.3359770721153846 0.40327763701923075 0.3359770721153846 0.40327763701923075 0.32798485817307693 0.401176423076923 0.32798485817307693 0.401176423076923 0.3359770721153846
1 0.410460858173077 0.3258999326923077 0.4086528365384616 0.3258999326923077 0.4086528365384616 0.33302342788461536 0.410460858173077 0.33302342788461536 0.410460858173077 0.3258999326923077
1 0.41688605528846157 0.3268251177884615 0.41418868028846156 0.3268251177884615 0.41418868028846156 0.33398336298076925 0.41688605528846157 0.33398336298076925 0.41688605528846157 0.3268251177884615
1 0.4170424230769231 0.3349563293269231 0.4195834254807692 0.3349563293269231 0.4195834254807692 0.3252266754807692 0.4170424230769231 0.3252266754807692 0.4170424230769231 0.3349563293269231
1 0.4203652740384615 0.33321889182692305 0.42263262980769234 0.33321889182692305 0.42263262980769234 0.32501818269230764 0.4203652740384615 0.32501818269230764 0.4203652740384615 0.33321889182692305
1 0.42263262980769234 0.3353038149038462 0.42435269471153847 0.3353038149038462 0.42435269471153847 0.3278675817307692 0.42263262980769234 0.3278675817307692 0.42263262980769234 0.3353038149038462
1 0.32598471875 0.29432986778846154 0.32442102403846157 0.29432986778846154 0.32442102403846157 0.2979437403846154 0.32598471875 0.2979437403846154 0.32598471875 0.29432986778846154
1 0.31116746874999995 0.2948700096153846 0.3096525432692308 0.2948700096153846 0.3096525432692308 0.29934072596153843 0.31116746874999995 0.29934072596153843 0.31116746874999995 0.2948700096153846
1 0.2925665889423077 0.30040502403846153 0.2941615576923077 0.30040502403846153 0.2941615576923077 0.29682462740384613 0.2925665889423077 0.29682462740384613 0.2925665889423077 0.30040502403846153
1 0.29900037740384616 0.31301109615384615 0.30122082451923077 0.31301109615384615 0.30122082451923077 0.30832320913461536 0.29900037740384616 0.30832320913461536 0.29900037740384616 0.31301109615384615
1 0.2813949519230769 0.3095973197115385 0.27177823076923074 0.3095973197115385 0.27177823076923074 0.3177285288461539 0.2813949519230769 0.3177285288461539 0.2813949519230769 0.3095973197115385
1 0.26297756490384616 0.2986509158653846 0.24738948798076923 0.2986509158653846 0.24738948798076923 0.3101180072115385 0.26297756490384616 0.3101180072115385 0.26297756490384616 0.2986509158653846
1 0.22001073076923075 0.28590003846153844 0.2079702860576923 0.28590003846153844 0.2079702860576923 0.29556019471153844 0.22001073076923075 0.29556019471153844 0.22001073076923075 0.28590003846153844
1 0.1349545096153846 0.3019183918269231 0.13668082932692308 0.3019183918269231 0.13668082932692308 0.2988938605769231 0.1349545096153846 0.2988938605769231 0.1349545096153846 0.3019183918269231
1 0.13668082932692308 0.30209630528846154 0.1383320889423077 0.30209630528846154 0.1383320889423077 0.2988938605769231 0.13668082932692308 0.2988938605769231 0.13668082932692308 0.30209630528846154
1 0.14110858413461538 0.3018994879807692 0.14280988461538463 0.3018994879807692 0.14280988461538463 0.2987682091346154 0.14110858413461538 0.2987682091346154 0.14110858413461538 0.3018994879807692
1 0.11640205048076924 0.31618381009615387 0.11352671874999999 0.31618381009615387 0.11352671874999999 0.3235620192307692 0.11640205048076924 0.3235620192307692 0.11640205048076924 0.31618381009615387
1 0.09380567307692307 0.3200650552884615 0.09194077644230769 0.3200650552884615 0.09194077644230769 0.3282630673076923 0.09380567307692307 0.3282630673076923 0.09380567307692307 0.3200650552884615
1 0.09380567307692307 0.3200650552884615 0.09194077644230769 0.3200650552884615 0.09194077644230769 0.3282630673076923 0.09380567307692307 0.3282630673076923 0.09380567307692307 0.3200650552884615
1 0.09360670192307692 0.32567104807692304 0.09573838461538461 0.32567104807692304 0.09573838461538461 0.3183169519230769 0.09360670192307692 0.3183169519230769 0.09360670192307692 0.32567104807692304
1 0.07128882451923077 0.31423589903846155 0.0698986298076923 0.31423589903846155 0.0698986298076923 0.31887742067307695 0.07128882451923077 0.31887742067307695 0.07128882451923077 0.31423589903846155
1 0.07979953605769231 0.31477841586538463 0.07844324759615384 0.31477841586538463 0.07844324759615384 0.31935965625 0.07979953605769231 0.31935965625 0.07979953605769231 0.31477841586538463
1 0.06905094951923077 0.31514009374999996 0.06752512259615386 0.31514009374999996 0.06752512259615386 0.32062552644230774 0.06905094951923077 0.32062552644230774 0.06905094951923077 0.31514009374999996
1 0.09148427884615384 0.3209240985576923 0.08974653365384616 0.3209240985576923 0.08974653365384616 0.32521901201923076 0.09148427884615384 0.32521901201923076 0.09148427884615384 0.3209240985576923
1 0.052829723557692304 0.3159098341346154 0.05086946153846154 0.3159098341346154 0.05086946153846154 0.32127847596153847 0.052829723557692304 0.32127847596153847 0.052829723557692304 0.3159098341346154
1 0.04761119230769231 0.3170283004807692 0.04575688942307692 0.3170283004807692 0.04575688942307692 0.3222085697115385 0.04761119230769231 0.3222085697115385 0.04761119230769231 0.3170283004807692
1 0.22831978605769232 0.36926156490384615 0.23136613701923076 0.36926156490384615 0.23136613701923076 0.3573704927884615 0.22831978605769232 0.3573704927884615 0.22831978605769232 0.36926156490384615
1 0.3426227403846154 0.2935668004807692 0.3410602956730769 0.2935668004807692 0.3410602956730769 0.29733209855769227 0.3426227403846154 0.29733209855769227 0.3426227403846154 0.2935668004807692
1 0.3450879302884615 0.29384456971153844 0.34345604326923074 0.29384456971153844 0.34345604326923074 0.2974246875 0.3450879302884615 0.2974246875 0.3450879302884615 0.29384456971153844
1 0.3651621730769231 0.29149851201923077 0.3651621730769231 0.2878151418269231 0.36234752403846154 0.2878151418269231 0.36234752403846154 0.29149851201923077 0.3628166322115384 0.29149851201923077 0.3651621730769231 0.29149851201923077
1 0.3628166322115384 0.29476489423076924 0.3652794519230769 0.29476489423076924 0.3652794519230769 0.29149851201923077 0.3628166322115384 0.29149851201923077 0.3628166322115384 0.29476489423076924
1 0.36998185576923076 0.2872193533653846 0.3682044975961538 0.2872193533653846 0.3682044975961538 0.2909484230769231 0.36998185576923076 0.2909484230769231 0.36998185576923076 0.2872193533653846
1 0.3703277548076923 0.29202962740384614 0.36841115625 0.29202962740384614 0.36841115625 0.29565912740384614 0.3703277548076923 0.29565912740384614 0.3703277548076923 0.29202962740384614
1 0.2976208894230769 0.2922571514423077 0.2956244326923077 0.2922571514423077 0.2956244326923077 0.29630021875 0.2976208894230769 0.29630021875 0.2976208894230769 0.2922571514423077
1 0.9584736322115385 0.8870524759615385 0.8884853990384615 0.8870524759615385 0.8884853990384615 0.9321334639423077 0.9584736322115385 0.9321334639423077 0.9584736322115385 0.8870524759615385