0 0.02479973076923077 0.5287716875 0.013581889423076922 0.5287716875 0.013581889423076922 0.5453907139423078 0.02479973076923077 0.5453907139423078 0.02479973076923077 0.5287716875
0 0.22983695673076923 0.25621967067307694 0.2186191153846154 0.25621967067307694 0.2186191153846154 0.2794863052884615 0.22983695673076923 0.2794863052884615 0.22983695673076923 0.25621967067307694
0 0.4909567163461538 0.39492172836538464 0.47263367067307693 0.39492172836538464 0.47263367067307693 0.4230723629807692 0.4909567163461538 0.4230723629807692 0.4909567163461538 0.39492172836538464
0 0.38711762980769227 0.3145003870192308 0.3790102475961538 0.3145003870192308 0.3790102475961538 0.3366348317307692 0.38711762980769227 0.3366348317307692 0.38711762980769227 0.3145003870192308
0 0.3790102475961538 0.3193905552884615 0.3743774567307692 0.3193905552884615 0.3743774567307692 0.3366348317307692 0.3790102475961538 0.3366348317307692 0.3790102475961538 0.3193905552884615
0 0.4936718076923077 0.2156675264423077 0.4809316346153846 0.2156675264423077 0.4809316346153846 0.23805934615384614 0.4936718076923077 0.23805934615384614 0.4936718076923077 0.2156675264423077
0 0.3001613076923077 0.765038264423077 0.28839402163461536 0.765038264423077 0.28839402163461536 0.7996297668269231 0.3001613076923077 0.7996297668269231 0.3001613076923077 0.765038264423077
0 0.31016813701923074 0.7630616081730769 0.30284832692307695 0.7630616081730769 0.30284832692307695 0.7941939591346153 0.31016813701923074 0.7941939591346153 0.31016813701923074 0.7630616081730769
0 0.16013312019230772 0.6581844975961538 0.1516087860576923 0.6581844975961538 0.1516087860576923 0.6767650769230769 0.16013312019230772 0.6767650769230769 0.16013312019230772 0.6581844975961538
0 0.8057705144230769 0.3405404615384615 0.7983870048076922 0.3405404615384615 0.7983870048076922 0.3570126057692308 0.8057705144230769 0.3570126057692308 0.8057705144230769 0.3405404615384615
0 0.8030197956730769 0.35032079807692307 0.7943333124999999 0.35032079807692307 0.7943333124999999 0.3693667139423077 0.8030197956730769 0.3693667139423077 0.8030197956730769 0.35032079807692307
0 0.7488740576923077 0.35032079807692307 0.7406218990384615 0.35032079807692307 0.7406218990384615 0.3685945817307692 0.7488740576923077 0.3685945817307692 0.7488740576923077 0.35032079807692307
0 0.7552568125 0.45147326923076925 0.7471494278846154 0.45147326923076925 0.7471494278846154 0.46856312019230767 0.7552568125 0.46856312019230767 0.7552568125 0.45147326923076925
0 0.7505082019230769 0.4669159038461539 0.7435590168269232 0.4669159038461539 0.7435590168269232 0.48503526201923075 0.7505082019230769 0.48503526201923075 0.7505082019230769 0.4669159038461539
0 0.7307059495192308 0.2818701490384615 0.723525125 0.2818701490384615 0.723525125 0.3020485264423077 0.7307059495192308 0.3020485264423077 0.7307059495192308 0.2818701490384615
1 0.6877655024038462 0.19138029326923078 0.6808163173076923 0.19138029326923078 0.6808163173076923 0.20785243750000001 0.6877655024038462 0.20785243750000001 0.6877655024038462 0.19138029326923078
1 0.5285169519230769 0.1756899326923077 0.518093173076923 0.1756899326923077 0.518093173076923 0.20039814903846154 0.5285169519230769 0.20039814903846154 0.5285169519230769 0.1756899326923077
1 0.16675468990384615 0.23963067307692307 0.1533195985576923 0.23963067307692307 0.1533195985576923 0.26598610096153846 0.16675468990384615 0.26598610096153846 0.16675468990384615 0.23963067307692307
1 0.18435929326923078 0.27195725480769234 0.17474625240384614 0.27195725480769234 0.17474625240384614 0.31746155048076924 0.18435929326923078 0.31746155048076924 0.18435929326923078 0.27195725480769234