0 0.7255272331730769 0.8098790528846155 0.7217837451923077 0.8098790528846155 0.7217837451923077 0.8238385072115384 0.7255272331730769 0.8238385072115384 0.7255272331730769 0.8098790528846155
0 0.6258226346153847 0.7433281610576923 0.6230834975961539 0.7433281610576923 0.6230834975961539 0.7561513798076922 0.6258226346153847 0.7561513798076922 0.6258226346153847 0.7433281610576923
0 0.9572202524038461 0.7923979951923077 0.9610515432692307 0.7923979951923077 0.9610515432692307 0.7769180264423077 0.9572202524038461 0.7769180264423077 0.9572202524038461 0.7923979951923077
0 0.41719426442307694 0.9421904038461538 0.41240514903846154 0.9421904038461538 0.41240514903846154 0.9599923677884615 0.41719426442307694 0.9599923677884615 0.41719426442307694 0.9421904038461538
0 0.41240514903846154 0.9452863966346154 0.4089221538461538 0.9452863966346154 0.4089221538461538 0.9599923677884615 0.41240514903846154 0.9599923677884615 0.41240514903846154 0.9452863966346154
0 0.3749629711538462 0.9429644014423076 0.3701738557692308 0.9429644014423076 0.3701738557692308 0.956896375 0.3749629711538462 0.956896375 0.3749629711538462 0.9429644014423076
0 0.4528949447115385 0.9677323533653847 0.4463643317307693 0.9677323533653847 0.4463643317307693 0.9832123221153846 0.4528949447115385 0.9832123221153846 0.4528949447115385 0.9677323533653847
0 0.5512895024038461 0.9507043870192308 0.5482418822115385 0.9507043870192308 0.5482418822115385 0.9677323533653847 0.5512895024038461 0.9677323533653847 0.5512895024038461 0.9507043870192308
0 0.5512895024038461 0.9692803509615384 0.5565139903846154 0.9692803509615384 0.5565139903846154 0.9507043870192308 0.5512895024038461 0.9507043870192308 0.5512895024038461 0.9692803509615384
0 0.7620105889423077 0.9770203341346153 0.7546092283653846 0.9770203341346153 0.7546092283653846 0.9932743028846154 0.7620105889423077 0.9932743028846154 0.7620105889423077 0.9770203341346153
1 0.8712895024038462 0.8346046129807692 0.8651942644230769 0.8346046129807692 0.8651942644230769 0.8500845841346153 0.8712895024038462 0.8500845841346153 0.8712895024038462 0.8346046129807692
0 0.6026636514423077 0.7525607740384616 0.5987452836538462 0.7525607740384616 0.5987452836538462 0.76494475 0.6026636514423077 0.76494475 0.6026636514423077 0.7525607740384616
0 0.4973031057692308 0.7486907812499999 0.49425548798076924 0.7486907812499999 0.49425548798076924 0.7626227548076923 0.4973031057692308 0.7626227548076923 0.4973031057692308 0.7486907812499999
0 0.49425548798076924 0.7368481802884616 0.4914858221153846 0.7368481802884616 0.4914858221153846 0.7515108076923076 0.49425548798076924 0.7515108076923076 0.49425548798076924 0.7368481802884616
0 0.48725050480769233 0.7451702139423078 0.48725050480769233 0.7328853100961539 0.4830151826923077 0.7328853100961539 0.4830151826923077 0.7451702139423078 0.4850213870192308 0.7451702139423078 0.48725050480769233 0.7451702139423078
0 0.48970253124999996 0.7451702139423078 0.4850213870192308 0.7451702139423078 0.4850213870192308 0.7594365528846154 0.48970253124999996 0.7594365528846154 0.48970253124999996 0.7451702139423078
0 0.4752132788461539 0.7404147668269231 0.4716466947115385 0.7404147668269231 0.4716466947115385 0.7566625432692308 0.4752132788461539 0.7566625432692308 0.4752132788461539 0.7404147668269231
0 0.4555970625 0.7427924903846154 0.4498013605769231 0.7427924903846154 0.4498013605769231 0.75586996875 0.4555970625 0.75586996875 0.4555970625 0.7427924903846154
0 0.44134857692307694 0.7377603197115385 0.43671201682692307 0.7377603197115385 0.43671201682692307 0.7532947788461539 0.44134857692307694 0.7532947788461539 0.44134857692307694 0.7377603197115385
0 0.4024728004807692 0.7441009134615384 0.3978362403846154 0.7441009134615384 0.3978362403846154 0.7561480456730769 0.4024728004807692 0.7561480456730769 0.4024728004807692 0.7441009134615384
0 0.3855891153846154 0.7270718052884615 0.38071292548076924 0.7270718052884615 0.38071292548076924 0.748124564903846 0.3855891153846154 0.748124564903846 0.3855891153846154 0.7270718052884615
0 0.2807510192307692 0.7320253966346153 0.27552653125000004 0.7320253966346153 0.27552653125000004 0.7506013605769231 0.2807510192307692 0.7506013605769231 0.2807510192307692 0.7320253966346153
0 0.26925714182692306 0.7332637932692307 0.2640326538461539 0.7332637932692307 0.2640326538461539 0.7468861682692308 0.26925714182692306 0.7468861682692308 0.26925714182692306 0.7332637932692307
0 0.23895510096153846 0.7190222211538462 0.23129251682692306 0.7190222211538462 0.23129251682692306 0.7369789879807692 0.23895510096153846 0.7369789879807692 0.23895510096153846 0.7190222211538462
0 0.22885442307692308 0.7214990168269231 0.22258503365384616 0.7214990168269231 0.22258503365384616 0.7419325769230769 0.22885442307692308 0.7419325769230769 0.22885442307692308 0.7214990168269231
0 0.22258503365384616 0.7159262283653847 0.21701224519230772 0.7159262283653847 0.21701224519230772 0.7289294038461538 0.22258503365384616 0.7289294038461538 0.22258503365384616 0.7159262283653847
0 0.1804408173076923 0.7233566129807693 0.17521632692307693 0.7233566129807693 0.17521632692307693 0.7388365841346154 0.1804408173076923 0.7388365841346154 0.1804408173076923 0.7233566129807693
0 0.1804408173076923 0.7146878317307692 0.1769578221153846 0.7146878317307692 0.1769578221153846 0.7326445961538461 0.1804408173076923 0.7326445961538461 0.1804408173076923 0.7146878317307692
1 0.35372920192307694 0.30469215865384613 0.34931606490384615 0.30469215865384613 0.34931606490384615 0.3125377379807693 0.35372920192307694 0.3125377379807693 0.35372920192307694 0.30469215865384613
0 0.018495189903846153 0.7203988918269231 0.012989987980769231 0.7203988918269231 0.012989987980769231 0.7322284278846154 0.018495189903846153 0.7322284278846154 0.018495189903846153 0.7203988918269231
0 0.18297837740384615 0.7220230745192308 0.17910080048076923 0.7220230745192308 0.17910080048076923 0.733341983173077 0.18297837740384615 0.733341983173077 0.18297837740384615 0.7220230745192308
0 0.39591002403846154 0.7293420697115385 0.39327710096153845 0.7293420697115385 0.39327710096153845 0.743894951923077 0.39591002403846154 0.743894951923077 0.39591002403846154 0.7293420697115385
0 0.3927505168269231 0.7362355384615384 0.38954313942307695 0.7362355384615384 0.38954313942307695 0.7514692572115386 0.3927505168269231 0.7514692572115386 0.3927505168269231 0.7362355384615384
0 0.5479487163461538 0.7517417211538462 0.5450315576923077 0.7517417211538462 0.5450315576923077 0.763310625 0.5479487163461538 0.763310625 0.5479487163461538 0.7517417211538462
0 0.5561766009615384 0.7504119639423077 0.5523618557692308 0.7504119639423077 0.5523618557692308 0.763310625 0.5561766009615384 0.763310625 0.5561766009615384 0.7504119639423077
0 0.6289861706730769 0.7544430096153847 0.6243486346153847 0.7544430096153847 0.6243486346153847 0.7626875144230769 0.6289861706730769 0.7626875144230769 0.6289861706730769 0.7544430096153847
0 0.8284071177884615 0.7636935961538461 0.8246970889423076 0.7636935961538461 0.8246970889423076 0.7785868990384616 0.8284071177884615 0.7785868990384616 0.8284071177884615 0.7636935961538461
0 0.9725959302884615 0.7717311586538462 0.9687811826923076 0.7717311586538462 0.9687811826923076 0.7822362548076923 0.9725959302884615 0.7822362548076923 0.9725959302884615 0.7717311586538462
0 0.9589825216346154 0.7662791466346154 0.9521758173076923 0.7662791466346154 0.9521758173076923 0.7859595817307692 0.9589825216346154 0.7859595817307692 0.9589825216346154 0.7662791466346154