1 0.2035885673076923 0.4575301442307692 0.19896567548076924 0.4575301442307692 0.19896567548076924 0.47237641826923077 0.2035885673076923 0.47237641826923077 0.2035885673076923 0.4575301442307692
1 0.22357138461538462 0.5150594519230769 0.2189484951923077 0.5150594519230769 0.2189484951923077 0.5267243798076924 0.22357138461538462 0.5267243798076924 0.22357138461538462 0.5150594519230769
1 0.2550368677884615 0.42916315865384613 0.2508613533653846 0.42916315865384613 0.2508613533653846 0.4426838725961538 0.2550368677884615 0.4426838725961538 0.2550368677884615 0.42916315865384613
1 0.24922097115384614 0.46018126442307694 0.24444895673076922 0.46018126442307694 0.24444895673076922 0.47131596875 0.24922097115384614 0.47131596875 0.24922097115384614 0.46018126442307694
1 0.21879936778846154 0.48536690625 0.21596598317307691 0.48536690625 0.21596598317307691 0.4967667211538461 0.21879936778846154 0.4967667211538461 0.21879936778846154 0.48536690625
1 0.21164134375000002 0.49040403365384616 0.2080623317307692 0.49040403365384616 0.2080623317307692 0.4978271706730769 0.21164134375000002 0.4978271706730769 0.21164134375000002 0.49040403365384616
1 0.1285784375 0.4988876177884615 0.12201691346153846 0.4988876177884615 0.12201691346153846 0.5052503052884615 0.1285784375 0.5052503052884615 0.1285784375 0.4988876177884615
1 0.1393154735576923 0.5116129951923077 0.1290258125 0.5116129951923077 0.1290258125 0.5206268028846154 0.1393154735576923 0.5206268028846154 0.1393154735576923 0.5116129951923077
1 0.18330749759615386 0.4766182091346154 0.17883373317307694 0.4766182091346154 0.17883373317307694 0.48377623317307694 0.18330749759615386 0.48377623317307694 0.18330749759615386 0.4766182091346154
1 0.21432560336538461 0.4371165192307692 0.2098518389423077 0.4371165192307692 0.2098518389423077 0.44586521634615384 0.21432560336538461 0.44586521634615384 0.21432560336538461 0.4371165192307692
1 0.28575672115384615 0.46574861778846155 0.2802390769230769 0.46574861778846155 0.2802390769230769 0.47794376923076926 0.28575672115384615 0.47794376923076926 0.28575672115384615 0.46574861778846155
1 0.2615983894230769 0.4662788413461539 0.2583176274038462 0.4662788413461539 0.2583176274038462 0.4787391057692308 0.2615983894230769 0.4787391057692308 0.2615983894230769 0.4662788413461539
1 0.25578249519230767 0.46733928846153844 0.25190523076923077 0.46733928846153844 0.25190523076923077 0.47926932932692307 0.25578249519230767 0.47926932932692307 0.25578249519230767 0.46733928846153844
1 0.24206294711538462 0.4646881682692308 0.23967693990384614 0.4646881682692308 0.23967693990384614 0.4707857451923077 0.24206294711538462 0.4707857451923077 0.24206294711538462 0.4646881682692308
1 0.2442998293269231 0.5320266201923076 0.23505404807692307 0.5320266201923076 0.23505404807692307 0.53891953125 0.2442998293269231 0.53891953125 0.2442998293269231 0.5320266201923076
1 0.1992639278846154 0.49305515384615384 0.19523753846153846 0.49305515384615384 0.19523753846153846 0.4988876177884615 0.1992639278846154 0.4988876177884615 0.1992639278846154 0.49305515384615384
1 0.29035575240384615 0.5064804278846153 0.2851363581730769 0.5064804278846153 0.2851363581730769 0.5186755793269231 0.29035575240384615 0.5186755793269231 0.29035575240384615 0.5064804278846153
1 0.1968547307692308 0.5721494687500001 0.19079650721153846 0.5721494687500001 0.19079650721153846 0.5903759182692307 0.1968547307692308 0.5903759182692307 0.1968547307692308 0.5721494687500001
1 0.2106022379807692 0.5767060793269231 0.2047770216346154 0.5767060793269231 0.2047770216346154 0.5862335432692307 0.2106022379807692 0.5862335432692307 0.2106022379807692 0.5767060793269231
1 0.3063687740384615 0.543567079326923 0.3019416105769231 0.543567079326923 0.3019416105769231 0.5622077668269231 0.3063687740384615 0.5622077668269231 0.3063687740384615 0.543567079326923
1 0.32477645432692304 0.5381819903846154 0.31778619471153846 0.5381819903846154 0.31778619471153846 0.5564084423076923 0.32477645432692304 0.5564084423076923 0.32477645432692304 0.5381819903846154
1 0.23126359855769232 0.6300974831730769 0.2263121658653846 0.6300974831730769 0.2263121658653846 0.6528805456730769 0.23126359855769232 0.6528805456730769 0.23126359855769232 0.6300974831730769
1 0.33495242788461543 0.6559873269230769 0.3291272139423077 0.6559873269230769 0.3291272139423077 0.6787703918269231 0.33495242788461543 0.6787703918269231 0.33495242788461543 0.6559873269230769
1 0.29883609375 0.7036246418269231 0.2903895336538462 0.7036246418269231 0.2903895336538462 0.7274432980769231 0.29883609375 0.7274432980769231 0.29883609375 0.7036246418269231
1 0.2589333701923077 0.6254373100961538 0.25281689423076925 0.6254373100961538 0.25281689423076925 0.6383822331730769 0.2589333701923077 0.6383822331730769 0.2589333701923077 0.6254373100961538
1 0.24961302644230768 0.6280262932692308 0.24320529086538462 0.6280262932692308 0.24320529086538462 0.637346639423077 0.24961302644230768 0.637346639423077 0.24961302644230768 0.6280262932692308
1 0.3518455528846154 0.5601949014423077 0.34718537980769226 0.5601949014423077 0.34718537980769226 0.5824601682692307 0.3518455528846154 0.5824601682692307 0.3518455528846154 0.5601949014423077
1 0.36757363221153844 0.654951733173077 0.35796202884615386 0.654951733173077 0.35796202884615386 0.667378858173077 0.36757363221153844 0.667378858173077 0.36757363221153844 0.654951733173077
1 0.3920395360576923 0.6218127307692308 0.3777677596153846 0.6218127307692308 0.3777677596153846 0.6326864663461538 0.3920395360576923 0.6326864663461538 0.3920395360576923 0.6218127307692308
1 0.36990371874999994 0.5084152115384616 0.3634959831730769 0.5084152115384616 0.3634959831730769 0.5218779302884615 0.36990371874999994 0.5218779302884615 0.36990371874999994 0.5084152115384616
1 0.36669985096153845 0.4576711153846154 0.3600008533653846 0.4576711153846154 0.3600008533653846 0.47113383413461535 0.36669985096153845 0.47113383413461535 0.36669985096153845 0.4576711153846154
1 0.35330185576923073 0.4840787572115385 0.3480591634615384 0.4840787572115385 0.3480591634615384 0.4975414759615384 0.35330185576923073 0.4975414759615384 0.35330185576923073 0.4840787572115385
1 0.3634959831730769 0.5094508052884615 0.35621446394230766 0.5094508052884615 0.35621446394230766 0.5218779302884615 0.3634959831730769 0.5218779302884615 0.3634959831730769 0.5094508052884615
1 0.3500979879807692 0.5327516658653846 0.34631159855769234 0.5327516658653846 0.34631159855769234 0.5436253990384615 0.3500979879807692 0.5436253990384615 0.3500979879807692 0.5327516658653846
1 0.3559232019230769 0.5337872596153846 0.3500979879807692 0.5337872596153846 0.3500979879807692 0.5431076033653846 0.3559232019230769 0.5431076033653846 0.3559232019230769 0.5337872596153846
1 0.38126288942307696 0.4612956947115385 0.3760201947115384 0.4612956947115385 0.3760201947115384 0.4726872259615385 0.38126288942307696 0.4726872259615385 0.38126288942307696 0.4612956947115385
1 0.40427248798076926 0.4322990673076923 0.40135987980769233 0.4322990673076923 0.40135987980769233 0.4478329735576923 0.40427248798076926 0.4478329735576923 0.40427248798076926 0.4322990673076923
1 0.4033987067307692 0.5249847115384616 0.4007773581730769 0.5249847115384616 0.4007773581730769 0.5431076033653846 0.4033987067307692 0.5431076033653846 0.4033987067307692 0.5249847115384616
1 0.37631145673076927 0.5550169302884616 0.3684474158653846 0.5550169302884616 0.3684474158653846 0.5752110120192307 0.37631145673076927 0.5752110120192307 0.37631145673076927 0.5550169302884616
1 0.40824059375000005 0.4525870360576923 0.4034685769230769 0.4525870360576923 0.4034685769230769 0.4591618125 0.40824059375000005 0.4591618125 0.40824059375000005 0.4525870360576923
0 0.41372841346153844 0.3732655216346154 0.40931429807692304 0.3732655216346154 0.40931429807692304 0.3872634350961538 0.41372841346153844 0.3872634350961538 0.41372841346153844 0.3732655216346154
0 0.44262515865384616 0.4401300168269231 0.43755489182692303 0.4401300168269231 0.43755489182692303 0.4576274086538462 0.44262515865384616 0.4576274086538462 0.44262515865384616 0.4401300168269231
0 0.43710751442307694 0.5464399326923076 0.43248462499999996 0.5464399326923076 0.43248462499999996 0.562611766826923 0.43710751442307694 0.562611766826923 0.43710751442307694 0.5464399326923076
0 0.41160705288461535 0.49739421153846153 0.4069841610576923 0.49739421153846153 0.4069841610576923 0.5159520528846154 0.41160705288461535 0.5159520528846154 0.41160705288461535 0.49739421153846153
0 0.4090719182692307 0.5209891802884615 0.40459815384615383 0.5209891802884615 0.40459815384615383 0.543523701923077 0.4090719182692307 0.543523701923077 0.4090719182692307 0.5209891802884615
0 0.45395869711538467 0.5763975913461539 0.4502305576923077 0.5763975913461539 0.4502305576923077 0.5870020721153846 0.45395869711538467 0.5870020721153846 0.45395869711538467 0.5763975913461539
0 0.47796790384615384 0.5077335793269231 0.47319588701923077 0.5077335793269231 0.47319588701923077 0.5284123173076923 0.47796790384615384 0.5284123173076923 0.47796790384615384 0.5077335793269231
0 0.4560464543269231 0.4454322572115385 0.45202006490384616 0.4454322572115385 0.45202006490384616 0.46478543509615383 0.4560464543269231 0.46478543509615383 0.4560464543269231 0.4454322572115385
0 0.547460389423077 0.47300390625 0.543284875 0.47300390625 0.543284875 0.4939477548076923 0.547460389423077 0.4939477548076923 0.547460389423077 0.47300390625
0 0.5657422451923076 0.5102272908653845 0.5581694639423077 0.5102272908653845 0.5581694639423077 0.5350815408653846 0.5657422451923076 0.5350815408653846 0.5657422451923076 0.5102272908653845
0 0.5741888052884615 0.5366349302884615 0.5680723317307692 0.5366349302884615 0.5680723317307692 0.5625247764423077 0.5741888052884615 0.5625247764423077 0.5741888052884615 0.5366349302884615
0 0.5727325024038461 0.5034959302884615 0.5689461129807692 0.5034959302884615 0.5689461129807692 0.5185120408653846 0.5727325024038461 0.5185120408653846 0.5727325024038461 0.5034959302884615
0 0.4876843629807693 0.6153400600961538 0.47894653846153845 0.6153400600961538 0.47894653846153845 0.6360519350961538 0.4876843629807693 0.6360519350961538 0.4876843629807693 0.6153400600961538
0 0.47894653846153845 0.6189646370192308 0.47137375961538464 0.6189646370192308 0.47137375961538464 0.6319095600961538 0.47894653846153845 0.6319095600961538 0.47894653846153845 0.6189646370192308
0 0.45535441826923073 0.6132688725961539 0.4495292043269231 0.6132688725961539 0.4495292043269231 0.6329451538461538 0.45535441826923073 0.6329451538461538 0.45535441826923073 0.6132688725961539
0 0.46642232692307695 0.6122332788461539 0.4591408076923077 0.6122332788461539 0.4591408076923077 0.6256959975961538 0.46642232692307695 0.6256959975961538 0.46642232692307695 0.6122332788461539
0 0.4576845048076923 0.655210420673077 0.4536068533653846 0.655210420673077 0.4536068533653846 0.6800646730769231 0.4576845048076923 0.6800646730769231 0.4576845048076923 0.655210420673077
0 0.4511876033653846 0.6665735865384614 0.4474654302884616 0.6665735865384614 0.4474654302884616 0.6789596201923077 0.4511876033653846 0.6789596201923077 0.4511876033653846 0.6665735865384614
0 0.5641454206730769 0.6843543173076923 0.5517668389423077 0.6843543173076923 0.5517668389423077 0.7296615456730768 0.5641454206730769 0.7296615456730768 0.5641454206730769 0.6843543173076923
0 0.46220415625 0.8222177427884615 0.449097423076923 0.8222177427884615 0.449097423076923 0.8727029399038462 0.46220415625 0.8727029399038462 0.46220415625 0.8222177427884615
0 0.48514093990384616 0.8170397716346154 0.4753108894230769 0.8170397716346154 0.4753108894230769 0.8688194615384616 0.48514093990384616 0.8688194615384616 0.48514093990384616 0.8170397716346154
0 0.49533506730769233 0.8079783269230769 0.488417625 0.8079783269230769 0.488417625 0.8584635240384616 0.49533506730769233 0.8584635240384616 0.49533506730769233 0.8079783269230769
0 0.9335979519230769 0.8151572836538462 0.9222271322115384 0.8151572836538462 0.9222271322115384 0.8562496466346154 0.9335979519230769 0.8562496466346154 0.9335979519230769 0.8151572836538462
0 0.9710657355769231 0.8144945048076924 0.9595085096153846 0.8144945048076924 0.9595085096153846 0.8728191466346154 0.9710657355769231 0.8728191466346154 0.9710657355769231 0.8144945048076924
1 0.7909143149038461 0.43855106009615386 0.6295558557692308 0.43855106009615386 0.6295558557692308 0.5876765673076924 0.7909143149038461 0.5876765673076924 0.7909143149038461 0.43855106009615386
0 0.7964482692307692 0.5353790793269231 0.7909143149038461 0.5353790793269231 0.7909143149038461 0.5617867211538461 0.7964482692307692 0.5617867211538461 0.7964482692307692 0.5353790793269231
0 0.8098462620192308 0.5405570480769231 0.8034385264423077 0.5405570480769231 0.8034385264423077 0.5659290961538461 0.8098462620192308 0.5659290961538461 0.8098462620192308 0.5405570480769231
0 0.8281956899038462 0.5700714711538462 0.8235355192307693 0.5700714711538462 0.8235355192307693 0.5918189423076923 0.8281956899038462 0.5918189423076923 0.8281956899038462 0.5700714711538462
0 0.8203316514423077 0.5628223149038462 0.8156714783653847 0.5628223149038462 0.8156714783653847 0.5949257235576924 0.8203316514423077 0.5949257235576924 0.8203316514423077 0.5628223149038462
0 0.7987783557692307 0.48256379567307695 0.795574485576923 0.48256379567307695 0.795574485576923 0.51414940625 0.7987783557692307 0.51414940625 0.7987783557692307 0.48256379567307695
0 0.8022734831730769 0.6596503341346154 0.7906230528846153 0.6596503341346154 0.7906230528846153 0.6813978052884615 0.8022734831730769 0.6813978052884615 0.8022734831730769 0.6596503341346154
0 0.5643992307692307 0.42950498557692307 0.5590400336538461 0.42950498557692307 0.5590400336538461 0.4493883870192308 0.5643992307692307 0.4493883870192308 0.5643992307692307 0.42950498557692307
0 0.5355061658653846 0.41624938701923075 0.5250207788461538 0.41624938701923075 0.5250207788461538 0.4299192235576923 0.5355061658653846 0.4299192235576923 0.5355061658653846 0.41624938701923075
0 0.8249452211538462 0.6931411971153847 0.8132015865384615 0.6931411971153847 0.8132015865384615 0.7173326658653847 0.8249452211538462 0.7173326658653847 0.8249452211538462 0.6931411971153847
1 0.24496132451923075 0.6178029807692307 0.24007478125 0.6178029807692307 0.24007478125 0.6295306875000001 0.24496132451923075 0.6295306875000001 0.24496132451923075 0.6178029807692307
1 0.4182459807692308 0.37055181009615384 0.41466696634615385 0.37055181009615384 0.41466696634615385 0.3830650961538461 0.4182459807692308 0.3830650961538461 0.4182459807692308 0.37055181009615384
0 0.49137712740384615 0.5090463245192308 0.49137712740384615 0.48953408173076923 0.4880367163461538 0.48953408173076923 0.4880367163461538 0.5090463245192308 0.4888718197115385 0.5090463245192308 0.49137712740384615 0.5090463245192308
0 0.49364383653846156 0.5088342355769231 0.4904227235576923 0.5088342355769231 0.4904227235576923 0.5166815504807692 0.49364383653846156 0.5166815504807692 0.49364383653846156 0.5088342355769231
0 0.4959105432692308 0.5188024471153846 0.4870823125 0.5188024471153846 0.4870823125 0.5241046874999999 0.4959105432692308 0.5241046874999999 0.4959105432692308 0.5188024471153846
0 0.5444278365384615 0.4325827620192308 0.5408240096153846 0.4325827620192308 0.5408240096153846 0.4472423966346154 0.5444278365384615 0.4472423966346154 0.5444278365384615 0.4325827620192308
0 0.7991544903846154 0.45470554567307697 0.7945316009615385 0.45470554567307697 0.7945316009615385 0.47140760336538456 0.7991544903846154 0.47140760336538456 0.7991544903846154 0.45470554567307697
0 0.935851954326923 0.6566700721153846 0.927405391826923 0.6566700721153846 0.927405391826923 0.6986116201923077 0.935851954326923 0.6986116201923077 0.935851954326923 0.6566700721153846
1 0.4405569711538462 0.8092482908653846 0.4318222740384616 0.8092482908653846 0.4318222740384616 0.8210845889423077 0.4405569711538462 0.8210845889423077 0.4405569711538462 0.8092482908653846
1 0.009538959134615384 0.5969443509615384 0.002361848557692308 0.5969443509615384 0.002361848557692308 0.6044099038461538 0.009538959134615384 0.6044099038461538 0.009538959134615384 0.5969443509615384
0 0.04672501923076923 0.2955174134615385 0.04409801201923077 0.2955174134615385 0.04409801201923077 0.30691500721153847 0.04672501923076923 0.30691500721153847 0.04672501923076923 0.2955174134615385