0 0.1730925889423077 0.9653887932692308 0.16723700240384615 0.9653887932692308 0.16723700240384615 0.9833695889423077 0.1730925889423077 0.9833695889423077 0.1730925889423077 0.9653887932692308
0 0.16723700240384615 0.9545056826923077 0.16005060096153848 0.9545056826923077 0.16005060096153848 0.9739060120192308 0.16723700240384615 0.9739060120192308 0.16723700240384615 0.9545056826923077
0 0.21288396634615386 0.8466040216346153 0.20622988942307693 0.8466040216346153 0.20622988942307693 0.8687842764423077 0.21288396634615386 0.8687842764423077 0.21288396634615386 0.8466040216346153
0 0.20123933173076924 0.8384712620192307 0.19458525480769231 0.8384712620192307 0.19458525480769231 0.8576941490384615 0.20123933173076924 0.8576941490384615 0.20123933173076924 0.8384712620192307
0 0.22328096153846153 0.8222057403846155 0.2166268846153846 0.8222057403846155 0.2166268846153846 0.8392106033653846 0.22328096153846153 0.8392106033653846 0.22328096153846153 0.8222057403846155
0 0.23996371153846155 0.816037139423077 0.23492151682692308 0.816037139423077 0.23492151682692308 0.8342072043269231 0.23996371153846155 0.8342072043269231 0.23996371153846155 0.816037139423077
0 0.23274111057692307 0.8211247572115384 0.22865284615384615 0.8211247572115384 0.22865284615384615 0.8298463894230769 0.23274111057692307 0.8298463894230769 0.23274111057692307 0.8211247572115384
0 0.23110580528846156 0.8409906947115384 0.23505779326923076 0.8409906947115384 0.23505779326923076 0.828150516826923 0.23110580528846156 0.828150516826923 0.23110580528846156 0.8409906947115384
0 0.25631676923076924 0.7542589182692307 0.2503206490384616 0.7542589182692307 0.2503206490384616 0.7697640408653845 0.25631676923076924 0.7697640408653845 0.25631676923076924 0.7542589182692307
0 0.25781580048076924 0.7494135673076923 0.25318243269230767 0.7494135673076923 0.25318243269230767 0.762496014423077 0.25781580048076924 0.762496014423077 0.25781580048076924 0.7494135673076923
0 0.2185684591346154 0.7576506634615385 0.2136625408653846 0.7576506634615385 0.2136625408653846 0.7697640408653845 0.2185684591346154 0.7697640408653845 0.2185684591346154 0.7576506634615385
0 0.1484738846153846 0.8109132884615384 0.1430228653846154 0.8109132884615384 0.1430228653846154 0.8251465072115385 0.1484738846153846 0.8251465072115385 0.1484738846153846 0.8109132884615384
0 0.1484738846153846 0.8027367596153846 0.1431932091346154 0.8027367596153846 0.1431932091346154 0.8178784807692308 0.1484738846153846 0.8178784807692308 0.1484738846153846 0.8027367596153846
0 0.14046769951923077 0.7960744038461538 0.1345056466346154 0.7960744038461538 0.1345056466346154 0.8127302956730769 0.14046769951923077 0.8127302956730769 0.14046769951923077 0.7960744038461538
0 0.13075806971153844 0.804553766826923 0.12530705048076923 0.804553766826923 0.12530705048076923 0.8206039903846154 0.13075806971153844 0.8206039903846154 0.13075806971153844 0.804553766826923
0 0.13297254807692307 0.8136387980769231 0.12803256009615385 0.8136387980769231 0.12803256009615385 0.8290833557692309 0.13297254807692307 0.8290833557692309 0.13297254807692307 0.8136387980769231
0 0.14166011057692307 0.8212096586538462 0.14166011057692307 0.8127302956730769 0.1345056466346154 0.8127302956730769 0.1345056466346154 0.8212096586538462 0.1360387451923077 0.8212096586538462 0.14166011057692307 0.8212096586538462
0 0.13637943509615386 0.833928704326923 0.14455596394230769 0.833928704326923 0.14455596394230769 0.8212096586538462 0.13637943509615386 0.8212096586538462 0.13637943509615386 0.833928704326923
0 0.14245647115384616 0.7333347908653847 0.1362423076923077 0.7333347908653847 0.1362423076923077 0.7513594951923076 0.14245647115384616 0.7513594951923076 0.14245647115384616 0.7333347908653847
0 0.12566732932692307 0.749808983173077 0.12163357692307691 0.749808983173077 0.12163357692307691 0.7655079182692308 0.12566732932692307 0.7655079182692308 0.12566732932692307 0.749808983173077
0 0.10495345673076922 0.7220935769230769 0.10255500721153846 0.7220935769230769 0.10255500721153846 0.73217190625 0.10495345673076922 0.73217190625 0.10495345673076922 0.7220935769230769
0 0.1029910889423077 0.7211245072115384 0.09972047836538461 0.7211245072115384 0.09972047836538461 0.7343038605769231 0.1029910889423077 0.7343038605769231 0.1029910889423077 0.7211245072115384
0 0.10244598798076923 0.7331409759615385 0.09764908894230769 0.7331409759615385 0.09764908894230769 0.7439945625 0.10244598798076923 0.7439945625 0.10244598798076923 0.7331409759615385
0 0.04752951923076923 0.9252142451923077 0.04057947115384616 0.9252142451923077 0.04057947115384616 0.9421729735576924 0.04752951923076923 0.9421729735576924 0.04752951923076923 0.9252142451923077
0 0.03403824759615384 0.9273946538461538 0.025861718750000002 0.9273946538461538 0.025861718750000002 0.9409616370192307 0.03403824759615384 0.9409616370192307 0.03403824759615384 0.9273946538461538
0 0.029813706730769232 0.9525904783653847 0.02259110576923077 0.9525904783653847 0.02259110576923077 0.9702760072115384 0.029813706730769232 0.9702760072115384 0.029813706730769232 0.9525904783653847
0 0.04085202163461538 0.9581626322115385 0.035673552884615385 0.9581626322115385 0.035673552884615385 0.9758481610576923 0.04085202163461538 0.9758481610576923 0.04085202163461538 0.9581626322115385
0 0.0071728125 0.8836489254807692 0.0071728125 0.8716324567307693 0.0011766923076923076 0.8716324567307693 0.0011766923076923076 0.8797726442307692 0.0011766923076923076 0.8836489254807692 0.0071728125 0.8836489254807692
0 0.0008496298076923076 0.9107828894230768 0.005210444711538462 0.9107828894230768 0.005210444711538462 0.8966344639423076 0.0008496298076923076 0.8966344639423076 0.0008496298076923076 0.9107828894230768
0 0.05144326923076924 0.8473235048076924 0.0466463701923077 0.8473235048076924 0.0466463701923077 0.8617432668269231 0.05144326923076924 0.8617432668269231 0.05144326923076924 0.8473235048076924
0 0.04254720432692308 0.8459280432692308 0.03879690144230769 0.8459280432692308 0.03879690144230769 0.8592624471153846 0.04254720432692308 0.8592624471153846 0.04254720432692308 0.8459280432692308
0 0.05624016586538461 0.8290274591346154 0.05083275480769231 0.8290274591346154 0.05083275480769231 0.8356946634615384 0.05624016586538461 0.8356946634615384 0.05624016586538461 0.8290274591346154
1 0.15063009615384615 0.8751734615384615 0.14103630048076923 0.8751734615384615 0.14103630048076923 0.8922290961538462 0.15063009615384615 0.8922290961538462 0.15063009615384615 0.8751734615384615
1 0.14772401923076922 0.9192042860576923 0.13686456490384616 0.9192042860576923 0.13686456490384616 0.9434310408653845 0.14772401923076922 0.9434310408653845 0.14772401923076922 0.9192042860576923
0 0.16256474038461538 0.9269488798076922 0.15643234375 0.9269488798076922 0.15643234375 0.9424540024038461 0.16256474038461538 0.9424540024038461 0.16256474038461538 0.9269488798076922
0 0.11704233653846154 0.8953275600961538 0.10879128125000001 0.8953275600961538 0.10879128125000001 0.9052643149038461 0.11704233653846154 0.9052643149038461 0.11704233653846154 0.8953275600961538
0 0.09740116826923077 0.6460677524038462 0.09165204567307693 0.6460677524038462 0.09165204567307693 0.66007384375 0.09740116826923077 0.66007384375 0.09740116826923077 0.6460677524038462
0 0.019255692307692307 0.6392539783653847 0.012654848557692307 0.6392539783653847 0.012654848557692307 0.6593167572115385 0.019255692307692307 0.6593167572115385 0.019255692307692307 0.6392539783653847
0 0.05225991105769231 0.6135130528846153 0.046510790865384614 0.6135130528846153 0.046510790865384614 0.6256264302884615 0.05225991105769231 0.6256264302884615 0.05225991105769231 0.6135130528846153
0 0.048001302884615384 0.614270139423077 0.04267804086538462 0.614270139423077 0.04267804086538462 0.6256264302884615 0.048001302884615384 0.6256264302884615 0.048001302884615384 0.614270139423077
0 0.0552409375 0.6074563653846154 0.04885302403846154 0.6074563653846154 0.04885302403846154 0.6169199399038461 0.0552409375 0.6169199399038461 0.0552409375 0.6074563653846154
1 0.07536286538461538 0.5880289951923077 0.06498250480769231 0.5880289951923077 0.06498250480769231 0.6088488629807692 0.07536286538461538 0.6088488629807692 0.07536286538461538 0.5880289951923077
0 0.026346901442307693 0.6289626057692307 0.023280701923076925 0.6289626057692307 0.023280701923076925 0.6407731466346154 0.026346901442307693 0.6407731466346154 0.026346901442307693 0.6289626057692307
0 0.04184823798076923 0.6226030817307693 0.03793031730769231 0.6226030817307693 0.03793031730769231 0.6292654399038462 0.04184823798076923 0.6292654399038462 0.04184823798076923 0.6226030817307693
0 0.035204807692307695 0.624722923076923 0.032479298076923076 0.624722923076923 0.032479298076923076 0.630779610576923 0.035204807692307695 0.630779610576923 0.035204807692307695 0.624722923076923
0 0.1930880528846154 0.5652259110576924 0.1891633173076923 0.5652259110576924 0.1891633173076923 0.5764671225961538 0.1930880528846154 0.5764671225961538 0.1930880528846154 0.5652259110576924
0 0.20617049999999998 0.5590238605769231 0.19962927644230768 0.5590238605769231 0.19962927644230768 0.56464446875 0.20617049999999998 0.56464446875 0.20617049999999998 0.5590238605769231
0 0.1745545865384615 0.5913908028846154 0.17073887259615386 0.5913908028846154 0.17073887259615386 0.6034072740384615 0.1745545865384615 0.6034072740384615 0.1745545865384615 0.5913908028846154
1 0.19851522355769233 0.6460022307692307 0.18679553125 0.6460022307692307 0.18679553125 0.6668372403846153 0.19851522355769233 0.6668372403846153 0.19851522355769233 0.6460022307692307
0 0.17103416346153846 0.7822298076923077 0.16754551201923076 0.7822298076923077 0.16754551201923076 0.7964945192307693 0.17103416346153846 0.7964945192307693 0.17103416346153846 0.7822298076923077
0 0.16362077884615384 0.7938586490384616 0.16920262259615385 0.7938586490384616 0.16920262259615385 0.7786636298076922 0.16362077884615384 0.7786636298076922 0.16362077884615384 0.7938586490384616
0 0.1867726201923077 0.8324992812500001 0.18302504326923077 0.8324992812500001 0.18302504326923077 0.8449154927884616 0.1867726201923077 0.8449154927884616 0.1867726201923077 0.8324992812500001
0 0.3304661923076923 0.563604670673077 0.3270593052884615 0.563604670673077 0.3270593052884615 0.5778378894230769 0.3304661923076923 0.5778378894230769 0.3304661923076923 0.563604670673077
0 0.3255262043269231 0.5639075072115385 0.32194897355769225 0.5639075072115385 0.32194897355769225 0.5754152139423077 0.3255262043269231 0.5754152139423077 0.3255262043269231 0.5639075072115385
0 0.3033814375 0.5684500216346154 0.30150764903846156 0.5684500216346154 0.30150764903846156 0.5832889086538462 0.3033814375 0.5832889086538462 0.3033814375 0.5684500216346154
0 0.30627729326923075 0.5648160096153846 0.30372212740384613 0.5648160096153846 0.30372212740384613 0.5787463918269231 0.30627729326923075 0.5787463918269231 0.30627729326923075 0.5648160096153846
0 0.31223934375 0.6035788149038461 0.30815107932692304 0.6035788149038461 0.30815107932692304 0.6211432115384615 0.31223934375 0.6211432115384615 0.31223934375 0.6035788149038461
1 0.3076400480769231 0.5920711057692307 0.32126759615384615 0.5920711057692307 0.32126759615384615 0.5569423149038462 0.3076400480769231 0.5569423149038462 0.3076400480769231 0.5920711057692307
1 0.32649078125000003 0.4822768677884615 0.3165426706730769 0.4822768677884615 0.3165426706730769 0.5019005360576924 0.32649078125000003 0.5019005360576924 0.32649078125000003 0.4822768677884615
0 0.2798930793269231 0.46025485576923075 0.2798930793269231 0.45752934615384616 0.2769972259615385 0.45752934615384616 0.2769972259615385 0.46843138461538464 0.2798930793269231 0.46843138461538464 0.2798930793269231 0.46025485576923075
0 0.28329996634615384 0.46025485576923075 0.2798930793269231 0.46025485576923075 0.2798930793269231 0.46843138461538464 0.28329996634615384 0.46843138461538464 0.28329996634615384 0.46025485576923075
0 0.2848330673076923 0.45480383653846157 0.28125583413461536 0.45480383653846157 0.28125583413461536 0.46510020673076924 0.2848330673076923 0.46510020673076924 0.2848330673076923 0.45480383653846157
0 0.24135004807692306 0.5816129399038462 0.23675074999999998 0.5816129399038462 0.23675074999999998 0.6000858389423077 0.24135004807692306 0.6000858389423077 0.24135004807692306 0.5816129399038462
0 0.23828385096153845 0.5870639591346154 0.23436593028846156 0.5870639591346154 0.23436593028846156 0.5976631634615385 0.23828385096153845 0.5976631634615385 0.23828385096153845 0.5870639591346154
0 0.4043137043269231 0.4829580528846154 0.4023513389423077 0.4829580528846154 0.4023513389423077 0.49516833653846154 0.4043137043269231 0.49516833653846154 0.4043137043269231 0.4829580528846154
0 0.40714823557692303 0.48373331009615383 0.4054039086538461 0.48373331009615383 0.4054039086538461 0.49439308173076923 0.40714823557692303 0.49439308173076923 0.40714823557692303 0.48373331009615383
0 0.42164794711538456 0.48935391586538457 0.4188134182692308 0.48935391586538457 0.4188134182692308 0.49730029086538463 0.42164794711538456 0.49730029086538463 0.42164794711538456 0.48935391586538457
0 0.4250275793269231 0.48315186778846153 0.42153892548076927 0.48315186778846153 0.42153892548076927 0.49187349759615384 0.4250275793269231 0.49187349759615384 0.4250275793269231 0.48315186778846153
0 0.42350129326923075 0.49613740624999997 0.4268809254807693 0.49613740624999997 0.4268809254807693 0.4885786610576923 0.42350129326923075 0.4885786610576923 0.42350129326923075 0.49613740624999997
0 0.41445260096153846 0.4885786610576923 0.4116180721153846 0.4885786610576923 0.4116180721153846 0.5000136875 0.41445260096153846 0.5000136875 0.41445260096153846 0.4885786610576923
0 0.4030484711538461 0.4121165384615385 0.39950531009615387 0.4121165384615385 0.39950531009615387 0.42810619471153843 0.4030484711538461 0.42810619471153843 0.4030484711538461 0.4121165384615385
0 0.4064553605769231 0.4101783990384615 0.403866125 0.4101783990384615 0.403866125 0.42083816826923076 0.4064553605769231 0.42083816826923076 0.4064553605769231 0.4101783990384615
0 0.41217893028846153 0.4237453798076923 0.40904459375 0.4237453798076923 0.40904459375 0.43222474278846157 0.41217893028846153 0.43222474278846157 0.41217893028846153 0.4237453798076923
0 0.47278430288461537 0.39138851682692305 0.46990616346153846 0.39138851682692305 0.46990616346153846 0.4020870528846154 0.47278430288461537 0.4020870528846154 0.47278430288461537 0.39138851682692305
0 0.4717377067307692 0.4008466418269231 0.47557522355769233 0.4008466418269231 0.47557522355769233 0.38859759615384615 0.4717377067307692 0.38859759615384615 0.4717377067307692 0.4008466418269231
0 0.47854057932692307 0.37041403125000005 0.4736346610576923 0.37041403125000005 0.4736346610576923 0.3785542211538461 0.47854057932692307 0.3785542211538461 0.47854057932692307 0.37041403125000005
0 0.4619694783653846 0.35490891105769234 0.458153764423077 0.35490891105769234 0.458153764423077 0.3678944495192308 0.4619694783653846 0.3678944495192308 0.4619694783653846 0.35490891105769234
0 0.48824339423076923 0.3708016610576923 0.48573592548076927 0.3708016610576923 0.48573592548076927 0.3806861754807693 0.48824339423076923 0.3806861754807693 0.48824339423076923 0.3708016610576923
0 0.4936944134615385 0.37022021875 0.4908598822115385 0.37022021875 0.4908598822115385 0.3812676177884615 0.4936944134615385 0.3812676177884615 0.4936944134615385 0.37022021875
1 0.45500069230769236 0.41114050240384614 0.44668788701923073 0.41114050240384614 0.44668788701923073 0.4239806826923077 0.45500069230769236 0.4239806826923077 0.45500069230769236 0.41114050240384614
1 0.5337743076923077 0.3486073581730769 0.5151428942307692 0.3486073581730769 0.5151428942307692 0.3637490793269231 0.5337743076923077 0.3637490793269231 0.5337743076923077 0.3486073581730769
1 0.5571966586538462 0.31643120192307694 0.5465501370192307 0.31643120192307694 0.5465501370192307 0.32826067067307696 0.5571966586538462 0.32826067067307696 0.5571966586538462 0.31643120192307694
1 0.5410058701923077 0.3260080528846154 0.5335924855769231 0.3260080528846154 0.5335924855769231 0.3339156658653846 0.5410058701923077 0.3339156658653846 0.5410058701923077 0.3260080528846154
1 0.509071141826923 0.3852113509615384 0.5009076947115385 0.3852113509615384 0.5009076947115385 0.3927778509615385 0.509071141826923 0.3927778509615385 0.509071141826923 0.3852113509615384
1 0.6133295192307693 0.3221138798076923 0.6065157451923077 0.3221138798076923 0.6065157451923077 0.33398498798076925 0.6133295192307693 0.33398498798076925 0.6133295192307693 0.3221138798076923
0 0.5564195985576923 0.37195826201923077 0.5530127115384615 0.37195826201923077 0.5530127115384615 0.3843744735576923 0.5564195985576923 0.3843744735576923 0.5564195985576923 0.37195826201923077
0 0.5530127115384615 0.3734724326923077 0.5487541009615385 0.3734724326923077 0.5487541009615385 0.3843744735576923 0.5530127115384615 0.3843744735576923 0.5530127115384615 0.3734724326923077
0 0.541599639423077 0.38346596875 0.5371706850961538 0.38346596875 0.5371706850961538 0.3934595048076923 0.541599639423077 0.3934595048076923 0.541599639423077 0.38346596875
0 0.5243948581730768 0.4188975961538462 0.5218396923076922 0.4188975961538462 0.5218396923076922 0.43252514423076927 0.5243948581730768 0.43252514423076927 0.5243948581730768 0.4188975961538462
0 0.5262644158653846 0.32407754567307695 0.52353890625 0.32407754567307695 0.52353890625 0.3333806201923077 0.5262644158653846 0.3333806201923077 0.5262644158653846 0.32407754567307695
0 0.52353890625 0.3242713581730769 0.5199412331730769 0.3242713581730769 0.5199412331730769 0.3333806201923077 0.52353890625 0.3333806201923077 0.52353890625 0.3242713581730769
0 0.5404370673076924 0.28608999519230766 0.5386927403846153 0.28608999519230766 0.5386927403846153 0.2951992548076923 0.5404370673076924 0.2951992548076923 0.5404370673076924 0.28608999519230766
0 0.5292079663461539 0.29035390384615384 0.5262644158653846 0.29035390384615384 0.5262644158653846 0.29926935096153845 0.5292079663461539 0.29926935096153845 0.5292079663461539 0.29035390384615384
0 0.5226667427884615 0.29229204567307693 0.5201592740384615 0.29229204567307693 0.5201592740384615 0.30043223317307693 0.5226667427884615 0.30043223317307693 0.5226667427884615 0.29229204567307693
0 0.6055903774038461 0.30250059375 0.6024287860576923 0.30250059375 0.6024287860576923 0.31180366586538466 0.6055903774038461 0.31180366586538466 0.6055903774038461 0.30250059375
0 0.6497900528846153 0.34945950480769233 0.6457017884615385 0.34945950480769233 0.6457017884615385 0.36611539663461534 0.6497900528846153 0.36611539663461534 0.6497900528846153 0.34945950480769233
0 0.6376956033653846 0.37338342307692307 0.63497009375 0.37338342307692307 0.63497009375 0.3864053028846154 0.6376956033653846 0.3864053028846154 0.6376956033653846 0.37338342307692307
0 0.6002198437499999 0.4030611947115385 0.5964722692307692 0.4030611947115385 0.5964722692307692 0.4133575649038462 0.6002198437499999 0.4133575649038462 0.6002198437499999 0.4030611947115385
0 0.6075446514423077 0.38882797836538463 0.604137764423077 0.38882797836538463 0.604137764423077 0.4012441899038462 0.6075446514423077 0.4012441899038462 0.6075446514423077 0.38882797836538463
0 0.5951095144230769 0.39851868028846155 0.5927246923076923 0.39851868028846155 0.5927246923076923 0.4069980432692307 0.5951095144230769 0.4069980432692307 0.5951095144230769 0.39851868028846155
0 0.586932983173077 0.40215269230769235 0.5835260985576923 0.40215269230769235 0.5835260985576923 0.41517457211538467 0.586932983173077 0.41517457211538467 0.586932983173077 0.40215269230769235
0 0.5789268004807693 0.4051810360576923 0.5756902572115384 0.4051810360576923 0.5756902572115384 0.41578024278846154 0.5789268004807693 0.41578024278846154 0.5789268004807693 0.4051810360576923
0 0.5675137259615385 0.42395676923076925 0.56478821875 0.42395676923076925 0.56478821875 0.43485881009615385 0.5675137259615385 0.43485881009615385 0.5675137259615385 0.42395676923076925
0 0.56478821875 0.42365393509615384 0.5615516754807692 0.42365393509615384 0.5615516754807692 0.43485881009615385 0.56478821875 0.43485881009615385 0.56478821875 0.42365393509615384
0 0.5620627067307692 0.43788715384615384 0.5584854759615385 0.43788715384615384 0.5584854759615385 0.4536345432692308 0.5620627067307692 0.4536345432692308 0.5620627067307692 0.43788715384615384
0 0.5543972115384616 0.43758431971153844 0.5496275697115385 0.43758431971153844 0.5496275697115385 0.4563600528846154 0.5543972115384616 0.4563600528846154 0.5543972115384616 0.43758431971153844
0 0.5462206826923077 0.44454951201923076 0.5436655168269231 0.44454951201923076 0.5436655168269231 0.46332524519230767 0.5462206826923077 0.46332524519230767 0.5462206826923077 0.44454951201923076
0 0.5373627764423077 0.43364747115384616 0.5346372644230769 0.43364747115384616 0.5346372644230769 0.4460636826923077 0.5373627764423077 0.4460636826923077 0.5373627764423077 0.43364747115384616
0 0.5225428173076924 0.47331878125 0.5201579951923077 0.47331878125 0.5201579951923077 0.4896718389423077 0.5225428173076924 0.4896718389423077 0.5225428173076924 0.47331878125
0 0.5043159687500001 0.4627195769230769 0.5017608052884616 0.4627195769230769 0.5017608052884616 0.4751357860576923 0.5043159687500001 0.4751357860576923 0.5043159687500001 0.4627195769230769
0 0.5043159687500001 0.4748329519230769 0.5075525120192308 0.4748329519230769 0.5075525120192308 0.4627195769230769 0.5043159687500001 0.4627195769230769 0.5043159687500001 0.4748329519230769
1 0 0.06717867788461539 0.10554369471153846 0.06717867788461539 0.10554369471153846 0.002197463942307692 0 0.002197463942307692 0 0.06717867788461539
0 0.6796308341346153 0.27546921634615384 0.6767349807692308 0.27546921634615384 0.6767349807692308 0.2857655865384615 0.6796308341346153 0.2857655865384615 0.6796308341346153 0.27546921634615384
1 0.6912142499999999 0.2524538004807692 0.6842301322115384 0.2524538004807692 0.6842301322115384 0.26244733413461535 0.6912142499999999 0.26244733413461535 0.6912142499999999 0.2524538004807692
1 0.6840597884615385 0.22095901923076924 0.668899139423077 0.22095901923076924 0.668899139423077 0.24215743028846154 0.6840597884615385 0.24215743028846154 0.6840597884615385 0.22095901923076924
1 0.6700915504807692 0.2427630985576923 0.6571453798076923 0.2427630985576923 0.6571453798076923 0.26123599759615385 0.6700915504807692 0.26123599759615385 0.6700915504807692 0.2427630985576923
0 0.703479045673077 0.2264100408653846 0.7012645673076924 0.2264100408653846 0.7012645673076924 0.23579790625 0.703479045673077 0.23579790625 0.703479045673077 0.2264100408653846
0 0.7012645673076924 0.22610720673076923 0.6992204350961538 0.22610720673076923 0.6992204350961538 0.23367806490384616 0.7012645673076924 0.23367806490384616 0.7012645673076924 0.22610720673076923
0 0.7200024471153846 0.2951534519230769 0.7162548725961538 0.2951534519230769 0.7162548725961538 0.30393565144230766 0.7200024471153846 0.30393565144230766 0.7200024471153846 0.2951534519230769
0 0.7142107403846154 0.3003016370192308 0.7084190312499999 0.3003016370192308 0.7084190312499999 0.3099923389423077 0.7142107403846154 0.3099923389423077 0.7142107403846154 0.3003016370192308
0 0.6915826201923078 0.32776709615384614 0.6874943557692308 0.32776709615384614 0.6874943557692308 0.3413340793269231 0.6915826201923078 0.3413340793269231 0.6915826201923078 0.32776709615384614
0 0.688857110576923 0.31565372115384616 0.6825884399038462 0.31565372115384616 0.6825884399038462 0.32776709615384614 0.688857110576923 0.32776709615384614 0.688857110576923 0.31565372115384616
0 0.761810045673077 0.2439417764423077 0.7588446923076924 0.2439417764423077 0.7588446923076924 0.25308979807692306 0.761810045673077 0.25308979807692306 0.761810045673077 0.2439417764423077
0 0.7577108798076923 0.24471703125 0.7553560384615385 0.24471703125 0.7553560384615385 0.25339990144230773 0.7577108798076923 0.25339990144230773 0.7577108798076923 0.24471703125
0 0.7540477932692308 0.24595744230769231 0.7515185216346154 0.24595744230769231 0.7515185216346154 0.2547953629807692 0.7540477932692308 0.2547953629807692 0.7540477932692308 0.24595744230769231
1 0.7235748052884615 0.25545101923076924 0.7092658798076923 0.25545101923076924 0.7092658798076923 0.26998707211538464 0.7235748052884615 0.26998707211538464 0.7235748052884615 0.25545101923076924
0 0.7688672740384616 0.20207520673076923 0.7659394807692308 0.20207520673076923 0.7659394807692308 0.2143778533653846 0.7688672740384616 0.2143778533653846 0.7688672740384616 0.20207520673076923
0 0.7968143942307692 0.19687023798076925 0.7928219495192308 0.19687023798076925 0.7928219495192308 0.2030215625 0.7968143942307692 0.2030215625 0.7968143942307692 0.19687023798076925
0 0.843126766826923 0.18929937980769232 0.8396666490384616 0.18929937980769232 0.8396666490384616 0.1973434182692308 0.843126766826923 0.1973434182692308 0.843126766826923 0.18929937980769232
0 0.9426717524038462 0.18740666346153848 0.9400101225961539 0.18740666346153848 0.9400101225961539 0.19687023798076925 0.9426717524038462 0.19687023798076925 0.9426717524038462 0.18740666346153848
0 0.9131276538461539 0.19403116586538463 0.9101998605769231 0.19403116586538463 0.9101998605769231 0.20065566826923076 0.9131276538461539 0.20065566826923076 0.9131276538461539 0.19403116586538463
0 0.9671587548076922 0.1755771947115385 0.9647632884615385 0.1755771947115385 0.9647632884615385 0.1831480552884615 0.9671587548076922 0.1831480552884615 0.9671587548076922 0.1755771947115385
1 0.9855240072115384 0.17699673076923078 0.976208298076923 0.17699673076923078 0.976208298076923 0.18787984375000003 0.9855240072115384 0.18787984375000003 0.9855240072115384 0.17699673076923078
1 0.9360176754807692 0.17463083653846154 0.9245726658653847 0.17463083653846154 0.9245726658653847 0.18598712740384615 0.9360176754807692 0.18598712740384615 0.9360176754807692 0.17463083653846154
1 0.9330898822115384 0.18740666346153848 0.9224433605769231 0.18740666346153848 0.9224433605769231 0.19781659615384614 0.9330898822115384 0.19781659615384614 0.9330898822115384 0.18740666346153848
1 0.9224433605769231 0.17652355288461538 0.9141923052884615 0.17652355288461538 0.9141923052884615 0.18740666346153848 0.9224433605769231 0.18740666346153848 0.9224433605769231 0.17652355288461538
1 0.8694769110576923 0.16895268990384615 0.8567010841346154 0.16895268990384615 0.8567010841346154 0.18220169711538461 0.8694769110576923 0.18220169711538461 0.8694769110576923 0.16895268990384615
1 0.7300074663461539 0.33977023076923074 0.7246842043269232 0.33977023076923074 0.7246842043269232 0.35396559375 0.7300074663461539 0.35396559375 0.7300074663461539 0.33977023076923074
1 0.65441715625 0.2598030168269231 0.6115649038461538 0.2598030168269231 0.6115649038461538 0.2933987091346154 0.65441715625 0.2933987091346154 0.65441715625 0.2598030168269231
1 0.5516782139423078 0.2706861274038462 0.5250619086538462 0.2706861274038462 0.5250619086538462 0.28109606009615384 0.5516782139423078 0.28109606009615384 0.5516782139423078 0.2706861274038462
0 0.6083709471153846 0.23850997115384615 0.6049108269230768 0.23850997115384615 0.6049108269230768 0.24560765384615382 0.6083709471153846 0.24560765384615382 0.6083709471153846 0.23850997115384615
0 0.5550099134615385 0.3947147355769231 0.5510919927884615 0.3947147355769231 0.5510919927884615 0.4077366153846154 0.5550099134615385 0.4077366153846154 0.5550099134615385 0.3947147355769231
0 0.5717036610576923 0.4098564567307692 0.5676153942307692 0.4098564567307692 0.5676153942307692 0.4177301514423077 0.5717036610576923 0.4177301514423077 0.5717036610576923 0.4098564567307692
0 0.38993025721153846 0.3826223149038462 0.3846069951923077 0.3826223149038462 0.3846069951923077 0.3939786057692308 0.38993025721153846 0.3939786057692308 0.38993025721153846 0.3826223149038462
1 0.2984175745192308 0.7714225408653845 0.29016651923076925 0.7714225408653845 0.29016651923076925 0.7965010168269231 0.2984175745192308 0.7965010168269231 0.2984175745192308 0.7714225408653845
1 0.28058464903846153 0.80596459375 0.27659220192307693 0.80596459375 0.27659220192307693 0.8144818100961538 0.28058464903846153 0.8144818100961538 0.28058464903846153 0.80596459375
1 0.251572875 0.8040718774038461 0.24624961298076925 0.8040718774038461 0.24624961298076925 0.8196867764423076 0.251572875 0.8196867764423076 0.251572875 0.8040718774038461
1 0.3135888677884615 0.8088036658653847 0.30799944471153845 0.8088036658653847 0.30799944471153845 0.8267844591346154 0.3135888677884615 0.8267844591346154 0.3135888677884615 0.8088036658653847
1 0.2519554831730769 0.9477112091346154 0.24370442788461538 0.9477112091346154 0.24370442788461538 0.9619065721153847 0.2519554831730769 0.9619065721153847 0.2519554831730769 0.9477112091346154
0 0.37402465384615385 0.27893815865384614 0.37173522596153846 0.27893815865384614 0.37173522596153846 0.28746597596153844 0.37402465384615385 0.28746597596153844 0.37402465384615385 0.27893815865384614
0 0.3841635504807692 0.2738989951923077 0.3823102019230769 0.2738989951923077 0.3823102019230769 0.28087629807692305 0.3841635504807692 0.28087629807692305 0.3841635504807692 0.2738989951923077
0 0.38612591826923076 0.2682783870192308 0.3839455096153846 0.2682783870192308 0.3839455096153846 0.2768062043269231 0.38612591826923076 0.2768062043269231 0.38612591826923076 0.2682783870192308
0 0.3839455096153846 0.2820391826923077 0.38634395673076927 0.2820391826923077 0.38634395673076927 0.2768062043269231 0.3839455096153846 0.2768062043269231 0.3839455096153846 0.2820391826923077
0 0.38132901923076923 0.2727361105769231 0.3781674278846153 0.2727361105769231 0.3781674278846153 0.28145774278846153 0.38132901923076923 0.28145774278846153 0.38132901923076923 0.2727361105769231
0 0.39288518028846153 0.2694412716346154 0.38939652884615383 0.2694412716346154 0.38939652884615383 0.27816290384615383 0.39288518028846153 0.27816290384615383 0.39288518028846153 0.2694412716346154
0 0.43834668269230764 0.2395939110576923 0.43463999038461537 0.2395939110576923 0.43463999038461537 0.2481217283653846 0.43834668269230764 0.2481217283653846 0.43834668269230764 0.2395939110576923
0 0.42166656490384613 0.23978772596153847 0.4193771370192308 0.23978772596153847 0.4193771370192308 0.24637740384615384 0.42166656490384613 0.24637740384615384 0.42166656490384613 0.23978772596153847
0 0.4247191346153846 0.24036916826923077 0.4225387283653846 0.24036916826923077 0.4225387283653846 0.24657121634615387 0.4247191346153846 0.24657121634615387 0.4247191346153846 0.24036916826923077
0 0.4205763605769231 0.24928461298076923 0.4238469711538461 0.24928461298076923 0.4238469711538461 0.24308256490384617 0.4205763605769231 0.24308256490384617 0.4205763605769231 0.24928461298076923
0 0.6703564375 0.3027081610576923 0.6663107572115384 0.3027081610576923 0.6663107572115384 0.3106575649038461 0.6703564375 0.3106575649038461 0.6703564375 0.3027081610576923
0 0.7378553894230768 0.3504045841346154 0.7338097115384615 0.3504045841346154 0.7338097115384615 0.3591110721153846 0.7378553894230768 0.3591110721153846 0.7378553894230768 0.3504045841346154
1 0.740197625 0.3140644519230769 0.734022641826923 0.3140644519230769 0.734022641826923 0.3265563725961539 0.740197625 0.3265563725961539 0.740197625 0.3140644519230769
1 0.7493536322115385 0.28340246874999997 0.7446691634615384 0.28340246874999997 0.7446691634615384 0.2917304158653846 0.7493536322115385 0.2917304158653846 0.7493536322115385 0.28340246874999997
1 0.7947078197115385 0.28908061298076926 0.789171627403846 0.28908061298076926 0.789171627403846 0.30195107692307693 0.7947078197115385 0.30195107692307693 0.7947078197115385 0.28908061298076926
1 0.7582967115384616 0.32049968509615384 0.7523346610576923 0.32049968509615384 0.7523346610576923 0.3318559759615385 0.7582967115384616 0.3318559759615385 0.7582967115384616 0.32049968509615384
1 0.7629811826923076 0.35986815865384614 0.7565932692307692 0.35986815865384614 0.7565932692307692 0.3700888197115385 0.7629811826923076 0.3700888197115385 0.7629811826923076 0.35986815865384614
1 0.8513368076923077 0.2552414278846154 0.8468397163461538 0.2552414278846154 0.8468397163461538 0.2661434663461538 0.8513368076923077 0.2661434663461538 0.8513368076923077 0.2552414278846154
1 0.9837869975961537 0.22243391586538463 0.97995425 0.22243391586538463 0.97995425 0.23000477403846153 0.9837869975961537 0.23000477403846153 0.9837869975961537 0.22243391586538463