1 0.9563914951923077 0.8830539519230769 0.8873489543269231 0.8830539519230769 0.8873489543269231 0.9353999302884616 0.9563914951923077 0.9353999302884616 0.9563914951923077 0.8830539519230769
0 0.41510349759615384 0.8364617211538461 0.4021280480769231 0.8364617211538461 0.4021280480769231 0.9015238028846154 0.41510349759615384 0.9015238028846154 0.41510349759615384 0.8364617211538461
0 0.4074513100961538 0.8559803461538462 0.39480856490384614 0.8559803461538462 0.39480856490384614 0.93405484375 0.4074513100961538 0.93405484375 0.4074513100961538 0.8559803461538462
0 0.39480856490384614 0.8482911899038462 0.3741809278846154 0.8482911899038462 0.3741809278846154 0.9216339014423076 0.39480856490384614 0.9216339014423076 0.39480856490384614 0.8482911899038462
0 0.3701884807692308 0.8370531947115385 0.3535532884615385 0.8370531947115385 0.3535532884615385 0.9080300120192307 0.3701884807692308 0.9080300120192307 0.3701884807692308 0.8370531947115385
0 0.3535532884615385 0.873133076923077 0.3535532884615385 0.8228578317307692 0.33824891346153846 0.8228578317307692 0.33824891346153846 0.8476997163461538 0.33824891346153846 0.873133076923077 0.3535532884615385 0.873133076923077
0 0.33824891346153846 0.9169021129807693 0.35388599278846156 0.9169021129807693 0.35388599278846156 0.8476997163461538 0.33824891346153846 0.8476997163461538 0.33824891346153846 0.9169021129807693
0 0.3246080576923077 0.8636695000000001 0.3246080576923077 0.8435594038461538 0.30630934615384614 0.8435594038461538 0.30630934615384614 0.9157191658653846 0.3246080576923077 0.9157191658653846 0.3246080576923077 0.8636695000000001
0 0.3189520913461538 0.9210424278846154 0.3189520913461538 0.9239997932692308 0.3189520913461538 0.9287315817307692 0.33791620913461534 0.9287315817307692 0.33791620913461534 0.8660353942307691 0.3189520913461538 0.8660353942307691 0.3189520913461538 0.9210424278846154
0 0.28701252403846156 0.8559803461538462 0.25973081009615384 0.8559803461538462 0.25973081009615384 0.9204509543269231 0.28701252403846156 0.9204509543269231 0.28701252403846156 0.8559803461538462
0 0.2567364759615385 1 0.2567364759615385 0.9198594807692307 0.2437610264423077 0.9198594807692307 0.2437610264423077 1 0.2567364759615385 1
0 0.2903395625 1 0.2903395625 0.9523905216346154 0.2750351875 0.9523905216346154 0.2750351875 1 0.2903395625 1
0 0.3119653125 1 0.3119653125 0.9665858846153846 0.28601441346153844 0.9665858846153846 0.28601441346153844 1 0.3119653125 1
0 0.37817337259615386 0.9435184182692308 0.36320169951923076 0.9435184182692308 0.36320169951923076 0.9807812475961538 0.37817337259615386 0.9807812475961538 0.37817337259615386 0.9435184182692308
0 0.3535532884615385 1 0.3535532884615385 0.9642199903846154 0.32427535336538466 0.9642199903846154 0.32427535336538466 1 0.3535532884615385 1
0 0.3119653125 0.9552634110576924 0.3119653125 0.8938346466346154 0.29233578605769234 0.8938346466346154 0.29233578605769234 0.9665858846153846 0.3119653125 0.9665858846153846 0.3119653125 0.9552634110576924
0 0.33126213221153844 0.9174935865384615 0.3169558677884616 0.9174935865384615 0.3169558677884616 0.9624455697115385 0.33126213221153844 0.9624455697115385 0.33126213221153844 0.9174935865384615
0 0.16947189903846155 1 0.16947189903846155 0.9560080144230769 0.1441032331730769 0.9560080144230769 0.1441032331730769 1 0.16947189903846155 1
0 0.2903395625 0.9047242956730769 0.27521947355769233 0.9047242956730769 0.27521947355769233 0.9922623677884614 0.2903395625 0.9922623677884614 0.2903395625 0.9047242956730769
1 0.3570555360576923 0.9231629615384616 0.3361031802884616 0.9231629615384616 0.3361031802884616 0.949812389423077 0.3570555360576923 0.949812389423077 0.3570555360576923 0.9231629615384616
1 0.3660837860576923 0.9140779278846154 0.3524562379807692 0.9140779278846154 0.3524562379807692 0.9307338221153846 0.3660837860576923 0.9307338221153846 0.3660837860576923 0.9140779278846154
1 0.3429169543269231 0.9401216899038461 0.33354801442307697 0.9401216899038461 0.33354801442307697 0.949812389423077 0.3429169543269231 0.949812389423077 0.3429169543269231 0.9401216899038461
1 0.3119653125 0.9746448125 0.31787633173076923 0.9746448125 0.31787633173076923 0.9534464038461539 0.3119653125 0.9534464038461539 0.3119653125 0.9746448125
1 0.4163273870192308 0.9673483942307691 0.3843026490384615 0.9673483942307691 0.3843026490384615 0.9888496394230769 0.4163273870192308 0.9888496394230769 0.4163273870192308 0.9673483942307691
1 0.43932387500000003 0.9085985192307693 0.4100246466346154 0.9085985192307693 0.4100246466346154 0.9279799206730769 0.43932387500000003 0.9279799206730769 0.43932387500000003 0.9085985192307693
1 0.4405162860576923 0.8952738052884615 0.42876252644230767 0.8952738052884615 0.42876252644230767 0.9143523725961539 0.4405162860576923 0.9143523725961539 0.4405162860576923 0.8952738052884615
1 0.42160806250000005 0.8952738052884615 0.4100246466346154 0.8952738052884615 0.4100246466346154 0.9158665432692307 0.42160806250000005 0.9158665432692307 0.42160806250000005 0.8952738052884615
1 0.39707847596153845 0.9064786778846153 0.38787987980769234 0.9064786778846153 0.38787987980769234 0.9213175649038461 0.39707847596153845 0.9213175649038461 0.39707847596153845 0.9064786778846153
1 0.3741809278846154 0.8967879759615385 0.36897165625 0.8967879759615385 0.36897165625 0.9131410360576923 0.3741809278846154 0.9131410360576923 0.3741809278846154 0.8967879759615385
1 0.3590916826923077 0.8928511298076922 0.3505744639423077 0.8928511298076922 0.3505744639423077 0.9080300120192307 0.3590916826923077 0.9080300120192307 0.3590916826923077 0.8928511298076922