0 0.1373052019230769 0.4712683004807693 0.13301784375 0.4712683004807693 0.13301784375 0.48551806971153844 0.1373052019230769 0.48551806971153844 0.1373052019230769 0.4712683004807693
0 0.2482172956730769 0.50606425 0.24430275240384616 0.50606425 0.24430275240384616 0.5203140216346154 0.2482172956730769 0.5203140216346154 0.2482172956730769 0.50606425
0 0.23162708413461536 0.4792216610576923 0.22901738701923074 0.4792216610576923 0.22901738701923074 0.49247725961538463 0.23162708413461536 0.49247725961538463 0.23162708413461536 0.4792216610576923
0 0.23516881490384614 0.4792216610576923 0.23162708413461536 0.4792216610576923 0.23162708413461536 0.49247725961538463 0.23516881490384614 0.49247725961538463 0.23516881490384614 0.4792216610576923
0 0.25082699278846154 0.4749135889423077 0.2485901105769231 0.4749135889423077 0.2485901105769231 0.48816918990384617 0.25082699278846154 0.48816918990384617 0.25082699278846154 0.4749135889423077
0 0.25585997836538465 0.47955305048076924 0.25325028125000004 0.47955305048076924 0.25325028125000004 0.4951283798076923 0.25585997836538465 0.4951283798076923 0.25585997836538465 0.47955305048076924
0 0.2679764254807692 0.47889026923076927 0.2653667307692308 0.47889026923076927 0.2653667307692308 0.48783780048076925 0.2679764254807692 0.48783780048076925 0.2679764254807692 0.47889026923076927
0 0.2789744326923077 0.4629835480769231 0.2733822259615385 0.4629835480769231 0.2733822259615385 0.47391941826923073 0.2789744326923077 0.47391941826923073 0.2789744326923077 0.4629835480769231
0 0.698628798076923 0.685935 0.6928035841346154 0.685935 0.6928035841346154 0.706646875 0.698628798076923 0.706646875 0.698628798076923 0.685935
0 0.6224349855769231 0.6668800745192307 0.6180078221153846 0.6668800745192307 0.6180078221153846 0.6826211009615384 0.6224349855769231 0.6826211009615384 0.6224349855769231 0.6668800745192307
0 0.6210369326923076 0.6391261610576924 0.6184738389423077 0.6391261610576924 0.6184738389423077 0.6581810865384615 0.6210369326923076 0.6581810865384615 0.6210369326923076 0.6391261610576924
0 0.6252310889423077 0.6461681995192308 0.6210369326923076 0.6461681995192308 0.6210369326923076 0.6668800745192307 0.6252310889423077 0.6668800745192307 0.6252310889423077 0.6461681995192308
0 0.6117165889423076 0.6163430961538462 0.60845446875 0.6163430961538462 0.60845446875 0.6349837860576923 0.6117165889423076 0.6349837860576923 0.6117165889423076 0.6163430961538462
0 0.5399499399038462 0.5753335841346154 0.5350567596153846 0.5753335841346154 0.5350567596153846 0.5923173221153847 0.5399499399038462 0.5923173221153847 0.5399499399038462 0.5753335841346154
0 0.5676779639423077 0.5724339206730769 0.5655808870192307 0.5724339206730769 0.5655808870192307 0.5861037572115385 0.5676779639423077 0.5861037572115385 0.5676779639423077 0.5724339206730769
0 0.5711730937499999 0.5728481586538462 0.5686099975961538 0.5728481586538462 0.5686099975961538 0.5890034206730769 0.5711730937499999 0.5890034206730769 0.5711730937499999 0.5728481586538462
0 0.6529591129807693 0.6047444471153847 0.6480659326923077 0.6047444471153847 0.6480659326923077 0.6204854711538462 0.6529591129807693 0.6204854711538462 0.6529591129807693 0.6047444471153847
0 0.7945357596153847 0.72565346875 0.791702375 0.72565346875 0.791702375 0.7410299663461538 0.7945357596153847 0.7410299663461538 0.7945357596153847 0.72565346875
0 0.7996060264423076 0.7277743653846154 0.7955796370192308 0.7277743653846154 0.7955796370192308 0.7418253028846155 0.7996060264423076 0.7418253028846155 0.7996060264423076 0.7277743653846154
0 0.7758950697115385 0.7089514110576923 0.7709739302884615 0.7089514110576923 0.7709739302884615 0.7245930216346154 0.7758950697115385 0.7245930216346154 0.7758950697115385 0.7089514110576923
0 0.7979656466346154 0.6917191322115385 0.7902111201923077 0.6917191322115385 0.7902111201923077 0.7031189471153846 0.7979656466346154 0.7031189471153846 0.7979656466346154 0.6917191322115385
0 0.7545701225961537 0.676872858173077 0.7511402379807692 0.676872858173077 0.7511402379807692 0.6964911490384615 0.7545701225961537 0.6964911490384615 0.7545701225961537 0.676872858173077
0 0.740850576923077 0.6835006586538461 0.7356311850961539 0.6835006586538461 0.7356311850961539 0.6930446923076924 0.740850576923077 0.6930446923076924 0.740850576923077 0.6835006586538461
0 0.7371224399038462 0.689598235576923 0.7339908028846154 0.689598235576923 0.7339908028846154 0.6983469302884615 0.7371224399038462 0.6983469302884615 0.7371224399038462 0.689598235576923
0 0.7067008365384615 0.615631983173077 0.7023761971153846 0.615631983173077 0.7023761971153846 0.6429385216346154 0.7067008365384615 0.6429385216346154 0.7067008365384615 0.615631983173077
0 0.7146044879807693 0.6182831057692308 0.7080429663461539 0.6182831057692308 0.7080429663461539 0.6376362812499999 0.7146044879807693 0.6376362812499999 0.7146044879807693 0.6182831057692308
0 0.7162448677884616 0.6397571778846154 0.7120693533653846 0.6397571778846154 0.7120693533653846 0.6519523293269232 0.7162448677884616 0.6519523293269232 0.7162448677884616 0.6397571778846154
0 0.7418944567307691 0.6384316177884616 0.7344381802884615 0.6384316177884616 0.7344381802884615 0.6519523293269232 0.7418944567307691 0.6519523293269232 0.7418944567307691 0.6384316177884616
0 0.7098730024038461 0.5397191081730769 0.7059360889423077 0.5397191081730769 0.7059360889423077 0.5556258293269231 0.7098730024038461 0.5556258293269231 0.7098730024038461 0.5397191081730769
0 0.669072264423077 0.501118798076923 0.6669248557692308 0.501118798076923 0.6669248557692308 0.5195705961538462 0.669072264423077 0.5195705961538462 0.669072264423077 0.501118798076923
0 0.6737249807692307 0.49920999278846157 0.6699073677884615 0.49920999278846157 0.6699073677884615 0.5168134302884615 0.6737249807692307 0.5168134302884615 0.6737249807692307 0.49920999278846157
0 0.680763704326923 0.5117232788461539 0.6746793822115384 0.5117232788461539 0.6746793822115384 0.5278420889423077 0.680763704326923 0.5278420889423077 0.680763704326923 0.5117232788461539
0 0.7043851826923077 0.53887075 0.7000903701923077 0.53887075 0.7000903701923077 0.5566862764423077 0.7043851826923077 0.5566862764423077 0.7043851826923077 0.53887075
0 0.7575931634615384 0.5626247860576923 0.7523439471153845 0.5626247860576923 0.7523439471153845 0.5774710576923077 0.7575931634615384 0.5774710576923077 0.7575931634615384 0.5626247860576923
0 0.8613740216346154 0.5201344110576923 0.8572730721153847 0.5201344110576923 0.8572730721153847 0.5383608629807692 0.8613740216346154 0.5383608629807692 0.8613740216346154 0.5201344110576923
0 0.8992146201923077 0.5817729543269231 0.8938088197115385 0.5817729543269231 0.8938088197115385 0.607952764423077 0.8992146201923077 0.607952764423077 0.8992146201923077 0.5817729543269231
0 0.7316372211538462 0.6216325961538461 0.726865204326923 0.6216325961538461 0.726865204326923 0.6409857716346153 0.7316372211538462 0.6409857716346153 0.7316372211538462 0.6216325961538461
0 0.7264178293269231 0.6404555480769231 0.7213475600961539 0.6404555480769231 0.7213475600961539 0.6547715961538461 0.7264178293269231 0.6547715961538461 0.7264178293269231 0.6404555480769231
0 0.7189615528846154 0.6298510673076922 0.7146369134615385 0.6298510673076922 0.7146369134615385 0.6484089086538461 0.7189615528846154 0.6484089086538461 0.7189615528846154 0.6298510673076922
0 0.7505761610576923 0.6635202932692308 0.7350671081730769 0.6635202932692308 0.7350671081730769 0.6735945480769231 0.7505761610576923 0.6735945480769231 0.7505761610576923 0.6635202932692308
0 0.6719870192307693 0.6759805576923077 0.6678115048076924 0.6759805576923077 0.6678115048076924 0.69056171875 0.6719870192307693 0.69056171875 0.6719870192307693 0.6759805576923077
0 0.46936166586538464 0.5438543701923076 0.4651861514423077 0.5438543701923076 0.4651861514423077 0.5620940769230769 0.46936166586538464 0.5620940769230769 0.46936166586538464 0.5438543701923076
0 0.48260400961538463 0.5228574975961539 0.47962150000000003 0.5228574975961539 0.47962150000000003 0.5379158605769231 0.48260400961538463 0.5379158605769231 0.48260400961538463 0.5228574975961539
0 0.5010955721153846 0.5270992908653847 0.4973972596153846 0.5270992908653847 0.4973972596153846 0.5368554134615384 0.5010955721153846 0.5368554134615384 0.5010955721153846 0.5270992908653847
0 0.5080149951923076 0.5290080961538461 0.5019306754807692 0.5290080961538461 0.5019306754807692 0.5381279495192308 0.5080149951923076 0.5381279495192308 0.5080149951923076 0.5290080961538461
0 0.5177976298076923 0.5654875096153846 0.5137414158653846 0.5654875096153846 0.5137414158653846 0.5805458725961539 0.5177976298076923 0.5805458725961539 0.5177976298076923 0.5654875096153846
0 0.5224503461538462 0.5631545240384616 0.5177976298076923 0.5631545240384616 0.5177976298076923 0.5786370649038461 0.5224503461538462 0.5786370649038461 0.5224503461538462 0.5631545240384616
0 0.5201836370192308 0.5398246682692307 0.5164853245192308 0.5398246682692307 0.5164853245192308 0.5489445192307693 0.5201836370192308 0.5489445192307693 0.5201836370192308 0.5398246682692307
0 0.5248363533653846 0.5400367572115384 0.5216152427884615 0.5400367572115384 0.5216152427884615 0.5529742235576923 0.5248363533653846 0.5529742235576923 0.5248363533653846 0.5400367572115384
0 0.5267451610576923 0.5094958533653846 0.5222117451923076 0.5094958533653846 0.5222117451923076 0.5186157067307693 0.5267451610576923 0.5186157067307693 0.5267451610576923 0.5094958533653846
0 0.48929974519230773 0.5003130360576923 0.4846395721153846 0.5003130360576923 0.4846395721153846 0.5098405 0.48929974519230773 0.5098405 0.48929974519230773 0.5003130360576923
0 0.4888337283653846 0.48540048557692306 0.4825424951923077 0.48540048557692306 0.4825424951923077 0.49534218509615385 0.4888337283653846 0.49534218509615385 0.4888337283653846 0.48540048557692306
0 0.4366398004807692 0.5421510240384616 0.4333776802884615 0.5421510240384616 0.4333776802884615 0.5541639134615385 0.4366398004807692 0.5541639134615385 0.4366398004807692 0.5421510240384616
0 0.43314467067307694 0.5649340889423077 0.42801848317307695 0.5649340889423077 0.42801848317307695 0.5835747764423077 0.43314467067307694 0.5835747764423077 0.43314467067307694 0.5649340889423077
0 0.4173000865384615 0.5525069639423077 0.4117078798076923 0.5525069639423077 0.4117078798076923 0.5665910384615385 0.4173000865384615 0.5665910384615385 0.4173000865384615 0.5525069639423077
0 0.3613780216346154 0.5007272740384615 0.3567178485576923 0.5007272740384615 0.3567178485576923 0.5156398245192307 0.3613780216346154 0.5156398245192307 0.3613780216346154 0.5007272740384615
0 0.35485378125 0.5073550721153846 0.3513586514423077 0.5073550721153846 0.3513586514423077 0.5189537235576923 0.35485378125 0.5189537235576923 0.35485378125 0.5073550721153846
0 0.39120312259615386 0.4974133725961538 0.38630994230769233 0.4974133725961538 0.38630994230769233 0.5085977860576923 0.39120312259615386 0.5085977860576923 0.39120312259615386 0.4974133725961538
0 0.4193971634615385 0.5148113485576923 0.41543601682692305 0.5148113485576923 0.41543601682692305 0.52641 0.4193971634615385 0.52641 0.4193971634615385 0.5148113485576923
0 0.4438630673076923 0.5152255865384615 0.4406009471153846 0.5152255865384615 0.4406009471153846 0.5338662740384615 0.4438630673076923 0.5338662740384615 0.4438630673076923 0.5152255865384615
0 0.43591273076923076 0.44460602884615386 0.4330495216346154 0.44460602884615386 0.4330495216346154 0.4560588677884615 0.43591273076923076 0.4560588677884615 0.43591273076923076 0.44460602884615386
0 0.43603203125 0.47854036538461536 0.4335267235576923 0.47854036538461536 0.4335267235576923 0.4878723076923077 0.43603203125 0.4878723076923077 0.43603203125 0.47854036538461536
0 0.43030561298076925 0.467723795673077 0.42732310336538465 0.467723795673077 0.42732310336538465 0.48066126201923076 0.43030561298076925 0.48066126201923076 0.43030561298076925 0.467723795673077
0 0.42481779326923075 0.4670875264423077 0.4215966826923077 0.4670875264423077 0.4215966826923077 0.4817217091346154 0.42481779326923075 0.4817217091346154 0.42481779326923075 0.4670875264423077
0 0.42410199278846156 0.49020529326923074 0.4208808798076923 0.49020529326923074 0.4208808798076923 0.5037790288461539 0.42410199278846156 0.5037790288461539 0.42410199278846156 0.49020529326923074
0 0.44724626923076927 0.47684364903846155 0.4396110432692308 0.47684364903846155 0.4396110432692308 0.4849030528846154 0.44724626923076927 0.4849030528846154 0.44724626923076927 0.47684364903846155
0 0.46788524038461543 0.4950833557692308 0.46132371875 0.4950833557692308 0.46132371875 0.506112014423077 0.46788524038461543 0.506112014423077 0.46788524038461543 0.4950833557692308
0 0.4462918677884616 0.5037790288461539 0.44271285576923075 0.5037790288461539 0.44271285576923075 0.5177769447115385 0.4462918677884616 0.5177769447115385 0.4462918677884616 0.5037790288461539
0 0.4581026081730769 0.4870239495192308 0.4540463942307692 0.4870239495192308 0.4540463942307692 0.49317454807692307 0.4581026081730769 0.49317454807692307 0.4581026081730769 0.4870239495192308
0 0.46084651682692307 0.5177769447115385 0.4529726899038462 0.5177769447115385 0.4529726899038462 0.5258363485576922 0.46084651682692307 0.5258363485576922 0.46084651682692307 0.5177769447115385
0 0.4351969302884615 0.49402290625 0.42517569471153843 0.49402290625 0.42517569471153843 0.51014171875 0.4351969302884615 0.51014171875 0.4351969302884615 0.49402290625
0 0.49401202884615386 0.4639061826923077 0.4906716177884615 0.4639061826923077 0.4906716177884615 0.47069305048076926 0.49401202884615386 0.47069305048076926 0.49401202884615386 0.4639061826923077
0 0.532665360576923 0.4878723076923077 0.5265810408653846 0.4878723076923077 0.5265810408653846 0.4969921610576923 0.532665360576923 0.4969921610576923 0.532665360576923 0.4878723076923077
0 0.36676498317307693 0.45372339423076924 0.36288771875 0.45372339423076924 0.36288771875 0.4667138846153846 0.36676498317307693 0.4667138846153846 0.36676498317307693 0.45372339423076924
0 0.3567178485576923 0.48606706009615386 0.3531945600961538 0.48606706009615386 0.3531945600961538 0.5007272740384615 0.3567178485576923 0.5007272740384615 0.3567178485576923 0.48606706009615386
0 0.37123874759615383 0.48474150000000005 0.36378247115384615 0.48474150000000005 0.36378247115384615 0.4932250841346154 0.37123874759615383 0.4932250841346154 0.37123874759615383 0.48474150000000005
0 0.3339573701923077 0.46485810096153846 0.32650109615384615 0.46485810096153846 0.32650109615384615 0.4741370192307693 0.3339573701923077 0.4741370192307693 0.3339573701923077 0.46485810096153846
0 0.30040413221153844 0.46247209375000004 0.29443911057692307 0.46247209375000004 0.29443911057692307 0.46750922115384613 0.30040413221153844 0.46750922115384613 0.30040413221153844 0.46247209375000004
0 0.3060709014423077 0.46750922115384613 0.30353576682692307 0.46750922115384613 0.30353576682692307 0.4762579158653846 0.3060709014423077 0.4762579158653846 0.3060709014423077 0.46750922115384613
0 0.31472018028846155 0.46883478125 0.30786040625 0.46883478125 0.30786040625 0.4757276923076923 0.31472018028846155 0.4757276923076923 0.31472018028846155 0.46883478125
0 0.34171189663461543 0.4812950456730769 0.33410649519230773 0.4812950456730769 0.33410649519230773 0.48951351682692307 0.34171189663461543 0.48951351682692307 0.34171189663461543 0.4812950456730769
0 0.3323169903846154 0.48288571634615385 0.3282906009615385 0.48288571634615385 0.3282906009615385 0.4879228461538462 0.3323169903846154 0.4879228461538462 0.3323169903846154 0.48288571634615385
0 0.35617706971153845 0.4616767572115385 0.3520015576923077 0.4616767572115385 0.3520015576923077 0.47228123798076926 0.35617706971153845 0.47228123798076926 0.35617706971153845 0.4616767572115385
0 0.36229121634615385 0.46035119711538464 0.3578174519230769 0.46035119711538464 0.3578174519230769 0.47228123798076926 0.36229121634615385 0.47228123798076926 0.36229121634615385 0.46035119711538464
0 0.3968883341346154 0.4913693028846154 0.38749342788461544 0.4913693028846154 0.38749342788461544 0.4974133725961538 0.3968883341346154 0.4974133725961538 0.3968883341346154 0.4913693028846154
0 0.4015112259615385 0.4600860841346154 0.39196719230769234 0.4600860841346154 0.39196719230769234 0.4669789951923077 0.4015112259615385 0.4669789951923077 0.4015112259615385 0.4600860841346154
0 0.27337388701923077 0.44847845192307695 0.26574306009615384 0.44847845192307695 0.26574306009615384 0.46254474999999995 0.27337388701923077 0.46254474999999995 0.27337388701923077 0.44847845192307695
0 0.2950154158653846 0.4514807451923077 0.28729076682692306 0.4514807451923077 0.28729076682692306 0.4582637019230769 0.2950154158653846 0.4582637019230769 0.2950154158653846 0.4514807451923077
1 0.17550939182692307 0.5398408052884616 0.17222863221153845 0.5398408052884616 0.17222863221153845 0.5472639399038461 0.17550939182692307 0.5472639399038461 0.17550939182692307 0.5398408052884616
1 0.49800313942307695 0.6319565024038462 0.493529375 0.6319565024038462 0.493529375 0.6399098629807691 0.49800313942307695 0.6399098629807691 0.49800313942307695 0.6319565024038462
1 0.4917398677884615 0.6303658317307692 0.4887573581730769 0.6303658317307692 0.4887573581730769 0.6369936298076924 0.4917398677884615 0.6369936298076924 0.4917398677884615 0.6303658317307692
1 0.4124050985576923 0.5805247716346154 0.40986996394230774 0.5805247716346154 0.40986996394230774 0.5887432451923077 0.4124050985576923 0.5887432451923077 0.4124050985576923 0.5805247716346154
1 0.38088475 0.588435625 0.37734301923076924 0.588435625 0.37734301923076924 0.5927436947115384 0.38088475 0.5927436947115384 0.38088475 0.588435625
1 0.3698867427884615 0.5828019951923077 0.3672770480769231 0.5828019951923077 0.3672770480769231 0.5861158942307692 0.3698867427884615 0.5861158942307692 0.3698867427884615 0.5828019951923077
1 0.3710051850961538 0.5904239639423077 0.3672770480769231 0.5904239639423077 0.3672770480769231 0.5950634254807692 0.3710051850961538 0.5950634254807692 0.3710051850961538 0.5904239639423077
1 0.3393160144230769 0.5579477427884615 0.33558787740384616 0.5579477427884615 0.33558787740384616 0.56291859375 0.3393160144230769 0.56291859375 0.3393160144230769 0.5579477427884615
0 0.6172961850961538 0.5532850625 0.6076567115384616 0.5532850625 0.6076567115384616 0.56770715625 0.6172961850961538 0.56770715625 0.6172961850961538 0.5532850625
0 0.5702441033653846 0.5395416562500001 0.5666173725961539 0.5395416562500001 0.5666173725961539 0.5492129423076924 0.5702441033653846 0.5492129423076924 0.5702441033653846 0.5395416562500001
0 0.5666173725961539 0.538353954326923 0.5606046322115384 0.538353954326923 0.5606046322115384 0.5478555697115385 0.5666173725961539 0.5478555697115385 0.5666173725961539 0.538353954326923
0 0.6035527764423076 0.5422564038461538 0.5977309182692307 0.5422564038461538 0.5977309182692307 0.5500613004807693 0.6035527764423076 0.5500613004807693 0.6035527764423076 0.5422564038461538
0 0.5539238076923076 0.5147695889423077 0.5493426730769231 0.5147695889423077 0.5493426730769231 0.52478021875 0.5539238076923076 0.52478021875 0.5539238076923076 0.5147695889423077
0 0.5481973894230769 0.5166359783653847 0.542948170673077 0.5166359783653847 0.542948170673077 0.52478021875 0.5481973894230769 0.52478021875 0.5481973894230769 0.5166359783653847
0 0.646355375 0.5846236874999999 0.6380043485576923 0.5846236874999999 0.6380043485576923 0.5950160793269231 0.646355375 0.5950160793269231 0.646355375 0.5846236874999999
0 0.632039326923077 0.5682927884615384 0.6265515072115384 0.5682927884615384 0.6265515072115384 0.5825027908653846 0.632039326923077 0.5825027908653846 0.632039326923077 0.5682927884615384
0 0.6245234014423077 0.5714741322115384 0.6170074759615385 0.5714741322115384 0.6170074759615385 0.5818665240384615 0.6245234014423077 0.5818665240384615 0.6245234014423077 0.5714741322115384
0 0.662222329326923 0.6026513052884616 0.6581661153846153 0.6026513052884616 0.6581661153846153 0.6221635480769231 0.662222329326923 0.6221635480769231 0.662222329326923 0.6026513052884616
0 0.6656820408653845 0.5962886177884615 0.662222329326923 0.5962886177884615 0.662222329326923 0.61664921875 0.6656820408653845 0.61664921875 0.6656820408653845 0.5962886177884615
0 0.6768962788461538 0.5803818942307692 0.673317266826923 0.5803818942307692 0.673317266826923 0.5977732427884616 0.6768962788461538 0.5977732427884616 0.6768962788461538 0.5803818942307692
0 0.6706926586538462 0.5793214471153847 0.6672329471153847 0.5793214471153847 0.6672329471153847 0.5969248846153846 0.6706926586538462 0.5969248846153846 0.6706926586538462 0.5793214471153847
0 0.6817875961538462 0.6098623509615385 0.6790436875 0.6098623509615385 0.6790436875 0.6187701153846153 0.6817875961538462 0.6187701153846153 0.6817875961538462 0.6098623509615385
0 0.682145497596154 0.6143162331730769 0.6836964014423077 0.6143162331730769 0.6836964014423077 0.6073172764423077 0.682145497596154 0.6073172764423077 0.682145497596154 0.6143162331730769
0 0.6770155793269231 0.5587487548076923 0.6661592427884616 0.5587487548076923 0.6661592427884616 0.57020159375 0.6770155793269231 0.57020159375 0.6770155793269231 0.5587487548076923
0 0.6438036129807692 0.5440068870192307 0.63464134375 0.5440068870192307 0.63464134375 0.5558160360576923 0.6438036129807692 0.5558160360576923 0.6438036129807692 0.5440068870192307
0 0.6265480024038462 0.5229675961538461 0.6176911418269231 0.5229675961538461 0.6176911418269231 0.5305688870192308 0.6265480024038462 0.5305688870192308 0.6265480024038462 0.5229675961538461
0 0.7123569447115384 0.5820977908653846 0.7212138052884616 0.5820977908653846 0.7212138052884616 0.5761253485576924 0.7123569447115384 0.5761253485576924 0.7123569447115384 0.5820977908653846
0 0.7191370240384616 0.5698271346153846 0.7099747524038461 0.5698271346153846 0.7099747524038461 0.5777541971153846 0.7191370240384616 0.5777541971153846 0.7191370240384616 0.5698271346153846
1 0.7559862836538461 0.7005733197115384 0.7638658365384615 0.7005733197115384 0.7638658365384615 0.6783123942307692 0.7559862836538461 0.6783123942307692 0.7559862836538461 0.7005733197115384
0 0.720596 0.7412729759615384 0.7173510288461539 0.7412729759615384 0.7173510288461539 0.7516229471153846 0.720596 0.7516229471153846 0.720596 0.7412729759615384
0 0.8692840552884615 0.4934387379807692 0.8654664423076923 0.4934387379807692 0.8654664423076923 0.5057399350961538 0.8692840552884615 0.5057399350961538 0.8692840552884615 0.4934387379807692
0 0.9212504471153846 0.4788447307692308 0.9155240264423077 0.4788447307692308 0.9155240264423077 0.4885160168269231 0.9212504471153846 0.4885160168269231 0.9212504471153846 0.4788447307692308
0 0.9369981009615385 0.5170208605769231 0.9344212115384616 0.5170208605769231 0.9344212115384616 0.5272011610576923 0.9369981009615385 0.5272011610576923 0.9369981009615385 0.5170208605769231
0 0.2295586658653846 0.21198450240384614 0.2251607764423077 0.21198450240384614 0.2251607764423077 0.23001042067307692 0.2295586658653846 0.23001042067307692 0.2295586658653846 0.21198450240384614
1 0.9085188076923078 0.7926513221153846 0.7179478052884616 0.7926513221153846 0.7179478052884616 0.8533306466346153 0.9085188076923078 0.8533306466346153 0.9085188076923078 0.7926513221153846
1 0.42834951442307695 0.4515140048076923 0.42524770432692305 0.4515140048076923 0.42524770432692305 0.45808878124999997 0.42834951442307695 0.45808878124999997 0.42834951442307695 0.4515140048076923