1 0.14293775721153848 0.036857930288461536 0.020424295673076923 0.036857930288461536 0.020424295673076923 0.08700963701923076 0.14293775721153848 0.08700963701923076 0.14293775721153848 0.036857930288461536
1 0.40347596394230767 0.31987710096153843 0.40195467307692306 0.31987710096153843 0.40195467307692306 0.32348312500000004 0.40347596394230767 0.32348312500000004 0.40347596394230767 0.31987710096153843
1 0.41452473076923074 0.32665180288461537 0.4129020192307692 0.32665180288461537 0.4129020192307692 0.33069055048076923 0.41452473076923074 0.33069055048076923 0.41452473076923074 0.32665180288461537
1 0.42480190624999997 0.3195359110576923 0.4220973870192308 0.3195359110576923 0.4220973870192308 0.322805375 0.42480190624999997 0.322805375 0.42480190624999997 0.3195359110576923
1 0.4280473293269231 0.320112875 0.42566735096153846 0.320112875 0.42566735096153846 0.3241516225961538 0.4280473293269231 0.3241516225961538 0.4280473293269231 0.320112875
1 0.4365936105769231 0.25318503365384615 0.43410545192307687 0.25318503365384615 0.43410545192307687 0.2593393173076923 0.4365936105769231 0.2593393173076923 0.4365936105769231 0.25318503365384615
1 0.45336163221153847 0.2820332403846154 0.45098165384615385 0.2820332403846154 0.45098165384615385 0.28645663221153844 0.45336163221153847 0.28645663221153844 0.45336163221153847 0.2820332403846154
1 0.4257755336538462 0.27087860096153843 0.42393645913461536 0.27087860096153843 0.42393645913461536 0.2751096706730769 0.4257755336538462 0.2751096706730769 0.4257755336538462 0.27087860096153843
1 0.4213401201923077 0.2808793125 0.41841924038461537 0.2808793125 0.41841924038461537 0.28626431009615383 0.4213401201923077 0.28626431009615383 0.4213401201923077 0.2808793125
1 0.41117112740384615 0.2814562764423077 0.40900751201923075 0.2814562764423077 0.40900751201923075 0.2854950264423077 0.41117112740384615 0.2854950264423077 0.41117112740384615 0.2814562764423077
1 0.33164336538461536 0.2725052139423077 0.3291552091346154 0.2725052139423077 0.3291552091346154 0.28096735576923076 0.33164336538461536 0.28096735576923076 0.33164336538461536 0.2725052139423077
1 0.34462506009615385 0.28346753125 0.3430023485576923 0.28346753125 0.3430023485576923 0.2869293173076923 0.34462506009615385 0.2869293173076923 0.34462506009615385 0.28346753125
1 0.34689685576923074 0.2811596754807692 0.3452741442307692 0.2811596754807692 0.3452741442307692 0.28442913942307696 0.34689685576923074 0.28442913942307696 0.34689685576923074 0.2811596754807692
1 0.36507122596153846 0.25846575240384617 0.3630157932692307 0.25846575240384617 0.3630157932692307 0.2646200360576923 0.36507122596153846 0.2646200360576923 0.36507122596153846 0.25846575240384617
1 0.37231933894230773 0.2511575408653846 0.3702639038461539 0.2511575408653846 0.3702639038461539 0.25481164663461536 0.37231933894230773 0.25481164663461536 0.37231933894230773 0.2511575408653846
1 0.3759974855769231 0.25327307451923076 0.37383387019230774 0.25327307451923076 0.37383387019230774 0.25692718028846157 0.3759974855769231 0.25692718028846157 0.3759974855769231 0.25327307451923076
1 0.35847219951923076 0.23731039903846154 0.3568494879807692 0.23731039903846154 0.3568494879807692 0.24115682692307694 0.35847219951923076 0.24115682692307694 0.35847219951923076 0.23731039903846154
1 0.3556595 0.25096521875 0.35414496875 0.25096521875 0.35414496875 0.2553886105769231 0.3556595 0.2553886105769231 0.3556595 0.25096521875
1 0.3621503461538461 0.2507728966346154 0.3597703677884615 0.2507728966346154 0.3597703677884615 0.2544270048076923 0.3621503461538461 0.2544270048076923 0.3621503461538461 0.2507728966346154
1 0.4032107548076923 0.25663383173076926 0.40147986298076926 0.25663383173076926 0.40147986298076926 0.26201882932692305 0.4032107548076923 0.26201882932692305 0.4032107548076923 0.25663383173076926
1 0.40122023076923075 0.25878782932692307 0.3997489711538461 0.25878782932692307 0.3997489711538461 0.2637112572115385 0.40122023076923075 0.2637112572115385 0.40122023076923075 0.25878782932692307
1 0.4007009615384615 0.2937133918269231 0.3988835240384615 0.2937133918269231 0.3988835240384615 0.29786753605769234 0.4007009615384615 0.29786753605769234 0.4007009615384615 0.2937133918269231
1 0.40139331971153847 0.29602125 0.40459546874999996 0.29602125 0.40459546874999996 0.29017468028846155 0.40139331971153847 0.29017468028846155 0.40139331971153847 0.29602125
1 0.4044223798076923 0.27155796875 0.39966242548076925 0.27155796875 0.39966242548076925 0.2775583966346154 0.4044223798076923 0.2775583966346154 0.4044223798076923 0.27155796875
1 0.4111728605769231 0.2760198269230769 0.4096150576923077 0.2760198269230769 0.4096150576923077 0.28002011057692305 0.4111728605769231 0.28002011057692305 0.4111728605769231 0.2760198269230769
1 0.4366169807692308 0.27217339903846155 0.43471299759615384 0.27217339903846155 0.43471299759615384 0.2760198269230769 0.4366169807692308 0.2760198269230769 0.4366169807692308 0.27217339903846155
0 0.3170876201923077 0.22343028125 0.31492400480769234 0.22343028125 0.31492400480769234 0.23232514423076925 0.3170876201923077 0.23232514423076925 0.3170876201923077 0.22343028125
0 0.2982912091346154 0.24266241826923077 0.29626281971153845 0.24266241826923077 0.29626281971153845 0.24819165865384615 0.2982912091346154 0.24819165865384615 0.2982912091346154 0.24266241826923077
1 0.3093797403846154 0.24674925 0.3076218028846154 0.24674925 0.3076218028846154 0.25155728365384616 0.3093797403846154 0.25155728365384616 0.3093797403846154 0.24674925
1 0.34129306971153844 0.24242201682692308 0.3398055841346154 0.24242201682692308 0.3398055841346154 0.24915326682692307 0.34129306971153844 0.24915326682692307 0.34129306971153844 0.24242201682692308
1 0.34399758894230764 0.24242201682692308 0.34129306971153844 0.24242201682692308 0.34129306971153844 0.25011487259615384 0.34399758894230764 0.25011487259615384 0.34399758894230764 0.24242201682692308
1 0.34601540625 0.24049377403846156 0.3446314903846154 0.24049377403846156 0.3446314903846154 0.2461806875 0.34601540625 0.2461806875 0.34601540625 0.24049377403846156
1 0.31811516346153845 0.24582665625000003 0.3146146081730769 0.24582665625000003 0.3146146081730769 0.2536253653846154 0.31811516346153845 0.2536253653846154 0.31811516346153845 0.24582665625000003
1 0.3293258076923077 0.23306513221153846 0.32236900721153844 0.23306513221153846 0.32236900721153844 0.2410213918269231 0.3293258076923077 0.2410213918269231 0.3293258076923077 0.23306513221153846
1 0.9956512668269231 0.8012511658653847 0.9060775817307692 0.8012511658653847 0.9060775817307692 0.8543318677884616 0.9956512668269231 0.8543318677884616 0.9956512668269231 0.8012511658653847