1 0.7495268533653847 0.8927346947115384 0.7416901177884616 0.8927346947115384 0.7416901177884616 0.90410025 0.7495268533653847 0.90410025 0.7495268533653847 0.8927346947115384
1 0.8203175216346155 0.7286571177884615 0.8134541923076923 0.7286571177884615 0.8134541923076923 0.7348517115384615 0.8203175216346155 0.7348517115384615 0.8203175216346155 0.7286571177884615
1 0.8790253870192307 0.6650217307692308 0.8753297475961539 0.6650217307692308 0.8753297475961539 0.6760969158653847 0.8790253870192307 0.6760969158653847 0.8790253870192307 0.6650217307692308
1 0.9121805504807692 0.6926158365384616 0.9088016802884616 0.6926158365384616 0.9088016802884616 0.7012507259615385 0.9121805504807692 0.7012507259615385 0.9121805504807692 0.6926158365384616
1 0.9120580673076923 0.7049825 0.9097604350961539 0.7049825 0.9097604350961539 0.7096678677884616 0.9120580673076923 0.7096678677884616 0.9120580673076923 0.7049825
0 0.9524017740384616 0.6700224591346153 0.9444276418269231 0.6700224591346153 0.9444276418269231 0.6786723677884615 0.9524017740384616 0.6786723677884615 0.9524017740384616 0.6700224591346153
0 0.9434815576923078 0.6646162668269231 0.9406433052884615 0.6646162668269231 0.9406433052884615 0.6765098894230769 0.9434815576923078 0.6765098894230769 0.9434815576923078 0.6646162668269231
0 0.9462522307692307 0.6417901225961539 0.9439545985576923 0.6417901225961539 0.9439545985576923 0.65164140625 0.9462522307692307 0.65164140625 0.9462522307692307 0.6417901225961539
0 0.9384132524038461 0.6437123245192308 0.9346289182692308 0.6437123245192308 0.9346289182692308 0.6536837451923077 0.9384132524038461 0.6536837451923077 0.9384132524038461 0.6437123245192308
0 0.9338179879807692 0.6371047572115385 0.9296281899038461 0.6371047572115385 0.9296281899038461 0.6511608557692308 0.9338179879807692 0.6511608557692308 0.9338179879807692 0.6371047572115385
1 0.8383986995192309 0.6419102596153846 0.8344792091346154 0.6419102596153846 0.8344792091346154 0.6542844326923076 0.8383986995192309 0.6542844326923076 0.8383986995192309 0.6419102596153846
1 0.8331276610576922 0.6356631057692308 0.83083003125 0.6356631057692308 0.83083003125 0.6500796177884616 0.8331276610576922 0.6500796177884616 0.8331276610576922 0.6356631057692308
0 0.8500895889423077 0.6268930600961539 0.8479271129807693 0.6268930600961539 0.8479271129807693 0.6369846177884615 0.8500895889423077 0.6369846177884615 0.8500895889423077 0.6268930600961539
1 0.8823915865384616 0.6050280168269231 0.8547524302884616 0.6050280168269231 0.8547524302884616 0.6374651682692308 0.8823915865384616 0.6374651682692308 0.8823915865384616 0.6050280168269231
1 0.8692534591346154 0.6532224158653845 0.8670044831730769 0.6532224158653845 0.8670044831730769 0.6618338798076924 0.8692534591346154 0.6618338798076924 0.8692534591346154 0.6532224158653845
1 0.8471096971153845 0.6449185048076923 0.8444282259615385 0.6449185048076923 0.8444282259615385 0.651607766826923 0.8471096971153845 0.651607766826923 0.8471096971153845 0.6449185048076923
1 0.841693125 0.6480217091346153 0.8392296298076923 0.6480217091346153 0.8392296298076923 0.6572728798076923 0.841693125 0.6572728798076923 0.841693125 0.6480217091346153
1 0.8661343028846153 0.6471851658653847 0.8477549807692307 0.6471851658653847 0.8477549807692307 0.6665240528846154 0.8661343028846153 0.6665240528846154 0.8661343028846153 0.6471851658653847
1 0.8527926850961538 0.6581094230769231 0.8367938173076923 0.6581094230769231 0.8367938173076923 0.6722814302884615 0.8527926850961538 0.6722814302884615 0.8527926850961538 0.6581094230769231
1 0.920531298076923 0.6135941153846154 0.8841584375 0.6135941153846154 0.8841584375 0.64988528125 0.920531298076923 0.64988528125 0.920531298076923 0.6135941153846154
1 0.6691813798076923 0.6751073461538462 0.6804668076923076 0.6751073461538462 0.6804668076923076 0.6710226682692307 0.6691813798076923 0.6710226682692307 0.6691813798076923 0.6751073461538462
1 0.0525901298076923 0.6394138076923077 0.043509418269230764 0.6394138076923077 0.043509418269230764 0.6444821129807692 0.0525901298076923 0.6444821129807692 0.0525901298076923 0.6394138076923077
1 0.2747085985576923 0.5469014014423077 0.16666923076923076 0.5469014014423077 0.16666923076923076 0.5613179158653846 0.2747085985576923 0.5613179158653846 0.2747085985576923 0.5469014014423077
1 0.7305055312500001 0.6194202067307693 0.7236422019230768 0.6194202067307693 0.7236422019230768 0.6241130817307692 0.7305055312500001 0.6241130817307692 0.7305055312500001 0.6194202067307693
1 0.7571669278846154 0.5769496899038461 0.7301095697115384 0.5769496899038461 0.7301095697115384 0.6032297884615384 0.7571669278846154 0.6032297884615384 0.7571669278846154 0.5769496899038461