1 0.6653437620192307 0.40880419471153845 0.6602076538461539 0.40880419471153845 0.6602076538461539 0.41978441826923074 0.6653437620192307 0.41978441826923074 0.6653437620192307 0.40880419471153845
0 0.6923836225961538 0.7588706971153846 0.6879549495192308 0.7588706971153846 0.6879549495192308 0.7780470961538462 0.6923836225961538 0.7780470961538462 0.6923836225961538 0.7588706971153846
0 0.7346531394230769 0.6263506153846153 0.7315480721153846 0.6263506153846153 0.7315480721153846 0.6387378701923077 0.7346531394230769 0.6387378701923077 0.7346531394230769 0.6263506153846153
1 0.6549238197115385 0.39531538221153845 0.6494324687499999 0.39531538221153845 0.6494324687499999 0.40929870673076924 0.6549238197115385 0.40929870673076924 0.6549238197115385 0.39531538221153845
0 0.7125501153846153 0.6751296153846155 0.7090574735576923 0.6751296153846155 0.7090574735576923 0.6921802091346153 0.7125501153846153 0.6921802091346153 0.7125501153846153 0.6751296153846155
1 0.2383124831730769 0.37334641346153846 0.23028259375000001 0.37334641346153846 0.23028259375000001 0.38342814903846156 0.2383124831730769 0.38342814903846156 0.2383124831730769 0.37334641346153846
0 0.6875278942307692 0.4761007091346154 0.6822214591346154 0.4761007091346154 0.6822214591346154 0.48806588942307694 0.6875278942307692 0.48806588942307694 0.6875278942307692 0.4761007091346154
1 0.5195858942307692 0.6654505408653846 0.5045435913461538 0.6654505408653846 0.5045435913461538 0.7009730024038461 0.5195858942307692 0.7009730024038461 0.5195858942307692 0.6654505408653846
0 0.7442755697115384 0.6602543725961538 0.7409790985576923 0.6602543725961538 0.7409790985576923 0.6767328461538462 0.7442755697115384 0.6767328461538462 0.7442755697115384 0.6602543725961538
1 0.6334902283653846 0.38466767307692307 0.62749209375 0.38466767307692307 0.62749209375 0.3949546394230769 0.6334902283653846 0.3949546394230769 0.6334902283653846 0.38466767307692307
0 0.7778547764423076 0.5928883870192307 0.7744695192307692 0.5928883870192307 0.7744695192307692 0.6086205384615385 0.7778547764423076 0.6086205384615385 0.7778547764423076 0.5928883870192307
1 0.4819048894230769 0.5775241442307693 0.4775524134615384 0.5775241442307693 0.4775524134615384 0.5917440625 0.4819048894230769 0.5917440625 0.4819048894230769 0.5775241442307693
0 0.6971950528846154 0.6620354134615384 0.6971950528846154 0.6519247692307691 0.6908908846153847 0.6519247692307691 0.6908908846153847 0.6527116418269231 0.6908908846153847 0.6620354134615384 0.6971950528846154 0.6620354134615384
0 0.7535418509615385 0.6575035096153846 0.7499983798076924 0.6575035096153846 0.7499983798076924 0.6700778533653846 0.7535418509615385 0.6700778533653846 0.7535418509615385 0.6575035096153846
0 0.6977115625000001 0.5580542259615384 0.6929835312500001 0.5580542259615384 0.6929835312500001 0.5742424423076924 0.6977115625000001 0.5742424423076924 0.6977115625000001 0.5580542259615384
0 0.6879800312500001 0.6536434591346154 0.6819958221153846 0.6536434591346154 0.6819958221153846 0.6652066562500001 0.6879800312500001 0.6652066562500001 0.6879800312500001 0.6536434591346154
0 0.6934184086538462 0.4768748389423077 0.6870226850961539 0.4768748389423077 0.6870226850961539 0.48643201201923075 0.6934184086538462 0.48643201201923075 0.6934184086538462 0.4768748389423077
0 0.7047789086538461 0.5923861610576924 0.7015591153846154 0.5923861610576924 0.7015591153846154 0.6058245769230769 0.7047789086538461 0.6058245769230769 0.7047789086538461 0.5923861610576924
0 0.7220411778846153 0.5957456370192308 0.7187779903846153 0.5957456370192308 0.7187779903846153 0.6048265673076924 0.7220411778846153 0.6048265673076924 0.7220411778846153 0.5957456370192308
1 0.3214992043269231 0.5588072043269231 0.3141975889423077 0.5588072043269231 0.3141975889423077 0.5847887692307693 0.3214992043269231 0.5847887692307693 0.3214992043269231 0.5588072043269231
0 0.7465991971153846 0.628482139423077 0.7440301899038461 0.628482139423077 0.7440301899038461 0.6389683197115384 0.7465991971153846 0.6389683197115384 0.7465991971153846 0.628482139423077
0 0.7363693701923076 0.6621654086538461 0.7318212980769231 0.6621654086538461 0.7318212980769231 0.6728972548076922 0.7363693701923076 0.6728972548076922 0.7363693701923076 0.6621654086538461
0 0.6733702644230769 0.57155753125 0.6704372403846153 0.57155753125 0.6704372403846153 0.58314471875 0.6733702644230769 0.58314471875 0.6733702644230769 0.57155753125
0 0.46515674519230765 0.43994394951923077 0.4608422283653846 0.43994394951923077 0.4608422283653846 0.45216835817307693 0.46515674519230765 0.45216835817307693 0.46515674519230765 0.43994394951923077
0 0.7711820120192308 0.6469272187499999 0.7682600504807693 0.6469272187499999 0.7682600504807693 0.6609803100961538 0.7711820120192308 0.6609803100961538 0.7711820120192308 0.6469272187499999
1 0.47778239182692306 0.5758787788461539 0.47357888221153843 0.5758787788461539 0.47357888221153843 0.589054235576923 0.47778239182692306 0.589054235576923 0.47778239182692306 0.5758787788461539
0 0.7531858918269231 0.5613298197115385 0.7490469447115384 0.5613298197115385 0.7490469447115384 0.5744667908653847 0.7531858918269231 0.5744667908653847 0.7531858918269231 0.5613298197115385
0 0.78580203125 0.8327616370192307 0.7797982692307692 0.8327616370192307 0.7797982692307692 0.8437469495192308 0.78580203125 0.8437469495192308 0.78580203125 0.8327616370192307
0 0.90347509375 0.5660245264423077 0.9001461995192308 0.5660245264423077 0.9001461995192308 0.5775065961538461 0.90347509375 0.5775065961538461 0.90347509375 0.5660245264423077
0 0.9457303052884616 0.6715888557692308 0.9426110264423078 0.6715888557692308 0.9426110264423078 0.6835919278846153 0.9457303052884616 0.6835919278846153 0.9457303052884616 0.6715888557692308
0 0.9402417187500001 0.6749190865384616 0.936373329326923 0.6749190865384616 0.936373329326923 0.6878695168269231 0.9402417187500001 0.6878695168269231 0.9402417187500001 0.6749190865384616
0 0.8347750673076924 0.863194783653846 0.830089951923077 0.863194783653846 0.830089951923077 0.8839829326923077 0.8347750673076924 0.8839829326923077 0.8347750673076924 0.863194783653846
0 0.914503670673077 0.6113787331730769 0.9103235240384616 0.6113787331730769 0.9103235240384616 0.6232434591346153 0.914503670673077 0.6232434591346153 0.914503670673077 0.6113787331730769
0 0.7715311057692307 0.5943520432692307 0.7684518822115384 0.5943520432692307 0.7684518822115384 0.60506396875 0.7715311057692307 0.60506396875 0.7715311057692307 0.5943520432692307
0 0.8976395600961538 0.6018077427884616 0.8939167019230769 0.6018077427884616 0.8939167019230769 0.6161147644230769 0.8976395600961538 0.6161147644230769 0.8976395600961538 0.6018077427884616
0 0.9093188293269231 0.6104874927884615 0.90569534375 0.6104874927884615 0.90569534375 0.6224951850961538 0.9093188293269231 0.6224951850961538 0.9093188293269231 0.6104874927884615
0 0.8080035216346153 0.7555158822115384 0.8045592307692307 0.7555158822115384 0.8045592307692307 0.7754300432692307 0.8080035216346153 0.7754300432692307 0.8080035216346153 0.7555158822115384
0 0.8819719302884615 0.3110527884615385 0.8774776466346155 0.3110527884615385 0.8774776466346155 0.3173333052884616 0.8819719302884615 0.3173333052884616 0.8819719302884615 0.3110527884615385
0 0.8179758076923077 0.6990241153846154 0.8149179471153847 0.6990241153846154 0.8149179471153847 0.7197935312499999 0.8179758076923077 0.7197935312499999 0.8179758076923077 0.6990241153846154
0 0.7490527163461539 0.6369361466346154 0.7460729591346154 0.6369361466346154 0.7460729591346154 0.6472125144230769 0.7490527163461539 0.6472125144230769 0.7490527163461539 0.6369361466346154
0 0.81927146875 0.7400155817307692 0.8153888701923078 0.7400155817307692 0.8153888701923078 0.7613854302884615 0.81927146875 0.7613854302884615 0.81927146875 0.7400155817307692
0 0.76106 0.3989336658653846 0.7572245120192308 0.3989336658653846 0.7572245120192308 0.4061077548076923 0.76106 0.4061077548076923 0.76106 0.3989336658653846
0 0.8856505384615385 0.31149491346153846 0.8832461370192307 0.31149491346153846 0.8832461370192307 0.31711745913461536 0.8856505384615385 0.31711745913461536 0.8856505384615385 0.31149491346153846
0 0.8511172307692308 0.7328496298076923 0.8475501057692308 0.7328496298076923 0.8475501057692308 0.7483580697115385 0.8511172307692308 0.7483580697115385 0.8511172307692308 0.7328496298076923
0 0.9039984711538461 0.6158469735576924 0.899997139423077 0.6158469735576924 0.899997139423077 0.6242996225961538 0.9039984711538461 0.6242996225961538 0.9039984711538461 0.6158469735576924
0 0.7977189543269231 0.7402075865384615 0.7949998365384615 0.7402075865384615 0.7949998365384615 0.7495970841346153 0.7977189543269231 0.7495970841346153 0.7977189543269231 0.7402075865384615
0 0.7951255793269231 0.82844746875 0.7916463365384616 0.82844746875 0.7916463365384616 0.8455551153846154 0.7951255793269231 0.8455551153846154 0.7951255793269231 0.82844746875
0 0.8693745600961538 0.8788942980769231 0.865511704326923 0.8788942980769231 0.865511704326923 0.8909588269230769 0.8693745600961538 0.8909588269230769 0.8693745600961538 0.8788942980769231
0 0.8310209278846153 0.5414775841346153 0.8283701899038461 0.5414775841346153 0.8283701899038461 0.5499309543269231 0.8310209278846153 0.5499309543269231 0.8310209278846153 0.5414775841346153
0 0.890579795673077 0.6143486874999999 0.890579795673077 0.6039901730769232 0.8871394158653847 0.6039901730769232 0.8871394158653847 0.6093311225961539 0.8871394158653847 0.6143486874999999 0.890579795673077 0.6143486874999999
0 0.7577960024038461 0.6252244326923078 0.7548079495192308 0.6252244326923078 0.7548079495192308 0.6316974639423076 0.7577960024038461 0.6316974639423076 0.7577960024038461 0.6252244326923078
0 0.8673671730769231 0.7207108389423078 0.8636927596153845 0.7207108389423078 0.8636927596153845 0.7318233918269231 0.8673671730769231 0.7318233918269231 0.8673671730769231 0.7207108389423078
0 0.8637072572115384 0.7115788774038462 0.8604987139423077 0.7115788774038462 0.8604987139423077 0.7227028725961537 0.8637072572115384 0.7227028725961537 0.8637072572115384 0.7115788774038462
0 0.803872108173077 0.7444753870192307 0.8010065072115384 0.7444753870192307 0.8010065072115384 0.763147141826923 0.803872108173077 0.763147141826923 0.803872108173077 0.7444753870192307
0 0.7496104230769232 0.5453143221153847 0.7467496875 0.5453143221153847 0.7467496875 0.5512903846153846 0.7496104230769232 0.5512903846153846 0.7496104230769232 0.5453143221153847
0 0.7897717475961539 0.6737080048076923 0.7864267355769231 0.6737080048076923 0.7864267355769231 0.6850250240384615 0.7897717475961539 0.6850250240384615 0.7897717475961539 0.6737080048076923
0 0.8833149903846155 0.7943595889423077 0.8790052403846154 0.7943595889423077 0.8790052403846154 0.8036855913461539 0.8833149903846155 0.8036855913461539 0.8833149903846155 0.7943595889423077
0 0.8097253798076923 0.7455986875 0.8065210336538461 0.7455986875 0.8065210336538461 0.7643034182692308 0.8097253798076923 0.7643034182692308 0.8097253798076923 0.7455986875
0 0.8253811826923076 0.5353418990384615 0.8231646538461538 0.5353418990384615 0.8231646538461538 0.5426170769230769 0.8253811826923076 0.5426170769230769 0.8253811826923076 0.5353418990384615
0 0.8723526009615384 0.31231098076923075 0.866891860576923 0.31231098076923075 0.866891860576923 0.3194978701923077 0.8723526009615384 0.3194978701923077 0.8723526009615384 0.31231098076923075
0 0.8459662427884616 0.5988382980769231 0.8428282740384615 0.5988382980769231 0.8428282740384615 0.6103363461538461 0.8459662427884616 0.6103363461538461 0.8459662427884616 0.5988382980769231
0 0.8111988076923077 0.6926878173076924 0.80796546875 0.6926878173076924 0.80796546875 0.7122646754807692 0.8111988076923077 0.7122646754807692 0.8111988076923077 0.6926878173076924
0 0.8765667908653847 0.3113003629807692 0.8735706322115384 0.3113003629807692 0.8735706322115384 0.31649553365384614 0.8765667908653847 0.31649553365384614 0.8765667908653847 0.3113003629807692
0 0.8767585769230769 0.7218477884615384 0.8733839038461538 0.7218477884615384 0.8733839038461538 0.7374508341346153 0.8767585769230769 0.7374508341346153 0.8767585769230769 0.7218477884615384
0 0.8670977596153846 0.5622131346153846 0.8633350384615385 0.5622131346153846 0.8633350384615385 0.5729171322115385 0.8670977596153846 0.5729171322115385 0.8670977596153846 0.5622131346153846
0 0.9430336009615385 0.6777885865384616 0.9391640673076923 0.6777885865384616 0.9391640673076923 0.6879419951923077 0.9430336009615385 0.6879419951923077 0.9430336009615385 0.6777885865384616
0 0.8147602067307692 0.6943049951923077 0.8113331802884616 0.6943049951923077 0.8113331802884616 0.7202507860576923 0.8147602067307692 0.7202507860576923 0.8147602067307692 0.6943049951923077
0 0.7894299038461539 0.6800273461538461 0.7861057283653847 0.6800273461538461 0.7861057283653847 0.6929771850961538 0.7894299038461539 0.6929771850961538 0.7894299038461539 0.6800273461538461
0 0.834259795673077 0.3455636346153846 0.8319607740384616 0.3455636346153846 0.8319607740384616 0.3535655120192308 0.834259795673077 0.3535655120192308 0.834259795673077 0.3455636346153846
0 0.8003214831730769 0.7477133004807693 0.7978374495192307 0.7477133004807693 0.7978374495192307 0.7609981947115384 0.8003214831730769 0.7609981947115384 0.8003214831730769 0.7477133004807693
0 0.8063279158653847 0.7327336634615385 0.8033615120192308 0.7327336634615385 0.8033615120192308 0.7443264423076923 0.8063279158653847 0.7443264423076923 0.8063279158653847 0.7327336634615385
0 0.9154121971153846 0.7505118990384615 0.9122445048076924 0.7505118990384615 0.9122445048076924 0.7655290985576924 0.9154121971153846 0.7655290985576924 0.9154121971153846 0.7505118990384615
0 0.9015799471153846 0.7561433485576923 0.8937663100961538 0.7561433485576923 0.8937663100961538 0.7724745528846154 0.9015799471153846 0.7724745528846154 0.9015799471153846 0.7561433485576923
1 0.781830891826923 0.6929053557692307 0.7056373725961538 0.6929053557692307 0.7056373725961538 0.7753497836538461 0.781830891826923 0.7753497836538461 0.781830891826923 0.6929053557692307
0 0.7807327596153846 0.6757857475961538 0.7751576250000001 0.6757857475961538 0.7751576250000001 0.6929053557692307 0.7807327596153846 0.6929053557692307 0.7807327596153846 0.6757857475961538
1 0.79479759375 0.7495542283653845 0.7836050865384615 0.7495542283653845 0.7836050865384615 0.7762097572115384 0.79479759375 0.7762097572115384 0.79479759375 0.7495542283653845
1 0.8562507932692308 0.675782233173077 0.8481203870192308 0.675782233173077 0.8481203870192308 0.6943660192307692 0.8562507932692308 0.6943660192307692 0.8562507932692308 0.675782233173077
1 0.7906410889423078 0.5085873846153846 0.7801665913461538 0.5085873846153846 0.7801665913461538 0.5297616370192307 0.7906410889423078 0.5297616370192307 0.7906410889423078 0.5085873846153846
1 0.9566280793269232 0.38349410576923076 0.9492790360576924 0.38349410576923076 0.9492790360576924 0.405118875 0.9566280793269232 0.405118875 0.9566280793269232 0.38349410576923076
1 0.9112667475961539 0.3602174471153846 0.8806035024038461 0.3602174471153846 0.8806035024038461 0.38289341826923073 0.9112667475961539 0.38289341826923073 0.9112667475961539 0.3602174471153846
0 0.9336517620192308 0.47825263942307694 0.9296815913461539 0.47825263942307694 0.9296815913461539 0.48831416346153844 0.9336517620192308 0.48831416346153844 0.9336517620192308 0.47825263942307694
0 0.8842357884615384 0.5210516610576923 0.8812792764423077 0.5210516610576923 0.8812792764423077 0.5300619807692308 0.8842357884615384 0.5300619807692308 0.8842357884615384 0.5210516610576923
0 0.8798432572115384 0.5224032091346154 0.8767178028846154 0.5224032091346154 0.8767178028846154 0.5302121538461538 0.8798432572115384 0.5302121538461538 0.8798432572115384 0.5224032091346154
0 0.8501092019230769 0.49071691586538463 0.8467303317307693 0.49071691586538463 0.8467303317307693 0.5010787836538462 0.8501092019230769 0.5010787836538462 0.8501092019230769 0.49071691586538463
0 0.8582184879807693 0.5450791802884616 0.8557688076923077 0.5450791802884616 0.8557688076923077 0.5570929423076924 0.8582184879807693 0.5570929423076924 0.8582184879807693 0.5450791802884616
0 0.8586408485576923 0.5542396730769231 0.8606681706730769 0.5542396730769231 0.8606681706730769 0.5431269447115384 0.8586408485576923 0.5431269447115384 0.8586408485576923 0.5542396730769231
1 0.843098045673077 0.6294758461538461 0.7932597115384615 0.6294758461538461 0.7932597115384615 0.6836879399038461 0.843098045673077 0.6836879399038461 0.843098045673077 0.6294758461538461
0 0.7391133197115385 0.5124918557692307 0.7359033942307692 0.5124918557692307 0.7359033942307692 0.5224032091346154 0.7391133197115385 0.5224032091346154 0.7391133197115385 0.5124918557692307
1 0.7950336201923077 0.4228391730769231 0.7693542067307693 0.4228391730769231 0.7693542067307693 0.45167219471153847 0.7950336201923077 0.45167219471153847 0.7950336201923077 0.4228391730769231
0 0.8490110673076923 0.42268900000000004 0.8465613870192308 0.42268900000000004 0.8465613870192308 0.4306481153846154 0.8490110673076923 0.4306481153846154 0.8490110673076923 0.42268900000000004
0 0.8412396682692307 0.42178796875 0.8388744567307692 0.42178796875 0.8388744567307692 0.43169931971153847 0.8412396682692307 0.43169931971153847 0.8412396682692307 0.42178796875
1 0.5392030024038461 0.4682582235576923 0.5010217716346154 0.4682582235576923 0.5010217716346154 0.4974516610576923 0.5392030024038461 0.4974516610576923 0.5392030024038461 0.4682582235576923
0 0.6005397139423077 0.6001423533653847 0.5975832043269231 0.6001423533653847 0.5975832043269231 0.6117806850961538 0.6005397139423077 0.6117806850961538 0.6005397139423077 0.6001423533653847
0 0.5995894086538461 0.5438278533653846 0.595577 0.5438278533653846 0.595577 0.5534013197115384 0.5995894086538461 0.5534013197115384 0.5995894086538461 0.5438278533653846
0 0.6184899615384616 0.5464558629807692 0.6159558100961539 0.5464558629807692 0.6159558100961539 0.5554661850961539 0.6184899615384616 0.5554661850961539 0.6184899615384616 0.5464558629807692
0 0.6770542283653846 0.5684335360576923 0.6742159759615384 0.5684335360576923 0.6742159759615384 0.5805674350961538 0.6770542283653846 0.5805674350961538 0.6770542283653846 0.5684335360576923
0 0.6592137932692308 0.5520948221153846 0.6556321899038462 0.5520948221153846 0.6556321899038462 0.5709564254807693 0.6592137932692308 0.5709564254807693 0.6592137932692308 0.5520948221153846
0 0.7304403725961539 0.5663911971153847 0.7281427427884615 0.5663911971153847 0.7281427427884615 0.5770834423076923 0.7304403725961539 0.5770834423076923 0.7304403725961539 0.5663911971153847
0 0.7415906442307693 0.5111278990384616 0.7399012091346153 0.5111278990384616 0.7399012091346153 0.5224208341346154 0.7415906442307693 0.5224208341346154 0.7415906442307693 0.5111278990384616
0 0.6363726322115385 0.5262652379807693 0.6342777331730769 0.5262652379807693 0.6342777331730769 0.5331130817307692 0.6363726322115385 0.5331130817307692 0.6363726322115385 0.5262652379807693
1 0.6446170745192308 0.5412824399038462 0.6237356586538462 0.5412824399038462 0.6237356586538462 0.5677127115384615 0.6446170745192308 0.5677127115384615 0.6446170745192308 0.5412824399038462
1 0.3945157019230769 0.3049873149038462 0.36638660817307694 0.3049873149038462 0.36638660817307694 0.33081689903846156 0.3945157019230769 0.33081689903846156 0.3945157019230769 0.3049873149038462
1 0.46642278605769233 0.32646118990384615 0.4159086778846154 0.32646118990384615 0.4159086778846154 0.3743660576923077 0.46642278605769233 0.3743660576923077 0.46642278605769233 0.32646118990384615
1 0.3822889230769231 0.28471337259615387 0.32915618990384615 0.28471337259615387 0.32915618990384615 0.3012322932692308 0.3822889230769231 0.3012322932692308 0.3822889230769231 0.28471337259615387
1 0.4690414110576923 0.4047008028846154 0.4555259302884615 0.4047008028846154 0.4555259302884615 0.4215200673076923 0.4690414110576923 0.4215200673076923 0.4690414110576923 0.4047008028846154
1 0.5065468677884616 0.41190906009615386 0.4807829831730769 0.41190906009615386 0.4807829831730769 0.44209363221153847 0.5065468677884616 0.44209363221153847 0.5065468677884616 0.41190906009615386
0 0.5663528677884615 0.3736151995192308 0.5641566009615384 0.3736151995192308 0.5641566009615384 0.3827756899038462 0.5663528677884615 0.3827756899038462 0.5663528677884615 0.3736151995192308
0 0.5422784182692307 0.34658423798076926 0.5397442644230769 0.34658423798076926 0.5397442644230769 0.3563454182692307 0.5422784182692307 0.3563454182692307 0.5422784182692307 0.34658423798076926
0 0.5657615649038461 0.39343790384615385 0.563480826923077 0.39343790384615385 0.563480826923077 0.4044004591346154 0.5657615649038461 0.4044004591346154 0.5657615649038461 0.39343790384615385
1 0.7521998870192307 0.39215157932692307 0.7034174495192308 0.39215157932692307 0.7034174495192308 0.4325103052884615 0.7521998870192307 0.4325103052884615 0.7521998870192307 0.39215157932692307
0 0.7484127163461539 0.43806599759615383 0.7455744663461539 0.43806599759615383 0.7455744663461539 0.4445534278846154 0.7484127163461539 0.4445534278846154 0.7484127163461539 0.43806599759615383
0 0.7904053822115386 0.703649985576923 0.7877563485576923 0.703649985576923 0.7877563485576923 0.7167209567307692 0.7904053822115386 0.7167209567307692 0.7904053822115386 0.703649985576923
0 0.7402308509615385 0.36691408413461535 0.7383929182692307 0.36691408413461535 0.7383929182692307 0.3734489519230769 0.7402308509615385 0.3734489519230769 0.7402308509615385 0.36691408413461535
0 0.7657914134615385 0.45529691346153844 0.7637154350961539 0.45529691346153844 0.7637154350961539 0.4610788966346154 0.7657914134615385 0.4610788966346154 0.7657914134615385 0.45529691346153844
0 0.5279749711538462 0.4466545985576923 0.5252070024038461 0.4466545985576923 0.5252070024038461 0.45452793509615386 0.5279749711538462 0.45452793509615386 0.5279749711538462 0.4466545985576923
0 0.516679829326923 0.3720943293269231 0.5146773125 0.3720943293269231 0.5146773125 0.3806576442307692 0.516679829326923 0.3806576442307692 0.516679829326923 0.3720943293269231
0 0.5150291057692308 0.3717094615384615 0.5125124302884616 0.3717094615384615 0.5125124302884616 0.379984125 0.5150291057692308 0.379984125 0.5150291057692308 0.3717094615384615
0 0.7173805480769231 0.5710731754807692 0.71374421875 0.5710731754807692 0.71374421875 0.5846788629807692 0.7173805480769231 0.5846788629807692 0.7173805480769231 0.5710731754807692