0 0.9894214254807692 0.6987558076923077 0.9853875649038462 0.6987558076923077 0.9853875649038462 0.7184768966346154 0.9894214254807692 0.7184768966346154 0.9894214254807692 0.6987558076923077
0 0.9679075096153846 0.7317736899038461 0.9644619230769231 0.7317736899038461 0.9644619230769231 0.7432776586538462 0.9679075096153846 0.7432776586538462 0.9679075096153846 0.7317736899038461
0 0.9488307187499999 0.7060765144230768 0.9447968605769231 0.7060765144230768 0.9447968605769231 0.7259470048076923 0.9488307187499999 0.7259470048076923 0.9488307187499999 0.7060765144230768
0 0.9394814110576923 0.6866915817307693 0.9367081322115385 0.6866915817307693 0.9367081322115385 0.7025282139423077 0.9394814110576923 0.7025282139423077 0.9394814110576923 0.6866915817307693
0 0.9526693557692307 0.6768537908653846 0.9495713533653846 0.6768537908653846 0.9495713533653846 0.692458548076923 0.9526693557692307 0.692458548076923 0.9526693557692307 0.6768537908653846
0 0.9649184038461538 0.6903588173076923 0.9626121129807692 0.6903588173076923 0.9626121129807692 0.7014351370192308 0.9649184038461538 0.7014351370192308 0.9649184038461538 0.6903588173076923
0 0.960945860576923 0.6669960360576923 0.95879446875 0.6669960360576923 0.95879446875 0.6845896394230769 0.960945860576923 0.6845896394230769 0.960945860576923 0.6669960360576923
0 0.960945860576923 0.6875537788461539 0.9636888846153846 0.6875537788461539 0.9636888846153846 0.6694820889423077 0.960945860576923 0.6694820889423077 0.960945860576923 0.6875537788461539
0 0.9660016298076923 0.6683346802884615 0.9628821129807693 0.6683346802884615 0.9628821129807693 0.6878406298076923 0.9660016298076923 0.6878406298076923 0.9660016298076923 0.6683346802884615
0 0.9642211009615385 0.6986017283653846 0.9672760769230769 0.6986017283653846 0.9672760769230769 0.6862862067307692 0.9642211009615385 0.6862862067307692 0.9642211009615385 0.6986017283653846
0 0.8975877427884615 0.6598713269230768 0.8948144639423077 0.6598713269230768 0.8948144639423077 0.6764549711538461 0.8975877427884615 0.6764549711538461 0.8975877427884615 0.6598713269230768
0 0.9110339375 0.6734669278846154 0.9066639254807692 0.6734669278846154 0.9066639254807692 0.6918433942307692 0.9110339375 0.6918433942307692 0.9110339375 0.6734669278846154
0 0.9236397475961537 0.7223214399038462 0.9186814639423078 0.7223214399038462 0.9186814639423078 0.7318831802884616 0.9236397475961537 0.7318831802884616 0.9236397475961537 0.7223214399038462
0 0.9147316418269231 0.7051401899038462 0.9107818221153846 0.7051401899038462 0.9107818221153846 0.7214250288461539 0.9147316418269231 0.7214250288461539 0.9147316418269231 0.7051401899038462
0 0.9170847259615384 0.6957278509615384 0.9142274110576923 0.6957278509615384 0.9142274110576923 0.7055883966346154 0.9170847259615384 0.7055883966346154 0.9170847259615384 0.6957278509615384
0 0.9147316418269231 0.7197816033653847 0.9178410745192308 0.7197816033653847 0.9178410745192308 0.7066342115384615 0.9147316418269231 0.7066342115384615 0.9147316418269231 0.7197816033653847
1 0.9200512932692307 0.7111045384615384 0.9281190120192307 0.7111045384615384 0.9281190120192307 0.6916224927884616 0.9200512932692307 0.6916224927884616 0.9200512932692307 0.7111045384615384
0 0.86291021875 0.6846788798076923 0.8596831298076922 0.6846788798076923 0.8596831298076922 0.701053360576923 0.86291021875 0.701053360576923 0.86291021875 0.6846788798076923
0 0.8658683798076924 0.6600574014423077 0.8622379086538461 0.6600574014423077 0.8622379086538461 0.68240796875 0.8658683798076924 0.68240796875 0.8658683798076924 0.6600574014423077
0 0.8735327139423077 0.6957192764423077 0.8707359038461538 0.6957192764423077 0.8707359038461538 0.7100618846153846 0.8735327139423077 0.7100618846153846 0.8735327139423077 0.6957192764423077
0 0.887839466346154 0.6958148918269231 0.8835366826923077 0.6958148918269231 0.8835366826923077 0.7110180600961539 0.887839466346154 0.7110180600961539 0.887839466346154 0.6958148918269231
0 0.927943420673077 0.6538554831730768 0.9258458125 0.6538554831730768 0.9258458125 0.6652339519230769 0.927943420673077 0.6652339519230769 0.927943420673077 0.6538554831730768
0 0.9245549783653846 0.6530905432692309 0.9220270937499999 0.6530905432692309 0.9220270937499999 0.6655208052884615 0.9245549783653846 0.6655208052884615 0.9245549783653846 0.6530905432692309
0 0.9238529927884614 0.6711498653846154 0.92028975 0.6711498653846154 0.92028975 0.6817873004807692 0.9238529927884614 0.6817873004807692 0.9238529927884614 0.6711498653846154
0 0.852305766826923 0.6542946802884615 0.8495324879807692 0.6542946802884615 0.8495324879807692 0.6696831057692307 0.852305766826923 0.6696831057692307 0.852305766826923 0.6542946802884615
0 0.848439985576923 0.6526512572115385 0.8450784375 0.6526512572115385 0.8450784375 0.6671432692307693 0.848439985576923 0.6671432692307693 0.848439985576923 0.6526512572115385
0 0.847011326923077 0.6871631610576923 0.8437338173076923 0.6871631610576923 0.8437338173076923 0.7009081610576923 0.847011326923077 0.7009081610576923 0.847011326923077 0.6871631610576923
0 0.8245649783653846 0.6729554999999999 0.8221984471153847 0.6729554999999999 0.8221984471153847 0.6854813798076923 0.8245649783653846 0.6854813798076923 0.8245649783653846 0.6729554999999999
0 0.8289753293269231 0.6636806129807693 0.8256944567307692 0.6636806129807693 0.8256944567307692 0.67964871875 0.8289753293269231 0.67964871875 0.8289753293269231 0.6636806129807693
0 0.8296207475961539 0.6818479182692307 0.8331167572115384 0.6818479182692307 0.8331167572115384 0.6639674663461539 0.8296207475961539 0.6639674663461539 0.8296207475961539 0.6818479182692307
0 0.8214771322115385 0.6512374254807691 0.8185861995192307 0.6512374254807691 0.8185861995192307 0.6688071225961539 0.8214771322115385 0.6688071225961539 0.8214771322115385 0.6512374254807691
0 0.8185861995192307 0.6495641201923077 0.8153591129807692 0.6495641201923077 0.8153591129807692 0.6688071225961539 0.8185861995192307 0.6688071225961539 0.8185861995192307 0.6495641201923077
0 0.7806378822115385 0.6413958774038462 0.7780562115384615 0.6413958774038462 0.7780562115384615 0.6541129903846153 0.7806378822115385 0.6541129903846153 0.7806378822115385 0.6413958774038462
0 0.7935462307692307 0.6518181730769231 0.7904267115384616 0.6518181730769231 0.7904267115384616 0.6676906610576924 0.7935462307692307 0.6676906610576924 0.7935462307692307 0.6518181730769231
0 0.7675549951923077 0.6416168413461538 0.7656273485576922 0.6416168413461538 0.7656273485576922 0.6532683942307693 0.7675549951923077 0.6532683942307693 0.7675549951923077 0.6416168413461538
0 0.7541213846153846 0.6453442259615384 0.751780670673077 0.6453442259615384 0.751780670673077 0.658439985576923 0.7541213846153846 0.658439985576923 0.7541213846153846 0.6453442259615384
0 0.7585962788461539 0.6496890817307693 0.7554294302884615 0.6496890817307693 0.7554294302884615 0.6617445240384616 0.7585962788461539 0.6617445240384616 0.7585962788461539 0.6496890817307693
0 0.8943465600961538 0.6531790192307692 0.8915631971153846 0.6531790192307692 0.8915631971153846 0.6655314206730769 0.8943465600961538 0.6655314206730769 0.8943465600961538 0.6531790192307692
0 0.8349382740384615 0.6371195048076923 0.8306892740384615 0.6371195048076923 0.8306892740384615 0.6514621129807693 0.8349382740384615 0.6514621129807693 0.8349382740384615 0.6371195048076923
0 0.6329831490384615 0.6238374807692307 0.6307645264423076 0.6238374807692307 0.6307645264423076 0.6314868725961538 0.6329831490384615 0.6314868725961538 0.6329831490384615 0.6238374807692307
0 0.62014203125 0.6197737427884615 0.6177889471153846 0.6197737427884615 0.6177889471153846 0.6283793076923078 0.62014203125 0.6283793076923078 0.62014203125 0.6197737427884615
0 0.6888117572115384 0.6164476225961538 0.6859073798076923 0.6164476225961538 0.6859073798076923 0.6283041802884616 0.6888117572115384 0.6283041802884616 0.6888117572115384 0.6164476225961538
0 0.7026983173076923 0.6493937932692307 0.7000628629807693 0.6493937932692307 0.7000628629807693 0.6588599158653847 0.7026983173076923 0.6588599158653847 0.7026983173076923 0.6493937932692307
0 0.6546637980769231 0.6188533557692307 0.6525296177884615 0.6188533557692307 0.6525296177884615 0.6266863317307692 0.6546637980769231 0.6266863317307692 0.6546637980769231 0.6188533557692307
0 0.6606532716346153 0.6152428413461538 0.6585879350961539 0.6152428413461538 0.6585879350961539 0.6231982091346153 0.6606532716346153 0.6231982091346153 0.6606532716346153 0.6152428413461538
0 0.7140654254807692 0.64545575 0.7114434158653846 0.64545575 0.7114434158653846 0.6515513605769231 0.7140654254807692 0.6515513605769231 0.7140654254807692 0.64545575
0 0.9368614855769231 0.6237189182692308 0.9345756322115384 0.6237189182692308 0.9345756322115384 0.6354320504807693 0.9368614855769231 0.6354320504807693 0.9368614855769231 0.6237189182692308
0 0.9408281129807693 0.6253922235576923 0.93780271875 0.6253922235576923 0.93780271875 0.6368663100961538 0.9408281129807693 0.6368663100961538 0.9408281129807693 0.6253922235576923
0 0.9450636658653846 0.6247946129807692 0.9423744254807692 0.6247946129807692 0.9423744254807692 0.6379420072115385 0.9450636658653846 0.6379420072115385 0.9450636658653846 0.6247946129807692
1 0.9753246995192307 0.6543043461538461 0.9675259038461538 0.6543043461538461 0.9675259038461538 0.6632684783653846 0.9753246995192307 0.6632684783653846 0.9753246995192307 0.6543043461538461
1 0.9768710120192308 0.6876509134615384 0.9699462187500001 0.6876509134615384 0.9699462187500001 0.6968540889423077 0.9768710120192308 0.6968540889423077 0.9768710120192308 0.6876509134615384
1 0.9914312980769231 0.6715556754807692 0.9843854927884615 0.6715556754807692 0.9843854927884615 0.6842727908653846 0.9914312980769231 0.6842727908653846 0.9914312980769231 0.6715556754807692
1 0.9984031514423077 0.6588146586538461 0.9921103317307692 0.6588146586538461 0.9921103317307692 0.671627389423077 0.9984031514423077 0.671627389423077 0.9984031514423077 0.6588146586538461
1 0.8796092283653846 0.6386948653846154 0.8738105552884616 0.6386948653846154 0.8738105552884616 0.6473601923076924 0.8796092283653846 0.6473601923076924 0.8796092283653846 0.6386948653846154
1 0.9983773485576923 0.6362291826923077 0.9786282475961539 0.6362291826923077 0.9786282475961539 0.6535598341346154 0.9983773485576923 0.6535598341346154 0.9983773485576923 0.6362291826923077
1 0.9834548942307693 0.6201841370192308 0.9750510216346153 0.6201841370192308 0.9750510216346153 0.6311801394230769 0.9834548942307693 0.6311801394230769 0.9834548942307693 0.6201841370192308
1 0.9876514471153846 0.781512 0.9844243581730769 0.781512 0.9844243581730769 0.7883247403846153 0.9876514471153846 0.7883247403846153 0.9876514471153846 0.781512
1 0.9005873245192307 0.737288954326923 0.8973602379807691 0.737288954326923 0.8973602379807691 0.7482849567307692 0.9005873245192307 0.7482849567307692 0.9005873245192307 0.737288954326923
1 0.9109408942307693 0.7501973028846154 0.9053607235576924 0.7501973028846154 0.9053607235576924 0.7629861298076922 0.9109408942307693 0.7629861298076922 0.9109408942307693 0.7501973028846154
1 0.9085878100961539 0.7717112187499999 0.9056296490384615 0.7717112187499999 0.9056296490384615 0.777567783653846 0.9085878100961539 0.777567783653846 0.9085878100961539 0.7717112187499999
1 0.9332884735576923 0.7657317163461539 0.9297924639423076 0.7657317163461539 0.9297924639423076 0.7780663605769231 0.9332884735576923 0.7780663605769231 0.9332884735576923 0.7657317163461539
1 0.9451211274038461 0.7506241658653846 0.9410872692307692 0.7506241658653846 0.9410872692307692 0.7606639927884615 0.9451211274038461 0.7606639927884615 0.9451211274038461 0.7506241658653846
1 0.9573840576923077 0.7569349158653846 0.9541569711538462 0.7569349158653846 0.9541569711538462 0.7636281322115385 0.9573840576923077 0.7636281322115385 0.9573840576923077 0.7569349158653846
1 0.9579756923076924 0.7615245504807693 0.9530812764423077 0.7615245504807693 0.9530812764423077 0.7693651778846153 0.9579756923076924 0.7693651778846153 0.9579756923076924 0.7615245504807693
1 0.8738472908653846 0.7603974278846154 0.8783114278846154 0.7603974278846154 0.8783114278846154 0.7494970432692308 0.8738472908653846 0.7494970432692308 0.8738472908653846 0.7603974278846154
1 0.8810006682692308 0.7438556177884615 0.8865942860576923 0.7438556177884615 0.8865942860576923 0.7341026418269231 0.8810006682692308 0.7341026418269231 0.8810006682692308 0.7438556177884615
1 0.8944102235576923 0.7181392764423078 0.8917424975961539 0.7181392764423078 0.8917424975961539 0.7260181490384615 0.8944102235576923 0.7260181490384615 0.8944102235576923 0.7181392764423078
1 0.8209742403846154 0.7164219927884615 0.8185539254807692 0.7164219927884615 0.8185539254807692 0.723234733173077 0.8209742403846154 0.723234733173077 0.8209742403846154 0.7164219927884615
1 0.8269577980769232 0.7196490817307691 0.8269577980769232 0.7169000817307692 0.8239996346153846 0.7169000817307692 0.8239996346153846 0.7228761682692307 0.8269577980769232 0.7228761682692307 0.8269577980769232 0.7196490817307691
1 0.8262868870192308 0.7287985721153846 0.8289580552884614 0.7287985721153846 0.8289580552884614 0.7194479567307692 0.8262868870192308 0.7194479567307692 0.8262868870192308 0.7287985721153846
1 0.8350439110576923 0.7220426298076923 0.8387064399038462 0.7220426298076923 0.8387064399038462 0.7125941009615384 0.8350439110576923 0.7125941009615384 0.8350439110576923 0.7220426298076923
1 0.79068415625 0.6976965288461539 0.7874897692307693 0.6976965288461539 0.7874897692307693 0.7068023653846154 0.79068415625 0.7068023653846154 0.79068415625 0.6976965288461539
1 0.7955858846153846 0.702885875 0.7933828605769231 0.702885875 0.7933828605769231 0.7066554951923076 0.7955858846153846 0.7066554951923076 0.7955858846153846 0.702885875
1 0.8005977668269231 0.6996058173076923 0.7981469014423077 0.6996058173076923 0.7981469014423077 0.704403516826923 0.8005977668269231 0.704403516826923 0.8005977668269231 0.6996058173076923
1 0.7902160120192309 0.7101313798076923 0.7879028365384616 0.7101313798076923 0.7879028365384616 0.7171321033653846 0.7902160120192309 0.7171321033653846 0.7902160120192309 0.7101313798076923
1 0.81438990625 0.6980308076923076 0.8102867740384615 0.6980308076923076 0.8102867740384615 0.7071855985576924 0.81438990625 0.7071855985576924 0.81438990625 0.6980308076923076
1 0.8279885096153846 0.6923797211538462 0.8250364543269231 0.6923797211538462 0.8250364543269231 0.6994685649038461 0.8279885096153846 0.6994685649038461 0.8279885096153846 0.6923797211538462
1 0.7704990985576923 0.7088253052884615 0.7676764711538462 0.7088253052884615 0.7676764711538462 0.7178821850961538 0.7704990985576923 0.7178821850961538 0.7704990985576923 0.7088253052884615
1 0.7652669134615385 0.7071730384615385 0.7616869975961538 0.7071730384615385 0.7616869975961538 0.7139656971153846 0.7652669134615385 0.7139656971153846 0.7652669134615385 0.7071730384615385
1 0.7584513052884615 0.6957907427884616 0.7544927451923077 0.6957907427884616 0.7544927451923077 0.7025834038461538 0.7584513052884615 0.7025834038461538 0.7584513052884615 0.6957907427884616
1 0.7639588677884616 0.7004415721153846 0.7610673966346154 0.7004415721153846 0.7610673966346154 0.7061327211538462 0.7639588677884616 0.7061327211538462 0.7639588677884616 0.7004415721153846
1 0.7700936754807692 0.6841054447115386 0.7679181875 0.6841054447115386 0.7679181875 0.6888052307692308 0.7700936754807692 0.6888052307692308 0.7700936754807692 0.6841054447115386
1 0.7888087355769231 0.6722923245192308 0.786020533653846 0.6722923245192308 0.786020533653846 0.6775551057692308 0.7888087355769231 0.6775551057692308 0.7888087355769231 0.6722923245192308
1 0.7573894110576924 0.6653476322115384 0.7547044759615384 0.6653476322115384 0.7547044759615384 0.6747104879807692 0.7573894110576924 0.6747104879807692 0.7573894110576924 0.6653476322115384
1 0.7628969735576923 0.6640625360576924 0.7593514807692308 0.6640625360576924 0.7593514807692308 0.6769747091346154 0.7628969735576923 0.6769747091346154 0.7628969735576923 0.6640625360576924
1 0.7451038197115385 0.6923787451923077 0.7427355673076923 0.6923787451923077 0.7427355673076923 0.6988409519230768 0.7451038197115385 0.6988409519230768 0.7451038197115385 0.6923787451923077
1 0.7390949831730769 0.6844763774038461 0.7363756250000001 0.6844763774038461 0.7363756250000001 0.69022871875 0.7390949831730769 0.69022871875 0.7390949831730769 0.6844763774038461
1 0.8282484375 0.7042842740384615 0.8258388798076923 0.7042842740384615 0.8258388798076923 0.7098683317307692 0.8282484375 0.7098683317307692 0.8282484375 0.7042842740384615
1 0.8356922524038463 0.6916627788461539 0.83336875 0.6916627788461539 0.83336875 0.6973233293269231 0.8356922524038463 0.6973233293269231 0.8356922524038463 0.6916627788461539
1 0.8338850841346154 0.68692015625 0.8314324975961539 0.68692015625 0.8314324975961539 0.6954874759615385 0.8338850841346154 0.6954874759615385 0.8338850841346154 0.68692015625
1 0.81486140625 0.6824213581730769 0.8116343173076923 0.6824213581730769 0.8116343173076923 0.6909886754807691 0.81486140625 0.6909886754807691 0.81486140625 0.6824213581730769
1 0.7205287740384616 0.6911618341346154 0.7174737980769231 0.6911618341346154 0.7174737980769231 0.6991936947115385 0.7205287740384616 0.6991936947115385 0.7205287740384616 0.6911618341346154
1 0.6969495216346153 0.7023681923076922 0.6949702427884615 0.7023681923076922 0.6949702427884615 0.7058104182692309 0.6969495216346153 0.7058104182692309 0.6969495216346153 0.7023681923076922
1 0.6904127355769231 0.6966884086538462 0.6882647860576923 0.6966884086538462 0.6882647860576923 0.7001642932692308 0.6904127355769231 0.7001642932692308 0.6904127355769231 0.6966884086538462
1 0.6544569591346154 0.6609699831730769 0.6514966442307693 0.6609699831730769 0.6514966442307693 0.6686805721153846 0.6544569591346154 0.6686805721153846 0.6544569591346154 0.6609699831730769
1 0.6674375096153846 0.6459352836538461 0.66608815625 0.6459352836538461 0.66608815625 0.6509288052884615 0.6674375096153846 0.6509288052884615 0.6674375096153846 0.6459352836538461
1 0.6674375096153846 0.6517610600961539 0.6700260625 0.6517610600961539 0.6700260625 0.6460821514423076 0.6674375096153846 0.6460821514423076 0.6674375096153846 0.6517610600961539
1 0.5534961033653846 0.6658897019230768 0.5518438341346154 0.6658897019230768 0.5518438341346154 0.6694390192307692 0.5534961033653846 0.6694390192307692 0.5534961033653846 0.6658897019230768
1 0.5888566418269231 0.6433482091346154 0.5864608509615384 0.6433482091346154 0.5864608509615384 0.6498593701923077 0.5888566418269231 0.6498593701923077 0.5888566418269231 0.6433482091346154
1 0.5983700937499999 0.6533000673076923 0.5962221442307692 0.6533000673076923 0.5962221442307692 0.6587341947115385 0.5983700937499999 0.6587341947115385 0.5983700937499999 0.6533000673076923
1 0.6143280673076923 0.6431505000000001 0.6115398629807692 0.6431505000000001 0.6115398629807692 0.6487192572115384 0.6143280673076923 0.6487192572115384 0.6143280673076923 0.6431505000000001
1 0.6284411947115385 0.6610806730769231 0.6261004807692309 0.6610806730769231 0.6261004807692309 0.6655479182692308 0.6284411947115385 0.6655479182692308 0.6284411947115385 0.6610806730769231
1 0.6384899951923076 0.6314325480769232 0.636204358173077 0.6314325480769232 0.636204358173077 0.63911865625 0.6384899951923076 0.63911865625 0.6384899951923076 0.6314325480769232
1 0.6444381634615385 0.6321179326923076 0.6425380528846154 0.6321179326923076 0.6425380528846154 0.6384822259615385 0.6444381634615385 0.6384822259615385 0.6444381634615385 0.6321179326923076
0 0.6425380528846154 0.6267449999999999 0.6401908846153846 0.6267449999999999 0.6401908846153846 0.63340303125 0.6425380528846154 0.63340303125 0.6425380528846154 0.6267449999999999
0 0.6468825745192308 0.623905545673077 0.643220045673077 0.623905545673077 0.643220045673077 0.6338436370192307 0.6468825745192308 0.6338436370192307 0.6468825745192308 0.623905545673077
0 0.6724915985576924 0.6135332211538461 0.6697928942307693 0.6135332211538461 0.6697928942307693 0.6211214182692307 0.6724915985576924 0.6211214182692307 0.6724915985576924 0.6135332211538461
0 0.6746670865384616 0.6152466850961539 0.6722712956730769 0.6152466850961539 0.6722712956730769 0.6234223557692308 0.6746670865384616 0.6234223557692308 0.6746670865384616 0.6152466850961539
0 0.6767324206730769 0.6140717379807692 0.6742815552884616 0.6140717379807692 0.6742815552884616 0.6227369687500001 0.6767324206730769 0.6227369687500001 0.6767324206730769 0.6140717379807692
0 0.6790249447115385 0.608602641826923 0.6764088509615385 0.608602641826923 0.6764088509615385 0.6193117908653847 0.6790249447115385 0.6193117908653847 0.6790249447115385 0.608602641826923
0 0.5772523822115384 0.5990376995192308 0.5747051370192308 0.5990376995192308 0.5747051370192308 0.6089513100961539 0.5772523822115384 0.6089513100961539 0.5772523822115384 0.5990376995192308
0 0.5727570504807692 0.5987159471153846 0.5697623149038461 0.5987159471153846 0.5697623149038461 0.6065489230769231 0.5727570504807692 0.6065489230769231 0.5727570504807692 0.5987159471153846
0 0.5684542668269231 0.5992055072115384 0.5662512427884615 0.5992055072115384 0.5662512427884615 0.6077116322115385 0.5684542668269231 0.6077116322115385 0.5684542668269231 0.5992055072115384
0 0.5667816634615385 0.58885740625 0.564534576923077 0.58885740625 0.564534576923077 0.5979828245192308 0.5667816634615385 0.5979828245192308 0.5667816634615385 0.58885740625
0 0.5691609302884616 0.58885740625 0.5667816634615385 0.58885740625 0.5667816634615385 0.5979828245192308 0.5691609302884616 0.5979828245192308 0.5691609302884616 0.58885740625
0 0.5737003653846154 0.5904780072115384 0.5713210985576923 0.5904780072115384 0.5713210985576923 0.5952952860576923 0.5737003653846154 0.5952952860576923 0.5737003653846154 0.5904780072115384
0 0.5782854110576923 0.5898796923076923 0.5759446971153847 0.5898796923076923 0.5759446971153847 0.5987897043269231 0.5782854110576923 0.5987897043269231 0.5782854110576923 0.5898796923076923
0 0.5919720408653846 0.6054998173076923 0.5902165048076923 0.6054998173076923 0.5902165048076923 0.6134551850961538 0.5919720408653846 0.6134551850961538 0.5919720408653846 0.6054998173076923
0 0.5937143581730769 0.6025679759615384 0.5914937091346154 0.6025679759615384 0.5914937091346154 0.6122808677884616 0.5937143581730769 0.6122808677884616 0.5937143581730769 0.6025679759615384
0 0.6101155432692308 0.6063017451923077 0.6079951322115384 0.6063017451923077 0.6079951322115384 0.6164846153846154 0.6101155432692308 0.6164846153846154 0.6101155432692308 0.6063017451923077
0 0.6079951322115384 0.6051757548076924 0.6050210480769231 0.6051757548076924 0.6050210480769231 0.6158481850961538 0.6079951322115384 0.6158481850961538 0.6079951322115384 0.6051757548076924
1 0.6118633341346154 0.6239940216346154 0.6091646274038461 0.6239940216346154 0.6091646274038461 0.6291344134615385 0.6118633341346154 0.6291344134615385 0.6118633341346154 0.6239940216346154
1 0.546351639423077 0.6330785072115385 0.5413093173076923 0.6330785072115385 0.5413093173076923 0.6407278990384615 0.546351639423077 0.6407278990384615 0.546351639423077 0.6330785072115385
1 0.550857048076923 0.6486947403846154 0.5456399230769231 0.6486947403846154 0.5456399230769231 0.65682221875 0.550857048076923 0.65682221875 0.550857048076923 0.6486947403846154
1 0.6028581634615384 0.6647579567307692 0.5828233317307693 0.6647579567307692 0.5828233317307693 0.6707340432692307 0.6028581634615384 0.6707340432692307 0.6028581634615384 0.6647579567307692
1 0.9951999110576922 0.6285134927884616 0.9909509134615385 0.6285134927884616 0.9909509134615385 0.6362291826923077 0.9951999110576922 0.6362291826923077 0.9951999110576922 0.6285134927884616
1 1 0.6156754158653845 0.9926482860576923 0.6156754158653845 0.9926482860576923 0.6259542860576922 1 0.6259542860576922 1 0.6156754158653845
1 0.9892790985576922 0.618020391826923 0.9845425961538462 0.618020391826923 0.9845425961538462 0.6269793581730769 0.9892790985576922 0.6269793581730769 0.9892790985576922 0.618020391826923
1 0.9381600625 0.61697740625 0.9381600625 0.6220260072115384 0.9477982956730769 0.6220260072115384 0.9477982956730769 0.61697740625 0.9415145721153846 0.61697740625 0.9381600625 0.61697740625
0 0.9661254639423077 0.63124325 0.9627520817307692 0.63124325 0.9627520817307692 0.6412180576923077 0.9661254639423077 0.6412180576923077 0.9661254639423077 0.63124325
0 0.9508075552884615 0.6317940072115384 0.9471587956730769 0.6317940072115384 0.9471587956730769 0.6408508870192308 0.9508075552884615 0.6408508870192308 0.9508075552884615 0.6317940072115384
0 0.9613407692307692 0.6352821298076923 0.957106829326923 0.6352821298076923 0.957106829326923 0.6438494471153846 0.9613407692307692 0.6438494471153846 0.9613407692307692 0.6352821298076923
0 0.9566552307692308 0.6317940072115384 0.9508075552884615 0.6317940072115384 0.9508075552884615 0.6417364735576924 0.9566552307692308 0.6417364735576924 0.9566552307692308 0.6317940072115384
1 0.9750510216346153 0.6160174951923078 0.9550144735576923 0.6160174951923078 0.9550144735576923 0.6224307451923077 0.9750510216346153 0.6224307451923077 0.9750510216346153 0.6160174951923078
0 0.9373738028846154 0.6372320240384616 0.9345769927884615 0.6372320240384616 0.9345769927884615 0.65128778125 0.9373738028846154 0.65128778125 0.9373738028846154 0.6372320240384616
0 0.9335550817307693 0.638475048076923 0.9300052860576924 0.638475048076923 0.9300052860576924 0.6526264230769231 0.9335550817307693 0.6526264230769231 0.9335550817307693 0.638475048076923
1 0.9416228004807692 0.6542519182692307 0.9296825769230769 0.6542519182692307 0.9296825769230769 0.6618056947115385 0.9416228004807692 0.6618056947115385 0.9416228004807692 0.6542519182692307
0 0.6042632980769231 0.6155448389423076 0.6009501562499999 0.6155448389423076 0.6009501562499999 0.6213583749999999 0.6042632980769231 0.6213583749999999 0.6042632980769231 0.6155448389423076
0 0.6042632980769231 0.6108345600961539 0.6019983822115385 0.6108345600961539 0.6019983822115385 0.6162236490384616 0.6042632980769231 0.6162236490384616 0.6042632980769231 0.6108345600961539
1 0.602234875 0.6222920793269231 0.6002383846153846 0.6222920793269231 0.6002383846153846 0.6255966177884615 0.602234875 0.6255966177884615 0.602234875 0.6222920793269231
1 0.57092221875 0.5799971129807692 0.5540091875 0.5799971129807692 0.5540091875 0.5886574879807692 0.57092221875 0.5886574879807692 0.57092221875 0.5799971129807692
1 0.6691374855769231 0.6691335384615384 0.6691374855769231 0.6684642163461538 0.6691374855769231 0.6652132235576923 0.6668247403846154 0.6652132235576923 0.6668247403846154 0.6709502692307693 0.6691374855769231 0.6709502692307693 0.6691374855769231 0.6691335384615384
1 0.6686783798076923 0.6769606129807693 0.6715973870192309 0.6769606129807693 0.6715973870192309 0.6686380769230769 0.6686783798076923 0.6686380769230769 0.6686783798076923 0.6769606129807693
1 0.6985896850961539 0.6670675408653846 0.6963866610576923 0.6670675408653846 0.6963866610576923 0.6745945408653846 0.6985896850961539 0.6745945408653846 0.6985896850961539 0.6670675408653846
1 0.6846019182692308 0.6567837379807693 0.6824677379807693 0.6567837379807693 0.6824677379807693 0.6651674711538462 0.6846019182692308 0.6651674711538462 0.6846019182692308 0.6567837379807693
1 0.7153200913461538 0.6613917548076922 0.7133408100961538 0.6613917548076922 0.7133408100961538 0.6675877620192308 0.7153200913461538 0.6675877620192308 0.7153200913461538 0.6613917548076922
1 0.7191495673076923 0.6855638317307692 0.7165248701923077 0.6855638317307692 0.7165248701923077 0.6911618341346154 0.7191495673076923 0.6911618341346154 0.7191495673076923 0.6855638317307692
0 0.7438488870192308 0.6512499615384615 0.7418696057692308 0.6512499615384615 0.7418696057692308 0.6585933774038462 0.7438488870192308 0.6585933774038462 0.7438488870192308 0.6512499615384615
1 0.7083418653846153 0.6747404399038461 0.7055880841346155 0.6747404399038461 0.7055880841346155 0.6851680913461539 0.7083418653846153 0.6851680913461539 0.7083418653846153 0.6747404399038461
1 0.7347891346153846 0.6752145120192308 0.7329991778846154 0.6752145120192308 0.7329991778846154 0.6803059471153846 0.7347891346153846 0.6803059471153846 0.7347891346153846 0.6752145120192308
1 0.6769173966346155 0.6736234615384615 0.6746317596153847 0.6736234615384615 0.6746317596153847 0.67807846875 0.6769173966346155 0.67807846875 0.6769173966346155 0.6736234615384615
1 0.683413201923077 0.6710997379807692 0.6780157908653847 0.6710997379807692 0.6780157908653847 0.6822617307692307 0.683413201923077 0.6822617307692307 0.683413201923077 0.6710997379807692
1 0.6908781081730768 0.6783905168269231 0.6891432259615384 0.6783905168269231 0.6891432259615384 0.6846079399038462 0.6908781081730768 0.6846079399038462 0.6908781081730768 0.6783905168269231
1 0.6939061658653846 0.6739799903846154 0.691068670673077 0.6739799903846154 0.691068670673077 0.6817816346153845 0.6939061658653846 0.6817816346153845 0.6939061658653846 0.6739799903846154
1 0.6988927475961538 0.6841847764423077 0.696799875 0.6841847764423077 0.696799875 0.6916261057692308 0.6988927475961538 0.6916261057692308 0.6988927475961538 0.6841847764423077
1 0.7006981274038462 0.6763357427884615 0.6983574134615385 0.6763357427884615 0.6983574134615385 0.6854415769230768 0.7006981274038462 0.6854415769230768 0.7006981274038462 0.6763357427884615
1 0.7084117259615385 0.6871751490384616 0.7062431225961538 0.6871751490384616 0.7062431225961538 0.6931722716346154 0.7084117259615385 0.6931722716346154 0.7084117259615385 0.6871751490384616
1 0.7056923677884614 0.6828302932692308 0.7033516514423077 0.6828302932692308 0.7033516514423077 0.6920095649038461 0.7056923677884614 0.6920095649038461 0.7056923677884614 0.6828302932692308
1 0.6913609254807693 0.6624607451923077 0.6896260432692307 0.6624607451923077 0.6896260432692307 0.6703916346153846 0.6913609254807693 0.6703916346153846 0.6913609254807693 0.6624607451923077
1 0.6891325144230769 0.6631594182692309 0.6868633990384615 0.6631594182692309 0.6868633990384615 0.6694649663461539 0.6891325144230769 0.6694649663461539 0.6891325144230769 0.6631594182692309
1 0.6877886706730769 0.6656659711538461 0.6852331610576923 0.6656659711538461 0.6852331610576923 0.6731464663461538 0.6877886706730769 0.6731464663461538 0.6877886706730769 0.6656659711538461
1 0.7198248605769231 0.6696931947115385 0.7168559399038461 0.6696931947115385 0.7168559399038461 0.6790254543269231 0.7198248605769231 0.6790254543269231 0.7198248605769231 0.6696931947115385
1 0.7299552403846155 0.66934753125 0.7269605048076924 0.66934753125 0.7269605048076924 0.6745491201923077 0.7299552403846155 0.6745491201923077 0.7299552403846155 0.66934753125
1 0.7267812644230769 0.6756319591346155 0.7245868461538462 0.6756319591346155 0.7245868461538462 0.6810630288461539 0.7267812644230769 0.6810630288461539 0.7267812644230769 0.6756319591346155
1 0.7301374374999999 0.6759379350961539 0.7272545721153846 0.6759379350961539 0.7272545721153846 0.6821339447115384 0.7301374374999999 0.6821339447115384 0.7301374374999999 0.6759379350961539
1 0.7300513798076923 0.6838168100961538 0.7264800697115384 0.6838168100961538 0.7264800697115384 0.6904717812500001 0.7300513798076923 0.6904717812500001 0.7300513798076923 0.6838168100961538
1 0.7427547475961538 0.6732346346153846 0.7403451899038462 0.6732346346153846 0.7403451899038462 0.6795071370192307 0.7427547475961538 0.6795071370192307 0.7427547475961538 0.6732346346153846
1 0.5634763365384615 0.6590826658653846 0.56145940625 0.6590826658653846 0.56145940625 0.6626683173076924 0.5634763365384615 0.6626683173076924 0.5634763365384615 0.6590826658653846
1 0.5919580697115385 0.6318829302884615 0.5902369567307693 0.6318829302884615 0.5902369567307693 0.6365490600961539 0.5919580697115385 0.6365490600961539 0.5919580697115385 0.6318829302884615
1 0.5314220961538462 0.6215242043269231 0.5289264807692308 0.6215242043269231 0.5289264807692308 0.6257313701923077 0.5314220961538462 0.6257313701923077 0.5314220961538462 0.6215242043269231
0 0.93262421875 0.6172707067307692 0.928700079326923 0.6172707067307692 0.928700079326923 0.6239409759615384 0.93262421875 0.6239409759615384 0.93262421875 0.6172707067307692
0 0.8404123653846154 0.6545948846153846 0.8372928485576924 0.6545948846153846 0.8372928485576924 0.660810014423077 0.8404123653846154 0.660810014423077 0.8404123653846154 0.6545948846153846
1 0.8842197379807692 0.6649694038461539 0.8749687548076923 0.6649694038461539 0.8749687548076923 0.6713948942307693 0.8842197379807692 0.6713948942307693 0.8842197379807692 0.6649694038461539
0 0.9273062500000001 0.5468539567307692 0.9254130264423076 0.5468539567307692 0.9254130264423076 0.5523615192307691 0.9273062500000001 0.5523615192307691 0.9273062500000001 0.5468539567307692
0 0.9466408725961538 0.5606799326923076 0.9437580072115386 0.5606799326923076 0.9437580072115386 0.5660345072115385 0.9466408725961538 0.5660345072115385 0.9466408725961538 0.5606799326923076
0 0.7340045793269231 0.6178438341346154 0.7286261009615385 0.6178438341346154 0.7286261009615385 0.63472628125 0.7340045793269231 0.63472628125 0.7340045793269231 0.6178438341346154
0 0.699727733173077 0.5942467043269231 0.6982475769230769 0.5942467043269231 0.6982475769230769 0.5987751442307693 0.699727733173077 0.5987751442307693 0.699727733173077 0.5942467043269231
0 0.7027568942307691 0.5919824831730769 0.7002784903846154 0.5919824831730769 0.7002784903846154 0.5992035096153846 0.7027568942307691 0.5992035096153846 0.7027568942307691 0.5919824831730769
0 0.7058548966346153 0.59234965625 0.703686295673077 0.59234965625 0.703686295673077 0.5993870961538461 0.7058548966346153 0.5993870961538461 0.7058548966346153 0.59234965625
0 0.7080073653846154 0.5961869447115384 0.706410173076923 0.5961869447115384 0.706410173076923 0.5999565649038462 0.7080073653846154 0.5999565649038462 0.7080073653846154 0.5961869447115384
0 0.7104306923076924 0.5969702427884616 0.7086131971153846 0.5969702427884616 0.7086131971153846 0.5999076105769231 0.7104306923076924 0.5999076105769231 0.7104306923076924 0.5969702427884616
0 0.7145338413461538 0.5948172836538462 0.7116377548076923 0.5948172836538462 0.7116377548076923 0.6007089759615385 0.7145338413461538 0.6007089759615385 0.7145338413461538 0.5948172836538462
0 0.5452592403846154 0.5857177620192308 0.5422472932692307 0.5857177620192308 0.5422472932692307 0.5934436490384616 0.5452592403846154 0.5934436490384616 0.5452592403846154 0.5857177620192308
0 0.7376554951923077 0.6150097475961538 0.7345574903846154 0.6150097475961538 0.7345574903846154 0.6270039951923077 0.7376554951923077 0.6270039951923077 0.7376554951923077 0.6150097475961538
0 0.7415452115384615 0.614397795673077 0.7384816298076923 0.614397795673077 0.7384816298076923 0.6260248725961539 0.7415452115384615 0.6260248725961539 0.7415452115384615 0.614397795673077
1 0.7639958918269231 0.6274507980769232 0.7665720552884616 0.6274507980769232 0.7665720552884616 0.6173974759615385 0.7639958918269231 0.6173974759615385 0.7639958918269231 0.6274507980769232
1 0.76952521875 0.6238762836538462 0.779075872596154 0.6238762836538462 0.779075872596154 0.6150517019230769 0.76952521875 0.6150517019230769 0.76952521875 0.6238762836538462
1 0.7154210721153846 0.6123568533653846 0.7253487259615384 0.6123568533653846 0.7253487259615384 0.6002928677884616 0.7154210721153846 0.6002928677884616 0.7154210721153846 0.6123568533653846
1 0.7315692187499999 0.5928087283653846 0.7157980697115385 0.5928087283653846 0.7157980697115385 0.6034205673076923 0.7315692187499999 0.6034205673076923 0.7315692187499999 0.5928087283653846
1 0.8890279182692308 0.629732545673077 0.8858862572115385 0.629732545673077 0.8858862572115385 0.6372725360576923 0.8890279182692308 0.6372725360576923 0.8890279182692308 0.629732545673077
1 0.8975889495192307 0.6281966201923077 0.8911485408653845 0.6281966201923077 0.8911485408653845 0.6361555 0.8975889495192307 0.6361555 0.8975889495192307 0.6281966201923077
1 0.8965679110576924 0.6443936370192307 0.9035581105769231 0.6443936370192307 0.9035581105769231 0.6259625480769231 0.8965679110576924 0.6259625480769231 0.8965679110576924 0.6443936370192307
1 0.8981387427884615 0.6132562692307693 0.8923266658653847 0.6132562692307693 0.8923266658653847 0.6210755192307692 0.8981387427884615 0.6210755192307692 0.8981387427884615 0.6132562692307693
1 0.9001808221153845 0.6221925528846154 0.9105483100961538 0.6221925528846154 0.9105483100961538 0.6145129326923077 0.9001808221153845 0.6145129326923077 0.9001808221153845 0.6221925528846154
1 0.921622670673077 0.6114410841346154 0.9186380913461538 0.6114410841346154 0.9186380913461538 0.6174451538461538 0.921622670673077 0.6174451538461538 0.921622670673077 0.6114410841346154
1 0.8728045432692307 0.6218229951923077 0.878208204326923 0.6218229951923077 0.878208204326923 0.6152324831730769 0.8728045432692307 0.6152324831730769 0.8728045432692307 0.6218229951923077
1 0.8178747788461538 0.6209956899038461 0.81467028125 0.6209956899038461 0.81467028125 0.6302670865384615 0.8178747788461538 0.6302670865384615 0.8178747788461538 0.6209956899038461
1 0.8257917692307692 0.6246819062500001 0.8188172764423077 0.6246819062500001 0.8188172764423077 0.6404321105769231 0.8257917692307692 0.6404321105769231 0.8257917692307692 0.6246819062500001
1 0.8112317307692307 0.6344632307692308 0.8082660024038462 0.6344632307692308 0.8082660024038462 0.6401824519230769 0.8112317307692307 0.6401824519230769 0.8112317307692307 0.6344632307692308
1 0.7884251730769231 0.6112117620192308 0.7813878485576923 0.6112117620192308 0.7813878485576923 0.6163948076923076 0.7884251730769231 0.6163948076923076 0.7884251730769231 0.6112117620192308
1 0.7596876971153846 0.6154954014423077 0.7571115336538461 0.6154954014423077 0.7571115336538461 0.6213039879807692 0.7596876971153846 0.6213039879807692 0.7596876971153846 0.6154954014423077
1 0.7593911225961538 0.6168438870192308 0.7659861009615384 0.6168438870192308 0.7659861009615384 0.6106242331730769 0.7593911225961538 0.6106242331730769 0.7593911225961538 0.6168438870192308
1 0.6146177740384615 0.5929425673076923 0.6103451129807692 0.5929425673076923 0.6103451129807692 0.5987511538461538 0.6146177740384615 0.5987511538461538 0.6146177740384615 0.5929425673076923
1 0.6185762692307691 0.6070172163461538 0.6229745961538461 0.6070172163461538 0.6229745961538461 0.596293673076923 0.6185762692307691 0.596293673076923 0.6185762692307691 0.6070172163461538
1 0.6181364350961539 0.6005384110576923 0.6257392596153846 0.6005384110576923 0.6257392596153846 0.5899265697115385 0.6181364350961539 0.5899265697115385 0.6181364350961539 0.6005384110576923
1 0.6334855192307691 0.6001358798076923 0.6334855192307691 0.5893707163461538 0.6308314423076923 0.5893707163461538 0.6308314423076923 0.6023104591346153 0.6334855192307691 0.6023104591346153 0.6334855192307691 0.6001358798076923
0 0.6422118004807692 0.5925162884615385 0.6387534591346153 0.5925162884615385 0.6387534591346153 0.6018100264423076 0.6422118004807692 0.6018100264423076 0.6422118004807692 0.5925162884615385
1 0.6403217764423077 0.6028823798076923 0.6358581009615385 0.6028823798076923 0.6358581009615385 0.6113182331730769 0.6403217764423077 0.6113182331730769 0.6403217764423077 0.6028823798076923
1 0.6379089807692307 0.5979495504807693 0.6346114903846154 0.5979495504807693 0.6346114903846154 0.6043121850961538 0.6379089807692307 0.6043121850961538 0.6379089807692307 0.5979495504807693
1 0.6335261346153847 0.5972156682692308 0.6363828846153846 0.5972156682692308 0.6363828846153846 0.5887512187499999 0.6335261346153847 0.5887512187499999 0.6335261346153847 0.5972156682692308
1 0.6673879543269231 0.5993595913461538 0.6624336778846154 0.5993595913461538 0.6624336778846154 0.6096541923076922 0.6673879543269231 0.6096541923076922 0.6673879543269231 0.5993595913461538
1 0.6495907596153846 0.5986168076923077 0.6457302860576923 0.5986168076923077 0.6457302860576923 0.6075959879807692 0.6495907596153846 0.6075959879807692 0.6495907596153846 0.5986168076923077
1 0.6531938701923077 0.6011904567307692 0.6506202211538461 0.6011904567307692 0.6506202211538461 0.6074244110576923 0.6531938701923077 0.6074244110576923 0.6531938701923077 0.6011904567307692
1 0.6638423485576923 0.6026202620192308 0.6596923365384615 0.6026202620192308 0.6596923365384615 0.6096541923076922 0.6638423485576923 0.6096541923076922 0.6638423485576923 0.6026202620192308
1 0.6553171322115384 0.6131436322115384 0.6600462139423077 0.6131436322115384 0.6600462139423077 0.6042216442307692 0.6553171322115384 0.6042216442307692 0.6553171322115384 0.6131436322115384
1 0.655477985576923 0.6017051875 0.6598853605769232 0.6017051875 0.6598853605769232 0.5965578870192307 0.655477985576923 0.5965578870192307 0.655477985576923 0.6017051875
1 0.6550275961538462 0.5924972379807693 0.6468562572115384 0.5924972379807693 0.6468562572115384 0.5998750360576923 0.6550275961538462 0.5998750360576923 0.6550275961538462 0.5924972379807693
1 0.6760240985576923 0.5937580360576923 0.6668233004807692 0.5937580360576923 0.6668233004807692 0.5982762235576924 0.6760240985576923 0.5982762235576924 0.6760240985576923 0.5937580360576923
1 0.6898766490384615 0.5915818317307692 0.6836226778846155 0.5915818317307692 0.6836226778846155 0.6010528629807692 0.6898766490384615 0.6010528629807692 0.6898766490384615 0.5915818317307692
1 0.6853058052884615 0.6144054975961539 0.69154690625 0.6144054975961539 0.69154690625 0.6063985841346153 0.6853058052884615 0.6063985841346153 0.6853058052884615 0.6144054975961539
1 0.6744444495192308 0.6064413004807693 0.6787171105769231 0.6064413004807693 0.6787171105769231 0.6022412451923077 0.6744444495192308 0.6022412451923077 0.6744444495192308 0.6064413004807693
1 0.6986790408653847 0.6035164134615385 0.6933507788461538 0.6035164134615385 0.6933507788461538 0.6093249975961539 0.6986790408653847 0.6093249975961539 0.6986790408653847 0.6035164134615385
1 0.7432583509615385 0.6022477043269231 0.7504967427884615 0.6022477043269231 0.7504967427884615 0.5967965697115385 0.7432583509615385 0.5967965697115385 0.7432583509615385 0.6022477043269231
1 0.7645283125 0.5938525673076923 0.7601048509615385 0.5938525673076923 0.7601048509615385 0.6026458725961539 0.7645283125 0.6026458725961539 0.7645283125 0.5938525673076923
1 0.8616001177884616 0.6296138197115385 0.854442153846154 0.6296138197115385 0.854442153846154 0.6364768870192308 0.8616001177884616 0.6364768870192308 0.8616001177884616 0.6296138197115385
1 0.8591873221153846 0.6218213774038461 0.855568125 0.6218213774038461 0.855568125 0.6273261298076923 0.8591873221153846 0.6273261298076923 0.8591873221153846 0.6218213774038461
1 0.8630075841346153 0.638979045673077 0.8529140504807693 0.638979045673077 0.8529140504807693 0.6458421129807692 0.8630075841346153 0.6458421129807692 0.8630075841346153 0.638979045673077
1 0.8387991875 0.6359764543269232 0.8457962980769231 0.6359764543269232 0.8457962980769231 0.6279695432692307 0.8387991875 0.6279695432692307 0.8387991875 0.6359764543269232
0 0.8396436658653846 0.6366198677884616 0.8352604182692308 0.6366198677884616 0.8352604182692308 0.6508464326923077 0.8396436658653846 0.6508464326923077 0.8396436658653846 0.6366198677884616
1 0.9070901778846154 0.64526975 0.913976701923077 0.64526975 0.913976701923077 0.6332057644230769 0.9070901778846154 0.6332057644230769 0.9070901778846154 0.64526975
1 0.9131724375 0.6512570600961538 0.9229241586538461 0.6512570600961538 0.9229241586538461 0.6374951802884615 0.9131724375 0.6374951802884615 0.9131724375 0.6512570600961538
1 0.97210421875 0.6475871153846153 0.9605227932692307 0.6475871153846153 0.9605227932692307 0.6526629254807692 0.97210421875 0.6526629254807692 0.97210421875 0.6475871153846153
1 0.9377145673076923 0.6483575552884615 0.9445090048076923 0.6483575552884615 0.9445090048076923 0.6379420072115385 0.9377145673076923 0.6379420072115385 0.9377145673076923 0.6483575552884615
0 0.9812160697115384 0.6728548028846154 0.9754253557692307 0.6728548028846154 0.9754253557692307 0.6945163605769231 0.9812160697115384 0.6945163605769231 0.9812160697115384 0.6728548028846154
1 0.7940465264423077 0.6135970240384615 0.7894220000000001 0.6135970240384615 0.7894220000000001 0.622980125 0.7940465264423077 0.622980125 0.7940465264423077 0.6135970240384615
1 0.7894220000000001 0.6171980504807693 0.7865584783653846 0.6171980504807693 0.7865584783653846 0.6228466658653846 0.7894220000000001 0.6228466658653846 0.7894220000000001 0.6171980504807693
1 0.801164295673077 0.60835521875 0.8117705504807693 0.60835521875 0.8117705504807693 0.6008487403846154 0.801164295673077 0.6008487403846154 0.801164295673077 0.60835521875
0 0.86806525 0.5262870793269231 0.8650894663461539 0.5262870793269231 0.8650894663461539 0.5378685048076923 0.86806525 0.5378685048076923 0.86806525 0.5262870793269231
1 0.6448001826923077 0.5800044759615385 0.64187265625 0.5800044759615385 0.64187265625 0.5900703076923077 0.6448001826923077 0.5900703076923077 0.6448001826923077 0.5800044759615385