1 0.9716981250000001 0.8744608221153847 0.8769734423076923 0.8744608221153847 0.8769734423076923 0.9456540817307691 0.9716981250000001 0.9456540817307691 0.9716981250000001 0.8744608221153847
1 0.9193300072115385 0.4541467860576923 0.7583750600961537 0.4541467860576923 0.7583750600961537 0.560936670673077 0.9193300072115385 0.560936670673077 0.9193300072115385 0.4541467860576923
1 0.7522141057692308 0.41444285336538467 0.6328456033653846 0.41444285336538467 0.6328456033653846 0.5075417283653846 0.7522141057692308 0.5075417283653846 0.7522141057692308 0.41444285336538467
1 0.6266846490384614 0.3925372355769231 0.5404312788461538 0.3925372355769231 0.5404312788461538 0.4623613918269231 0.6266846490384614 0.4623613918269231 0.6266846490384614 0.3925372355769231
1 0.5342703245192307 0.3802153269230769 0.47189065384615386 0.3802153269230769 0.47189065384615386 0.43497937019230765 0.5342703245192307 0.43497937019230765 0.5342703245192307 0.3802153269230769
1 0.47189065384615386 0.37063161778846154 0.4218328966346154 0.37063161778846154 0.4218328966346154 0.4267647644230769 0.47189065384615386 0.4267647644230769 0.47189065384615386 0.37063161778846154
1 0.4218328966346154 0.35694060817307693 0.3756257331730769 0.35694060817307693 0.3756257331730769 0.4075973485576923 0.4218328966346154 0.4075973485576923 0.4218328966346154 0.35694060817307693
1 0.34944167548076926 0.3815844278846154 0.34944167548076926 0.33914229326923073 0.2824412908653846 0.33914229326923073 0.2824412908653846 0.3815844278846154 0.28909212500000003 0.3815844278846154 0.34944167548076926 0.3815844278846154
1 0.2824412908653846 0.32408218028846153 0.2300731730769231 0.32408218028846153 0.2300731730769231 0.35694060817307693 0.2824412908653846 0.35694060817307693 0.2824412908653846 0.32408218028846153
1 0.2300731730769231 0.3117602716346154 0.17616481730769232 0.3117602716346154 0.17616481730769232 0.33914229326923073 0.2300731730769231 0.33914229326923073 0.2300731730769231 0.3117602716346154
1 0.17616481730769232 0.3268203822115385 0.17616481730769232 0.3008074639423077 0.1376588485576923 0.3008074639423077 0.1376588485576923 0.3268203822115385 0.15843398317307691 0.3268203822115385 0.17616481730769232 0.3268203822115385
1 0.1376588485576923 0.28027094711538464 0.042934165865384614 0.28027094711538464 0.042934165865384614 0.3268203822115385 0.1376588485576923 0.3268203822115385 0.1376588485576923 0.28027094711538464
0 0.5502469038461538 0.822766233173077 0.5214786947115384 0.822766233173077 0.5214786947115384 0.9752994302884616 0.5502469038461538 0.9752994302884616 0.5502469038461538 0.822766233173077
0 0.7299220360576922 0.5751241009615384 0.7072102932692308 0.5751241009615384 0.7072102932692308 0.6666440192307692 0.7299220360576922 0.6666440192307692 0.7299220360576922 0.5751241009615384
0 0.8939513004807692 0.6150519086538462 0.8669495600961539 0.6150519086538462 0.8669495600961539 0.7325921971153846 0.8939513004807692 0.7325921971153846 0.8939513004807692 0.6150519086538462
0 0.9519924254807692 0.5033437740384615 0.942150670673077 0.5033437740384615 0.942150670673077 0.563459798076923 0.9519924254807692 0.563459798076923 0.9519924254807692 0.5033437740384615
0 0.9651147668269231 0.4921280985576923 0.9512353677884615 0.4921280985576923 0.9512353677884615 0.563459798076923 0.9651147668269231 0.563459798076923 0.9651147668269231 0.4921280985576923
0 0.9906023918269231 0.5244292451923077 0.9800035769230769 0.5244292451923077 0.9800035769230769 0.5854425240384615 0.9906023918269231 0.5854425240384615 0.9906023918269231 0.5244292451923077
0 0.9981729735576923 0.5217374831730769 0.9913594495192307 0.5217374831730769 0.9913594495192307 0.5917233028846154 0.9981729735576923 0.5917233028846154 0.9981729735576923 0.5217374831730769
0 0.8053754975961538 0.5764699831730768 0.7940196274038461 0.5764699831730768 0.7940196274038461 0.6675412740384616 0.8053754975961538 0.6675412740384616 0.8053754975961538 0.5764699831730768
0 0.7935149206730769 0.5899287932692308 0.7720649399038462 0.5899287932692308 0.7720649399038462 0.6841404759615385 0.7935149206730769 0.6841404759615385 0.7935149206730769 0.5899287932692308
0 0.6804609038461538 0.5688433221153846 0.6804609038461538 0.55942215625 0.6693573846153846 0.55942215625 0.6693573846153846 0.6365860072115385 0.6804609038461538 0.6365860072115385 0.6804609038461538 0.5688433221153846
0 0.6991350048076923 0.5558331394230769 0.682227375 0.5558331394230769 0.682227375 0.6379318894230769 0.6991350048076923 0.6379318894230769 0.6991350048076923 0.5558331394230769
0 0.5399004423076923 0.5670488149038462 0.5270304543269231 0.5670488149038462 0.5270304543269231 0.6451099206730769 0.5399004423076923 0.6451099206730769 0.5399004423076923 0.5670488149038462
0 0.5222357524038461 0.5661515600961539 0.5093657644230769 0.5661515600961539 0.5093657644230769 0.6433154134615384 0.5222357524038461 0.6433154134615384 0.5222357524038461 0.5661515600961539
0 0.6060168533653847 0.5307100240384616 0.5966798028846154 0.5307100240384616 0.5966798028846154 0.5818535072115385 0.6060168533653847 0.5818535072115385 0.6060168533653847 0.5307100240384616
0 0.5936515697115385 0.5244292451923077 0.5853239302884615 0.5244292451923077 0.5853239302884615 0.58723703125 0.5936515697115385 0.58723703125 0.5936515697115385 0.5244292451923077
0 0.6019792115384616 0.48764182692307695 0.5936515697115385 0.48764182692307695 0.5936515697115385 0.5351962932692308 0.6019792115384616 0.5351962932692308 0.6019792115384616 0.48764182692307695
0 0.5853239302884615 0.48584731971153844 0.5732109999999999 0.48584731971153844 0.5732109999999999 0.5446174639423077 0.5853239302884615 0.5446174639423077 0.5853239302884615 0.48584731971153844
0 0.5234975168269231 0.4948198605769231 0.5121416442307692 0.4948198605769231 0.5121416442307692 0.5526927500000001 0.5234975168269231 0.5526927500000001 0.5234975168269231 0.4948198605769231
0 0.5275351610576923 0.47014537259615385 0.5166839927884616 0.47014537259615385 0.5166839927884616 0.5150080769230769 0.5275351610576923 0.5150080769230769 0.5275351610576923 0.47014537259615385
0 0.5121416442307692 0.47193988221153843 0.5043187091346154 0.47193988221153843 0.5043187091346154 0.5298127692307693 0.5121416442307692 0.5298127692307693 0.5121416442307692 0.47193988221153843
0 0.4891775480769231 0.47149125480769233 0.47580285336538464 0.47149125480769233 0.47580285336538464 0.5334017860576923 0.4891775480769231 0.5334017860576923 0.4891775480769231 0.47149125480769233
0 0.4694940360576923 0.4692481177884616 0.4553622836538462 0.4692481177884616 0.4553622836538462 0.5248778725961538 0.4694940360576923 0.5248778725961538 0.4694940360576923 0.4692481177884616
0 0.45107228846153846 0.4351524639423077 0.44072582692307694 0.4351524639423077 0.44072582692307694 0.49123084375000003 0.45107228846153846 0.49123084375000003 0.45107228846153846 0.4351524639423077
0 0.44123053124999995 0.4486112740384615 0.4334075985576923 0.4486112740384615 0.4334075985576923 0.5002033846153846 0.44123053124999995 0.5002033846153846 0.44123053124999995 0.4486112740384615
0 0.4334075985576923 0.4414332427884615 0.42533231009615385 0.4414332427884615 0.42533231009615385 0.4889877091346154 0.4334075985576923 0.4889877091346154 0.4334075985576923 0.4414332427884615
0 0.4223040769230769 0.43021756490384616 0.41220996875 0.43021756490384616 0.41220996875 0.4732857620192308 0.4223040769230769 0.4732857620192308 0.4223040769230769 0.43021756490384616
0 0.4028729182692308 0.43021756490384616 0.38949822596153844 0.43021756490384616 0.38949822596153844 0.47956654086538464 0.4028729182692308 0.47956654086538464 0.4028729182692308 0.43021756490384616
0 0.3705717716346154 0.4041971971153846 0.36098236778846154 0.4041971971153846 0.36098236778846154 0.4459195120192308 0.3705717716346154 0.4459195120192308 0.3705717716346154 0.4041971971153846
0 0.36022531009615383 0.41765600721153845 0.35391649278846155 0.41765600721153845 0.35391649278846155 0.45534068028846153 0.36022531009615383 0.45534068028846153 0.36022531009615383 0.41765600721153845
0 0.3521500240384615 0.41989914423076924 0.34685061538461537 0.41989914423076924 0.34685061538461537 0.4566865600961538 0.3521500240384615 0.4566865600961538 0.3521500240384615 0.41989914423076924
0 0.3521500240384615 0.40688895913461537 0.3458412043269231 0.40688895913461537 0.3458412043269231 0.41989914423076924 0.3521500240384615 0.41989914423076924 0.3521500240384615 0.40688895913461537
0 0.34685061538461537 0.40688895913461537 0.33827062500000005 0.40688895913461537 0.33827062500000005 0.44188186778846156 0.34685061538461537 0.44188186778846156 0.34685061538461537 0.40688895913461537
0 0.2974904230769231 0.42199734134615385 0.2894151370192308 0.42199734134615385 0.2894151370192308 0.4530064423076923 0.2974904230769231 0.4530064423076923 0.2974904230769231 0.42199734134615385
0 0.32914554807692303 0.40735415384615387 0.324300375 0.40735415384615387 0.324300375 0.4455412884615385 0.32914554807692303 0.4455412884615385 0.32914554807692303 0.40735415384615387
0 0.3360902956730769 0.39644354326923076 0.32946856009615383 0.39644354326923076 0.32946856009615383 0.4346306778846154 0.3360902956730769 0.4346306778846154 0.3360902956730769 0.39644354326923076
0 0.32769199519230774 0.3958693028846154 0.3228468245192308 0.3958693028846154 0.3228468245192308 0.42199734134615385 0.32769199519230774 0.42199734134615385 0.32769199519230774 0.3958693028846154
0 0.3223623076923077 0.39730490865384616 0.31654810096153846 0.39730490865384616 0.31654810096153846 0.4346306778846154 0.3223623076923077 0.4346306778846154 0.3223623076923077 0.39730490865384616
0 0.3171941225961538 0.3975920288461538 0.30976486057692304 0.3975920288461538 0.30976486057692304 0.43692764903846154 0.3171941225961538 0.43692764903846154 0.3171941225961538 0.3975920288461538
0 0.28408544711538464 0.4130965817307692 0.27568714903846153 0.4130965817307692 0.27568714903846153 0.4323337091346154 0.28408544711538464 0.4323337091346154 0.28408544711538464 0.4130965817307692
0 0.26680433413461535 0.3800776298076923 0.2603441033653846 0.3800776298076923 0.2603441033653846 0.41194809615384614 0.26680433413461535 0.41194809615384614 0.26680433413461535 0.3800776298076923
0 0.2731030576923077 0.3800776298076923 0.2684193918269231 0.3800776298076923 0.2684193918269231 0.4105124879807692 0.2731030576923077 0.4105124879807692 0.2731030576923077 0.3800776298076923
0 0.2826318966346154 0.38294884375 0.2777867235576923 0.38294884375 0.2777867235576923 0.4093640048076923 0.2826318966346154 0.4093640048076923 0.2826318966346154 0.38294884375
0 0.29119169951923074 0.3884041490384615 0.28650803365384614 0.3884041490384615 0.28650803365384614 0.41970037019230766 0.29119169951923074 0.41970037019230766 0.29119169951923074 0.3884041490384615
0 0.1886355576923077 0.3467715576923077 0.18411339663461537 0.3467715576923077 0.18411339663461537 0.37002838221153844 0.1886355576923077 0.37002838221153844 0.1886355576923077 0.3467715576923077
0 0.1934807283653846 0.3568208028846154 0.19008910817307692 0.3568208028846154 0.19008910817307692 0.37749353846153844 0.1934807283653846 0.37749353846153844 0.1934807283653846 0.3568208028846154
0 0.23191909375 0.36658292788461544 0.22594338221153845 0.36658292788461544 0.22594338221153845 0.38955263221153846 0.23191909375 0.38955263221153846 0.23191909375 0.36658292788461544
0 0.23660276201923078 0.36486019951923077 0.23304963461538464 0.36486019951923077 0.23304963461538464 0.38553293509615383 0.23660276201923078 0.38553293509615383 0.23660276201923078 0.36486019951923077
0 0.24112492067307695 0.36170186538461535 0.23886384134615385 0.36170186538461535 0.23886384134615385 0.3763450528846154 0.24112492067307695 0.3763450528846154 0.24112492067307695 0.36170186538461535
0 0.22594338221153845 0.35796928846153847 0.2206136923076923 0.35796928846153847 0.2206136923076923 0.38151323557692307 0.22594338221153845 0.38151323557692307 0.22594338221153845 0.35796928846153847
0 0.12807090625 0.33988064663461537 0.1251638028846154 0.33988064663461537 0.1251638028846154 0.34763292067307694 0.12807090625 0.34763292067307694 0.12807090625 0.33988064663461537
0 0.1589185 0.33787079807692305 0.15455784615384616 0.33787079807692305 0.15455784615384616 0.35509807692307693 0.1589185 0.35509807692307693 0.1589185 0.33787079807692305
0 0.16182560336538462 0.32925715625 0.15794946634615387 0.32925715625 0.15794946634615387 0.3430389807692308 0.16182560336538462 0.3430389807692308 0.16182560336538462 0.32925715625
0 0.15310429326923078 0.3367223125 0.14955116826923076 0.3367223125 0.14955116826923076 0.35452383413461536 0.15310429326923078 0.35452383413461536 0.15310429326923078 0.3367223125
0 0.15068170913461537 0.3338510985576923 0.1463210528846154 0.3338510985576923 0.1463210528846154 0.3510783774038462 0.15068170913461537 0.3510783774038462 0.15068170913461537 0.3338510985576923
0 0.1445444903846154 0.3301185216346154 0.14002232932692307 0.3301185216346154 0.14002232932692307 0.3464844350961539 0.1445444903846154 0.3464844350961539 0.1445444903846154 0.3301185216346154
0 0.14002232932692307 0.33184125000000003 0.13517715865384614 0.33184125000000003 0.13517715865384614 0.3441874663461538 0.14002232932692307 0.3441874663461538 0.14002232932692307 0.33184125000000003
0 0.35805507451923074 0.3324154927884615 0.3546634543269231 0.3324154927884615 0.3546634543269231 0.3447617091346154 0.35805507451923074 0.3447617091346154 0.35805507451923074 0.3324154927884615
0 0.34820322596153847 0.3332768557692308 0.3451346153846154 0.3332768557692308 0.3451346153846154 0.33914229326923073 0.34820322596153847 0.33914229326923073 0.34820322596153847 0.3332768557692308
0 0.3417429951923077 0.3335639759615385 0.3396434206730769 0.3335639759615385 0.3396434206730769 0.341603375 0.3417429951923077 0.341603375 0.3417429951923077 0.3335639759615385
0 0.3377053509615384 0.3332768557692308 0.3338292139423077 0.3332768557692308 0.3338292139423077 0.33914229326923073 0.3377053509615384 0.33914229326923073 0.3377053509615384 0.3332768557692308
0 0.3843805096153846 0.3364351899038462 0.38050437259615383 0.3364351899038462 0.38050437259615383 0.34533595192307687 0.3843805096153846 0.34533595192307687 0.3843805096153846 0.3364351899038462
0 0.3877721298076923 0.3286829158653846 0.3848650264423077 0.3286829158653846 0.3848650264423077 0.33873216105769227 0.3877721298076923 0.33873216105769227 0.3877721298076923 0.3286829158653846
0 0.3901947163461538 0.3364351899038462 0.387610625 0.3364351899038462 0.387610625 0.3447617091346154 0.3901947163461538 0.3447617091346154 0.3901947163461538 0.3364351899038462
0 0.40359969230769227 0.3384450408653846 0.40198463701923076 0.3384450408653846 0.40198463701923076 0.34533595192307687 0.40359969230769227 0.34533595192307687 0.40359969230769227 0.3384450408653846
0 0.4086063701923077 0.3372965552884616 0.4048917379807693 0.3372965552884616 0.4048917379807693 0.34705867788461536 0.4086063701923077 0.34705867788461536 0.4086063701923077 0.3372965552884616
0 0.41361304807692306 0.33614806971153843 0.4102214278846154 0.33614806971153843 0.4102214278846154 0.34906852884615386 0.41361304807692306 0.34906852884615386 0.41361304807692306 0.33614806971153843
0 0.4389694495192308 0.33700943269230765 0.4347703004807692 0.33700943269230765 0.4347703004807692 0.3530882259615385 0.4389694495192308 0.3530882259615385 0.4389694495192308 0.33700943269230765
0 0.4439761274038462 0.3355738269230769 0.44026149519230773 0.3355738269230769 0.44026149519230773 0.3510783774038462 0.4439761274038462 0.3510783774038462 0.4439761274038462 0.3355738269230769
0 0.44720624278846155 0.33270261298076925 0.4444606442307692 0.33270261298076925 0.4444606442307692 0.3519397427884616 0.44720624278846155 0.3519397427884616 0.44720624278846155 0.33270261298076925
0 0.45075936778846154 0.33270261298076925 0.44720624278846155 0.33270261298076925 0.44720624278846155 0.3528011057692308 0.45075936778846154 0.3528011057692308 0.45075936778846154 0.33270261298076925
0 0.45818863221153844 0.34390034375 0.4531819543269231 0.34390034375 0.4531819543269231 0.35796928846153847 0.45818863221153844 0.35796928846153847 0.45818863221153844 0.34390034375
0 0.46836349278846157 0.3355738269230769 0.4638413341346154 0.3355738269230769 0.4638413341346154 0.35452383413461536 0.46836349278846157 0.35452383413461536 0.46836349278846157 0.3355738269230769
0 0.45818863221153844 0.33270261298076925 0.4536664711538462 0.33270261298076925 0.4536664711538462 0.34390034375 0.45818863221153844 0.34390034375 0.45818863221153844 0.33270261298076925
0 0.47853835576923076 0.349929891826923 0.47546974519230767 0.349929891826923 0.47546974519230767 0.36342459374999997 0.47853835576923076 0.36342459374999997 0.47853835576923076 0.349929891826923
0 0.4820914807692308 0.3367223125 0.47869986057692304 0.3367223125 0.47869986057692304 0.3622761081730769 0.4820914807692308 0.3622761081730769 0.4820914807692308 0.3367223125
0 0.486129125 0.33270261298076925 0.4820914807692308 0.33270261298076925 0.4820914807692308 0.36457307932692307 0.486129125 0.36457307932692307 0.486129125 0.33270261298076925
0 0.4956579639423077 0.34217761778846156 0.49145881490384613 0.34217761778846156 0.49145881490384613 0.3619889879807693 0.4956579639423077 0.3619889879807693 0.4956579639423077 0.34217761778846156
0 0.5053483076923077 0.33901928124999997 0.5003416298076924 0.33901928124999997 0.5003416298076924 0.3596920168269231 0.5053483076923077 0.3596920168269231 0.5053483076923077 0.33901928124999997
0 0.5119700432692308 0.341603375 0.5089014326923077 0.341603375 0.5089014326923077 0.35940489423076927 0.5119700432692308 0.35940489423076927 0.5119700432692308 0.341603375
0 0.5292511562500001 0.34361322355769236 0.5253750192307692 0.34361322355769236 0.5253750192307692 0.36600868509615386 0.5292511562500001 0.36600868509615386 0.5292511562500001 0.34361322355769236
0 0.5463707644230769 0.34102913221153847 0.5421716153846154 0.34102913221153847 0.5421716153846154 0.3622761081730769 0.5463707644230769 0.3622761081730769 0.5463707644230769 0.34102913221153847
0 0.52392146875 0.3430389807692308 0.5193993076923077 0.3430389807692308 0.5193993076923077 0.36486019951923077 0.52392146875 0.36486019951923077 0.52392146875 0.3430389807692308
0 0.5155231682692307 0.341603375 0.5119700432692308 0.341603375 0.5119700432692308 0.36399883653846155 0.5155231682692307 0.36399883653846155 0.5155231682692307 0.341603375
0 0.5174612379807693 0.33873216105769227 0.5155231682692307 0.33873216105769227 0.5155231682692307 0.36399883653846155 0.5174612379807693 0.36399883653846155 0.5174612379807693 0.33873216105769227
0 0.373559625 0.3028419975961538 0.3712985456730769 0.3028419975961538 0.3712985456730769 0.31289124278846153 0.373559625 0.31289124278846153 0.373559625 0.3028419975961538
0 0.36645337259615385 0.3014063918269231 0.3646768100961539 0.3014063918269231 0.3646768100961539 0.31002002884615387 0.36645337259615385 0.31002002884615387 0.36645337259615385 0.3014063918269231
0 0.36839144230769233 0.3039904831730769 0.36645337259615385 0.3039904831730769 0.36645337259615385 0.31002002884615387 0.36839144230769233 0.31002002884615387 0.36839144230769233 0.3039904831730769
0 0.3562785120192308 0.30341624038461534 0.3543404423076923 0.30341624038461534 0.3543404423076923 0.3108813942307692 0.3562785120192308 0.3108813942307692 0.3562785120192308 0.30341624038461534
0 0.3465881682692308 0.3016935120192308 0.3451346153846154 0.3016935120192308 0.3451346153846154 0.3117427572115385 0.3465881682692308 0.3117427572115385 0.3465881682692308 0.3016935120192308
0 0.3451346153846154 0.30083214903846156 0.3431965480769231 0.30083214903846156 0.3431965480769231 0.3117427572115385 0.3451346153846154 0.3117427572115385 0.3451346153846154 0.30083214903846156
0 0.3543404423076923 0.3019806322115385 0.3519178581730769 0.3019806322115385 0.3519178581730769 0.3108813942307692 0.3543404423076923 0.3108813942307692 0.3543404423076923 0.3019806322115385
0 0.3360902956730769 0.3039904831730769 0.3341522259615385 0.3039904831730769 0.3341522259615385 0.3097329086538462 0.3360902956730769 0.3097329086538462 0.3360902956730769 0.3039904831730769
0 0.3260769399038462 0.30341624038461534 0.32316983653846154 0.30341624038461534 0.32316983653846154 0.3134654855769231 0.3260769399038462 0.3134654855769231 0.3260769399038462 0.30341624038461534
0 0.3189706875 0.3031291177884615 0.31654810096153846 0.3031291177884615 0.31654810096153846 0.31289124278846153 0.3189706875 0.31289124278846153 0.3189706875 0.3031291177884615
0 0.31654810096153846 0.3037033605769231 0.31428701923076924 0.3037033605769231 0.31428701923076924 0.31289124278846153 0.31654810096153846 0.31289124278846153 0.31654810096153846 0.3037033605769231
0 0.30701926201923074 0.30686169471153846 0.30427366346153845 0.30686169471153846 0.30427366346153845 0.3151882139423077 0.30701926201923074 0.3151882139423077 0.30701926201923074 0.30686169471153846
0 0.29732891826923075 0.30456472596153844 0.29458331971153845 0.30456472596153844 0.29458331971153845 0.31461397115384615 0.29732891826923075 0.31461397115384615 0.29732891826923075 0.30456472596153844
0 0.2924837451923077 0.30801018028846155 0.2903841706730769 0.30801018028846155 0.2903841706730769 0.31719806250000004 0.2924837451923077 0.31719806250000004 0.2924837451923077 0.30801018028846155
0 0.2903841706730769 0.3074359375 0.28763857451923075 0.3074359375 0.28763857451923075 0.3151882139423077 0.2903841706730769 0.3151882139423077 0.2903841706730769 0.3074359375
0 0.2863465264423077 0.30686169471153846 0.2839239423076923 0.30686169471153846 0.2839239423076923 0.31547533413461537 0.2863465264423077 0.31547533413461537 0.2863465264423077 0.30686169471153846
0 0.27907876923076924 0.30686169471153846 0.27681768990384614 0.30686169471153846 0.27681768990384614 0.31547533413461537 0.27907876923076924 0.31547533413461537 0.27907876923076924 0.30686169471153846
0 0.2764946778846154 0.30686169471153846 0.27278004567307695 0.30686169471153846 0.27278004567307695 0.3194950336538461 0.2764946778846154 0.3194950336538461 0.2764946778846154 0.30686169471153846
0 0.27132649519230767 0.30686169471153846 0.26938842548076924 0.30686169471153846 0.26938842548076924 0.3140397283653846 0.27132649519230767 0.3140397283653846 0.27132649519230767 0.30686169471153846
0 0.2680963798076923 0.30686169471153846 0.26518927644230766 0.30686169471153846 0.26518927644230766 0.31633669951923077 0.2680963798076923 0.31633669951923077 0.2680963798076923 0.30686169471153846
0 0.23870233653846154 0.30801018028846155 0.23514920913461537 0.30801018028846155 0.23514920913461537 0.3183465480769231 0.23870233653846154 0.3183465480769231 0.23870233653846154 0.30801018028846155
0 0.24225546153846153 0.30801018028846155 0.23870233653846154 0.30801018028846155 0.23870233653846154 0.31547533413461537 0.24225546153846153 0.31547533413461537 0.24225546153846153 0.30801018028846155
0 0.24774665624999997 0.3077230600961538 0.24580858653846155 0.3077230600961538 0.24580858653846155 0.3160495769230769 0.24774665624999997 0.3160495769230769 0.24774665624999997 0.3077230600961538
1 0.2206136923076923 0.3459573894230769 0.1938542139423077 0.3459573894230769 0.1938542139423077 0.38151323557692307 0.2206136923076923 0.38151323557692307 0.2206136923076923 0.3459573894230769
0 0.19259117548076923 0.2880512019230769 0.19013628846153846 0.2880512019230769 0.19013628846153846 0.29540150721153846 0.19259117548076923 0.29540150721153846 0.19259117548076923 0.2880512019230769
0 0.18470969711538462 0.28919968509615385 0.18251321875 0.28919968509615385 0.18251321875 0.2958608990384616 0.18470969711538462 0.2958608990384616 0.18470969711538462 0.28919968509615385
0 0.17579457932692308 0.2917263533653846 0.1739857139423077 0.2917263533653846 0.1739857139423077 0.2956312043269231 0.17579457932692308 0.2956312043269231 0.17579457932692308 0.2917263533653846
0 0.17282287500000001 0.2917263533653846 0.17075560096153847 0.2917263533653846 0.17075560096153847 0.2965499927884615 0.17282287500000001 0.2965499927884615 0.17282287500000001 0.2917263533653846
0 0.15602627644230768 0.29218574759615384 0.15408820913461538 0.29218574759615384 0.15408820913461538 0.2976984759615385 0.15602627644230768 0.2976984759615385 0.15602627644230768 0.29218574759615384
1 0.688463733173077 0.29095957692307695 0.6857355096153845 0.29095957692307695 0.6857355096153845 0.29920487740384616 0.688463733173077 0.29920487740384616 0.688463733173077 0.29095957692307695
1 0.6810975288461538 0.2912020865384615 0.6787785360576923 0.2912020865384615 0.6787785360576923 0.30017491346153846 0.6810975288461538 0.30017491346153846 0.6810975288461538 0.2912020865384615
1 0.6730492668269231 0.2892620144230769 0.6699118076923077 0.2892620144230769 0.6699118076923077 0.2989623677884615 0.6730492668269231 0.2989623677884615 0.6730492668269231 0.2892620144230769
1 0.6591353221153846 0.29144459375 0.6557250408653845 0.29144459375 0.6557250408653845 0.30090243990384613 0.6591353221153846 0.30090243990384613 0.6591353221153846 0.29144459375
1 0.6063441802884616 0.28974703125 0.6032067211538462 0.28974703125 0.6032067211538462 0.30090243990384613 0.6063441802884616 0.30090243990384613 0.6063441802884616 0.28974703125
1 0.5761973004807692 0.28950452403846155 0.573605485576923 0.28950452403846155 0.573605485576923 0.30017491346153846 0.5761973004807692 0.30017491346153846 0.5761973004807692 0.28950452403846155
1 0.5146758389423077 0.29677978846153846 0.5131753149038462 0.29677978846153846 0.5131753149038462 0.3038125456730769 0.5146758389423077 0.3038125456730769 0.5146758389423077 0.29677978846153846
1 0.5131753149038462 0.2960522620192308 0.510992735576923 0.2960522620192308 0.510992735576923 0.3038125456730769 0.5131753149038462 0.3038125456730769 0.5131753149038462 0.2960522620192308
1 0.4992613701923077 0.2994473870192308 0.49680596875 0.2994473870192308 0.49680596875 0.30648014182692307 0.4992613701923077 0.30648014182692307 0.4992613701923077 0.2994473870192308
1 0.4864387163461539 0.2979923341346154 0.48480178124999995 0.2979923341346154 0.48480178124999995 0.3038125456730769 0.4864387163461539 0.3038125456730769 0.4864387163461539 0.2979923341346154
1 0.48480178124999995 0.2979923341346154 0.48261920192307695 0.2979923341346154 0.48261920192307695 0.3038125456730769 0.48480178124999995 0.3038125456730769 0.48480178124999995 0.2979923341346154
1 0.45247232211538463 0.29677978846153846 0.44933486538461537 0.29677978846153846 0.44933486538461537 0.3057526153846154 0.45247232211538463 0.3057526153846154 0.45247232211538463 0.29677978846153846
1 0.44674305048076923 0.3023574927884615 0.44496970432692307 0.3023574927884615 0.44496970432692307 0.31036028365384616 0.44674305048076923 0.31036028365384616 0.44674305048076923 0.3023574927884615
1 0.44496970432692307 0.3011449471153846 0.44224148076923075 0.3011449471153846 0.44224148076923075 0.3076926875 0.44496970432692307 0.3076926875 0.44496970432692307 0.3011449471153846
1 0.4415594254807692 0.3028425096153846 0.43937684615384615 0.3028425096153846 0.43937684615384615 0.3110878100961539 0.4415594254807692 0.3110878100961539 0.4415594254807692 0.3028425096153846
1 0.4306465264423077 0.30090243990384613 0.4280547139423077 0.30090243990384613 0.4280547139423077 0.3086627211538462 0.4306465264423077 0.3086627211538462 0.4306465264423077 0.30090243990384613
1 0.4280547139423077 0.30211498317307695 0.4251900793269231 0.30211498317307695 0.4251900793269231 0.3086627211538462 0.4280547139423077 0.3086627211538462 0.4280547139423077 0.30211498317307695
1 0.41877875000000003 0.3018724759615385 0.4163233485576923 0.3018724759615385 0.4163233485576923 0.31084530288461537 0.41877875000000003 0.31084530288461537 0.41877875000000003 0.3018724759615385
1 0.41468641346153845 0.30090243990384613 0.4126402451923077 0.30090243990384613 0.4126402451923077 0.3101177740384615 0.41468641346153845 0.3101177740384615 0.41468641346153845 0.30090243990384613
1 0.4110033125 0.30017491346153846 0.4078658533653846 0.30017491346153846 0.4078658533653846 0.3110878100961539 0.4110033125 0.3110878100961539 0.4110033125 0.30017491346153846
1 0.4063653293269231 0.3028425096153846 0.4039099278846154 0.3028425096153846 0.4039099278846154 0.31181533653846155 0.4063653293269231 0.31181533653846155 0.4063653293269231 0.3028425096153846
1 0.40322787259615384 0.3047825817307692 0.4014545264423077 0.3047825817307692 0.4014545264423077 0.31375540625 0.40322787259615384 0.31375540625 0.40322787259615384 0.3047825817307692
1 0.39722577884615384 0.29144459375 0.3946339639423077 0.29144459375 0.3946339639423077 0.30260000000000004 0.39722577884615384 0.30260000000000004 0.39722577884615384 0.29144459375
1 0.3946339639423077 0.29338466586538464 0.3927242067307692 0.29338466586538464 0.3927242067307692 0.30260000000000004 0.3946339639423077 0.30260000000000004 0.3946339639423077 0.29338466586538464
1 0.38781340384615387 0.30551010817307694 0.38549441346153845 0.30551010817307694 0.38549441346153845 0.3139979158653846 0.38781340384615387 0.3139979158653846 0.38781340384615387 0.30551010817307694
1 0.38549441346153845 0.30454007211538464 0.3831754230769231 0.30454007211538464 0.3831754230769231 0.3139979158653846 0.38549441346153845 0.3139979158653846 0.38549441346153845 0.30454007211538464
1 0.3817712043269231 0.3025325769230769 0.379588625 0.3025325769230769 0.379588625 0.31203892307692305 0.3817712043269231 0.31203892307692305 0.3817712043269231 0.3025325769230769
1 0.2347089951923077 0.2874227091346154 0.23338198798076923 0.2874227091346154 0.23338198798076923 0.29301011298076923 0.2347089951923077 0.29301011298076923 0.2347089951923077 0.2874227091346154
1 0.23184545192307693 0.28705021634615385 0.2292612764423077 0.28705021634615385 0.2292612764423077 0.2926376201923077 0.23184545192307693 0.2926376201923077 0.23184545192307693 0.28705021634615385
1 0.21382607451923075 0.2890368485576923 0.21228953846153847 0.2890368485576923 0.21228953846153847 0.2952450769230769 0.21382607451923075 0.2952450769230769 0.21382607451923075 0.2890368485576923
1 0.21173079807692308 0.28878851923076926 0.21047363221153845 0.28878851923076926 0.21047363221153845 0.29437592307692306 0.21173079807692308 0.29437592307692306 0.21173079807692308 0.28878851923076926
1 0.2085180408653846 0.2889126850961538 0.2070513485576923 0.2889126850961538 0.2070513485576923 0.29412759374999997 0.2085180408653846 0.29412759374999997 0.2085180408653846 0.2889126850961538
0 0.34930027163461536 0.3106771177884615 0.34930027163461536 0.30562191826923074 0.34930027163461536 0.30309431971153844 0.3473097860576923 0.30309431971153844 0.3473097860576923 0.30928693749999997 0.3473097860576923 0.3106771177884615 0.34930027163461536 0.3106771177884615
0 0.3519178581730769 0.3038525985576923 0.35043768990384616 0.3038525985576923 0.35043768990384616 0.3108813942307692 0.3519178581730769 0.3108813942307692 0.3519178581730769 0.3038525985576923
0 0.01819085096153846 0.3026208966346154 0.016555810096153846 0.3026208966346154 0.016555810096153846 0.30818161298076924 0.01819085096153846 0.30818161298076924 0.01819085096153846 0.3026208966346154
0 0.01641363221153846 0.3033791754807692 0.014778591346153846 0.3033791754807692 0.014778591346153846 0.3095717932692308 0.01641363221153846 0.3095717932692308 0.01641363221153846 0.3033791754807692
0 0.014280971153846153 0.3016098557692308 0.01243266346153846 0.3016098557692308 0.01243266346153846 0.31007731250000004 0.014280971153846153 0.31007731250000004 0.014280971153846153 0.3016098557692308
0 0.011863954326923078 0.30388469471153845 0.010371091346153846 0.30388469471153845 0.010371091346153846 0.3095717932692308 0.011863954326923078 0.3095717932692308 0.011863954326923078 0.30388469471153845
0 0.9978715096153846 0.7031028605769231 0.9674187572115385 0.7031028605769231 0.9674187572115385 0.8285842572115385 0.9978715096153846 0.8285842572115385 0.9978715096153846 0.7031028605769231
0 0.3336481033653846 0.3030449495192308 0.3317213557692308 0.3030449495192308 0.3317213557692308 0.3122432980769231 0.3336481033653846 0.3122432980769231 0.3336481033653846 0.3030449495192308
1 0.1710784951923077 0.2999945889423077 0.17619303125 0.2999945889423077 0.17619303125 0.2965499927884615 0.1710784951923077 0.2965499927884615 0.1710784951923077 0.2999945889423077
0 0.1529475985576923 0.29282642067307696 0.15111650240384616 0.29282642067307696 0.15111650240384616 0.29723908173076924 0.1529475985576923 0.29723908173076924 0.1529475985576923 0.29282642067307696
1 0.15605961778846153 0.2977334903846154 0.14975439663461537 0.2977334903846154 0.14975439663461537 0.3008074639423077 0.15605961778846153 0.3008074639423077 0.15605961778846153 0.2977334903846154
1 0.1605671201923077 0.30158678846153847 0.1628255264423077 0.30158678846153847 0.1628255264423077 0.29723908173076924 0.1605671201923077 0.29723908173076924 0.1605671201923077 0.30158678846153847
1 0.20698836298076922 0.2985227908653846 0.21455333173076924 0.2985227908653846 0.21455333173076924 0.2944093221153846 0.20698836298076922 0.2944093221153846 0.20698836298076922 0.2985227908653846
0 0.28938691346153844 0.3214074302884615 0.28630026442307693 0.3214074302884615 0.28630026442307693 0.3325325240384615 0.28938691346153844 0.3325325240384615 0.28938691346153844 0.3214074302884615
1 0.3287099855769231 0.31990404086538465 0.2904017043269231 0.31990404086538465 0.2904017043269231 0.32960091346153847 0.3287099855769231 0.32960091346153847 0.3287099855769231 0.31990404086538465
1 0.37610908413461536 0.3168220889423077 0.3444814951923077 0.3168220889423077 0.3444814951923077 0.32636862259615385 0.37610908413461536 0.32636862259615385 0.37610908413461536 0.3168220889423077
1 0.3830857596153846 0.32373768750000004 0.38858253125 0.32373768750000004 0.38858253125 0.3153938677884615 0.3830857596153846 0.3153938677884615 0.3830857596153846 0.32373768750000004
1 0.4199987067307692 0.3114850504807692 0.40169022355769235 0.3114850504807692 0.40169022355769235 0.32095641346153847 0.4199987067307692 0.32095641346153847 0.4199987067307692 0.3114850504807692
1 0.4303580096153846 0.3100568293269231 0.4247343870192308 0.3100568293269231 0.4247343870192308 0.3186261586538462 0.4303580096153846 0.3186261586538462 0.4303580096153846 0.3100568293269231
1 0.44718659374999997 0.3118608990384616 0.43911056490384615 0.3118608990384616 0.43911056490384615 0.3205805673076923 0.44718659374999997 0.3205805673076923 0.44718659374999997 0.3118608990384616
1 0.44933486538461537 0.3116353894230769 0.4525142355769231 0.3116353894230769 0.4525142355769231 0.3057526153846154 0.44933486538461537 0.3057526153846154 0.44933486538461537 0.3116353894230769
1 0.4867527908653846 0.3045882451923077 0.48273591826923073 0.3045882451923077 0.48273591826923073 0.31370255288461535 0.4867527908653846 0.31370255288461535 0.4867527908653846 0.3045882451923077
1 0.4994905048076923 0.3077829519230769 0.4970063870192308 0.3077829519230769 0.4970063870192308 0.31605160096153845 0.4994905048076923 0.31605160096153845 0.4994905048076923 0.3077829519230769
1 0.68908609375 0.29969346634615385 0.67866759375 0.29969346634615385 0.67866759375 0.3076915072115385 0.68908609375 0.3076915072115385 0.68908609375 0.29969346634615385
1 0.67054928125 0.3043840456730769 0.6726465120192308 0.3043840456730769 0.6726465120192308 0.2981299399038461 0.67054928125 0.2981299399038461 0.67054928125 0.3043840456730769
1 0.019315771634615383 0.31184561778846154 0.009463862980769231 0.31184561778846154 0.009463862980769231 0.3179343509615385 0.019315771634615383 0.3179343509615385 0.019315771634615383 0.31184561778846154
0 0.373559625 0.3117529591346154 0.3763346418269231 0.3117529591346154 0.3763346418269231 0.30424803125 0.373559625 0.30424803125 0.373559625 0.3117529591346154
1 0.3712985456730769 0.3029009927884615 0.36888744471153845 0.3029009927884615 0.36888744471153845 0.3105983557692307 0.3712985456730769 0.3105983557692307 0.3712985456730769 0.3029009927884615
0 0.3974859038461539 0.3358680528846154 0.3944767163461539 0.3358680528846154 0.3944767163461539 0.3452973221153846 0.3974859038461539 0.3452973221153846 0.3974859038461539 0.3358680528846154
0 0.4012960985576923 0.3358680528846154 0.3977889879807692 0.3358680528846154 0.3977889879807692 0.3452588341346154 0.4012960985576923 0.3452588341346154 0.4012960985576923 0.3358680528846154
0 0.235429375 0.3064299663461539 0.23248513221153846 0.3064299663461539 0.23248513221153846 0.3183465480769231 0.235429375 0.3183465480769231 0.235429375 0.3064299663461539
0 0.1627297764423077 0.2924887908653846 0.16058221153846153 0.2924887908653846 0.16058221153846153 0.29686089182692305 0.1627297764423077 0.29686089182692305 0.1627297764423077 0.2924887908653846
0 0.15134918990384616 0.28544690625 0.14951336778846153 0.28544690625 0.14951336778846153 0.28889532692307696 0.15134918990384616 0.28889532692307696 0.15134918990384616 0.28544690625
0 0.15111650240384616 0.2929903221153846 0.14961728125 0.2929903221153846 0.14961728125 0.2970237403846154 0.15111650240384616 0.2970237403846154 0.15111650240384616 0.2929903221153846
0 0.3013665625 0.30451798557692306 0.2991001105769231 0.30451798557692306 0.2991001105769231 0.3134781947115384 0.3013665625 0.3134781947115384 0.3013665625 0.30451798557692306
0 0.29967515865384614 0.3065625961538462 0.2977132331730769 0.3065625961538462 0.2977132331730769 0.3151619927884616 0.29967515865384614 0.3151619927884616 0.29967515865384614 0.3065625961538462
0 0.3034160216346154 0.30721677644230766 0.30167026201923075 0.30721677644230766 0.30167026201923075 0.31403971875000003 0.3034160216346154 0.31403971875000003 0.3034160216346154 0.30721677644230766
0 0.3090412548076923 0.30694582932692305 0.3074617548076923 0.30694582932692305 0.3074617548076923 0.3147786658653846 0.3090412548076923 0.3147786658653846 0.3090412548076923 0.30694582932692305
0 0.31181230528846154 0.3043348846153846 0.3095261875 0.3043348846153846 0.3095261875 0.31423676923076926 0.31181230528846154 0.31423676923076926 0.31181230528846154 0.3043348846153846
0 0.3140984206730769 0.3045811995192308 0.31196471153846156 0.3045811995192308 0.31196471153846156 0.31374413942307694 0.3140984206730769 0.31374413942307694 0.3140984206730769 0.3045811995192308
0 0.3315268677884615 0.3043032283653846 0.3295732764423077 0.3043032283653846 0.3295732764423077 0.31277648557692306 0.3315268677884615 0.31277648557692306 0.3315268677884615 0.3043032283653846
0 0.32882509134615384 0.3044510192307692 0.32619259375000004 0.3044510192307692 0.32619259375000004 0.3137371153846154 0.32882509134615384 0.3137371153846154 0.32882509134615384 0.3044510192307692