1 0 0 0 0.06047216346153846 0.10709517548076922 0.06047216346153846 0.10709517548076922 0 0 0
1 0.044630937499999995 0.6835251225961538 0.022220103365384616 0.6835251225961538 0.022220103365384616 0.7293004423076923 0.044630937499999995 0.7293004423076923 0.044630937499999995 0.6835251225961538
1 0.0865916466346154 0.6445313317307693 0.043677283653846155 0.6445313317307693 0.043677283653846155 0.7988111129807692 0.0865916466346154 0.7988111129807692 0.0865916466346154 0.6445313317307693
1 0.13570474999999999 0.6589420817307693 0.11281708894230769 0.6589420817307693 0.11281708894230769 0.7038697091346153 0.13570474999999999 0.7038697091346153 0.13570474999999999 0.6589420817307693
1 0.09803547596153847 0.5843452644230769 0.08468434134615385 0.5843452644230769 0.08468434134615385 0.6140144519230769 0.09803547596153847 0.6140144519230769 0.09803547596153847 0.5843452644230769
1 0.1304596610576923 0.5911267932692308 0.11567804807692307 0.5911267932692308 0.11567804807692307 0.6157098341346153 0.1304596610576923 0.6157098341346153 0.1304596610576923 0.5911267932692308
1 0.5886896802884615 0.642835951923077 0.5462521466346154 0.642835951923077 0.5462521466346154 0.8818848413461539 0.5886896802884615 0.8818848413461539 0.5886896802884615 0.642835951923077
1 0.5543581923076923 0.6097759975961539 0.5090596995192308 0.6097759975961539 0.5090596995192308 0.834414139423077 0.5543581923076923 0.834414139423077 0.5543581923076923 0.6097759975961539
1 0.6156502764423077 0.6253560432692308 0.6070254735576923 0.6253560432692308 0.6070254735576923 0.6491332788461539 0.6156502764423077 0.6491332788461539 0.6156502764423077 0.6253560432692308
1 0.49990292548076926 0.5593575552884615 0.4942780552884616 0.5593575552884615 0.4942780552884616 0.5686906754807692 0.49990292548076926 0.5686906754807692 0.49990292548076926 0.5593575552884615
1 0.4608999423076923 0.6340125841346154 0.4372004855769231 0.6340125841346154 0.4372004855769231 0.7310770288461538 0.4608999423076923 0.7310770288461538 0.4608999423076923 0.6340125841346154
1 0.4278006995192308 0.640056891826923 0.3995013485576923 0.640056891826923 0.3995013485576923 0.7102775048076923 0.4278006995192308 0.7102775048076923 0.4278006995192308 0.640056891826923
1 0.38970157211538464 0.6288571466346154 0.3770018629807692 0.6288571466346154 0.3770018629807692 0.6542787884615385 0.38970157211538464 0.6542787884615385 0.38970157211538464 0.6288571466346154
1 0.4069011778846154 0.6173018557692308 0.39940135096153845 0.6173018557692308 0.39940135096153845 0.634190358173077 0.4069011778846154 0.634190358173077 0.4069011778846154 0.6173018557692308
1 0.4178009302884615 0.6155241201923077 0.40890113221153845 0.6155241201923077 0.40890113221153845 0.6372125120192307 0.4178009302884615 0.6372125120192307 0.4178009302884615 0.6155241201923077
1 0.44387033173076923 0.6423768389423077 0.43787046874999996 0.6423768389423077 0.43787046874999996 0.6600119903846154 0.44387033173076923 0.6600119903846154 0.44387033173076923 0.6423768389423077
1 0.43596658894230766 0.5922930048076923 0.42191599278846154 0.5922930048076923 0.42191599278846154 0.6124252019230769 0.43596658894230766 0.6124252019230769 0.43596658894230766 0.5922930048076923
1 0.3079768629807692 0.5984325192307692 0.2919772283653846 0.5984325192307692 0.2919772283653846 0.62243196875 0.3079768629807692 0.62243196875 0.3079768629807692 0.5984325192307692
1 0.3197765913461538 0.5996769350961538 0.3107767980769231 0.5996769350961538 0.3107767980769231 0.6268763100961539 0.3197765913461538 0.6268763100961539 0.3197765913461538 0.5996769350961538
1 0.34337605288461537 0.5824328846153846 0.3299763581730769 0.5824328846153846 0.3299763581730769 0.6066101081730769 0.34337605288461537 0.6066101081730769 0.34337605288461537 0.5824328846153846
1 0.36697551201923073 0.5875883221153846 0.3531758269230769 0.5875883221153846 0.3531758269230769 0.6146099254807692 0.36697551201923073 0.6146099254807692 0.36697551201923073 0.5875883221153846
1 0.38537509134615383 0.58634390625 0.36967544951923076 0.58634390625 0.36967544951923076 0.61141 0.38537509134615383 0.61141 0.38537509134615383 0.58634390625
1 0.13479065625 0.5536852259615385 0.1267908389423077 0.5536852259615385 0.1267908389423077 0.5666555961538461 0.13479065625 0.5666555961538461 0.13479065625 0.5536852259615385
1 0.14432643990384617 0.5525474735576923 0.13715860336538463 0.5525474735576923 0.13715860336538463 0.56438009375 0.14432643990384617 0.56438009375 0.14432643990384617 0.5525474735576923
1 0.19206934615384613 0.54856534375 0.18528550240384614 0.54856534375 0.18528550240384614 0.5613081634615384 0.19206934615384613 0.5613081634615384 0.19206934615384613 0.54856534375
1 0.268299 0.5147616538461539 0.26213875721153845 0.5147616538461539 0.26213875721153845 0.5265520408653847 0.268299 0.5265520408653847 0.268299 0.5147616538461539
1 0.28596771153846157 0.5155688942307692 0.2694055889423077 0.5155688942307692 0.2694055889423077 0.5272352932692308 0.28596771153846157 0.5272352932692308 0.28596771153846157 0.5155688942307692
0 0.8398898509615385 0.6297102860576923 0.8243382067307692 0.6297102860576923 0.8243382067307692 0.6677111947115384 0.8398898509615385 0.6677111947115384 0.8398898509615385 0.6297102860576923
0 0.8582094302884615 0.6277761081730768 0.84020984375 0.6277761081730768 0.84020984375 0.65934871875 0.8582094302884615 0.65934871875 0.8582094302884615 0.6277761081730768
1 0.8860254110576923 0.5914432932692308 0.8801855432692308 0.5914432932692308 0.8801855432692308 0.6009719639423077 0.8860254110576923 0.6009719639423077 0.8860254110576923 0.5914432932692308
1 0.8471463004807693 0.5910166370192308 0.8415464278846153 0.5910166370192308 0.8415464278846153 0.5994075552884616 0.8471463004807693 0.5994075552884616 0.8471463004807693 0.5910166370192308
1 0.024833038461538462 0.5110180745192308 0.02004901923076923 0.5110180745192308 0.02004901923076923 0.5182996850961539 0.024833038461538462 0.5182996850961539 0.024833038461538462 0.5110180745192308
1 0.042756723557692305 0.5117171081730769 0.04033194711538461 0.5117171081730769 0.04033194711538461 0.51771715625 0.042756723557692305 0.51771715625 0.042756723557692305 0.5117171081730769
1 0.047606276442307686 0.5079889254807692 0.042920560096153845 0.5079889254807692 0.042920560096153845 0.5130569254807692 0.047606276442307686 0.5130569254807692 0.047606276442307686 0.5079889254807692
1 0.589759951923077 0.60160971875 0.5832001009615385 0.60160971875 0.5832001009615385 0.6183915576923076 0.589759951923077 0.6183915576923076 0.589759951923077 0.60160971875
1 0.5996797235576923 0.5962053990384615 0.59175990625 0.5962053990384615 0.59175990625 0.6148360841346154 0.5996797235576923 0.6148360841346154 0.5996797235576923 0.5962053990384615
1 0.7954904254807692 0.5989736105769231 0.7999447235576922 0.5989736105769231 0.7999447235576922 0.5888703750000001 0.7954904254807692 0.5888703750000001 0.7954904254807692 0.5989736105769231
1 0.21074081971153846 0.5153453870192307 0.2084340048076923 0.5153453870192307 0.2084340048076923 0.5199590168269231 0.21074081971153846 0.5199590168269231 0.21074081971153846 0.5153453870192307
1 0.2067301081730769 0.5201920288461538 0.20334852644230766 0.5201920288461538 0.20334852644230766 0.52583090625 0.2067301081730769 0.52583090625 0.2067301081730769 0.5201920288461538