0 0.7348924278846154 0.5617246153846154 0.7321513509615385 0.5617246153846154 0.7321513509615385 0.5690341514423077 0.7348924278846154 0.5690341514423077 0.7348924278846154 0.5617246153846154
0 0.724306204326923 0.5596241754807691 0.7218959471153846 0.5596241754807691 0.7218959471153846 0.568530045673077 0.724306204326923 0.568530045673077 0.724306204326923 0.5596241754807691
0 0.7462348100961538 0.5597922091346154 0.7433992139423077 0.5597922091346154 0.7433992139423077 0.5671857620192308 0.7462348100961538 0.5671857620192308 0.7462348100961538 0.5597922091346154
0 0.747510829326923 0.5532388341346154 0.7445807115384616 0.5532388341346154 0.7445807115384616 0.5643291634615385 0.747510829326923 0.5643291634615385 0.747510829326923 0.5532388341346154
0 0.7604600480769231 0.5576917692307692 0.7583333509615385 0.5576917692307692 0.7583333509615385 0.5692021875 0.7604600480769231 0.5692021875 0.7604600480769231 0.5576917692307692
0 0.7608381274038462 0.54971009375 0.7584278701923076 0.54971009375 0.7584278701923076 0.5551712403846154 0.7608381274038462 0.5551712403846154 0.7608381274038462 0.54971009375
0 0.7564429543269231 0.5592881057692307 0.7540326971153846 0.5592881057692307 0.7540326971153846 0.5662615697115384 0.7564429543269231 0.5662615697115384 0.7564429543269231 0.5592881057692307
0 0.7456328822115386 0.5851035649038462 0.7416453269230769 0.5851035649038462 0.7416453269230769 0.599150264423077 0.7456328822115386 0.599150264423077 0.7456328822115386 0.5851035649038462
0 0.751540375 0.5856286754807692 0.7487343173076924 0.5856286754807692 0.7487343173076924 0.5977062115384615 0.751540375 0.5977062115384615 0.751540375 0.5856286754807692
0 0.751540375 0.5983625985576922 0.7550110240384615 0.5983625985576922 0.7550110240384615 0.5856286754807692 0.751540375 0.5856286754807692 0.751540375 0.5983625985576922
0 0.7748751899038461 0.5732860745192307 0.770763576923077 0.5732860745192307 0.770763576923077 0.5871489855769231 0.7748751899038461 0.5871489855769231 0.7748751899038461 0.5732860745192307
0 0.769582079326923 0.5569866514423076 0.7670773028846154 0.5569866514423076 0.7670773028846154 0.5659765408653846 0.769582079326923 0.5659765408653846 0.769582079326923 0.5569866514423076
0 0.762271326923077 0.5359943149038462 0.7603218557692308 0.5359943149038462 0.7603218557692308 0.5401951971153847 0.762271326923077 0.5401951971153847 0.762271326923077 0.5359943149038462
0 0.7999342163461538 0.5780441706730769 0.7969804711538462 0.5780441706730769 0.7969804711538462 0.5878899879807692 0.7999342163461538 0.5878899879807692 0.7999342163461538 0.5780441706730769
0 0.794672858173077 0.5808338197115385 0.7907960673076923 0.5808338197115385 0.7907960673076923 0.5908437331730769 0.794672858173077 0.5908437331730769 0.794672858173077 0.5808338197115385
0 0.794672858173077 0.5511322668269231 0.7925498533653846 0.5511322668269231 0.7925498533653846 0.5626190552884616 0.794672858173077 0.5626190552884616 0.794672858173077 0.5511322668269231
0 0.8401789975961538 0.5655728004807693 0.8370406418269231 0.5655728004807693 0.8370406418269231 0.5744340360576923 0.8401789975961538 0.5744340360576923 0.8401789975961538 0.5655728004807693
0 0.8816661033653846 0.6174758365384616 0.8788046610576923 0.6174758365384616 0.8788046610576923 0.6324086610576922 0.8816661033653846 0.6324086610576922 0.8816661033653846 0.6174758365384616
0 0.8788046610576923 0.6120606370192307 0.873635608173077 0.6120606370192307 0.873635608173077 0.6324086610576922 0.8788046610576923 0.6324086610576922 0.8788046610576923 0.6120606370192307
0 0.8498210360576923 0.6150143822115385 0.8462211586538462 0.6150143822115385 0.8462211586538462 0.6291267211538462 0.8498210360576923 0.6291267211538462 0.8498210360576923 0.6150143822115385
0 0.8167760096153847 0.6251883942307692 0.8129915240384615 0.6251883942307692 0.8129915240384615 0.6368392788461539 0.8167760096153847 0.6368392788461539 0.8167760096153847 0.6251883942307692
0 0.8013027572115384 0.5517869375 0.7972413581730768 0.5517869375 0.7972413581730768 0.5616327548076924 0.8013027572115384 0.5616327548076924 0.8013027572115384 0.5517869375
0 0.7918507716346154 0.5955023701923077 0.7888970264423077 0.5955023701923077 0.7888970264423077 0.6066609639423077 0.7918507716346154 0.6066609639423077 0.7918507716346154 0.5955023701923077
0 0.7720310048076923 0.5927820649038462 0.76953878125 0.5927820649038462 0.76953878125 0.6018073966346154 0.7720310048076923 0.6018073966346154 0.7720310048076923 0.5927820649038462
0 0.7727867475961538 0.5376352283653846 0.7701099158653846 0.5376352283653846 0.7701099158653846 0.5440350096153846 0.7727867475961538 0.5440350096153846 0.7727867475961538 0.5376352283653846
0 0.9005905 0.6401839927884615 0.8939445745192308 0.6401839927884615 0.8939445745192308 0.6609258509615384 0.9005905 0.6609258509615384 0.9005905 0.6401839927884615
0 0.8111237596153846 0.6613238942307693 0.8056431778846154 0.6613238942307693 0.8056431778846154 0.6874768485576923 0.8111237596153846 0.6874768485576923 0.8111237596153846 0.6613238942307693
0 0.8101141802884615 0.6869640456730769 0.8158832139423077 0.6869640456730769 0.8158832139423077 0.6613238942307693 0.8101141802884615 0.6613238942307693 0.8101141802884615 0.6869640456730769
0 0.9522407259615384 0.6192902932692307 0.9498777283653846 0.6192902932692307 0.9498777283653846 0.63202421875 0.9522407259615384 0.63202421875 0.9522407259615384 0.6192902932692307
0 0.9628003653846153 0.6157457980769231 0.9587389639423077 0.6157457980769231 0.9587389639423077 0.6338621033653846 0.9628003653846153 0.6338621033653846 0.9628003653846153 0.6157457980769231
1 0.6093475048076923 0.7511152548076924 0.6010545168269231 0.7511152548076924 0.6010545168269231 0.7902164831730769 0.6093475048076923 0.7902164831730769 0.6093475048076923 0.7511152548076924
1 0.5758149951923077 0.7655378389423078 0.5675220072115384 0.7655378389423078 0.5675220072115384 0.7953445144230769 0.5758149951923077 0.7953445144230769 0.5758149951923077 0.7655378389423078
1 0.7344634278846154 0.7924599951923077 0.7191394302884616 0.7924599951923077 0.7191394302884616 0.8030365600961538 0.7344634278846154 0.8030365600961538 0.7344634278846154 0.7924599951923077
0 0.7315150432692307 0.5228018870192307 0.7292074302884616 0.5228018870192307 0.7292074302884616 0.5273145528846154 0.7315150432692307 0.5273145528846154 0.7315150432692307 0.5228018870192307
1 0.9197529014423077 0.04010703605769231 0.8296117451923077 0.04010703605769231 0.8296117451923077 0.0771650673076923 0.9197529014423077 0.0771650673076923 0.9197529014423077 0.04010703605769231
1 0.9811615625 0.033596841346153844 0.9310205456730769 0.033596841346153844 0.9310205456730769 0.08067055528846154 0.9811615625 0.08067055528846154 0.9811615625 0.033596841346153844
0 0.8035227692307692 0.5941856490384615 0.7985752451923077 0.5941856490384615 0.7985752451923077 0.6091512908653847 0.8035227692307692 0.6091512908653847 0.8035227692307692 0.5941856490384615
0 0.8343790240384615 0.5757491490384615 0.8309637548076924 0.5757491490384615 0.8309637548076924 0.5859231610576923 0.8343790240384615 0.5859231610576923 0.8343790240384615 0.5757491490384615
0 0.8079668870192307 0.5789740240384615 0.8040088677884616 0.5789740240384615 0.8040088677884616 0.5907364927884615 0.8079668870192307 0.5907364927884615 0.8079668870192307 0.5789740240384615
0 0.8139925264423076 0.5789740240384615 0.8095028341346153 0.5789740240384615 0.8095028341346153 0.5902113822115385 0.8139925264423076 0.5902113822115385 0.8139925264423076 0.5789740240384615
0 0.8115113798076923 0.5613303173076922 0.8061946394230769 0.5613303173076922 0.8061946394230769 0.5709923461538462 0.8115113798076923 0.5709923461538462 0.8115113798076923 0.5613303173076922
0 0.8209490576923077 0.5598315384615384 0.8160753798076923 0.5598315384615384 0.8160753798076923 0.5702024663461539 0.8209490576923077 0.5702024663461539 0.8209490576923077 0.5598315384615384
0 0.8209490576923077 0.5738946274038461 0.8256523677884615 0.5738946274038461 0.8256523677884615 0.563392423076923 0.8209490576923077 0.563392423076923 0.8209490576923077 0.5738946274038461