0 0.6794840745192308 0.3528305673076923 0.675183375 0.3528305673076923 0.675183375 0.3699423533653846 0.6794840745192308 0.3699423533653846 0.6794840745192308 0.3528305673076923
0 0.7171152139423077 0.3679399110576923 0.7124561201923078 0.3679399110576923 0.7124561201923078 0.38477863701923076 0.7171152139423077 0.38477863701923076 0.7171152139423077 0.3679399110576923
0 0.7215695120192307 0.41363201923076925 0.7173200096153847 0.41363201923076925 0.7173200096153847 0.4274670817307692 0.7215695120192307 0.4274670817307692 0.7215695120192307 0.41363201923076925
0 0.7323508365384614 0.3107798557692308 0.7292261514423076 0.3107798557692308 0.7292261514423076 0.3250215216346154 0.7323508365384614 0.3250215216346154 0.7323508365384614 0.3107798557692308
0 0.7402359495192308 0.31596203125 0.7362724230769231 0.31596203125 0.7362724230769231 0.3290106802884616 0.7402359495192308 0.3290106802884616 0.7402359495192308 0.31596203125
0 0.7604463990384616 0.2996844471153846 0.7571916923076922 0.2996844471153846 0.7571916923076922 0.3114058605769231 0.7604463990384616 0.3114058605769231 0.7604463990384616 0.2996844471153846
0 0.7688283269230769 0.27138752403846156 0.766043110576923 0.27138752403846156 0.766043110576923 0.28274683653846155 0.7688283269230769 0.28274683653846155 0.7688283269230769 0.27138752403846156
0 0.7657701394230769 0.2283657451923077 0.76390240625 0.2283657451923077 0.76390240625 0.2383269903846154 0.7657701394230769 0.2383269903846154 0.7657701394230769 0.2283657451923077
0 0.7632798293269231 0.22784146875 0.7612482596153847 0.22784146875 0.7612482596153847 0.23815223076923075 0.7632798293269231 0.23815223076923075 0.7632798293269231 0.22784146875
0 0.7589545504807693 0.22516183653846153 0.75695575 0.22516183653846153 0.75695575 0.23535609375 0.7589545504807693 0.23535609375 0.7589545504807693 0.22516183653846153
0 0.7563004038461538 0.22487057211538464 0.7540066971153846 0.22487057211538464 0.7540066971153846 0.2364628966346154 0.7563004038461538 0.2364628966346154 0.7563004038461538 0.22487057211538464
0 0.7524338677884616 0.2209676298076923 0.7495175841346153 0.2209676298076923 0.7495175841346153 0.23232694230769232 0.7524338677884616 0.23232694230769232 0.7524338677884616 0.2209676298076923
0 0.7485673317307693 0.21939480048076923 0.7457821177884616 0.21939480048076923 0.7457821177884616 0.23122013701923078 0.7485673317307693 0.23122013701923078 0.7485673317307693 0.21939480048076923
0 0.7482150384615385 0.1296301033653846 0.7499762788461539 0.1296301033653846 0.7499762788461539 0.12234849278846155 0.7482150384615385 0.12234849278846155 0.7482150384615385 0.1296301033653846
0 0.7471091442307691 0.07472675480769231 0.7447335192307692 0.07472675480769231 0.7447335192307692 0.08339187259615384 0.7471091442307691 0.08339187259615384 0.7471091442307691 0.07472675480769231
0 0.7443239278846154 0.07625589423076923 0.7429722788461538 0.07625589423076923 0.7429722788461538 0.08346468990384616 0.7443239278846154 0.08346468990384616 0.7443239278846154 0.07625589423076923
0 0.7428903605769231 0.07115876682692307 0.7412519975961539 0.07115876682692307 0.7412519975961539 0.07851319471153848 0.7428903605769231 0.07851319471153848 0.7428903605769231 0.07115876682692307
0 0.736418829326923 0.0688286514423077 0.7343299158653847 0.0688286514423077 0.7343299158653847 0.07734813701923077 0.736418829326923 0.07734813701923077 0.736418829326923 0.0688286514423077
0 0.7463548870192308 0.043293158653846156 0.7440939447115384 0.043293158653846156 0.7440939447115384 0.04871067788461539 0.7463548870192308 0.04871067788461539 0.7463548870192308 0.043293158653846156
0 0.7587400096153847 0.034079872596153846 0.7573965528846155 0.034079872596153846 0.7573965528846155 0.03984690865384615 0.7587400096153847 0.03984690865384615 0.7587400096153847 0.034079872596153846
0 0.7526329038461538 0.04225436538461538 0.7505439903846154 0.04225436538461538 0.7505439903846154 0.04924471153846154 0.7526329038461538 0.04924471153846154 0.7526329038461538 0.04225436538461538
0 0.7607091225961539 0.03495854326923077 0.7593001298076923 0.03495854326923077 0.7593001298076923 0.03862847596153846 0.7607091225961539 0.03862847596153846 0.7607091225961539 0.03495854326923077
0 0.7566787500000001 0.035308060096153844 0.7550731538461538 0.035308060096153844 0.7550731538461538 0.04008479807692308 0.7566787500000001 0.04008479807692308 0.7566787500000001 0.035308060096153844
0 0.7448127451923077 0.13732365384615386 0.7465114014423077 0.13732365384615386 0.7465114014423077 0.13087389423076923 0.7448127451923077 0.13087389423076923 0.7448127451923077 0.13732365384615386
0 0.7632624903846155 0.02797922355769231 0.7618532355769231 0.02797922355769231 0.7618532355769231 0.033228507211538465 0.7632624903846155 0.033228507211538465 0.7632624903846155 0.02797922355769231
0 0.7637993485576923 0.03287060336538462 0.7652757091346154 0.03287060336538462 0.7652757091346154 0.027144110576923078 0.7637993485576923 0.027144110576923078 0.7637993485576923 0.03287060336538462
0 0.7671714927884616 0.029470497596153847 0.7655105865384615 0.029470497596153847 0.7655105865384615 0.03337763701923077 0.7671714927884616 0.03337763701923077 0.7671714927884616 0.029470497596153847
0 0.7700738846153846 0.027144110576923078 0.7680606634615385 0.027144110576923078 0.7680606634615385 0.030902120192307696 0.7700738846153846 0.030902120192307696 0.7700738846153846 0.027144110576923078
0 0.7710972692307692 0.023535228365384613 0.7695034711538462 0.023535228365384613 0.7695034711538462 0.028337129807692304 0.7710972692307692 0.028337129807692304 0.7710972692307692 0.023535228365384613
0 0.7366120432692308 0.07842224278846154 0.7381816971153847 0.07842224278846154 0.7381816971153847 0.07244959615384615 0.7366120432692308 0.07244959615384615 0.7366120432692308 0.07842224278846154