0 0.02414064423076923 0.6579772427884615 0.012151762019230768 0.6579772427884615 0.012151762019230768 0.68456190625 0.02414064423076923 0.68456190625 0.02414064423076923 0.6579772427884615
1 0.25239734375 0.8230336322115386 0.06454388942307693 0.8230336322115386 0.06454388942307693 0.8999672163461538 0.25239734375 0.8999672163461538 0.25239734375 0.8230336322115386
1 0.4273678293269231 0.6075209110576923 0.41981705288461535 0.6075209110576923 0.41981705288461535 0.6257319591346153 0.4273678293269231 0.6257319591346153 0.4273678293269231 0.6075209110576923
1 0.4140615625 0.615406108173077 0.4079364567307693 0.615406108173077 0.4079364567307693 0.6336171538461539 0.4140615625 0.6336171538461539 0.4140615625 0.615406108173077
1 0.45854784374999996 0.6605955480769231 0.4495239543269231 0.6605955480769231 0.4495239543269231 0.6840863076923077 0.45854784374999996 0.6840863076923077 0.45854784374999996 0.6605955480769231
1 0.038756942307692305 0.3045349519230769 0.03557330528846154 0.3045349519230769 0.03557330528846154 0.3093027163461538 0.038756942307692305 0.3093027163461538 0.038756942307692305 0.3045349519230769
1 0.4242221826923077 0.2399197067307692 0.41830828846153845 0.2399197067307692 0.41830828846153845 0.2503394278846154 0.4242221826923077 0.2503394278846154 0.4242221826923077 0.2399197067307692
1 0.6462094062499999 0.27957410817307693 0.6391262500000001 0.27957410817307693 0.6391262500000001 0.29062840144230767 0.6462094062499999 0.29062840144230767 0.6462094062499999 0.27957410817307693
1 0.63320559375 0.2769306899038461 0.6254465625 0.2769306899038461 0.6254465625 0.2912051466346154 0.63320559375 0.2912051466346154 0.63320559375 0.2769306899038461
1 0.70818240625 0.30679247596153847 0.6956449471153847 0.30679247596153847 0.6956449471153847 0.31826731490384613 0.70818240625 0.31826731490384613 0.70818240625 0.30679247596153847
0 0.021009954326923076 0.6518605769230769 0.010060798076923077 0.6518605769230769 0.010060798076923077 0.6750505600961538 0.021009954326923076 0.6750505600961538 0.021009954326923076 0.6518605769230769
1 0.25145402884615387 0.6025642980769231 0.2442728701923077 0.6025642980769231 0.2442728701923077 0.6143545432692308 0.25145402884615387 0.6143545432692308 0.25145402884615387 0.6025642980769231
1 0.20092676682692306 0.32272756009615383 0.19055210336538464 0.32272756009615383 0.19055210336538464 0.3339020096153846 0.20092676682692306 0.3339020096153846 0.20092676682692306 0.32272756009615383
1 0.5310423028846154 0.4809092043269231 0.5418562836538462 0.4809092043269231 0.5418562836538462 0.46251041586538466 0.5310423028846154 0.46251041586538466 0.5310423028846154 0.4809092043269231