0 0.03796820432692308 0.972610423076923 0.03514317067307692 0.972610423076923 0.03514317067307692 0.9769540168269231 0.03796820432692308 0.9769540168269231 0.03796820432692308 0.972610423076923
0 0.061102937499999996 0.9874057932692307 0.055529223557692305 0.9874057932692307 0.055529223557692305 0.9937854495192308 0.061102937499999996 0.9937854495192308 0.061102937499999996 0.9874057932692307
0 0.06883837740384616 0.9802880673076924 0.06466286298076923 0.9802880673076924 0.06466286298076923 0.9887716514423077 0.06883837740384616 0.9887716514423077 0.06883837740384616 0.9802880673076924
0 0.12443236538461538 0.9217513341346154 0.11691643990384616 0.9217513341346154 0.11691643990384616 0.930022829326923 0.12443236538461538 0.930022829326923 0.12443236538461538 0.9217513341346154
0 0.31985227884615386 0.938946639423077 0.3138968028846154 0.938946639423077 0.3138968028846154 0.9493984158653846 0.31985227884615386 0.9493984158653846 0.31985227884615386 0.938946639423077
0 0.36178144951923075 0.8838364807692307 0.3544743004807692 0.8838364807692307 0.3544743004807692 0.8947060721153846 0.36178144951923075 0.8947060721153846 0.36178144951923075 0.8838364807692307
0 0.37087810576923075 0.8713762163461538 0.3625270769230769 0.8713762163461538 0.3625270769230769 0.8891387211538462 0.37087810576923075 0.8891387211538462 0.37087810576923075 0.8713762163461538
0 0.4391309855769231 0.8197332259615385 0.43137645913461536 0.8197332259615385 0.43137645913461536 0.8295423701923077 0.4391309855769231 0.8295423701923077 0.4391309855769231 0.8197332259615385
0 0.5350122788461539 0.9637605024038461 0.5275560048076924 0.9637605024038461 0.5275560048076924 0.9756905432692308 0.5350122788461539 0.9756905432692308 0.5350122788461539 0.9637605024038461
0 0.6192115216346153 0.9224036923076924 0.6137714230769231 0.9224036923076924 0.6137714230769231 0.9339413677884616 0.6192115216346153 0.9339413677884616 0.6192115216346153 0.9224036923076924
0 0.6192115216346153 0.9122233918269231 0.6101446923076923 0.9122233918269231 0.6101446923076923 0.9224036923076924 0.6192115216346153 0.9224036923076924 0.6192115216346153 0.9122233918269231
0 0.5440874615384615 0.8443785769230769 0.5408806658653846 0.8443785769230769 0.5408806658653846 0.8517083918269232 0.5440874615384615 0.8517083918269232 0.5440874615384615 0.8443785769230769
0 0.5490503581730769 0.8389490817307692 0.5451563918269231 0.8389490817307692 0.5451563918269231 0.8479077475961538 0.5490503581730769 0.8479077475961538 0.5490503581730769 0.8389490817307692
0 0.5611903677884615 0.8256468221153846 0.5555403004807692 0.8256468221153846 0.5555403004807692 0.8351484350961538 0.5611903677884615 0.8351484350961538 0.5611903677884615 0.8256468221153846
0 0.5654028629807692 0.6986730144230768 0.5618143076923077 0.6986730144230768 0.5618143076923077 0.7046454567307693 0.5654028629807692 0.7046454567307693 0.5654028629807692 0.6986730144230768
0 0.5903399302884615 0.6300577836538461 0.5834682259615385 0.6300577836538461 0.5834682259615385 0.6449888918269231 0.5903399302884615 0.6449888918269231 0.5903399302884615 0.6300577836538461
0 0.5829910240384616 0.6152963461538461 0.575833 0.6152963461538461 0.575833 0.6264946778846153 0.5829910240384616 0.6264946778846153 0.5829910240384616 0.6152963461538461
0 0.542708125 0.61265278125 0.5382033413461539 0.61265278125 0.5382033413461539 0.6221543966346155 0.542708125 0.6221543966346155 0.542708125 0.61265278125
0 0.5348438413461538 0.5907990697115385 0.5319424567307692 0.5907990697115385 0.5319424567307692 0.5952784014423077 0.5348438413461538 0.5952784014423077 0.5348438413461538 0.5907990697115385
0 0.49769608173076924 0.6462753485576923 0.4934967067307693 0.6462753485576923 0.4934967067307693 0.6552679471153847 0.49769608173076924 0.6552679471153847 0.49769608173076924 0.6462753485576923
0 0.5055221875 0.6399974951923078 0.5035179423076923 0.6399974951923078 0.5035179423076923 0.6454269903846155 0.5055221875 0.6454269903846155 0.5055221875 0.6399974951923078
0 0.5148753389423077 0.6260844182692308 0.5109622860576923 0.6260844182692308 0.5109622860576923 0.6347376730769232 0.5148753389423077 0.6347376730769232 0.5148753389423077 0.6260844182692308
0 0.3865230168269231 0.732219360576923 0.3808920360576923 0.732219360576923 0.3808920360576923 0.7456234230769231 0.3865230168269231 0.7456234230769231 0.3865230168269231 0.732219360576923
0 0.39100871153846156 0.7283169110576923 0.38623669471153843 0.7283169110576923 0.38623669471153843 0.7383275408653845 0.39100871153846156 0.7383275408653845 0.39100871153846156 0.7283169110576923
0 0.41870014903846153 0.7144296225961538 0.41464431730769236 0.7144296225961538 0.41464431730769236 0.7213793749999999 0.41870014903846153 0.7213793749999999 0.41870014903846153 0.7144296225961538
0 0.44289999759615384 0.672952360576923 0.43641005528846155 0.672952360576923 0.43641005528846155 0.6853383942307693 0.44289999759615384 0.6853383942307693 0.44289999759615384 0.672952360576923
1 0.40092534375 0.6814020120192308 0.3953516274038461 0.6814020120192308 0.3953516274038461 0.6888675649038463 0.40092534375 0.6888675649038463 0.40092534375 0.6814020120192308
1 0.4080261033653846 0.669457125 0.4019179230769231 0.669457125 0.4019179230769231 0.6819449591346154 0.4080261033653846 0.6819449591346154 0.4080261033653846 0.669457125
0 0.8342062211538461 0.7582033701923077 0.8275253990384616 0.7582033701923077 0.8275253990384616 0.7804727788461538 0.8342062211538461 0.7804727788461538 0.8342062211538461 0.7582033701923077
0 0.9911297115384615 0.9753149879807693 0.9870734975961538 0.9753149879807693 0.9870734975961538 0.9837985721153846 0.9911297115384615 0.9837985721153846 0.9911297115384615 0.9753149879807693
0 0.9844488870192307 0.944986173076923 0.9809891754807692 0.944986173076923 0.9809891754807692 0.9538939375000001 0.9844488870192307 0.9538939375000001 0.9844488870192307 0.944986173076923
0 0.9733539495192307 0.9256860192307692 0.9664345264423078 0.9256860192307692 0.9664345264423078 0.9350179615384615 0.9733539495192307 0.9350179615384615 0.9733539495192307 0.9256860192307692
0 0.9619011105769231 0.9362905 0.9559360913461539 0.9362905 0.9559360913461539 0.9454103533653846 0.9619011105769231 0.9454103533653846 0.9619011105769231 0.9362905
0 0.9636906177884617 0.960256625 0.9560553918269231 0.960256625 0.9560553918269231 0.9695885697115384 0.9636906177884617 0.9695885697115384 0.9636906177884617 0.960256625
0 0.9658380240384615 0.9307761706730768 0.9608274086538462 0.9307761706730768 0.9608274086538462 0.9409564711538461 0.9658380240384615 0.9409564711538461 0.9658380240384615 0.9307761706730768
1 0.8993086634615385 0.9019770528846155 0.8926278389423078 0.9019770528846155 0.8926278389423078 0.9152114447115385 0.8993086634615385 0.9152114447115385 0.8993086634615385 0.9019770528846155
1 0.9131475096153847 0.8851795552884615 0.9054168437500001 0.8851795552884615 0.9054168437500001 0.8992623052884615 0.9131475096153847 0.8992623052884615 0.9131475096153847 0.8851795552884615
0 0.9345045192307692 0.8566256658653846 0.9214291947115385 0.8566256658653846 0.9214291947115385 0.865618266826923 0.9345045192307692 0.865618266826923 0.9345045192307692 0.8566256658653846
0 0.9820099399038462 0.886233375 0.9767905480769231 0.886233375 0.9767905480769231 0.8968378557692307 0.9820099399038462 0.8968378557692307 0.9820099399038462 0.886233375
0 0.9521848389423078 0.845406125 0.9450268149038461 0.845406125 0.9450268149038461 0.8623732932692308 0.9521848389423078 0.8623732932692308 0.9521848389423078 0.845406125
0 0.9743150649038461 0.7994357019230769 0.96477103125 0.7994357019230769 0.96477103125 0.8100401826923077 0.9743150649038461 0.8100401826923077 0.9743150649038461 0.7994357019230769
0 0.9813239639423077 0.8688950504807693 0.9737185625 0.8688950504807693 0.9737185625 0.8771135216346154 0.9813239639423077 0.8771135216346154 0.9813239639423077 0.8688950504807693
0 0.9752098173076923 0.8853319951923078 0.9714816802884615 0.8853319951923078 0.9714816802884615 0.8940806899038461 0.9752098173076923 0.8940806899038461 0.9752098173076923 0.8853319951923078
0 0.9820099399038462 0.9022991634615385 0.9866924807692308 0.9022991634615385 0.9866924807692308 0.886233375 0.9820099399038462 0.886233375 0.9820099399038462 0.9022991634615385
0 0.8872537427884615 0.7118444350961538 0.8779005913461538 0.7118444350961538 0.8779005913461538 0.7194796610576923 0.8872537427884615 0.7194796610576923 0.8872537427884615 0.7118444350961538
0 0.8818136442307692 0.7003067596153846 0.87169696875 0.7003067596153846 0.87169696875 0.7091296875 0.8818136442307692 0.7091296875 0.8818136442307692 0.7003067596153846
0 0.9017606706730769 0.6879207259615385 0.8950798485576923 0.6879207259615385 0.8950798485576923 0.6962346394230768 0.9017606706730769 0.6962346394230768 0.9017606706730769 0.6879207259615385
0 0.9296292451923077 0.6989493870192308 0.9214213774038461 0.6989493870192308 0.9214213774038461 0.7079419855769231 0.9296292451923077 0.7079419855769231 0.9296292451923077 0.6989493870192308
0 0.9406048822115385 0.7021731490384616 0.9347830240384615 0.7021731490384616 0.9347830240384615 0.7111657475961538 0.9406048822115385 0.7111657475961538 0.9406048822115385 0.7021731490384616
0 0.9367872692307693 0.6845272932692308 0.9322061346153846 0.6845272932692308 0.9322061346153846 0.6933502211538461 0.9367872692307693 0.6933502211538461 0.9367872692307693 0.6845272932692308
0 0.8875400625 0.6815750048076924 0.8824091923076923 0.6815750048076924 0.8824091923076923 0.688307576923077 0.8875400625 0.688307576923077 0.8875400625 0.6815750048076924
0 0.8940758173076924 0.6738651225961539 0.8902276634615384 0.6738651225961539 0.8902276634615384 0.6805976971153846 0.8940758173076924 0.6805976971153846 0.8940758173076924 0.6738651225961539
0 0.900488451923077 0.6658701947115385 0.8945234326923077 0.6658701947115385 0.8945234326923077 0.67583840625 0.900488451923077 0.67583840625 0.900488451923077 0.6658701947115385
0 0.9071692740384615 0.6643855673076923 0.8994147475961539 0.6643855673076923 0.8994147475961539 0.6726570600961538 0.9071692740384615 0.6726570600961538 0.9071692740384615 0.6643855673076923
0 0.9550504927884614 0.6291733894230769 0.9472959663461539 0.6291733894230769 0.9472959663461539 0.6378690625 0.9550504927884614 0.6378690625 0.9550504927884614 0.6291733894230769
0 0.6903559134615385 0.5073673341346153 0.6857031995192308 0.5073673341346153 0.6857031995192308 0.5162750985576923 0.6903559134615385 0.5162750985576923 0.6903559134615385 0.5073673341346153
0 0.7144545961538462 0.4959144951923077 0.7082509759615385 0.4959144951923077 0.7082509759615385 0.502913454326923 0.7144545961538462 0.502913454326923 0.7144545961538462 0.4959144951923077
0 0.7087542740384615 0.6030711153846154 0.7019541514423077 0.6030711153846154 0.7019541514423077 0.6111305192307692 0.7087542740384615 0.6111305192307692 0.7087542740384615 0.6030711153846154
0 0.8634179302884615 0.51367203125 0.8541721466346155 0.51367203125 0.8541721466346155 0.52639740625 0.8634179302884615 0.52639740625 0.8634179302884615 0.51367203125
0 0.8605845432692308 0.4988257572115385 0.852531766826923 0.4988257572115385 0.852531766826923 0.5099604615384615 0.8605845432692308 0.5099604615384615 0.8605845432692308 0.4988257572115385
0 0.8389613461538462 0.49617463701923076 0.8276278076923076 0.49617463701923076 0.8276278076923076 0.5051884471153846 0.8389613461538462 0.5051884471153846 0.8389613461538462 0.49617463701923076
0 0.8167416442307692 0.5099604615384615 0.8085397427884615 0.5099604615384615 0.8085397427884615 0.5245416225961539 0.8167416442307692 0.5245416225961539 0.8167416442307692 0.5099604615384615
0 0.8542373894230769 0.45930749759615386 0.8451500552884615 0.45930749759615386 0.8451500552884615 0.4696634350961538 0.8542373894230769 0.4696634350961538 0.8542373894230769 0.45930749759615386
0 0.8905867331730769 0.4924465 0.8812663870192308 0.4924465 0.8812663870192308 0.5023881995192307 0.8905867331730769 0.5023881995192307 0.8905867331730769 0.4924465
0 0.8812663870192308 0.48416175000000006 0.8745091394230768 0.48416175000000006 0.8745091394230768 0.4924465 0.8812663870192308 0.4924465 0.8812663870192308 0.48416175000000006
0 0.8860430649038461 0.4720453028846154 0.8722955576923077 0.4720453028846154 0.8722955576923077 0.48115852884615384 0.8860430649038461 0.48115852884615384 0.8860430649038461 0.4720453028846154
0 0.89699446875 0.444705625 0.8883731514423077 0.444705625 0.8883731514423077 0.45837546394230766 0.89699446875 0.45837546394230766 0.89699446875 0.444705625
0 0.8592849399038461 0.40845984375 0.8488461538461538 0.40845984375 0.8488461538461538 0.41906432211538464 0.8592849399038461 0.41906432211538464 0.8592849399038461 0.40845984375
0 0.8620810432692309 0.39586702163461535 0.8536927331730768 0.39586702163461535 0.8536927331730768 0.40912262259615384 0.8620810432692309 0.40912262259615384 0.8620810432692309 0.39586702163461535
1 0.9334734807692308 0.43222713461538464 0.9202311346153846 0.43222713461538464 0.9202311346153846 0.43880191346153846 0.9334734807692308 0.43880191346153846 0.9334734807692308 0.43222713461538464
1 0.9534488413461539 0.4152301418269231 0.9404003605769231 0.4152301418269231 0.9404003605769231 0.42384628125 0.9534488413461539 0.42384628125 0.9534488413461539 0.4152301418269231
1 0.9851380120192308 0.3860678197115384 0.976563295673077 0.3860678197115384 0.976563295673077 0.39832925 0.9851380120192308 0.39832925 0.9851380120192308 0.3860678197115384
1 0.9892389639423077 0.37281221875 0.9791729927884615 0.37281221875 0.9791729927884615 0.3801028004807692 0.9892389639423077 0.3801028004807692 0.9892389639423077 0.37281221875
0 0.9866719086538461 0.27372660576923075 0.9808932932692307 0.27372660576923075 0.9808932932692307 0.28665081490384614 0.9866719086538461 0.28665081490384614 0.9866719086538461 0.27372660576923075
1 0.9628364375 0.21837204567307691 0.9549327860576924 0.21837204567307691 0.9549327860576924 0.2297718629807692 0.9628364375 0.2297718629807692 0.9628364375 0.21837204567307691
1 0.9850561394230769 0.20723734134615385 0.9792402451923077 0.20723734134615385 0.9792402451923077 0.2204929423076923 0.9850561394230769 0.2204929423076923 0.9850561394230769 0.20723734134615385
1 0.9735734759615385 0.21466047596153848 0.967310204326923 0.21466047596153848 0.967310204326923 0.22818118990384614 0.9735734759615385 0.22818118990384614 0.9735734759615385 0.21466047596153848
1 0.981328 0.17834013221153844 0.9750647307692308 0.17834013221153844 0.9750647307692308 0.1860283798076923 0.981328 0.1860283798076923 0.981328 0.17834013221153844
1 0.9907229086538462 0.17887035576923077 0.9835648846153846 0.17887035576923077 0.9835648846153846 0.18894461298076923 0.9907229086538462 0.18894461298076923 0.9907229086538462 0.17887035576923077
1 0.8939404543269232 0.26450153605769233 0.8827560408653846 0.26450153605769233 0.8827560408653846 0.27537112740384617 0.8939404543269232 0.27537112740384617 0.8939404543269232 0.26450153605769233
1 0.9115372644230769 0.2477994783653846 0.9195900408653847 0.2477994783653846 0.9195900408653847 0.23905078125 0.9115372644230769 0.23905078125 0.9115372644230769 0.2477994783653846
1 0.9115372644230769 0.23268809375000002 0.9025897331730769 0.23268809375000002 0.9025897331730769 0.24329257451923075 0.9115372644230769 0.24329257451923075 0.9115372644230769 0.23268809375000002
1 0.9186952884615385 0.22022782932692309 0.9107916370192307 0.22022782932692309 0.9107916370192307 0.23056719711538462 0.9186952884615385 0.23056719711538462 0.9186952884615385 0.22022782932692309
1 0.8425527355769231 0.27905369951923076 0.8361403389423077 0.27905369951923076 0.8361403389423077 0.28912795673076924 0.8425527355769231 0.28912795673076924 0.8425527355769231 0.27905369951923076
1 0.8495962331730769 0.23943536057692308 0.8448623918269231 0.23943536057692308 0.8448623918269231 0.24608649038461536 0.8495962331730769 0.24608649038461536 0.8495962331730769 0.23943536057692308
1 0.8583767427884615 0.22599736298076925 0.8540246634615385 0.22599736298076925 0.8540246634615385 0.23454881490384613 0.8583767427884615 0.23454881490384613 0.8583767427884615 0.22599736298076925
1 0.8617362427884616 0.22694752403846152 0.8575368677884616 0.22694752403846152 0.8575368677884616 0.2357704519230769 0.8617362427884616 0.2357704519230769 0.8617362427884616 0.22694752403846152
1 0.8746397740384615 0.23427734134615383 0.8746397740384615 0.22396130288461538 0.8696768774038461 0.22396130288461538 0.8696768774038461 0.23427734134615383 0.8740365721153847 0.23427734134615383 0.8746397740384615 0.23427734134615383
1 0.8873476538461538 0.21546711298076923 0.87914575 0.21546711298076923 0.87914575 0.22925293749999998 0.8873476538461538 0.22925293749999998 0.8873476538461538 0.21546711298076923
1 0.878605170673077 0.24273388461538462 0.8635733197115385 0.24273388461538462 0.8635733197115385 0.2622461274038462 0.878605170673077 0.2622461274038462 0.878605170673077 0.24273388461538462
1 0.9716174326923077 0.21710073317307693 0.9716174326923077 0.20746338221153846 0.961997048076923 0.20746338221153846 0.961997048076923 0.21710073317307693 0.9714889110576923 0.21710073317307693 0.9716174326923077 0.21710073317307693
1 0.9957447475961538 0.17963722596153844 0.9884912812500001 0.17963722596153844 0.9884912812500001 0.18894461298076923 0.9957447475961538 0.18894461298076923 0.9957447475961538 0.17963722596153844
1 0.9909584134615385 0.13468271153846154 0.9842775913461538 0.13468271153846154 0.9842775913461538 0.14613555048076923 0.9909584134615385 0.14613555048076923 0.9909584134615385 0.13468271153846154
1 0.9854705961538461 0.11750345192307693 0.9793862740384616 0.11750345192307693 0.9793862740384616 0.12683539663461538 0.9854705961538461 0.12683539663461538 0.9854705961538461 0.11750345192307693
1 0.9690071394230769 0.13341017307692307 0.9619684158653846 0.13341017307692307 0.9619684158653846 0.14104539903846153 0.9690071394230769 0.14104539903846153 0.9690071394230769 0.13341017307692307
1 0.9802213774038461 0.13574315865384617 0.9759265625 0.13574315865384617 0.9759265625 0.14422674278846154 0.9802213774038461 0.14422674278846154 0.9802213774038461 0.13574315865384617
1 0.9502769759615385 0.16607197355769232 0.9434768533653847 0.16607197355769232 0.9434768533653847 0.17561600721153844 0.9502769759615385 0.17561600721153844 0.9502769759615385 0.16607197355769232
1 0.9476523677884615 0.15928510576923077 0.9391820384615385 0.15928510576923077 0.9391820384615385 0.16988958653846156 0.9476523677884615 0.16988958653846156 0.9476523677884615 0.15928510576923077
1 0.9370346322115384 0.17497973798076924 0.9280871009615385 0.17497973798076924 0.9280871009615385 0.18749302403846152 0.9370346322115384 0.18749302403846152 0.9370346322115384 0.17497973798076924
1 0.9414487451923077 0.17629322596153846 0.9414487451923077 0.16692033173076923 0.935722326923077 0.16692033173076923 0.935722326923077 0.1773127235576923 0.9414487451923077 0.1773127235576923 0.9414487451923077 0.17629322596153846
1 0.9005287067307692 0.19237108413461537 0.8944443870192308 0.19237108413461537 0.8944443870192308 0.20149093990384617 0.9005287067307692 0.20149093990384617 0.9005287067307692 0.19237108413461537
1 0.9107885432692308 0.18855347115384616 0.9044656201923077 0.18855347115384616 0.9044656201923077 0.19873377403846154 0.9107885432692308 0.19873377403846154 0.9107885432692308 0.18855347115384616
1 0.7734737764423076 0.31198962500000005 0.7682245576923077 0.31198962500000005 0.7682245576923077 0.3321381370192308 0.7734737764423076 0.3321381370192308 0.7734737764423076 0.31198962500000005
1 0.7868678100961539 0.14414079086538462 0.773595639423077 0.14414079086538462 0.773595639423077 0.17648445432692308 0.7868678100961539 0.17648445432692308 0.7868678100961539 0.14414079086538462
1 0.7300509903846154 0.23181863461538463 0.7244200120192308 0.23181863461538463 0.7244200120192308 0.23792681490384615 0.7300509903846154 0.23792681490384615 0.7300509903846154 0.23181863461538463
1 0.7352054038461537 0.28968516346153844 0.7219628677884615 0.28968516346153844 0.7219628677884615 0.3118375 0.7352054038461537 0.3118375 0.7352054038461537 0.28968516346153844
1 0.6817519038461538 0.2406665889423077 0.66915378125 0.2406665889423077 0.66915378125 0.26034850480769234 0.6817519038461538 0.26034850480769234 0.6817519038461538 0.2406665889423077
1 0.6809643822115384 0.36689861778846156 0.675491454326923 0.36689861778846156 0.675491454326923 0.37732324519230764 0.6809643822115384 0.37732324519230764 0.6809643822115384 0.36689861778846156
1 0.7021499975961538 0.35702996875 0.6970679903846153 0.35702996875 0.6970679903846153 0.36808007692307687 0.7021499975961538 0.36808007692307687 0.7021499975961538 0.35702996875
1 0.6193743149038462 0.09742135817307693 0.6121208509615385 0.09742135817307693 0.6121208509615385 0.10403855528846154 0.6193743149038462 0.10403855528846154 0.6193743149038462 0.09742135817307693
1 0.525091204326923 0.017983197115384618 0.5155471730769231 0.017983197115384618 0.5155471730769231 0.030538901442307694 0.525091204326923 0.030538901442307694 0.525091204326923 0.017983197115384618
1 0.5321530889423077 0.48417521394230767 0.5253529663461538 0.48417521394230767 0.5253529663461538 0.49774894951923077 0.5321530889423077 0.49774894951923077 0.5321530889423077 0.48417521394230767
1 0.4242971129807692 0.535744670673077 0.4158678221153846 0.535744670673077 0.4158678221153846 0.5466036586538462 0.4242971129807692 0.5466036586538462 0.4242971129807692 0.535744670673077
1 0.37680140624999997 0.6417523798076924 0.3710597163461538 0.6417523798076924 0.3710597163461538 0.6497880312500001 0.37680140624999997 0.6497880312500001 0.37680140624999997 0.6417523798076924
1 0.3621067572115385 0.6128280216346154 0.3553877596153846 0.6128280216346154 0.3553877596153846 0.6216509495192307 0.3621067572115385 0.6216509495192307 0.3621067572115385 0.6128280216346154
1 0.35752562259615384 0.6023762451923077 0.34492749999999994 0.6023762451923077 0.34492749999999994 0.6159499807692307 0.35752562259615384 0.6159499807692307 0.35752562259615384 0.6023762451923077
1 0.33443547596153844 0.6651427091346154 0.32573131971153846 0.6651427091346154 0.32573131971153846 0.6760016971153846 0.33443547596153844 0.6760016971153846 0.33443547596153844 0.6651427091346154
1 0.30651873317307693 0.5656647283653846 0.29554309615384616 0.5656647283653846 0.29554309615384616 0.5769054759615385 0.30651873317307693 0.5769054759615385 0.30651873317307693 0.5656647283653846
1 0.13043516586538462 0.44420506971153845 0.12055560096153847 0.44420506971153845 0.12055560096153847 0.4591176201923077 0.13043516586538462 0.4591176201923077 0.13043516586538462 0.44420506971153845
1 0.11286967307692307 0.4853637091346154 0.10590252884615385 0.4853637091346154 0.10590252884615385 0.49282926442307695 0.11286967307692307 0.49282926442307695 0.11286967307692307 0.4853637091346154
1 0.07213037259615385 0.44304255288461536 0.06449514663461539 0.44304255288461536 0.06449514663461539 0.4562090769230769 0.07213037259615385 0.4562090769230769 0.07213037259615385 0.44304255288461536
1 0.012674314903846155 0.7414469951923077 0.0044724110576923074 0.7414469951923077 0.0044724110576923074 0.7528468100961538 0.012674314903846155 0.7528468100961538 0.012674314903846155 0.7414469951923077
0 0.5699225240384616 0.9451865336538462 0.5625736177884615 0.9451865336538462 0.5625736177884615 0.9570635528846154 0.5699225240384616 0.9570635528846154 0.5699225240384616 0.9451865336538462
1 0.5507597764423077 0.8595593918269231 0.5377112956730769 0.8595593918269231 0.5377112956730769 0.8728149927884614 0.5507597764423077 0.8728149927884614 0.5507597764423077 0.8595593918269231
0 0.90163390625 0.3283051730769231 0.8966710096153846 0.3283051730769231 0.8966710096153846 0.33577072596153845 0.90163390625 0.33577072596153845 0.90163390625 0.3283051730769231
1 0.8931345889423077 0.19856120913461536 0.8886145336538462 0.19856120913461536 0.8886145336538462 0.20442506249999998 0.8931345889423077 0.20442506249999998 0.8931345889423077 0.19856120913461536
1 0.9181268197115385 0.18155603365384615 0.9138657548076924 0.18155603365384615 0.9138657548076924 0.19010422836538463 0.9181268197115385 0.19010422836538463 0.9181268197115385 0.18155603365384615
1 0.9134573894230769 0.16192198557692306 0.9037606538461538 0.16192198557692306 0.9037606538461538 0.17128786298076923 0.9134573894230769 0.17128786298076923 0.9134573894230769 0.16192198557692306
1 1 0.013968091346153845 0.9920708173076923 0.013968091346153845 0.9920708173076923 0.029662721153846154 1 0.029662721153846154 1 0.013968091346153845
1 0.053414930288461546 0.5843691442307692 0.04571862259615385 0.5843691442307692 0.04571862259615385 0.5946851802884615 0.053414930288461546 0.5946851802884615 0.053414930288461546 0.5843691442307692
1 0.19240114423076923 0.8057079302884615 0.18942340625 0.8057079302884615 0.18942340625 0.8103229999999999 0.19240114423076923 0.8103229999999999 0.19240114423076923 0.8057079302884615
1 0.07944789423076924 0.6555380937499999 0.07606877163461538 0.6555380937499999 0.07606877163461538 0.6641850072115385 0.07944789423076924 0.6641850072115385 0.07944789423076924 0.6555380937499999
1 0.22515324038461537 0.6374063125 0.21552786057692305 0.6374063125 0.21552786057692305 0.6519695360576924 0.22515324038461537 0.6519695360576924 0.22515324038461537 0.6374063125
1 0.1217317139423077 0.7871488557692307 0.119069375 0.7871488557692307 0.119069375 0.79133578125 0.1217317139423077 0.79133578125 0.1217317139423077 0.7871488557692307
1 0.1397229831730769 0.8037035961538461 0.1349782860576923 0.8037035961538461 0.1349782860576923 0.8143755264423077 0.1397229831730769 0.8143755264423077 0.1397229831730769 0.8037035961538461
1 0.15010364903846155 0.8132570721153846 0.14528030769230768 0.8132570721153846 0.14528030769230768 0.82290375 0.15010364903846155 0.82290375 0.15010364903846155 0.8132570721153846
1 0.10335652163461538 0.8171485432692307 0.09976523076923077 0.8171485432692307 0.09976523076923077 0.8243719014423078 0.10335652163461538 0.8243719014423078 0.10335652163461538 0.8171485432692307
1 0.11504555528846153 0.7938898317307692 0.1102328653846154 0.7938898317307692 0.1102328653846154 0.8089081538461538 0.11504555528846153 0.8089081538461538 0.11504555528846153 0.7938898317307692
1 0.1832574206730769 0.8003747908653847 0.18702565384615386 0.8003747908653847 0.18702565384615386 0.7934572596153846 0.1832574206730769 0.7934572596153846 0.1832574206730769 0.8003747908653847
1 0.28860795432692304 0.6728899951923076 0.2811370216346154 0.6728899951923076 0.2811370216346154 0.6802997644230769 0.28860795432692304 0.6802997644230769 0.28860795432692304 0.6728899951923076
1 0.2816088677884615 0.6671579110576923 0.28986621634615384 0.6671579110576923 0.28986621634615384 0.6571384158653846 0.2816088677884615 0.6571384158653846 0.2816088677884615 0.6671579110576923
1 0.3605257259615385 0.6349400552884615 0.3580681826923077 0.6349400552884615 0.3580681826923077 0.6391633894230769 0.3605257259615385 0.6391633894230769 0.3605257259615385 0.6349400552884615
1 0.3953818870192308 0.6280953389423077 0.3932929759615385 0.6280953389423077 0.3932929759615385 0.6329012043269231 0.3953818870192308 0.6329012043269231 0.3953818870192308 0.6280953389423077
1 0.39353873076923074 0.6181923485576923 0.3913269399038462 0.6181923485576923 0.3913269399038462 0.6218331538461539 0.39353873076923074 0.6218331538461539 0.39353873076923074 0.6181923485576923
1 0.38952474278846155 0.6162263149038462 0.3862070576923077 0.6162263149038462 0.3862070576923077 0.6225613149038461 0.38952474278846155 0.6225613149038461 0.38952474278846155 0.6162263149038462
1 0.5251812019230769 0.49564902644230774 0.5232308966346154 0.49564902644230774 0.5232308966346154 0.49919080288461537 0.5251812019230769 0.49919080288461537 0.5251812019230769 0.49564902644230774
0 0.32833698798076927 0.9648521274038462 0.33378454326923074 0.9648521274038462 0.33378454326923074 0.9529831009615385 0.32833698798076927 0.9529831009615385 0.32833698798076927 0.9648521274038462
0 0.3071611514423077 0.9711871298076923 0.31428802884615387 0.9711871298076923 0.31428802884615387 0.9623035649038462 0.3071611514423077 0.9623035649038462 0.3071611514423077 0.9711871298076923
0 0.9837153870192308 0.8835293173076924 0.98966725 0.8835293173076924 0.98966725 0.8771579086538461 0.9837153870192308 0.8771579086538461 0.9837153870192308 0.8835293173076924
0 0.9188208701923077 0.9533872740384616 0.9290606370192307 0.9533872740384616 0.9290606370192307 0.9417822067307693 0.9188208701923077 0.9417822067307693 0.9188208701923077 0.9533872740384616
0 0.9469162283653846 0.9240332788461539 0.9522921057692308 0.9240332788461539 0.9522921057692308 0.9099251586538462 0.9469162283653846 0.9099251586538462 0.9469162283653846 0.9240332788461539
0 0.8748538774038461 0.8738584278846153 0.8786297908653846 0.8738584278846153 0.8786297908653846 0.854630423076923 0.8748538774038461 0.854630423076923 0.8748538774038461 0.8738584278846153
0 0.9440064134615385 0.634358514423077 0.9311267067307691 0.634358514423077 0.9311267067307691 0.643887185096154 0.9440064134615385 0.643887185096154 0.9440064134615385 0.634358514423077
0 0.9660059086538462 0.6074791298076924 0.961446014423077 0.6074791298076924 0.961446014423077 0.6164389230769232 0.9660059086538462 0.6164389230769232 0.9660059086538462 0.6074791298076924
0 0.9562461322115384 0.6261098149038461 0.9618460048076922 0.6261098149038461 0.9618460048076922 0.6184299903846154 0.9562461322115384 0.6184299903846154 0.9562461322115384 0.6261098149038461
0 0.9859760000000001 0.5987514350961539 0.9784395336538462 0.5987514350961539 0.9784395336538462 0.6106204615384615 0.9859760000000001 0.6106204615384615 0.9859760000000001 0.5987514350961539
0 0.9780709014423077 0.6090913245192308 0.9742617091346154 0.6090913245192308 0.9742617091346154 0.6156447740384615 0.9780709014423077 0.6156447740384615 0.9780709014423077 0.6090913245192308
0 0.7291483918269231 0.48286519711538467 0.724757579326923 0.48286519711538467 0.724757579326923 0.4890400048076923 0.7291483918269231 0.4890400048076923 0.7291483918269231 0.48286519711538467
0 0.9222224350961539 0.30912447596153847 0.9174711850961538 0.30912447596153847 0.9174711850961538 0.31778959375 0.9222224350961539 0.31778959375 0.9222224350961539 0.30912447596153847
0 0.9416779903846154 0.31837212259615383 0.9496240480769231 0.31837212259615383 0.9496240480769231 0.3118914903846154 0.9416779903846154 0.3118914903846154 0.9416779903846154 0.31837212259615383
0 0.9706360480769232 0.3225954567307693 0.9651884927884615 0.3225954567307693 0.9651884927884615 0.3334450576923077 0.9706360480769232 0.3334450576923077 0.9706360480769232 0.3225954567307693
0 0.9560955793269231 0.3157507427884615 0.9609697091346153 0.3157507427884615 0.9609697091346153 0.3083235 0.9560955793269231 0.3083235 0.9560955793269231 0.3157507427884615
0 0.9909517427884615 0.2649250985576923 0.9857499423076923 0.2649250985576923 0.9857499423076923 0.2721338918269231 0.9909517427884615 0.2721338918269231 0.9909517427884615 0.2649250985576923
0 0.9939417548076922 0.26703676442307694 0.98841228125 0.26703676442307694 0.98841228125 0.276794125 0.9939417548076922 0.276794125 0.9939417548076922 0.26703676442307694
0 0.20550425721153848 0.8539851658653846 0.19640446394230768 0.8539851658653846 0.19640446394230768 0.8628738509615383 0.20550425721153848 0.8628738509615383 0.20550425721153848 0.8539851658653846
1 0.46318984375 0.5455651322115385 0.45787796634615385 0.5455651322115385 0.45787796634615385 0.5503436899038461 0.46318984375 0.5503436899038461 0.46318984375 0.5455651322115385
1 0.4594221225961539 0.553600389423077 0.4661394086538462 0.553600389423077 0.4661394086538462 0.5489401586538462 0.4594221225961539 0.5489401586538462 0.4594221225961539 0.553600389423077
1 0.48619296634615383 0.53880415625 0.48419416346153843 0.53880415625 0.48419416346153843 0.5427653533653847 0.48619296634615383 0.5427653533653847 0.48619296634615383 0.53880415625
1 0.4581436971153846 0.41656281009615387 0.45020091586538463 0.41656281009615387 0.45020091586538463 0.4370678269230769 0.4581436971153846 0.4370678269230769 0.4581436971153846 0.41656281009615387
1 0.45848447596153846 0.4288658197115385 0.4622854783653846 0.4288658197115385 0.4622854783653846 0.4136734663461539 0.45848447596153846 0.4136734663461539 0.45848447596153846 0.4288658197115385
1 0.7081709110576924 0.35896903125 0.7032558221153846 0.35896903125 0.7032558221153846 0.36970940865384616 0.7081709110576924 0.36970940865384616 0.7081709110576924 0.35896903125
1 0.7474404110576922 0.33757930048076923 0.7450340673076923 0.33757930048076923 0.7450340673076923 0.34304050721153845 0.7474404110576922 0.34304050721153845 0.7474404110576922 0.33757930048076923
1 0.7697671971153847 0.29585930769230767 0.7675062548076923 0.29585930769230767 0.7675062548076923 0.3008690576923077 0.7697671971153847 0.3008690576923077 0.7697671971153847 0.29585930769230767
1 0.7570278725961538 0.240336625 0.75424265625 0.240336625 0.75424265625 0.2498755360576923 0.7570278725961538 0.2498755360576923 0.7570278725961538 0.240336625
1 0.6175105576923077 0.15400244471153846 0.6117107548076923 0.15400244471153846 0.6117107548076923 0.16524525240384616 0.6175105576923077 0.16524525240384616 0.6175105576923077 0.15400244471153846
1 0.9643936634615385 0.14871071153846155 0.9605435120192307 0.14871071153846155 0.9605435120192307 0.15504571394230768 0.9643936634615385 0.15504571394230768 0.9643936634615385 0.14871071153846155
1 0.9583317235576924 0.14121065384615383 0.9526793725961539 0.14121065384615383 0.9526793725961539 0.15023985096153847 0.9583317235576924 0.15023985096153847 0.9583317235576924 0.14121065384615383
1 0.9998642115384615 0.13276398317307692 0.9976114639423077 0.13276398317307692 0.9976114639423077 0.14142910096153846 0.9998642115384615 0.14142910096153846 0.9998642115384615 0.13276398317307692
1 0.9956044687500001 0.17150215384615386 0.9981029735576924 0.17150215384615386 0.9981029735576924 0.16225450721153845 0.9956044687500001 0.16225450721153845 0.9956044687500001 0.17150215384615386
1 0.9711519086538462 0.17732744471153847 0.9662368221153846 0.17732744471153847 0.9662368221153846 0.18439060576923078 0.9711519086538462 0.18439060576923078 0.9711519086538462 0.17732744471153847
1 0.946163954326923 0.2074283798076923 0.94873290625 0.2074283798076923 0.94873290625 0.20155648798076922 0.946163954326923 0.20155648798076922 0.946163954326923 0.2074283798076923
1 0.94873290625 0.21064393990384614 0.9507775841346154 0.21064393990384614 0.9507775841346154 0.20612351442307691 0.94873290625 0.20612351442307691 0.94873290625 0.21064393990384614