1 0.14965986298076922 0.03439153365384615 0.017006802884615386 0.03439153365384615 0.017006802884615386 0.09606953846153846 0.14965986298076922 0.09606953846153846 0.14965986298076922 0.03439153365384615
1 0.12511564663461539 0.39182597115384615 0.10338176923076924 0.39182597115384615 0.10338176923076924 0.4131264086538462 0.12511564663461539 0.4131264086538462 0.12511564663461539 0.39182597115384615
1 0.2725159182692308 0.3209896298076923 0.2619276201923077 0.3209896298076923 0.2619276201923077 0.3338689639423077 0.2725159182692308 0.3338689639423077 0.2725159182692308 0.3209896298076923
1 0.27112272115384617 0.3021659855769231 0.26025578125000004 0.3021659855769231 0.26025578125000004 0.3115778076923077 0.27112272115384617 0.3115778076923077 0.27112272115384617 0.3021659855769231
1 0.30483809615384616 0.3021659855769231 0.29592163221153844 0.3021659855769231 0.29592163221153844 0.3224757067307692 0.30483809615384616 0.3224757067307692 0.30483809615384616 0.3021659855769231
1 0.34607673557692303 0.26303262259615384 0.3368816322115385 0.26303262259615384 0.3368816322115385 0.2744258798076923 0.34607673557692303 0.2744258798076923 0.34607673557692303 0.26303262259615384
1 0.5088219759615384 0.2097762091346154 0.5001480408653847 0.2097762091346154 0.5001480408653847 0.21444288701923078 0.5088219759615384 0.21444288701923078 0.5088219759615384 0.2097762091346154
1 0.5128165504807692 0.23209510576923076 0.49946325721153845 0.23209510576923076 0.49946325721153845 0.23737048076923078 0.5128165504807692 0.23737048076923078 0.5128165504807692 0.23209510576923076
1 0.5580123173076923 0.22073275721153846 0.5512786033653846 0.22073275721153846 0.5512786033653846 0.22803712259615386 0.5580123173076923 0.22803712259615386 0.5580123173076923 0.22073275721153846
1 0.5687406057692308 0.19922545673076925 0.5636047211538462 0.19922545673076925 0.5636047211538462 0.2097762091346154 0.5687406057692308 0.2097762091346154 0.5687406057692308 0.19922545673076925
1 0.709212408653846 0.15124287740384615 0.7016577139423077 0.15124287740384615 0.7016577139423077 0.16068416586538461 0.709212408653846 0.16068416586538461 0.709212408653846 0.15124287740384615
1 0.7202078533653846 0.1497801418269231 0.7202078533653846 0.14459408173076924 0.7166923028846154 0.14459408173076924 0.7166923028846154 0.1497801418269231 0.7186041634615384 0.1497801418269231 0.7202078533653846 0.1497801418269231
1 0.730530108173077 0.15084394951923077 0.730530108173077 0.14565788942307692 0.7276129495192307 0.14565788942307692 0.7276129495192307 0.15084394951923077 0.7292809086538461 0.15084394951923077 0.730530108173077 0.15084394951923077
1 0.7395807788461538 0.14791848076923075 0.7346440504807692 0.14791848076923075 0.7346440504807692 0.15323751682692308 0.7395807788461538 0.15323751682692308 0.7395807788461538 0.14791848076923075
1 0.7461630865384615 0.14206754086538462 0.7428719326923077 0.14206754086538462 0.7428719326923077 0.14845038221153845 0.7461630865384615 0.14845038221153845 0.7461630865384615 0.14206754086538462
1 0.7459386899038462 0.15536512980769232 0.7459386899038462 0.15150882932692308 0.7432459278846154 0.15150882932692308 0.7432459278846154 0.15536512980769232 0.7444983389423078 0.15536512980769232 0.7459386899038462 0.15536512980769232
1 0.25954286778846153 0.3317098100961538 0.24880476442307692 0.3317098100961538 0.24880476442307692 0.3458909278846154 0.25954286778846153 0.3458909278846154 0.25954286778846153 0.3317098100961538
1 0.6534836923076923 0.18906959134615386 0.6473476298076922 0.18906959134615386 0.6473476298076922 0.1936511826923077 0.6534836923076923 0.1936511826923077 0.6534836923076923 0.18906959134615386