0 0.8878672596153846 1 0.8878672596153846 0.9149159134615386 0.8475994038461538 0.9149159134615386 0.8475994038461538 1 0.8878672596153846 1
0 0.835253670673077 0.9042496105769231 0.8068700240384616 0.9042496105769231 0.8068700240384616 0.9990156081730769 0.835253670673077 0.9990156081730769 0.835253670673077 0.9042496105769231
0 0.8401771802884616 0.788172641826923 0.8218316514423076 0.788172641826923 0.8218316514423076 0.8730928221153846 0.8401771802884616 0.8730928221153846 0.8401771802884616 0.788172641826923
0 0.827944125 0.7883029254807692 0.805444891826923 0.7883029254807692 0.805444891826923 0.8854790961538461 0.827944125 0.8854790961538461 0.827944125 0.7883029254807692
0 0.8109254735576923 0.7811236826923077 0.7927530168269231 0.7811236826923077 0.7927530168269231 0.8654797788461538 0.8109254735576923 0.8654797788461538 0.8109254735576923 0.7811236826923077
0 0.8014065673076923 0.7872773197115385 0.7813591754807692 0.7872773197115385 0.7813591754807692 0.8803510673076923 0.8014065673076923 0.8803510673076923 0.8014065673076923 0.7872773197115385
1 0.7791687451923077 0.7297312067307692 0.7791687451923077 0.7656274182692309 0.7888318774038462 0.7656274182692309 0.7888318774038462 0.7297312067307692 0.780953716346154 0.7297312067307692 0.7791687451923077 0.7297312067307692
1 0.7733997115384615 0.7194751466346154 0.7627269999999999 0.7194751466346154 0.7627269999999999 0.7661402211538462 0.7733997115384615 0.7661402211538462 0.7733997115384615 0.7194751466346154
0 0.9536944158653846 0.85109325 0.9737418076923077 0.85109325 0.9737418076923077 0.8085306009615384 0.9536944158653846 0.8085306009615384 0.9536944158653846 0.85109325
1 0.9200897932692308 0.7365458774038461 0.9200897932692308 0.7944926177884616 0.9349450552884615 0.7944926177884616 0.9349450552884615 0.7365458774038461 0.9341401129807692 0.7365458774038461 0.9200897932692308 0.7365458774038461
1 0.835732139423077 0.752988923076923 0.835732139423077 0.7748138197115384 0.8442241586538461 0.7748138197115384 0.8442241586538461 0.752988923076923 0.8367772524038462 0.752988923076923 0.835732139423077 0.752988923076923
1 0.8709001706730769 0.7669371634615385 0.8709001706730769 0.7841673461538462 0.8829920649038462 0.7841673461538462 0.8829920649038462 0.7669371634615385 0.8774707067307692 0.7669371634615385 0.8709001706730769 0.7669371634615385
0 0.598319375 0.9697551634615384 0.6247127043269232 0.9697551634615384 0.6247127043269232 0.8741174014423077 0.598319375 0.8741174014423077 0.598319375 0.9697551634615384
0 0.598319375 0.8448876298076923 0.5772624014423077 0.8448876298076923 0.5772624014423077 0.9310385360576923 0.598319375 0.9310385360576923 0.598319375 0.8448876298076923
0 0.6127419591346154 0.8720661899038462 0.6273087716346153 0.8720661899038462 0.6273087716346153 0.8041197908653845 0.6127419591346154 0.8041197908653845 0.6127419591346154 0.8720661899038462
0 0.6150495745192308 0.8169398653846154 0.5971655673076923 0.8169398653846154 0.5971655673076923 0.8592461129807692 0.6150495745192308 0.8592461129807692 0.6150495745192308 0.8169398653846154
0 0.6000500865384615 0.8179654711538462 0.5838286201923076 0.8179654711538462 0.5820218557692308 0.8179654711538462 0.5820218557692308 0.8592461129807692 0.6000500865384615 0.8592461129807692 0.6000500865384615 0.8179654711538462
0 0.5838286201923076 0.7469609086538462 0.5690532187499999 0.7469609086538462 0.5690532187499999 0.8179654711538462 0.5838286201923076 0.8179654711538462 0.5838286201923076 0.7469609086538462
0 0.5567940216346154 0.7518325360576923 0.5371793052884615 0.7518325360576923 0.5371793052884615 0.8087536706730769 0.5567940216346154 0.8087536706730769 0.5567940216346154 0.7518325360576923
0 0.5167235745192308 0.7899378052884616 0.529848125 0.7899378052884616 0.529848125 0.7322474687499999 0.5167235745192308 0.7322474687499999 0.5167235745192308 0.7899378052884616
0 0.5196080913461538 0.7340422788461538 0.5079257980769231 0.7340422788461538 0.5079257980769231 0.7899378052884616 0.5196080913461538 0.7899378052884616 0.5196080913461538 0.7340422788461538
0 0.4290850048076923 0.7711486153846153 0.4169159495192308 0.7711486153846153 0.4169159495192308 0.8015962932692309 0.4290850048076923 0.8015962932692309 0.4290850048076923 0.7711486153846153
0 0.4062252091346154 0.7667417139423077 0.38874683894230766 0.7667417139423077 0.38874683894230766 0.8202679326923078 0.4062252091346154 0.8202679326923078 0.4062252091346154 0.7667417139423077
0 0.44748101201923074 0.7509549134615384 0.4591344615384615 0.7509549134615384 0.4591344615384615 0.699674610576923 0.44748101201923074 0.699674610576923 0.44748101201923074 0.7509549134615384
0 0.4715955745192308 0.7515702764423077 0.4868258245192308 0.7515702764423077 0.4868258245192308 0.7226481850961538 0.4715955745192308 0.7226481850961538 0.4715955745192308 0.7515702764423077
0 0.46386506971153846 0.7082897019230768 0.45636532451923073 0.7082897019230768 0.45636532451923073 0.7269557307692308 0.46386506971153846 0.7269557307692308 0.46386506971153846 0.7082897019230768
0 0.5196080913461538 0.7206976682692308 0.5107541322115384 0.7206976682692308 0.5107541322115384 0.7433430480769231 0.5196080913461538 0.7433430480769231 0.5196080913461538 0.7206976682692308
0 0.5813645841346153 0.75355590625 0.5929026514423077 0.75355590625 0.5929026514423077 0.6994551875 0.5813645841346153 0.6994551875 0.5813645841346153 0.75355590625
1 0.5634805793269231 0.70278840625 0.55554815625 0.70278840625 0.55554815625 0.7268901490384615 0.5634805793269231 0.7268901490384615 0.5634805793269231 0.70278840625
1 0.6308411129807693 0.7209288100961538 0.6308411129807693 0.73865128125 0.6386869999999999 0.73865128125 0.6386869999999999 0.7209288100961538 0.6335733870192308 0.7209288100961538 0.6308411129807693 0.7209288100961538
1 0.6301026778846153 0.7166622884615385 0.6252105360576923 0.7166622884615385 0.6252105360576923 0.7301182403846155 0.6301026778846153 0.7301182403846155 0.6301026778846153 0.7166622884615385
1 0.6726550721153846 0.7191237427884616 0.6654553173076923 0.7191237427884616 0.6654553173076923 0.7453792572115384 0.6726550721153846 0.7453792572115384 0.6726550721153846 0.7191237427884616
1 0.6806522451923077 0.7461712091346153 0.6868900144230768 0.7461712091346153 0.6868900144230768 0.7121050649038462 0.6806522451923077 0.7121050649038462 0.6806522451923077 0.7461712091346153
1 0.6877454350961538 0.7313872788461538 0.6877454350961538 0.7477969759615385 0.6974374134615384 0.7477969759615385 0.6974374134615384 0.7313872788461538 0.6910733028846153 0.7313872788461538 0.6877454350961538 0.7313872788461538
1 0.696237454326923 0.7341769278846153 0.696237454326923 0.7514071081730769 0.7061140384615385 0.7514071081730769 0.7061140384615385 0.7341769278846153 0.7012780649038461 0.7341769278846153 0.696237454326923 0.7341769278846153
0 0.4375591394230769 0.68693665625 0.43340543509615387 0.68693665625 0.43340543509615387 0.6971106682692307 0.4375591394230769 0.6971106682692307 0.4375591394230769 0.68693665625
0 0.28760393509615384 0.8017710625000001 0.3066417451923077 0.8017710625000001 0.3066417451923077 0.7619775480769231 0.28760393509615384 0.7619775480769231 0.28760393509615384 0.8017710625000001
0 0.29164225721153847 0.762182670673077 0.2782580985576923 0.762182670673077 0.2782580985576923 0.7964379110576923 0.29164225721153847 0.7964379110576923 0.29164225721153847 0.762182670673077
0 0.23148182692307692 0.7310239591346155 0.21806882211538461 0.7310239591346155 0.21806882211538461 0.7569205096153847 0.23148182692307692 0.7569205096153847 0.23148182692307692 0.7310239591346155
0 0.24532750721153845 0.6851280889423077 0.23537592307692307 0.6851280889423077 0.23537592307692307 0.7141014591346154 0.24532750721153845 0.7141014591346154 0.24532750721153845 0.6851280889423077
0 0.26250969471153845 0.6514326995192307 0.25392537259615383 0.6514326995192307 0.25392537259615383 0.6722730144230769 0.26250969471153845 0.6722730144230769 0.26250969471153845 0.6514326995192307
0 0.36156833653846154 0.6456328966346153 0.3544608846153846 0.6456328966346153 0.3544608846153846 0.6618784951923077 0.36156833653846154 0.6618784951923077 0.36156833653846154 0.6456328966346153
0 0.33803067788461544 0.6594170432692308 0.3447689086538462 0.6594170432692308 0.3447689086538462 0.6449765096153846 0.33803067788461544 0.6449765096153846 0.33803067788461544 0.6594170432692308
0 0.31772367788461536 0.64448421875 0.3105239230769231 0.64448421875 0.3105239230769231 0.6617143990384615 0.31772367788461536 0.6617143990384615 0.31772367788461536 0.64448421875
0 0.17856925480769228 0.697749625 0.16616583173076924 0.697749625 0.16616583173076924 0.7505683341346153 0.17856925480769228 0.7505683341346153 0.17856925480769228 0.697749625
0 0.16616583173076924 0.7087748894230769 0.1573680552884615 0.7087748894230769 0.1573680552884615 0.7480043197115385 0.16616583173076924 0.7480043197115385 0.16616583173076924 0.7087748894230769
0 0.1559841754807692 0.6899799038461538 0.14430188221153847 0.6899799038461538 0.14430188221153847 0.7366449783653847 0.1559841754807692 0.7366449783653847 0.1559841754807692 0.6899799038461538
0 0.08191542307692308 0.6498772379807692 0.07167538701923076 0.6498772379807692 0.07167538701923076 0.6860298485576923 0.08191542307692308 0.6860298485576923 0.08191542307692308 0.6498772379807692
0 0.0706658076923077 0.6580820841346154 0.05984886778846154 0.6580820841346154 0.05984886778846154 0.6929526899038462 0.0706658076923077 0.6929526899038462 0.0706658076923077 0.6580820841346154
0 0.13980446875 0.6715431802884615 0.1480195721153846 0.6715431802884615 0.1480195721153846 0.6347854591346154 0.13980446875 0.6347854591346154 0.13980446875 0.6715431802884615
0 0.14681961298076923 0.6588168028846154 0.15184098076923075 0.6588168028846154 0.15184098076923075 0.6450589158653847 0.14681961298076923 0.6450589158653847 0.14681961298076923 0.6588168028846154
0 0.18693886057692308 0.6535876899038461 0.18080983894230768 0.6535876899038461 0.18080983894230768 0.6723603822115384 0.18693886057692308 0.6723603822115384 0.18693886057692308 0.6535876899038461
0 0.18834188942307695 0.6717039951923076 0.1967600625 0.6717039951923076 0.1967600625 0.6535876899038461 0.18834188942307695 0.6535876899038461 0.18834188942307695 0.6717039951923076
0 0.19506166105769232 0.6709163293269231 0.2035536778846154 0.6709163293269231 0.2035536778846154 0.6520123581730769 0.19506166105769232 0.6520123581730769 0.19506166105769232 0.6709163293269231
0 0.20584283173076923 0.6702599423076923 0.21293181971153846 0.6702599423076923 0.21293181971153846 0.6524061923076924 0.20584283173076923 0.6524061923076924 0.20584283173076923 0.6702599423076923
0 0.21204569471153847 0.668815889423077 0.2198731201923077 0.668815889423077 0.2198731201923077 0.65148725 0.21204569471153847 0.65148725 0.21204569471153847 0.668815889423077
0 0.32650540624999996 0.6295011153846153 0.31984175721153846 0.6295011153846153 0.31984175721153846 0.6471448197115385 0.32650540624999996 0.6471448197115385 0.32650540624999996 0.6295011153846153
0 0.33657767788461534 0.6437465697115384 0.32808566105769227 0.6437465697115384 0.32808566105769227 0.6583183798076924 0.33657767788461534 0.6583183798076924 0.33657767788461534 0.6437465697115384
0 0.2807611201923077 0.6459237259615385 0.27263832211538463 0.6459237259615385 0.27263832211538463 0.6629898100961539 0.2807611201923077 0.6629898100961539 0.2807611201923077 0.6459237259615385
0 0.23753158653846154 0.6694434350961539 0.24343907692307692 0.6694434350961539 0.24343907692307692 0.6366240432692307 0.23753158653846154 0.6366240432692307 0.23753158653846154 0.6694434350961539
0 0.23633162740384617 0.6405623701923078 0.22968569951923076 0.6405623701923078 0.22968569951923076 0.6707562115384615 0.23633162740384617 0.6707562115384615 0.23633162740384617 0.6405623701923078
0 0.23064011538461537 0.6360734206730769 0.22500953846153846 0.6360734206730769 0.22500953846153846 0.6665954567307693 0.23064011538461537 0.6665954567307693 0.23064011538461537 0.6360734206730769
0 0.22310575721153844 0.6810154759615384 0.23307464663461538 0.6810154759615384 0.23307464663461538 0.6557445432692308 0.22310575721153844 0.6557445432692308 0.22310575721153844 0.6810154759615384
0 0.24343907692307692 0.6610706442307692 0.24687778124999998 0.6610706442307692 0.24687778124999998 0.6395739423076924 0.24343907692307692 0.6395739423076924 0.24343907692307692 0.6610706442307692
0 0.20092248798076923 0.646158108173077 0.20461466826923078 0.646158108173077 0.20461466826923078 0.6248255048076923 0.20092248798076923 0.6248255048076923 0.20092248798076923 0.646158108173077
0 0.19261507692307692 0.6402506177884616 0.19879948317307694 0.6402506177884616 0.19879948317307694 0.6225281442307692 0.19261507692307692 0.6225281442307692 0.19261507692307692 0.6402506177884616
0 0.18763063221153847 0.6450094302884615 0.1906766826923077 0.6450094302884615 0.1906766826923077 0.6220358557692307 0.18763063221153847 0.6220358557692307 0.18763063221153847 0.6450094302884615
0 0.18223514423076922 0.6441889447115384 0.18685037019230769 0.6441889447115384 0.18685037019230769 0.6226922427884615 0.18223514423076922 0.6226922427884615 0.18223514423076922 0.6441889447115384
0 0.1735745048076923 0.6269172932692307 0.176232875 0.6269172932692307 0.176232875 0.6090635432692307 0.1735745048076923 0.6090635432692307 0.1735745048076923 0.6269172932692307
0 0.1856125889423077 0.6140823485576923 0.1811228966346154 0.6140823485576923 0.1811228966346154 0.6256347740384616 0.1856125889423077 0.6256347740384616 0.1856125889423077 0.6140823485576923
0 0.1906766826923077 0.6158677235576923 0.18732576201923076 0.6158677235576923 0.18732576201923076 0.6255297524038461 0.1906766826923077 0.6255297524038461 0.1906766826923077 0.6158677235576923
0 0.14021282932692308 0.5908541225961538 0.13829289423076924 0.5908541225961538 0.13829289423076924 0.6013563293269231 0.14021282932692308 0.6013563293269231 0.14021282932692308 0.5908541225961538
0 0.13947439182692306 0.6022752716346154 0.14287119951923077 0.6022752716346154 0.14287119951923077 0.5934796730769231 0.13947439182692306 0.5934796730769231 0.13947439182692306 0.6022752716346154
0 0.14491228365384615 0.6037654350961539 0.14845677644230768 0.6037654350961539 0.14845677644230768 0.5946285168269231 0.14491228365384615 0.5946285168269231 0.14491228365384615 0.6037654350961539
0 0.13805450721153847 0.6093756658653846 0.1341315625 0.6093756658653846 0.1341315625 0.624144391826923 0.13805450721153847 0.624144391826923 0.13805450721153847 0.6093756658653846
0 0.1787498341346154 0.5994688653846154 0.17561886298076923 0.5994688653846154 0.17561886298076923 0.60829071875 0.1787498341346154 0.60829071875 0.1787498341346154 0.5994688653846154
0 0.18942531730769233 0.6113031274038462 0.19202461298076923 0.6113031274038462 0.19202461298076923 0.6003808341346154 0.18942531730769233 0.6003808341346154 0.18942531730769233 0.6113031274038462
1 0.20990674759615385 0.6258226802884616 0.21334726923076924 0.6258226802884616 0.21334726923076924 0.615068423076923 0.20990674759615385 0.615068423076923 0.20990674759615385 0.6258226802884616
1 0.21818668509615383 0.6277046778846154 0.22264802403846154 0.6277046778846154 0.22264802403846154 0.6141946394230768 0.21818668509615383 0.6141946394230768 0.21818668509615383 0.6277046778846154
1 0.19914625240384615 0.6026716201923077 0.19634846394230768 0.6026716201923077 0.19634846394230768 0.6103340288461538 0.19914625240384615 0.6103340288461538 0.19914625240384615 0.6026716201923077
1 0.20316608413461537 0.6283287139423077 0.20699413942307693 0.6283287139423077 0.20699413942307693 0.620767125 0.20316608413461537 0.620767125 0.20316608413461537 0.6283287139423077
1 0.20092248798076923 0.6163141899038462 0.1954154567307692 0.6163141899038462 0.1954154567307692 0.6274045192307691 0.20092248798076923 0.6274045192307691 0.20092248798076923 0.6163141899038462
1 0.25284743509615387 0.6232494519230769 0.2503072139423077 0.6232494519230769 0.2503072139423077 0.6287106009615384 0.25284743509615387 0.6287106009615384 0.25284743509615387 0.6232494519230769
1 0.2543243076923077 0.6146376442307692 0.25160686298076923 0.6146376442307692 0.25160686298076923 0.6213590552884616 0.2543243076923077 0.6213590552884616 0.2543243076923077 0.6146376442307692
1 0.24339545192307693 0.6161079519230769 0.24061893028846154 0.6161079519230769 0.24061893028846154 0.6221992331730769 0.24339545192307693 0.6221992331730769 0.24339545192307693 0.6161079519230769
1 0.27364180288461537 0.621674122596154 0.2721058557692308 0.621674122596154 0.2721058557692308 0.6252448725961539 0.27364180288461537 0.6252448725961539 0.27364180288461537 0.621674122596154
1 0.27653647355769234 0.644673951923077 0.2804354182692308 0.644673951923077 0.2804354182692308 0.6341717475961539 0.27653647355769234 0.6341717475961539 0.27653647355769234 0.644673951923077
1 0.26903396153846154 0.6199937692307693 0.2656666923076923 0.6199937692307693 0.2656666923076923 0.6253498942307693 0.26903396153846154 0.6253498942307693 0.26903396153846154 0.6199937692307693
1 0.26818735576923075 0.6391823461538462 0.2636976610576923 0.6391823461538462 0.2636976610576923 0.652415125 0.26818735576923075 0.652415125 0.26818735576923075 0.6391823461538462
1 0.25774924759615386 0.6316118509615385 0.2536140048076923 0.6316118509615385 0.2536140048076923 0.6371255072115385 0.25774924759615386 0.6371255072115385 0.25774924759615386 0.6316118509615385
1 0.28781745192307695 0.6256797451923077 0.28478986298076925 0.6256797451923077 0.28478986298076925 0.6340815096153847 0.28781745192307695 0.6340815096153847 0.28781745192307695 0.6256797451923077
1 0.2858975168269231 0.6138647620192308 0.2840514254807692 0.6138647620192308 0.2840514254807692 0.6178030913461539 0.2858975168269231 0.6178030913461539 0.2858975168269231 0.6138647620192308
1 0.29660484375 0.6318497908653846 0.3008877764423077 0.6318497908653846 0.3008877764423077 0.6247608028846153 0.29660484375 0.6247608028846153 0.29660484375 0.6318497908653846
1 0.3142891826923077 0.6403424855769231 0.3069638942307692 0.6403424855769231 0.3069638942307692 0.6498994927884615 0.3142891826923077 0.6498994927884615 0.3142891826923077 0.6403424855769231
1 0.30528953605769227 0.614527375 0.30316283894230767 0.614527375 0.30316283894230767 0.6198204855769232 0.30528953605769227 0.6198204855769232 0.30528953605769227 0.614527375
1 0.305714875 0.6181401322115385 0.30831417307692305 0.6181401322115385 0.30831417307692305 0.6141913028846153 0.305714875 0.6141913028846153 0.305714875 0.6181401322115385
1 0.3315285600961539 0.6327471394230769 0.3290474134615385 0.6327471394230769 0.3290474134615385 0.6376831754807692 0.3315285600961539 0.6376831754807692 0.3315285600961539 0.6327471394230769
1 0.34038956490384614 0.6446568870192307 0.34942802644230764 0.6446568870192307 0.34942802644230764 0.6366752091346153 0.34038956490384614 0.6366752091346153 0.34038956490384614 0.6446568870192307
1 0.35285806249999996 0.6439995144230769 0.3609070192307692 0.6439995144230769 0.3609070192307692 0.6312655889423078 0.35285806249999996 0.6312655889423078 0.35285806249999996 0.6439995144230769
1 0.37030018750000004 0.6238566033653845 0.36151279326923075 0.6238566033653845 0.36151279326923075 0.6318645360576922 0.37030018750000004 0.6318645360576922 0.37030018750000004 0.6238566033653845
1 0.39636337259615384 0.6462489182692307 0.39174814423076926 0.6462489182692307 0.39174814423076926 0.65511015625 0.39636337259615384 0.65511015625 0.39636337259615384 0.6462489182692307
1 0.39710180769230774 0.6477257932692309 0.4016247307692308 0.6477257932692309 0.4016247307692308 0.6396850408653846 0.39710180769230774 0.6396850408653846 0.39710180769230774 0.6477257932692309
1 0.39636337259615384 0.6393568461538461 0.39220966826923076 0.6393568461538461 0.39220966826923076 0.6480539855769231 0.39636337259615384 0.6480539855769231 0.39636337259615384 0.6393568461538461
1 0.38824057211538465 0.6321365817307693 0.3840868677884615 0.6321365817307693 0.3840868677884615 0.6393568461538461 0.38824057211538465 0.6393568461538461 0.38824057211538465 0.6321365817307693
1 0.37430258653846155 0.6444438533653846 0.37873320432692303 0.6444438533653846 0.37873320432692303 0.6337775504807692 0.37430258653846155 0.6337775504807692 0.37430258653846155 0.6444438533653846
1 0.40956292307692305 0.6396850408653846 0.40467078125 0.6396850408653846 0.40467078125 0.6469053076923077 0.40956292307692305 0.6469053076923077 0.40956292307692305 0.6396850408653846
1 0.4172241995192308 0.6362390048076924 0.4127012764423077 0.6362390048076924 0.4127012764423077 0.6459207259615384 0.4172241995192308 0.6459207259615384 0.4172241995192308 0.6362390048076924
1 0.43005453125 0.6513359254807691 0.434023625 0.6513359254807691 0.434023625 0.6432951730769231 0.43005453125 0.6432951730769231 0.43005453125 0.6513359254807691
1 0.43993111778846156 0.6370594903846154 0.43596202163461534 0.6370594903846154 0.43596202163461534 0.6455925312499999 0.43993111778846156 0.6455925312499999 0.43993111778846156 0.6370594903846154
1 0.4422387307692308 0.6429669807692308 0.44676165384615385 0.6429669807692308 0.44676165384615385 0.6357467139423078 0.4422387307692308 0.6357467139423078 0.4422387307692308 0.6429669807692308
1 0.44943848317307694 0.6493667620192307 0.4548844519230769 0.6493667620192307 0.4548844519230769 0.6419823990384615 0.44943848317307694 0.6419823990384615 0.44943848317307694 0.6493667620192307
1 0.4675201995192308 0.6481159975961539 0.47564300000000004 0.6481159975961539 0.47564300000000004 0.637777889423077 0.4675201995192308 0.637777889423077 0.4675201995192308 0.6481159975961539
1 0.4785967451923077 0.6509056466346154 0.4870887620192308 0.6509056466346154 0.4870887620192308 0.6436853798076924 0.4785967451923077 0.6436853798076924 0.4785967451923077 0.6509056466346154
1 0.4684432451923077 0.6313781081730769 0.47490456249999996 0.6313781081730769 0.47490456249999996 0.6246501322115384 0.4684432451923077 0.6246501322115384 0.4684432451923077 0.6313781081730769
1 0.46696637259615387 0.6289166538461538 0.4599512259615385 0.6289166538461538 0.4599512259615385 0.6361369182692307 0.46696637259615387 0.6361369182692307 0.46696637259615387 0.6289166538461538
1 0.4984422211538462 0.6408957307692307 0.5053650625 0.6408957307692307 0.5053650625 0.6318703990384615 0.4984422211538462 0.6318703990384615 0.4984422211538462 0.6408957307692307
1 0.45228381490384617 0.6728168100961539 0.44463984375000004 0.6728168100961539 0.44463984375000004 0.6897393100961539 0.45228381490384617 0.6897393100961539 0.45228381490384617 0.6728168100961539
1 0.44593787740384616 0.6725604110576923 0.44016884375000004 0.6725604110576923 0.44016884375000004 0.6815344639423077 0.44593787740384616 0.6815344639423077 0.44593787740384616 0.6725604110576923
1 0.4793982740384616 0.6897393100961539 0.4749272740384616 0.6897393100961539 0.4749272740384616 0.7033285913461539 0.4793982740384616 0.7033285913461539 0.4793982740384616 0.6897393100961539
1 0.47867714423076924 0.7064054086538462 0.48473462980769233 0.7064054086538462 0.48473462980769233 0.6789704471153846 0.47867714423076924 0.6789704471153846 0.47867714423076924 0.7064054086538462
1 0.5237121514423078 0.701371985576923 0.52984175 0.701371985576923 0.52984175 0.6872699038461539 0.5237121514423078 0.6872699038461539 0.5237121514423078 0.701371985576923
1 0.5190248100961539 0.6792573557692307 0.5256952548076923 0.6792573557692307 0.5256952548076923 0.6683602932692309 0.5190248100961539 0.6683602932692309 0.5190248100961539 0.6792573557692307
1 0.5329065480769231 0.6940004423076923 0.5421009447115385 0.6940004423076923 0.5421009447115385 0.6811803677884616 0.5329065480769231 0.6811803677884616 0.5329065480769231 0.6940004423076923
1 0.5264753557692308 0.7101542716346153 0.5328212932692308 0.7101542716346153 0.5328212932692308 0.6973341947115385 0.5264753557692308 0.6973341947115385 0.5264753557692308 0.7101542716346153
1 0.5537340408653846 0.6896421514423078 0.5580608173076923 0.6896421514423078 0.5580608173076923 0.683488514423077 0.5537340408653846 0.683488514423077 0.5537340408653846 0.6896421514423078
1 0.5736372091346154 0.6957957860576923 0.5773870817307692 0.6957957860576923 0.5773870817307692 0.6840013173076923 0.5736372091346154 0.6840013173076923 0.5736372091346154 0.6957957860576923
1 0.5873386634615385 0.6937445745192308 0.5918096658653846 0.6937445745192308 0.5918096658653846 0.6850269230769231 0.5873386634615385 0.6850269230769231 0.5873386634615385 0.6937445745192308
1 0.5949826346153846 0.7029750288461538 0.6006074423076924 0.7029750288461538 0.6006074423076924 0.6878473389423078 0.5949826346153846 0.6878473389423078 0.5949826346153846 0.7029750288461538
1 0.5866175360576923 0.6804116971153846 0.5908000841346154 0.6804116971153846 0.5908000841346154 0.6719504471153847 0.5866175360576923 0.6719504471153847 0.5866175360576923 0.6804116971153846
1 0.6052226682692308 0.6806680985576924 0.6099821225961539 0.6806680985576924 0.6099821225961539 0.6734888557692307 0.6052226682692308 0.6734888557692307 0.6052226682692308 0.6806680985576924
1 0.6270007716346153 0.6863089302884616 0.6332024831730769 0.6863089302884616 0.6332024831730769 0.6752836658653846 0.6270007716346153 0.6752836658653846 0.6270007716346153 0.6863089302884616
1 0.6148858004807692 0.6570791586538461 0.6174818653846154 0.6570791586538461 0.6174818653846154 0.6496435168269231 0.6148858004807692 0.6496435168269231 0.6148858004807692 0.6570791586538461
1 0.6140204447115385 0.6493871129807692 0.6099821225961539 0.6493871129807692 0.6099821225961539 0.658104764423077 0.6140204447115385 0.658104764423077 0.6140204447115385 0.6493871129807692
1 0.6046457644230769 0.6583611658653846 0.5967133437500001 0.6583611658653846 0.5967133437500001 0.6681044230769231 0.6046457644230769 0.6681044230769231 0.6046457644230769 0.6583611658653846
1 0.5902231802884615 0.6534895384615385 0.5850310504807692 0.6534895384615385 0.5850310504807692 0.6598995769230769 0.5902231802884615 0.6598995769230769 0.5902231802884615 0.6534895384615385
1 0.5860406322115385 0.6719504471153847 0.5818580817307692 0.6719504471153847 0.5818580817307692 0.6845141201923077 0.5860406322115385 0.6845141201923077 0.5860406322115385 0.6719504471153847
1 0.5818580817307692 0.6716940456730769 0.5749352403846154 0.6716940456730769 0.5749352403846154 0.6845141201923077 0.5818580817307692 0.6845141201923077 0.5818580817307692 0.6716940456730769
1 0.5841656947115385 0.6109268870192308 0.5796946947115384 0.6109268870192308 0.5796946947115384 0.6245161682692307 0.5841656947115385 0.6245161682692307 0.5841656947115385 0.6109268870192308
1 0.5662816899038462 0.6211829471153846 0.5613780120192308 0.6211829471153846 0.5613780120192308 0.6319518100961539 0.5662816899038462 0.6319518100961539 0.5662816899038462 0.6211829471153846
1 0.5796946947115384 0.6340030240384615 0.5882040192307693 0.6340030240384615 0.5882040192307693 0.62169575 0.5796946947115384 0.62169575 0.5796946947115384 0.6340030240384615
1 0.5745025625 0.6322082139423078 0.577963983173077 0.6322082139423078 0.577963983173077 0.6211829471153846 0.5745025625 0.6211829471153846 0.5745025625 0.6322082139423078
1 0.5717622716346153 0.6211829471153846 0.5662816899038462 0.6211829471153846 0.5662816899038462 0.6299005985576923 0.5717622716346153 0.6299005985576923 0.5717622716346153 0.6211829471153846
1 0.5745025625 0.6162459375 0.5706589447115384 0.6162459375 0.5706589447115384 0.6322082139423078 0.5745025625 0.6322082139423078 0.5745025625 0.6162459375
1 0.6259262884615384 0.6636289350961538 0.6206187788461539 0.6636289350961538 0.6206187788461539 0.671833783653846 0.6259262884615384 0.671833783653846 0.6259262884615384 0.6636289350961538
1 0.6278877620192307 0.6652699062499999 0.6319260841346155 0.6652699062499999 0.6319260841346155 0.6580906634615384 0.6278877620192307 0.6580906634615384 0.6278877620192307 0.6652699062499999
1 0.6631422499999999 0.6926836322115384 0.6520657043269231 0.6926836322115384 0.6520657043269231 0.7035550576923076 0.6631422499999999 0.7035550576923076 0.6631422499999999 0.6926836322115384
1 0.666291483173077 0.70917996875 0.655953375 0.70917996875 0.655953375 0.7265742475961539 0.666291483173077 0.7265742475961539 0.666291483173077 0.70917996875
1 0.7020133413461539 0.7017956057692308 0.6939828461538462 0.7017956057692308 0.6939828461538462 0.7127901009615385 0.7020133413461539 0.7127901009615385 0.7020133413461539 0.7017956057692308
1 0.6820755600961538 0.6614277524038462 0.6694298365384616 0.6614277524038462 0.6694298365384616 0.6722581514423077 0.6820755600961538 0.6722581514423077 0.6820755600961538 0.6614277524038462
1 0.7448392980769231 0.7092532740384615 0.7320392548076923 0.7092532740384615 0.7320392548076923 0.7435469759615384 0.7448392980769231 0.7435469759615384 0.7448392980769231 0.7092532740384615
1 0.7776506802884615 0.6938691850961539 0.7670140240384615 0.6938691850961539 0.7670140240384615 0.7079712668269231 0.7776506802884615 0.7079712668269231 0.7776506802884615 0.6938691850961539
1 0.7771098317307692 0.6515629350961538 0.7707999519230769 0.6515629350961538 0.7707999519230769 0.659895983173077 0.7771098317307692 0.659895983173077 0.7771098317307692 0.6515629350961538
1 0.8042565793269231 0.7136329927884616 0.7966126105769231 0.7136329927884616 0.7966126105769231 0.7297862860576922 0.8042565793269231 0.7297862860576922 0.8042565793269231 0.7136329927884616
1 0.8031027740384615 0.7385039375000001 0.8101698389423077 0.7385039375000001 0.8101698389423077 0.7246582572115384 0.8031027740384615 0.7246582572115384 0.8031027740384615 0.7385039375000001
1 0.8170926802884615 0.7338887115384616 0.8263231346153846 0.7338887115384616 0.8263231346153846 0.70978696875 0.8170926802884615 0.70978696875 0.8170926802884615 0.7338887115384616
1 0.8691762403846154 0.6796253389423076 0.8583593004807692 0.6796253389423076 0.8583593004807692 0.6948491778846153 0.8691762403846154 0.6948491778846153 0.8691762403846154 0.6796253389423076
1 0.9066101658653847 0.7677576442307692 0.9158406201923076 0.7677576442307692 0.9158406201923076 0.7465891346153846 0.9066101658653847 0.7465891346153846 0.9066101658653847 0.7677576442307692
1 0.9200897932692308 0.7419944206730769 0.9122407427884615 0.7419944206730769 0.9122407427884615 0.7579118269230769 0.9200897932692308 0.7579118269230769 0.9200897932692308 0.7419944206730769
1 0.9246095504807692 0.7326408942307693 0.9187020600961537 0.7326408942307693 0.9187020600961537 0.7602091826923077 0.9246095504807692 0.7602091826923077 0.9246095504807692 0.7326408942307693
1 0.9024397860576923 0.6949173413461539 0.8967169038461538 0.6949173413461539 0.8967169038461538 0.7075528076923077 0.9024397860576923 0.7075528076923077 0.9024397860576923 0.6949173413461539
1 0.9133317211538461 0.6980351826923077 0.9072396201923076 0.6980351826923077 0.9072396201923076 0.7082091947115384 0.9133317211538461 0.7082091947115384 0.9133317211538461 0.6980351826923077
1 0.9149008990384615 0.7100142620192307 0.9201622572115385 0.7100142620192307 0.9201622572115385 0.6996761538461538 0.9149008990384615 0.6996761538461538 0.9149008990384615 0.7100142620192307
1 0.9315157163461538 0.695737826923077 0.9226544807692308 0.695737826923077 0.9226544807692308 0.707881 0.9315157163461538 0.707881 0.9315157163461538 0.695737826923077
1 0.7993673004807692 0.6623979038461538 0.7963397115384615 0.6623979038461538 0.7963397115384615 0.6686992259615384 0.7993673004807692 0.6686992259615384 0.7993673004807692 0.6623979038461538
1 0.7873307860576924 0.6602974615384615 0.7786910817307693 0.6602974615384615 0.7786910817307693 0.6680428389423076 0.7873307860576924 0.6680428389423076 0.7873307860576924 0.6602974615384615
1 0.9930106875 0.7127218822115384 0.9840109951923076 0.7127218822115384 0.9840109951923076 0.7231830649038462 0.9930106875 0.7231830649038462 0.9930106875 0.7127218822115384
1 1 0.7474059110576923 0.9961703774038462 0.7474059110576923 0.9961703774038462 0.7576619711538461 1 0.7576619711538461 1 0.7474059110576923
1 0.7966937379807693 0.6984567596153847 0.7893093750000001 0.6984567596153847 0.7893093750000001 0.7072769711538461 0.7966937379807693 0.7072769711538461 0.7966937379807693 0.6984567596153847
1 0.10688066346153846 0.0021195240384615384 0.0009714086538461539 0.0021195240384615384 0.0009714086538461539 0.06691825961538461 0.10688066346153846 0.06691825961538461 0.10688066346153846 0.0021195240384615384
0 0.07326177644230769 0.5574788197115385 0.06642929326923076 0.5574788197115385 0.06642929326923076 0.5771277836538462 0.07326177644230769 0.5771277836538462 0.07326177644230769 0.5574788197115385
0 0.0628120985576923 0.5574788197115385 0.057386305288461545 0.5574788197115385 0.057386305288461545 0.5730193629807693 0.0628120985576923 0.5730193629807693 0.0628120985576923 0.5574788197115385
0 0.04633376201923077 0.6582244254807693 0.03960175721153846 0.6582244254807693 0.03960175721153846 0.6798382884615385 0.04633376201923077 0.6798382884615385 0.04633376201923077 0.6582244254807693
1 0.003831706730769231 0.6582244254807693 0.016089983173076923 0.6582244254807693 0.016089983173076923 0.5819507115384616 0.003831706730769231 0.5819507115384616 0.003831706730769231 0.6582244254807693
1 0.16965264903846153 0.5961749134615385 0.15245087259615384 0.5961749134615385 0.15245087259615384 0.633615125 0.16965264903846153 0.633615125 0.16965264903846153 0.5961749134615385
1 0.24042807932692306 0.6200822259615385 0.23158604326923077 0.6200822259615385 0.23158604326923077 0.6341937572115385 0.24042807932692306 0.6341937572115385 0.24042807932692306 0.6200822259615385
1 0.22938344471153846 0.606993014423077 0.22599221875000003 0.606993014423077 0.22599221875000003 0.6124950673076923 0.22938344471153846 0.6124950673076923 0.22938344471153846 0.606993014423077
1 0.2365609903846154 0.6102708341346154 0.23221495432692307 0.6102708341346154 0.23221495432692307 0.6165923413461538 0.2365609903846154 0.6165923413461538 0.2365609903846154 0.6102708341346154
1 0.2168407764423077 0.6030355841346154 0.20558059134615383 0.6030355841346154 0.20558059134615383 0.61386409375 0.2168407764423077 0.61386409375 0.2168407764423077 0.6030355841346154
0 0.33221628125 0.6482811105769231 0.3243143966346154 0.6482811105769231 0.3243143966346154 0.6759669759615385 0.33221628125 0.6759669759615385 0.33221628125 0.6482811105769231
0 0.3233791225961538 0.64435696875 0.31835813221153847 0.64435696875 0.31835813221153847 0.6609655600961539 0.3233791225961538 0.6609655600961539 0.3233791225961538 0.64435696875
0 0.34704362259615384 0.6571609471153846 0.35206461298076924 0.6571609471153846 0.35206461298076924 0.6464787692307692 0.34704362259615384 0.6464787692307692 0.34704362259615384 0.6571609471153846
1 0.41771025480769236 0.6558663822115385 0.42882557451923076 0.6558663822115385 0.42882557451923076 0.6429892355769231 0.41771025480769236 0.6429892355769231 0.41771025480769236 0.6558663822115385
1 0.39977297596153843 0.6582545072115384 0.4098873894230769 0.6582545072115384 0.4098873894230769 0.6491234399038461 0.39977297596153843 0.6491234399038461 0.39977297596153843 0.6582545072115384