1 0.15273000721153845 0.7701301274038461 0.14765973798076923 0.7701301274038461 0.14765973798076923 0.7770230408653845 0.15273000721153845 0.7770230408653845 0.15273000721153845 0.7701301274038461
1 0.1613792860576923 0.7001405552884615 0.15422126201923078 0.7001405552884615 0.15422126201923078 0.7141914927884615 0.1613792860576923 0.7141914927884615 0.1613792860576923 0.7001405552884615
1 0.1676425576923077 0.7001405552884615 0.1613792860576923 0.7001405552884615 0.1613792860576923 0.7115403725961538 0.1676425576923077 0.7115403725961538 0.1676425576923077 0.7001405552884615
1 0.1734584519230769 0.7062381322115385 0.16480917307692305 0.7062381322115385 0.16480917307692305 0.7237355240384615 0.1734584519230769 0.7237355240384615 0.1734584519230769 0.7062381322115385
1 0.18091472596153846 0.6993452211538462 0.17614271153846153 0.6993452211538462 0.17614271153846153 0.7133961562500001 0.18091472596153846 0.7133961562500001 0.18091472596153846 0.6993452211538462
0 0.2906711009615385 0.7635023269230768 0.2964869951923077 0.7635023269230768 0.2964869951923077 0.722675076923077 0.2906711009615385 0.722675076923077 0.2906711009615385 0.7292801850961539 0.2906711009615385 0.7432780985576923 0.2906711009615385 0.7635023269230768
0 0.3018555120192308 0.7603209831730768 0.3018555120192308 0.7157821658653846 0.2961887427884615 0.7157821658653846 0.2961887427884615 0.7275834687499999 0.2961887427884615 0.7603209831730768 0.3018555120192308 0.7603209831730768
0 0.3067766538461539 0.7181681730769232 0.3018555120192308 0.7181681730769232 0.3018555120192308 0.7531629591346154 0.3067766538461539 0.7531629591346154 0.3067766538461539 0.7181681730769232
0 0.41977388701923074 0.78348271875 0.4046749278846154 0.78348271875 0.4046749278846154 0.85870825 0.41977388701923074 0.85870825 0.41977388701923074 0.78348271875
0 0.3992691298076923 0.7360939447115384 0.3867798677884616 0.7360939447115384 0.3867798677884616 0.8007149975961538 0.3992691298076923 0.8007149975961538 0.3992691298076923 0.7360939447115384
0 0.35825961538461537 0.6502639302884615 0.35061693269230765 0.6502639302884615 0.35061693269230765 0.6794262524038461 0.35825961538461537 0.6794262524038461 0.35825961538461537 0.6502639302884615
0 0.3509897451923077 0.656228951923077 0.34446550480769234 0.656228951923077 0.34446550480769234 0.6830715432692307 0.3509897451923077 0.6830715432692307 0.3509897451923077 0.656228951923077
0 0.34446550480769234 0.6575545120192309 0.3366364158653846 0.6575545120192309 0.3366364158653846 0.6830715432692307 0.34446550480769234 0.6830715432692307 0.34446550480769234 0.6575545120192309
0 0.39311770192307693 0.6373397211538462 0.3845429855769231 0.6373397211538462 0.3845429855769231 0.6694845528846154 0.39311770192307693 0.6694845528846154 0.39311770192307693 0.6373397211538462
0 0.4283486033653846 0.6737926225961538 0.42089232692307693 0.6737926225961538 0.42089232692307693 0.7142222043269231 0.4283486033653846 0.7142222043269231 0.4283486033653846 0.6737926225961538
0 0.46656201442307693 0.7188616658653846 0.46656201442307693 0.7059374543269231 0.45537760096153845 0.7059374543269231 0.45537760096153845 0.7665818269230769 0.46656201442307693 0.7665818269230769 0.46656201442307693 0.7188616658653846
0 0.4797969014423077 0.7211813942307692 0.46656201442307693 0.7211813942307692 0.46656201442307693 0.7665818269230769 0.4797969014423077 0.7665818269230769 0.4797969014423077 0.7211813942307692
0 0.4410242716346154 0.7427217451923076 0.41623215625000004 0.7427217451923076 0.41623215625000004 0.7751979687499999 0.4410242716346154 0.7751979687499999 0.4410242716346154 0.7427217451923076
0 0.4578008894230769 0.6744554038461538 0.4490397668269231 0.6744554038461538 0.4490397668269231 0.7059374543269231 0.4578008894230769 0.7059374543269231 0.4578008894230769 0.6744554038461538
0 0.5077579350961539 0.6757809639423077 0.4978783701923077 0.6757809639423077 0.4978783701923077 0.6996410432692308 0.5077579350961539 0.6996410432692308 0.5077579350961539 0.6757809639423077
0 0.5148413966346154 0.6704787211538462 0.5075715288461539 0.6704787211538462 0.5075715288461539 0.6946701947115385 0.5148413966346154 0.6946701947115385 0.5148413966346154 0.6704787211538462
0 0.5075715288461539 0.6429733509615385 0.4934046057692308 0.6429733509615385 0.4934046057692308 0.6804204230769231 0.5075715288461539 0.6804204230769231 0.5075715288461539 0.6429733509615385
0 0.4751367307692308 0.6380025 0.4669348269230769 0.6380025 0.4669348269230769 0.6747867932692307 0.4751367307692308 0.6747867932692307 0.4751367307692308 0.6380025
0 0.46861249038461533 0.6472814206730769 0.46227465624999997 0.6472814206730769 0.46227465624999997 0.6747867932692307 0.46861249038461533 0.6747867932692307 0.46861249038461533 0.6472814206730769
0 0.4367369134615385 0.6426419615384616 0.4296534519230769 0.6426419615384616 0.4296534519230769 0.6761123533653847 0.4367369134615385 0.6761123533653847 0.4367369134615385 0.6426419615384616
0 0.44531162980769234 0.6519208822115385 0.43990582932692307 0.6519208822115385 0.43990582932692307 0.6850598822115385 0.44531162980769234 0.6850598822115385 0.44531162980769234 0.6519208822115385
0 0.4490397668269231 0.6456244711538462 0.44475240865384613 0.6456244711538462 0.44475240865384613 0.6771065240384615 0.4490397668269231 0.6771065240384615 0.4490397668269231 0.6456244711538462
0 0.45425915865384614 0.6496011514423077 0.4490397668269231 0.6496011514423077 0.4490397668269231 0.6771065240384615 0.45425915865384614 0.6771065240384615 0.45425915865384614 0.6496011514423077
0 0.4176160408653846 0.6120612908653846 0.41360754567307695 0.6120612908653846 0.41360754567307695 0.6448079278846154 0.4176160408653846 0.6448079278846154 0.4176160408653846 0.6120612908653846
0 0.4147528293269231 0.6174907860576924 0.4105534567307692 0.6174907860576924 0.4105534567307692 0.6448079278846154 0.4147528293269231 0.6448079278846154 0.4147528293269231 0.6174907860576924
0 0.4123668221153846 0.6140973509615384 0.4048270360576923 0.6140973509615384 0.4048270360576923 0.6426021947115385 0.4123668221153846 0.6426021947115385 0.4123668221153846 0.6140973509615384
0 0.46271248798076925 0.6185010697115385 0.45530631971153845 0.6185010697115385 0.45530631971153845 0.6326177548076923 0.46271248798076925 0.6326177548076923 0.46271248798076925 0.6185010697115385
0 0.46339965865384614 0.6011266899038461 0.459887454326923 0.6011266899038461 0.459887454326923 0.6218945048076924 0.46339965865384614 0.6218945048076924 0.46339965865384614 0.6011266899038461
0 0.46843890625 0.5980047307692308 0.46362871394230765 0.5980047307692308 0.46362871394230765 0.6227089278846154 0.46843890625 0.6227089278846154 0.46843890625 0.5980047307692308
0 0.47561601923076924 0.6008552139423077 0.4718747596153846 0.6008552139423077 0.4718747596153846 0.6218945048076924 0.47561601923076924 0.6218945048076924 0.47561601923076924 0.6008552139423077
0 0.4889013125 0.6190440192307692 0.4814951442307692 0.6190440192307692 0.4814951442307692 0.6347895528846154 0.4889013125 0.6347895528846154 0.4889013125 0.6190440192307692
0 0.7575067067307693 0.666191076923077 0.7516275817307693 0.666191076923077 0.7516275817307693 0.69754640625 0.7575067067307693 0.69754640625 0.7575067067307693 0.666191076923077
0 0.7526201610576924 0.6709418846153846 0.7467410360576923 0.6709418846153846 0.7467410360576923 0.6965962451923077 0.7526201610576924 0.6965962451923077 0.7526201610576924 0.6709418846153846
0 0.7256678125 0.686958891826923 0.7181089399038462 0.686958891826923 0.7181089399038462 0.7008041033653847 0.7256678125 0.7008041033653847 0.7256678125 0.686958891826923
0 0.7118480552884615 0.6860087307692309 0.7009296802884616 0.6860087307692309 0.7009296802884616 0.7041975360576923 0.7118480552884615 0.7041975360576923 0.7118480552884615 0.6860087307692309
0 0.6863463990384615 0.6565537259615385 0.6781003557692308 0.6565537259615385 0.6781003557692308 0.687637579326923 0.6863463990384615 0.687637579326923 0.6863463990384615 0.6565537259615385
0 0.8642095432692307 0.6883700817307693 0.8571708197115384 0.6883700817307693 0.8571708197115384 0.723789045673077 0.8642095432692307 0.723789045673077 0.8642095432692307 0.6883700817307693
0 0.8642095432692307 0.6809469447115385 0.8560971153846153 0.6809469447115385 0.8560971153846153 0.6943085889423077 0.8642095432692307 0.6943085889423077 0.8642095432692307 0.6809469447115385
0 0.795731110576923 0.6663127620192307 0.7884537860576923 0.6663127620192307 0.7884537860576923 0.6794623173076922 0.795731110576923 0.6794623173076922 0.795731110576923 0.6663127620192307
0 0.8334300384615384 0.6130782692307692 0.8283001201923077 0.6130782692307692 0.8283001201923077 0.6383169326923077 0.8334300384615384 0.6383169326923077 0.8334300384615384 0.6130782692307692
0 0.8440477740384615 0.6115936418269231 0.8379634543269231 0.6115936418269231 0.8379634543269231 0.6385290240384616 0.8440477740384615 0.6385290240384616 0.8440477740384615 0.6115936418269231
0 0.8092120576923078 0.6166837932692307 0.8027698341346153 0.6166837932692307 0.8027698341346153 0.6304696177884614 0.8092120576923078 0.6304696177884614 0.8092120576923078 0.6166837932692307
0 0.8537111081730769 0.6020496105769231 0.849058391826923 0.6020496105769231 0.849058391826923 0.6158354350961539 0.8537111081730769 0.6158354350961539 0.8537111081730769 0.6020496105769231
0 0.8476267860576924 0.6107452836538462 0.8476267860576924 0.5999287139423077 0.8420196682692308 0.5999287139423077 0.8420196682692308 0.6024737884615384 0.8420196682692308 0.6107452836538462 0.8476267860576924 0.6107452836538462
0 0.8330721370192309 0.6001408028846154 0.8268685168269231 0.6001408028846154 0.8268685168269231 0.6088364783653846 0.8330721370192309 0.6088364783653846 0.8330721370192309 0.6001408028846154
0 0.8373669519230769 0.599716625 0.8342651418269231 0.599716625 0.8342651418269231 0.6084122980769231 0.8373669519230769 0.6084122980769231 0.8373669519230769 0.599716625
0 0.4431577740384615 0.5488685985576923 0.44086720673076923 0.5488685985576923 0.44086720673076923 0.5620351201923077 0.4431577740384615 0.5620351201923077 0.4431577740384615 0.5488685985576923
0 0.44537199038461533 0.5469682764423077 0.44247060576923075 0.5469682764423077 0.44247060576923075 0.5598633245192308 0.44537199038461533 0.5598633245192308 0.44537199038461533 0.5469682764423077
0 0.4624778341346154 0.5790301538461539 0.4580188629807692 0.5790301538461539 0.4580188629807692 0.5941241466346153 0.4624778341346154 0.5941241466346153 0.4624778341346154 0.5790301538461539
0 0.4794327524038462 0.5206841610576923 0.47525723798076924 0.5206841610576923 0.47525723798076924 0.531288641826923 0.4794327524038462 0.531288641826923 0.4794327524038462 0.5206841610576923
0 0.4603446875 0.5098675913461539 0.45593057211538457 0.5098675913461539 0.45593057211538457 0.5194116225961538 0.4603446875 0.5194116225961538 0.4603446875 0.5098675913461539
1 0.44400053125 0.51135221875 0.43350209615384616 0.51135221875 0.43350209615384616 0.5194116225961538 0.44400053125 0.5194116225961538 0.44400053125 0.51135221875
0 0.5866676201923077 0.6140960480769231 0.5796773629807692 0.6140960480769231 0.5796773629807692 0.6464065745192307 0.5866676201923077 0.6464065745192307 0.5866676201923077 0.6140960480769231
0 0.5924928341346154 0.6161672355769231 0.5866676201923077 0.6161672355769231 0.5866676201923077 0.6464065745192307 0.5924928341346154 0.6464065745192307 0.5924928341346154 0.6161672355769231
0 0.6213859014423077 0.6207238485576922 0.6171917475961538 0.6207238485576922 0.6171917475961538 0.6356363990384615 0.6213859014423077 0.6356363990384615 0.6213859014423077 0.6207238485576922
0 0.6344343846153847 0.6169957115384614 0.6251140384615385 0.6169957115384614 0.6251140384615385 0.6464065745192307 0.6344343846153847 0.6464065745192307 0.6344343846153847 0.6169957115384614
0 0.6658905456730769 0.6182384230769231 0.6607643557692308 0.6182384230769231 0.6607643557692308 0.6459923389423078 0.6658905456730769 0.6459923389423078 0.6658905456730769 0.6182384230769231
0 0.6346673918269231 0.5879990841346154 0.6283761610576923 0.5879990841346154 0.6283761610576923 0.5971123100961538 0.6346673918269231 0.5971123100961538 0.6346673918269231 0.5879990841346154
0 0.6369974783653846 0.5966980721153846 0.6339683677884616 0.5966980721153846 0.6339683677884616 0.6116106250000001 0.6369974783653846 0.6116106250000001 0.6369974783653846 0.5966980721153846
0 0.6339683677884616 0.5975265480769231 0.6267451009615385 0.5975265480769231 0.6267451009615385 0.6116106250000001 0.6339683677884616 0.6116106250000001 0.6339683677884616 0.5975265480769231
0 0.6239489951923077 0.5900702740384616 0.6195218317307692 0.5900702740384616 0.6195218317307692 0.6000119735576923 0.6239489951923077 0.6000119735576923 0.6239489951923077 0.5900702740384616
0 0.5896967307692308 0.5503034711538461 0.5843705528846154 0.5503034711538461 0.5836385072115384 0.5503034711538461 0.5836385072115384 0.5635590721153846 0.5896967307692308 0.5635590721153846 0.5896967307692308 0.5503034711538461
0 0.9466284567307692 0.7605440721153846 0.9377741298076923 0.7605440721153846 0.9377741298076923 0.7841556105769231 0.9466284567307692 0.7841556105769231 0.9466284567307692 0.7605440721153846
0 0.9354440456730769 0.7539162716346154 0.9277547620192308 0.7539162716346154 0.9277547620192308 0.7816701850961538 0.9354440456730769 0.7816701850961538 0.9354440456730769 0.7539162716346154
0 0.9650361370192309 0.6582274062500001 0.9594439302884615 0.6582274062500001 0.9594439302884615 0.6756253822115384 0.9650361370192309 0.6756253822115384 0.9650361370192309 0.6582274062500001
0 0.9708613533653847 0.6582274062500001 0.9650361370192309 0.6582274062500001 0.9650361370192309 0.6731399567307693 0.9708613533653847 0.6731399567307693 0.9708613533653847 0.6582274062500001
0 0.9298518389423076 0.6217745048076923 0.9237936153846154 0.6217745048076923 0.9237936153846154 0.648285704326923 0.9298518389423076 0.648285704326923 0.9298518389423076 0.6217745048076923
0 0.9589779134615385 0.621360266826923 0.9589779134615385 0.6110043269230769 0.9524536730769231 0.6110043269230769 0.9524536730769231 0.6284023028846154 0.9589779134615385 0.6284023028846154 0.9589779134615385 0.621360266826923
0 0.9657351634615385 0.621360266826923 0.9608419831730769 0.621360266826923 0.9608419831730769 0.6520138437499999 0.9657351634615385 0.6520138437499999 0.9657351634615385 0.621360266826923
0 0.9780846201923077 0.6093473774038461 0.9722594038461538 0.6093473774038461 0.9722594038461538 0.6354443413461539 0.9780846201923077 0.6354443413461539 0.9780846201923077 0.6093473774038461
0 0.9377741298076923 0.6163894158653846 0.9326479423076923 0.6163894158653846 0.9326479423076923 0.6342016298076923 0.9377741298076923 0.6342016298076923 0.9377741298076923 0.6163894158653846
0 0.9431333293269231 0.6201175528846155 0.9380071394230769 0.6201175528846155 0.9380071394230769 0.6412436658653846 0.9431333293269231 0.6412436658653846 0.9431333293269231 0.6201175528846155
0 0.9484925264423077 0.6250884038461538 0.9456964230769231 0.6250884038461538 0.9456964230769231 0.6458002788461539 0.9484925264423077 0.6458002788461539 0.9484925264423077 0.6250884038461538
0 0.9524536730769231 0.6097616153846154 0.9477935000000001 0.6097616153846154 0.9477935000000001 0.6284023028846154 0.9524536730769231 0.6284023028846154 0.9524536730769231 0.6097616153846154
1 0.6124091009615384 0.5757460168269231 0.5986895552884616 0.5757460168269231 0.5986895552884616 0.587835125 0.6124091009615384 0.587835125 0.6124091009615384 0.5757460168269231
1 0.9857142860576923 0.02308390144230769 0.8183673461538461 0.02308390144230769 0.8183673461538461 0.09322751442307692 0.9857142860576923 0.09322751442307692 0.9857142860576923 0.02308390144230769
0 0.5091541706730769 0.5370635288461538 0.5057074350961538 0.5370635288461538 0.5057074350961538 0.5494887980769231 0.5091541706730769 0.5494887980769231 0.5091541706730769 0.5370635288461538
0 0.45194642548076924 0.5304684206730769 0.4497541538461538 0.5304684206730769 0.4497541538461538 0.5398066778846153 0.45194642548076924 0.5398066778846153 0.45194642548076924 0.5304684206730769
0 0.44927662980769234 0.5154191634615384 0.44727970913461534 0.5154191634615384 0.44727970913461534 0.5202812307692308 0.44927662980769234 0.5202812307692308 0.44927662980769234 0.5154191634615384
0 0.61151725 0.5964238461538461 0.6079824807692308 0.5964238461538461 0.6079824807692308 0.606378204326923 0.61151725 0.606378204326923 0.61151725 0.5964238461538461
1 0.6188996009615385 0.5980921754807692 0.6136130865384616 0.5980921754807692 0.6136130865384616 0.6075460336538462 0.6188996009615385 0.6075460336538462 0.6188996009615385 0.5980921754807692
1 0.6072317331730769 0.6011507764423076 0.6012570336538462 0.6011507764423076 0.6012570336538462 0.6127178509615384 0.6072317331730769 0.6127178509615384 0.6072317331730769 0.6011507764423076
0 0.6262819543269231 0.5939213557692308 0.6240609927884615 0.5939213557692308 0.6240609927884615 0.6037088798076924 0.6262819543269231 0.6037088798076924 0.6262819543269231 0.5939213557692308
0 0.8047010745192308 0.7644668774038461 0.7922909495192307 0.7644668774038461 0.7922909495192307 0.7967119879807693 0.8047010745192308 0.7967119879807693 0.8047010745192308 0.7644668774038461
0 0.8301895625 0.754453923076923 0.8189249879807693 0.754453923076923 0.8189249879807693 0.814871076923077 0.8301895625 0.814871076923077 0.8301895625 0.754453923076923
0 0.9282848197115385 0.7563388461538462 0.9238741778846153 0.7563388461538462 0.9238741778846153 0.7715206322115384 0.9282848197115385 0.7715206322115384 0.9282848197115385 0.7563388461538462
0 0.9729411081730769 0.7516364639423077 0.9602636875 0.7516364639423077 0.9602636875 0.7710514158653846 0.9729411081730769 0.7710514158653846 0.9729411081730769 0.7516364639423077
0 0.9688171274038461 0.6225202524038462 0.9657351634615385 0.6225202524038462 0.9657351634615385 0.6449221177884615 0.9688171274038461 0.6449221177884615 0.9688171274038461 0.6225202524038462
0 0.9237936153846154 0.6313452307692308 0.9203221778846153 0.6313452307692308 0.9203221778846153 0.6427498149038461 0.9237936153846154 0.6427498149038461 0.9237936153846154 0.6313452307692308
0 0.9203221778846153 0.6336533004807693 0.91398346875 0.6336533004807693 0.91398346875 0.6413921274038461 0.9203221778846153 0.6413921274038461 0.9203221778846153 0.6336533004807693
1 0.9594236177884615 0.6340606081730769 0.9534667572115385 0.6340606081730769 0.9534667572115385 0.6503528725961538 0.9594236177884615 0.6503528725961538 0.9594236177884615 0.6340606081730769