0 0.15052759855769232 0.44095901442307694 0.14680999278846155 0.44095901442307694 0.14680999278846155 0.4560130168269231 0.15052759855769232 0.4560130168269231 0.15052759855769232 0.44095901442307694
0 0.11174217788461539 0.4775970048076923 0.10911748076923077 0.4775970048076923 0.10911748076923077 0.48746472115384615 0.11174217788461539 0.48746472115384615 0.11174217788461539 0.4775970048076923
0 0.1267822283653846 0.4394648293269231 0.12295447355769232 0.4394648293269231 0.12295447355769232 0.4521934158653846 0.1267822283653846 0.4521934158653846 0.1267822283653846 0.4394648293269231
0 0.15620218509615386 0.4208001490384615 0.15217477884615385 0.4208001490384615 0.15217477884615385 0.4359153461538462 0.15620218509615386 0.4359153461538462 0.15620218509615386 0.4208001490384615
0 0.15217477884615385 0.41810756250000003 0.1486292860576923 0.41810756250000003 0.1486292860576923 0.43310037019230774 0.15217477884615385 0.43310037019230774 0.15217477884615385 0.41810756250000003
0 0.41428920673076924 0.45927579807692304 0.4106318413461538 0.45927579807692304 0.4106318413461538 0.4739052596153846 0.41428920673076924 0.4739052596153846 0.41428920673076924 0.45927579807692304
0 0.4282194663461538 0.45994512019230765 0.4242931754807693 0.45994512019230765 0.4242931754807693 0.4757219903846154 0.4282194663461538 0.4757219903846154 0.4282194663461538 0.45994512019230765
0 0.43725531009615387 0.45698098076923077 0.4320919711538461 0.45698098076923077 0.4320919711538461 0.4758176081730769 0.43725531009615387 0.4758176081730769 0.43725531009615387 0.45698098076923077
0 0.13521917548076923 0.4474325817307693 0.13521917548076923 0.43849809134615386 0.13177694951923077 0.43849809134615386 0.13177694951923077 0.4474325817307693 0.13256409375 0.4474325817307693 0.13521917548076923 0.4474325817307693
0 0.81512303125 0.38889169230769227 0.8219644567307692 0.38889169230769227 0.8219644567307692 0.3739753798076923 0.81512303125 0.3739753798076923 0.81512303125 0.38889169230769227
0 0.8350449158653847 0.3765761730769231 0.8314736057692307 0.3765761730769231 0.8314736057692307 0.3912630048076923 0.8350449158653847 0.3912630048076923 0.8350449158653847 0.3765761730769231
0 0.89547028125 0.38639011298076925 0.8918077524038461 0.38639011298076925 0.8918077524038461 0.39990199759615386 0.89547028125 0.39990199759615386 0.89547028125 0.38639011298076925
0 0.23776695432692307 0.34928735096153846 0.2354813173076923 0.34928735096153846 0.2354813173076923 0.3598618701923077 0.23776695432692307 0.3598618701923077 0.23776695432692307 0.34928735096153846
0 0.8335433461538462 0.35185262740384615 0.8312370552884616 0.35185262740384615 0.8312370552884616 0.3628065552884615 0.8335433461538462 0.3628065552884615 0.8335433461538462 0.35185262740384615
0 0.833095858173077 0.3624393870192308 0.8370199951923076 0.3624393870192308 0.8370199951923076 0.35436162980769226 0.833095858173077 0.35436162980769226 0.833095858173077 0.3624393870192308
0 0.5104080432692307 0.42133276442307693 0.5066904375 0.42133276442307693 0.5066904375 0.4351016682692308 0.5104080432692307 0.4351016682692308 0.5104080432692307 0.42133276442307693
0 0.24916621153846152 0.35425546153846155 0.2466878076923077 0.35425546153846155 0.2466878076923077 0.3625168052884616 0.24916621153846152 0.3625168052884616 0.24916621153846152 0.35425546153846155
0 0.2656971610576923 0.35710645673076924 0.26367037740384613 0.35710645673076924 0.26367037740384613 0.36458694711538464 0.2656971610576923 0.36458694711538464 0.2656971610576923 0.35710645673076924
0 0.2522696370192308 0.40289510336538464 0.2489887644230769 0.40289510336538464 0.2489887644230769 0.4138911033653846 0.2522696370192308 0.4138911033653846 0.2522696370192308 0.40289510336538464
1 0.13229517067307692 0.45867465865384616 0.14358997596153847 0.45867465865384616 0.14358997596153847 0.4477981802884615 0.13229517067307692 0.4477981802884615 0.13229517067307692 0.45867465865384616
1 0.38668839663461535 0.5292512716346154 0.3822763629807693 0.5292512716346154 0.3822763629807693 0.5402696826923077 0.38668839663461535 0.5402696826923077 0.38668839663461535 0.5292512716346154
1 0.3911140456730769 0.5217519663461538 0.3870264014423077 0.5217519663461538 0.3870264014423077 0.5377391947115384 0.3911140456730769 0.5377391947115384 0.3911140456730769 0.5217519663461538
1 0.3902534879807692 0.5385806274038462 0.39761124759615385 0.5385806274038462 0.39761124759615385 0.5278714783653846 0.3902534879807692 0.5278714783653846 0.3902534879807692 0.5385806274038462
1 0.5363307716346154 0.5333754759615384 0.5318560552884615 0.5333754759615384 0.5318560552884615 0.5410585745192308 0.5363307716346154 0.5410585745192308 0.5363307716346154 0.5333754759615384
1 0.5339810504807693 0.5185037956730769 0.5285353389423076 0.5185037956730769 0.5285353389423076 0.5259141442307692 0.5339810504807693 0.5259141442307692 0.5339810504807693 0.5185037956730769
1 0.5078555096153846 0.5389378798076924 0.5018887596153846 0.5389378798076924 0.5018887596153846 0.5484996201923077 0.5078555096153846 0.5484996201923077 0.5078555096153846 0.5389378798076924
1 0.5001420144230769 0.5566134399038462 0.49535516826923076 0.5566134399038462 0.49535516826923076 0.5641672139423076 0.5001420144230769 0.5641672139423076 0.5001420144230769 0.5566134399038462
1 0.9415050817307692 0.42475371153846153 0.9415050817307692 0.4192258317307692 0.9377233389423077 0.4192258317307692 0.9377233389423077 0.42475371153846153 0.9393078653846154 0.42475371153846153 0.9415050817307692 0.42475371153846153
1 0.9503291490384616 0.42340909134615384 0.9503291490384616 0.4186282211538461 0.9472197163461539 0.4186282211538461 0.9472197163461539 0.42340909134615384 0.9491027043269231 0.42340909134615384 0.9503291490384616 0.42340909134615384
1 0.98164696875 0.4097345240384615 0.9762684903846155 0.4097345240384615 0.9762684903846155 0.41905721874999996 0.98164696875 0.41905721874999996 0.98164696875 0.4097345240384615
1 0.6429177307692308 0.48878484855769233 0.63893765625 0.48878484855769233 0.63893765625 0.4942350408653846 0.6429177307692308 0.4942350408653846 0.6429177307692308 0.48878484855769233
1 0.6691756298076924 0.4718699591346154 0.6650745408653846 0.4718699591346154 0.6650745408653846 0.4838221346153846 0.6691756298076924 0.4838221346153846 0.6691756298076924 0.4718699591346154
1 0.21953946634615384 0.81123221875 0.21555939182692307 0.81123221875 0.21555939182692307 0.8194553149038462 0.21953946634615384 0.8194553149038462 0.21953946634615384 0.81123221875
1 0.23180239903846156 0.8163955576923076 0.22620878125 0.8163955576923076 0.22620878125 0.8308337860576922 0.23180239903846156 0.8308337860576922 0.23180239903846156 0.8163955576923076
1 0.08435101201923077 0.5652739447115385 0.08093632211538462 0.5652739447115385 0.08093632211538462 0.5745266490384615 0.08435101201923077 0.5745266490384615 0.08435101201923077 0.5652739447115385
1 0.44985185336538464 0.5374933557692307 0.4408176899038461 0.5374933557692307 0.4408176899038461 0.5520600697115385 0.44985185336538464 0.5520600697115385 0.44985185336538464 0.5374933557692307
1 0.19732457211538462 0.5632538100961538 0.19456810096153848 0.5632538100961538 0.19456810096153848 0.5670785048076923 0.19732457211538462 0.5670785048076923 0.19732457211538462 0.5632538100961538
1 0.11609629326923078 0.5490239423076922 0.11372115625 0.5490239423076922 0.11372115625 0.5534299927884615 0.11609629326923078 0.5534299927884615 0.11609629326923078 0.5490239423076922
0 0.7229002211538462 0.3704266033653846 0.7229002211538462 0.3665012427884615 0.7196731346153846 0.3665012427884615 0.7196731346153846 0.3743418701923077 0.7229002211538462 0.3743418701923077 0.7229002211538462 0.3704266033653846
1 0.7817083509615385 0.4888092043269231 0.7783091538461538 0.4888092043269231 0.7783091538461538 0.49615262019230766 0.7817083509615385 0.49615262019230766 0.7817083509615385 0.4888092043269231
1 0.8084644759615384 0.4623776418269231 0.8025782692307692 0.4623776418269231 0.8025782692307692 0.47174049759615383 0.8084644759615384 0.47174049759615383 0.8084644759615384 0.4623776418269231
0 0.4960686490384615 0.4261814254807692 0.4919379783653846 0.4261814254807692 0.4919379783653846 0.43444276923076924 0.4960686490384615 0.43444276923076924 0.4960686490384615 0.4261814254807692
0 0.48539774759615384 0.43811447836538464 0.4898296129807692 0.43811447836538464 0.4898296129807692 0.4263344134615385 0.48539774759615384 0.4263344134615385 0.48539774759615384 0.43811447836538464
0 0.5156671538461539 0.4464021153846154 0.5156671538461539 0.43661089423076926 0.5125261201923077 0.43661089423076926 0.5125261201923077 0.4411672764423077 0.5125261201923077 0.4464021153846154 0.5156671538461539 0.4464021153846154
0 0.5369231947115385 0.43911245192307696 0.5325128413461538 0.43911245192307696 0.5325128413461538 0.4519251826923077 0.5369231947115385 0.4519251826923077 0.5369231947115385 0.43911245192307696
0 0.5235974038461538 0.44036268990384614 0.5218191466346154 0.44036268990384614 0.5204994014423077 0.44036268990384614 0.5204994014423077 0.4459467475961538 0.5235974038461538 0.4459467475961538 0.5235974038461538 0.44036268990384614
0 0.28558715865384615 0.43004180048076923 0.2804238173076923 0.43004180048076923 0.2804238173076923 0.4406744567307692 0.28558715865384615 0.4406744567307692 0.28558715865384615 0.43004180048076923
0 0.2793481225961539 0.4319541490384615 0.2764652572115385 0.4319541490384615 0.2764652572115385 0.4418983581730769 0.2793481225961539 0.4418983581730769 0.2793481225961539 0.4319541490384615
0 0.2594193052884615 0.40119141826923077 0.25614918990384616 0.40119141826923077 0.25614918990384616 0.41297148076923074 0.2594193052884615 0.41297148076923074 0.2594193052884615 0.40119141826923077
1 0.28131008653846157 0.3853074158653846 0.27428794471153845 0.3853074158653846 0.27428794471153845 0.39522102644230767 0.28131008653846157 0.39522102644230767 0.28131008653846157 0.3853074158653846
1 0.21590167067307692 0.3900043149038461 0.20449929807692308 0.3900043149038461 0.20449929807692308 0.39757721153846154 0.21590167067307692 0.39757721153846154 0.21590167067307692 0.3900043149038461
0 0.24335737980769231 0.4340854639423077 0.23846296394230768 0.4340854639423077 0.23846296394230768 0.44383843990384614 0.24335737980769231 0.44383843990384614 0.24335737980769231 0.4340854639423077
0 0.2395386610576923 0.43523287259615384 0.23459045913461538 0.43523287259615384 0.23459045913461538 0.44517708173076925 0.2395386610576923 0.44517708173076925 0.2395386610576923 0.43523287259615384
0 0.2626872331730769 0.3619481923076923 0.2582983942307692 0.3619481923076923 0.2582983942307692 0.3715864278846154 0.2626872331730769 0.3715864278846154 0.2626872331730769 0.3619481923076923
0 0.11849733653846153 0.35196818028846155 0.11408698557692308 0.35196818028846155 0.11408698557692308 0.3670757307692308 0.11849733653846153 0.3670757307692308 0.11849733653846153 0.35196818028846155
1 0.3544134975961538 0.41054476682692304 0.34559279326923076 0.41054476682692304 0.34559279326923076 0.4206802091346154 0.3544134975961538 0.4206802091346154 0.3544134975961538 0.41054476682692304
1 0.38521604567307693 0.4406280480769231 0.3720925576923077 0.4406280480769231 0.3720925576923077 0.4493483557692307 0.38521604567307693 0.4493483557692307 0.38521604567307693 0.4406280480769231
1 0.36369137259615386 0.42377787259615385 0.3533216658653846 0.42377787259615385 0.3533216658653846 0.43471650240384613 0.36369137259615386 0.43471650240384613 0.36369137259615386 0.42377787259615385
1 0.312453 0.5352064423076923 0.2995446514423077 0.5352064423076923 0.2995446514423077 0.5460829206730768 0.312453 0.5460829206730768 0.312453 0.5352064423076923
1 0.3834620408653846 0.43243475721153846 0.40026978605769237 0.43243475721153846 0.40026978605769237 0.41435709374999996 0.3834620408653846 0.41435709374999996 0.3834620408653846 0.43243475721153846
1 0.17786490624999998 0.4326651971153846 0.19068719951923077 0.4326651971153846 0.19068719951923077 0.42050266586538465 0.17786490624999998 0.42050266586538465 0.17786490624999998 0.4326651971153846
0 0.22223840384615384 0.4299115528846154 0.22701180288461537 0.4299115528846154 0.22701180288461537 0.42214263701923077 0.22223840384615384 0.42214263701923077 0.22223840384615384 0.4299115528846154
1 0.28759238221153843 0.41034675000000004 0.30095453846153847 0.41034675000000004 0.30095453846153847 0.39734875961538463 0.28759238221153843 0.39734875961538463 0.28759238221153843 0.41034675000000004
0 0.43493711778846156 0.4706226923076923 0.43889567788461537 0.4706226923076923 0.43889567788461537 0.45792470192307694 0.43493711778846156 0.45792470192307694 0.43493711778846156 0.4706226923076923
0 0.7720721129807693 0.4126639903846154 0.7687912427884616 0.4126639903846154 0.7687912427884616 0.4188791201923077 0.7720721129807693 0.4188791201923077 0.7720721129807693 0.4126639903846154
0 0.9401316009615385 0.39607291826923074 0.9434017163461538 0.39607291826923074 0.9434017163461538 0.3897239230769231 0.9401316009615385 0.3897239230769231 0.9401316009615385 0.39607291826923074
1 0.9753910697115384 0.35442293990384616 0.954801579326923 0.35442293990384616 0.954801579326923 0.3667486177884615 0.9753910697115384 0.3667486177884615 0.9753910697115384 0.35442293990384616
1 0.9838802932692308 0.36985338221153846 0.9961709567307693 0.36985338221153846 0.9961709567307693 0.35584692788461536 0.9838802932692308 0.35584692788461536 0.9838802932692308 0.36985338221153846
1 0.8938332067307692 0.3749339951923077 0.9034136201923076 0.3749339951923077 0.9034136201923076 0.3641770384615385 0.8938332067307692 0.3641770384615385 0.8938332067307692 0.3749339951923077