1 0.515061125 0.4585350048076923 0.5089389807692307 0.4585350048076923 0.5089389807692307 0.47125196153846155 0.515061125 0.47125196153846155 0.515061125 0.4585350048076923
1 0.7934939062499999 0.13019878125 0.7934939062499999 0.11974730288461538 0.7905924471153847 0.11974730288461538 0.7905924471153847 0.13019878125 0.7929718725961539 0.13019878125 0.7934939062499999 0.13019878125
1 0.8041421899038461 0.15402620192307692 0.8009972884615385 0.15402620192307692 0.8009972884615385 0.16143598317307692 0.8041421899038461 0.16143598317307692 0.8041421899038461 0.15402620192307692
1 0.9407867427884615 0.71630546875 0.9407867427884615 0.7146731346153847 0.9378336586538462 0.7146731346153847 0.9378336586538462 0.7211169759615385 0.9407867427884615 0.7211169759615385 0.9407867427884615 0.71630546875
1 0.8703365336538462 0.3425131057692308 0.8668919254807693 0.3425131057692308 0.8668919254807693 0.3511094567307692 0.8703365336538462 0.3511094567307692 0.8703365336538462 0.3425131057692308
1 0.7214384086538461 0.07476010576923077 0.7170777644230769 0.07476010576923077 0.7170777644230769 0.07980809375 0.7214384086538461 0.07980809375 0.7214384086538461 0.07476010576923077
1 0.90463409375 0.5023269086538462 0.9003026322115384 0.5023269086538462 0.9003026322115384 0.5080796971153846 0.90463409375 0.5080796971153846 0.90463409375 0.5023269086538462
1 0.9011423749999999 0.4076590360576923 0.8966526033653845 0.4076590360576923 0.8966526033653845 0.4161127451923077 0.9011423749999999 0.4161127451923077 0.9011423749999999 0.4076590360576923
0 0.8520847331730769 0.19881409615384615 0.8488274879807692 0.19881409615384615 0.8488274879807692 0.20703103846153845 0.8520847331730769 0.20703103846153845 0.8520847331730769 0.19881409615384615
1 0.7858908341346154 0.14885820432692307 0.7826821009615385 0.14885820432692307 0.7826821009615385 0.15637522115384617 0.7858908341346154 0.15637522115384617 0.7858908341346154 0.14885820432692307
1 0.8690993629807693 0.5111501057692307 0.8673126201923077 0.5111501057692307 0.8654894519230769 0.5111501057692307 0.8654894519230769 0.51874175 0.8690993629807693 0.51874175 0.8690993629807693 0.5111501057692307
1 0.6237265913461538 0.21867762019230771 0.6187995264423077 0.21867762019230771 0.6187995264423077 0.2286352235576923 0.6237265913461538 0.2286352235576923 0.6237265913461538 0.21867762019230771
1 0.9861356105769231 0.8869997932692308 0.9861356105769231 0.8791232067307693 0.9821310673076924 0.8791232067307693 0.9821310673076924 0.8869997932692308 0.9834782572115385 0.8869997932692308 0.9861356105769231 0.8869997932692308
1 0.9607232403846153 0.6836546730769231 0.9607232403846153 0.6780006682692308 0.9566962572115384 0.6780006682692308 0.9566962572115384 0.6836546730769231 0.9598745360576924 0.6836546730769231 0.9607232403846153 0.6836546730769231
1 0.8307263701923078 0.4189886875 0.8284001850961539 0.4189886875 0.8268780384615385 0.4189886875 0.8268780384615385 0.42448608894230766 0.8307263701923078 0.42448608894230766 0.8307263701923078 0.4189886875
0 0.9337938942307692 0.12130389663461538 0.9296370192307692 0.12130389663461538 0.9296370192307692 0.13066095432692307 0.9337938942307692 0.13066095432692307 0.9337938942307692 0.12130389663461538
1 0.9343374879807692 0.6256531322115385 0.9343374879807692 0.6190495817307693 0.930640221153846 0.6190495817307693 0.930640221153846 0.6256531322115385 0.9320775408653846 0.6256531322115385 0.9343374879807692 0.6256531322115385
1 0.8092723846153846 0.19888896153846153 0.8055393221153846 0.19888896153846153 0.8055393221153846 0.20894611538461538 0.8092723846153846 0.20894611538461538 0.8092723846153846 0.19888896153846153
1 0.943867875 0.49827247836538463 0.9406743365384614 0.49827247836538463 0.9406743365384614 0.504597076923077 0.943867875 0.504597076923077 0.943867875 0.49827247836538463
1 0.8285988485576923 0.137011875 0.8243358605769231 0.137011875 0.8243358605769231 0.14400596634615384 0.8285988485576923 0.14400596634615384 0.8285988485576923 0.137011875
0 0.8758115120192307 0.01850914182692308 0.8711636850961538 0.01850914182692308 0.8711636850961538 0.026463911057692305 0.8758115120192307 0.026463911057692305 0.8758115120192307 0.01850914182692308
1 0.7699485793269231 0.2766659495192308 0.7666521706730769 0.2766659495192308 0.7666521706730769 0.28273764663461537 0.7699485793269231 0.28273764663461537 0.7699485793269231 0.2766659495192308
1 0.8457564038461538 0.47848770673076924 0.8457564038461538 0.47250906009615384 0.842444610576923 0.47250906009615384 0.842444610576923 0.4758061442307693 0.842444610576923 0.47848770673076924 0.8457564038461538 0.47848770673076924
0 0.8485741298076923 0.032717079326923075 0.845801798076923 0.032717079326923075 0.845801798076923 0.03966453365384615 0.8485741298076923 0.03966453365384615 0.8485741298076923 0.032717079326923075
1 0.8485582980769231 0.5384254182692307 0.8447677620192308 0.5384254182692307 0.8447677620192308 0.54472153125 0.8485582980769231 0.54472153125 0.8485582980769231 0.5384254182692307
1 0.8098475144230769 0.40340107211538456 0.8071964014423076 0.40340107211538456 0.8055235552884615 0.40340107211538456 0.8055235552884615 0.41033506009615384 0.8098475144230769 0.41033506009615384 0.8098475144230769 0.40340107211538456
0 0.8584859206730768 0.00018293509615384615 0.8544681538461538 0.00018293509615384615 0.8544681538461538 0.0061055625 0.8584859206730768 0.0061055625 0.8584859206730768 0.00018293509615384615
0 0.9141707115384615 0.04389474038461538 0.9097606658653846 0.04389474038461538 0.9097606658653846 0.054643016826923074 0.9141707115384615 0.054643016826923074 0.9141707115384615 0.04389474038461538
1 0.7183673870192308 0.2515726153846154 0.714923875 0.2515726153846154 0.7139146177884614 0.2515726153846154 0.7139146177884614 0.25899906971153847 0.7183673870192308 0.25899906971153847 0.7183673870192308 0.2515726153846154
1 0.7619551971153846 0.30197914903846157 0.7619551971153846 0.294464875 0.7578608197115385 0.294464875 0.7578608197115385 0.30197914903846157 0.7607352307692307 0.30197914903846157 0.7619551971153846 0.30197914903846157
1 0.7055138918269231 0.23749019471153848 0.7032801562500001 0.23749019471153848 0.7008553197115385 0.23749019471153848 0.7008553197115385 0.24582703125 0.7055138918269231 0.24582703125 0.7055138918269231 0.23749019471153848
1 0.9238274879807692 0.5641456899038462 0.9189679471153845 0.5641456899038462 0.9189679471153845 0.5721528221153845 0.9238274879807692 0.5721528221153845 0.9238274879807692 0.5641456899038462
1 0.8116233822115385 0.10909342788461539 0.8116233822115385 0.10342172596153845 0.8071943918269231 0.10342172596153845 0.8071943918269231 0.11198593509615384 0.8116233822115385 0.11198593509615384 0.8116233822115385 0.10909342788461539
1 0.939055125 0.71571971875 0.9352820072115384 0.71571971875 0.9352820072115384 0.7219265408653845 0.939055125 0.7219265408653845 0.939055125 0.71571971875
1 0.9137009927884615 0.6543322524038462 0.910276920673077 0.6543322524038462 0.910276920673077 0.6615327067307692 0.9137009927884615 0.6615327067307692 0.9137009927884615 0.6543322524038462
1 0.8144123076923078 0.15687297596153846 0.8144123076923078 0.1544277331730769 0.811587141826923 0.1544277331730769 0.811587141826923 0.1628171298076923 0.8144123076923078 0.1628171298076923 0.8144123076923078 0.15687297596153846
1 0.7484387067307693 0.26261300480769234 0.7484387067307693 0.2600629735576923 0.7460076009615384 0.2600629735576923 0.7460076009615384 0.26378690865384613 0.7484387067307693 0.26378690865384613 0.7484387067307693 0.26261300480769234
1 0.95780334375 0.7884288076923076 0.9543520600961538 0.7884288076923076 0.9543520600961538 0.7961247764423077 0.95780334375 0.7961247764423077 0.95780334375 0.7884288076923076
1 0.9349152884615385 0.6303542524038461 0.9349152884615385 0.6194618509615384 0.9312271129807693 0.6194618509615384 0.9312271129807693 0.6236223076923076 0.9312271129807693 0.6303542524038461 0.9349152884615385 0.6303542524038461
1 0.8490013125 0.5832060072115385 0.8464071923076923 0.5832060072115385 0.8464071923076923 0.5899641802884615 0.8490013125 0.5899641802884615 0.8490013125 0.5832060072115385
0 0.9011716201923077 0.016853692307692306 0.8983400985576923 0.016853692307692306 0.8983400985576923 0.024020103365384612 0.9011716201923077 0.024020103365384612 0.9011716201923077 0.016853692307692306
0 0.961236826923077 0.07307656490384616 0.9567540480769231 0.07307656490384616 0.9567540480769231 0.08077942788461538 0.961236826923077 0.08077942788461538 0.961236826923077 0.07307656490384616
1 0.7891601562499999 0.12572298317307692 0.7854368846153845 0.12572298317307692 0.7854368846153845 0.13439768990384615 0.7891601562499999 0.13439768990384615 0.7891601562499999 0.12572298317307692
1 0.7931078605769231 0.14158377403846154 0.789975358173077 0.14158377403846154 0.789975358173077 0.14769845192307693 0.7931078605769231 0.14769845192307693 0.7931078605769231 0.14158377403846154
1 0.8320798245192308 0.5632216274038462 0.8291971850961539 0.5632216274038462 0.8291971850961539 0.5688584495192308 0.8320798245192308 0.5688584495192308 0.8320798245192308 0.5632216274038462
1 0.8272761033653846 0.14953699519230768 0.8250008269230769 0.14953699519230768 0.8250008269230769 0.15608632211538462 0.8272761033653846 0.15608632211538462 0.8272761033653846 0.14953699519230768
1 0.6261183413461539 0.24082395673076923 0.6261183413461539 0.23396665625 0.6229045865384616 0.23396665625 0.6229045865384616 0.24082395673076923 0.6249236490384615 0.24082395673076923 0.6261183413461539 0.24082395673076923
1 0.9610475552884614 0.7857019495192308 0.9568007139423076 0.7857019495192308 0.9568007139423076 0.7927597620192308 0.9610475552884614 0.7927597620192308 0.9610475552884614 0.7857019495192308
0 0.9812868124999999 0.22088621634615385 0.9764289230769231 0.22088621634615385 0.9764289230769231 0.22853276201923078 0.9812868124999999 0.22853276201923078 0.9812868124999999 0.22088621634615385
0 0.8294731778846154 0.04870007932692307 0.8257380793269231 0.04870007932692307 0.8257380793269231 0.06147905288461538 0.8294731778846154 0.06147905288461538 0.8294731778846154 0.04870007932692307
1 0.7236080168269231 0.2591521370192308 0.7236080168269231 0.2516246947115385 0.7211751298076923 0.2516246947115385 0.7211751298076923 0.25311139182692305 0.7211751298076923 0.2591521370192308 0.7236080168269231 0.2591521370192308
0 0.8976800288461538 0.0071495 0.8945874519230769 0.0071495 0.8945874519230769 0.013818492788461537 0.8976800288461538 0.013818492788461537 0.8976800288461538 0.0071495
0 0.8956245432692308 0.007969331730769231 0.891885375 0.007969331730769231 0.891885375 0.013435471153846154 0.8956245432692308 0.013435471153846154 0.8956245432692308 0.007969331730769231
1 0.8226264951923077 0.63264403125 0.8210757548076923 0.63264403125 0.8185667043269231 0.63264403125 0.8185667043269231 0.6407886081730769 0.8226264951923077 0.6407886081730769 0.8226264951923077 0.63264403125
0 0.9586012524038462 0.10583325721153845 0.9546848942307692 0.10583325721153845 0.9546848942307692 0.11451302403846153 0.9586012524038462 0.11451302403846153 0.9586012524038462 0.10583325721153845
1 0.7668479927884615 0.3260603725961539 0.7639851875 0.3260603725961539 0.7639851875 0.33076465625 0.7668479927884615 0.33076465625 0.7668479927884615 0.3260603725961539
1 0.7739631658653846 0.43247279326923077 0.7739631658653846 0.4261450865384615 0.7703351346153846 0.4261450865384615 0.7703351346153846 0.4302400168269231 0.7703351346153846 0.43247279326923077 0.7739631658653846 0.43247279326923077
0 0.9180230456730769 0 0.9180230456730769 0.009273706730769231 0.9241032908653846 0.009273706730769231 0.9241032908653846 0 0.9180230456730769 0
1 0.8986375168269232 0.9840059879807692 0.8986375168269232 0.9806532115384615 0.8948462163461539 0.9806532115384615 0.8948462163461539 0.9892675336538462 0.8986375168269232 0.9892675336538462 0.8986375168269232 0.9840059879807692
1 0.9539499927884615 0.9165671442307691 0.9539499927884615 0.9013771346153846 0.9504723870192309 0.9013771346153846 0.9504723870192309 0.9084076394230769 0.9504723870192309 0.9165671442307691 0.9539499927884615 0.9165671442307691
1 0.8739047379807693 0.9009437283653846 0.8739047379807693 0.8866903798076924 0.8699072524038461 0.8866903798076924 0.8699072524038461 0.893909326923077 0.8699072524038461 0.9009437283653846 0.8739047379807693 0.9009437283653846
1 0.5000133701923077 0.4618642283653846 0.4931416682692307 0.4618642283653846 0.4931416682692307 0.4697369951923077 0.5000133701923077 0.4697369951923077 0.5000133701923077 0.4618642283653846
1 0.8519611995192308 0.9383867283653846 0.8430136682692309 0.9383867283653846 0.8430136682692309 0.9464461322115384 0.8519611995192308 0.9464461322115384 0.8519611995192308 0.9383867283653846
1 0.8863197139423077 0.9311756802884615 0.8789230889423076 0.9311756802884615 0.8789230889423076 0.9379625480769231 0.8863197139423077 0.9379625480769231 0.8863197139423077 0.9311756802884615
1 0.8977725552884616 0.9415680721153846 0.8947900432692308 0.9415680721153846 0.8947900432692308 0.9477186706730769 0.8977725552884616 0.9477186706730769 0.8977725552884616 0.9415680721153846
1 0.8640105384615384 0.8556717788461538 0.8589999230769231 0.8556717788461538 0.8589999230769231 0.8616102884615385 0.8640105384615384 0.8616102884615385 0.8640105384615384 0.8556717788461538
1 0.8510067956730769 0.8734873076923078 0.8455189759615384 0.8734873076923078 0.8455189759615384 0.8790016370192307 0.8510067956730769 0.8790016370192307 0.8510067956730769 0.8734873076923078
1 0.84313296875 0.9027556730769231 0.8365714471153846 0.9027556730769231 0.8365714471153846 0.9122997067307692 0.84313296875 0.9122997067307692 0.84313296875 0.9027556730769231
1 0.877491485576923 0.7765623557692307 0.87271946875 0.7765623557692307 0.87271946875 0.7839854927884615 0.877491485576923 0.7839854927884615 0.877491485576923 0.7765623557692307
1 0.8595964254807692 0.7996801225961538 0.8547051081730769 0.7996801225961538 0.8547051081730769 0.8056186322115385 0.8595964254807692 0.8056186322115385 0.8595964254807692 0.7996801225961538
1 0.8604315264423076 0.8134659471153847 0.8555402115384615 0.8134659471153847 0.8555402115384615 0.8230099807692308 0.8604315264423076 0.8230099807692308 0.8604315264423076 0.8134659471153847
1 0.8141429711538462 0.7598072764423077 0.8097288557692307 0.7598072764423077 0.8097288557692307 0.7687150408653847 0.8141429711538462 0.7687150408653847 0.8141429711538462 0.7598072764423077
1 0.8393153557692308 0.7502632451923077 0.8358556442307693 0.7502632451923077 0.8358556442307693 0.7572622019230769 0.8393153557692308 0.7572622019230769 0.8393153557692308 0.7502632451923077
1 0.7954128052884616 0.7241762211538462 0.7901635889423078 0.7241762211538462 0.7901635889423078 0.7305389110576923 0.7954128052884616 0.7305389110576923 0.7954128052884616 0.7241762211538462
1 0.7979181153846154 0.6845154639423078 0.7918337932692308 0.6845154639423078 0.7918337932692308 0.6921506899038461 0.7979181153846154 0.6921506899038461 0.7979181153846154 0.6845154639423078
1 0.8226753341346154 0.6841489735576923 0.8196212451923077 0.6841489735576923 0.8196212451923077 0.6890355192307692 0.8226753341346154 0.6890355192307692 0.8226753341346154 0.6841489735576923
1 0.8204076730769232 0.6575716009615384 0.815158454326923 0.6575716009615384 0.815158454326923 0.664867483173077 0.8204076730769232 0.664867483173077 0.8204076730769232 0.6575716009615384
1 0.8196441514423077 0.6477306442307692 0.8148721346153847 0.6477306442307692 0.8148721346153847 0.6551961971153847 0.8196441514423077 0.6551961971153847 0.8196441514423077 0.6477306442307692
1 0.8167809399038461 0.6331388774038461 0.8119134855769231 0.6331388774038461 0.8119134855769231 0.6424708221153845 0.8167809399038461 0.6424708221153845 0.8167809399038461 0.6331388774038461
1 0.7993153605769231 0.6531601370192307 0.7898667692307693 0.6531601370192307 0.7898667692307693 0.663510110576923 0.7993153605769231 0.663510110576923 0.7993153605769231 0.6531601370192307
1 0.8014112307692307 0.5948066490384616 0.7962574543269232 0.5948066490384616 0.7962574543269232 0.6012541754807692 0.8014112307692307 0.6012541754807692 0.8014112307692307 0.5948066490384616
1 0.7989297812499999 0.5958246802884616 0.7989297812499999 0.5903951850961539 0.7926307211538461 0.5903951850961539 0.7926307211538461 0.5958246802884616 0.7985206081730769 0.5958246802884616 0.7989297812499999 0.5958246802884616
1 0.7760241057692308 0.5915828870192308 0.7760241057692308 0.5846263485576924 0.7710612067307692 0.5846263485576924 0.7710612067307692 0.5915828870192308 0.7757064110576923 0.5915828870192308 0.7760241057692308 0.5915828870192308
1 0.8044653221153847 0.5802148846153846 0.7991206634615384 0.5802148846153846 0.7991206634615384 0.587510766826923 0.8044653221153847 0.587510766826923 0.8044653221153847 0.5802148846153846
1 0.802651954326923 0.5735976899038462 0.7960665721153847 0.5735976899038462 0.7960665721153847 0.5815722596153846 0.802651954326923 0.5815722596153846 0.802651954326923 0.5735976899038462
1 0.7890994302884615 0.5730886730769231 0.7833730096153846 0.5730886730769231 0.7833730096153846 0.5793665264423077 0.7890994302884615 0.5793665264423077 0.7890994302884615 0.5730886730769231
1 0.8347199038461538 0.5790271826923077 0.8318566947115384 0.5790271826923077 0.8318566947115384 0.5827599591346154 0.8347199038461538 0.5827599591346154 0.8347199038461538 0.5790271826923077
1 0.6283923341346154 0.5445874567307692 0.622856795673077 0.5445874567307692 0.622856795673077 0.5545980841346154 0.6283923341346154 0.5545980841346154 0.6283923341346154 0.5445874567307692
1 0.769301735576923 0.5599867860576923 0.7650260072115385 0.5599867860576923 0.7650260072115385 0.5684025 0.769301735576923 0.5684025 0.769301735576923 0.5599867860576923
1 0.7241011971153846 0.5690811875 0.7181457211538462 0.5690811875 0.7181457211538462 0.58618409375 0.7241011971153846 0.58618409375 0.7241011971153846 0.5690811875
1 0.7955669110576923 0.5530641802884616 0.7955669110576923 0.5431553533653847 0.788389798076923 0.5431553533653847 0.788389798076923 0.5530641802884616 0.7942914254807693 0.5530641802884616 0.7955669110576923 0.5530641802884616
1 0.8091356634615384 0.5293338990384615 0.805898326923077 0.5293338990384615 0.805898326923077 0.5362836490384615 0.8091356634615384 0.5362836490384615 0.8091356634615384 0.5293338990384615
1 0.7946470576923077 0.52559840625 0.7946470576923077 0.5214285552884615 0.7918128605769231 0.5214285552884615 0.7918128605769231 0.52559840625 0.7938914350961539 0.52559840625 0.7946470576923077 0.52559840625
1 0.7752579254807692 0.4774444783653846 0.7710585528846153 0.4774444783653846 0.7710585528846153 0.48586019471153846 0.7752579254807692 0.48586019471153846 0.7752579254807692 0.4774444783653846
1 0.6476176586538462 0.4251996490384615 0.6355384927884615 0.4251996490384615 0.6355384927884615 0.4395156971153846 0.6476176586538462 0.4395156971153846 0.6476176586538462 0.4251996490384615
1 0.6072046466346154 0.4087627043269231 0.6021343798076922 0.4087627043269231 0.6021343798076922 0.4310321129807692 0.6072046466346154 0.4310321129807692 0.6072046466346154 0.4087627043269231
1 0.6307664759615383 0.39365131971153844 0.623757576923077 0.39365131971153844 0.623757576923077 0.4029302403846154 0.6307664759615383 0.4029302403846154 0.6307664759615383 0.39365131971153844
1 0.7215291802884616 0.3113037259615385 0.7154150336538462 0.3113037259615385 0.7154150336538462 0.3181966394230769 0.7215291802884616 0.3181966394230769 0.7215291802884616 0.3113037259615385
1 0.6736744567307693 0.24104697115384616 0.6681568125 0.24104697115384616 0.6681568125 0.2484701081730769 0.6736744567307693 0.2484701081730769 0.6736744567307693 0.24104697115384616
1 0.6955959062500001 0.19942438701923076 0.6897800096153847 0.19942438701923076 0.6897800096153847 0.20790797115384616 0.6955959062500001 0.20790797115384616 0.6955959062500001 0.19942438701923076
1 0.6456668221153846 0.11828685576923077 0.6407755048076923 0.11828685576923077 0.6407755048076923 0.12464954326923078 0.6456668221153846 0.12464954326923078 0.6456668221153846 0.11828685576923077
1 0.989323545673077 0.7671487692307692 0.9833585264423077 0.7671487692307692 0.9833585264423077 0.7709663822115385 0.989323545673077 0.7709663822115385 0.989323545673077 0.7671487692307692
1 1 0.7389408509615384 0.995646466346154 0.7389408509615384 0.995646466346154 0.7459398076923077 1 0.7459398076923077 1 0.7389408509615384
0 0.8779643076923077 0.027037343749999998 0.8726196490384616 0.027037343749999998 0.8726196490384616 0.034502899038461536 0.8779643076923077 0.034502899038461536 0.8779643076923077 0.027037343749999998
0 0.8352416394230769 0.027111576923076922 0.8307368557692307 0.027111576923076922 0.8307368557692307 0.03593450480769231 0.8352416394230769 0.03593450480769231 0.8352416394230769 0.027111576923076922
0 0.9171246634615385 0.04511374278846154 0.9141707115384615 0.04511374278846154 0.9141707115384615 0.05274896875 0.9171246634615385 0.05274896875 0.9171246634615385 0.04511374278846154
0 0.9477550432692308 0.09313878365384615 0.9427444254807693 0.09313878365384615 0.9427444254807693 0.09886520192307692 0.9477550432692308 0.09886520192307692 0.9477550432692308 0.09313878365384615
0 0.9454883365384615 0.03735921634615385 0.9405970192307692 0.03735921634615385 0.9405970192307692 0.04711533894230769 0.9454883365384615 0.04711533894230769 0.9454883365384615 0.03735921634615385
0 0.9962849567307692 0.02413277884615385 0.9921810240384615 0.02413277884615385 0.9921810240384615 0.029901615384615384 0.9962849567307692 0.029901615384615384 0.9962849567307692 0.02413277884615385
0 0.9950442331730769 0.035161437499999997 0.9988618461538461 0.035161437499999997 0.9988618461538461 0.029901615384615384 0.9950442331730769 0.029901615384615384 0.9950442331730769 0.035161437499999997
0 0.9394701682692308 0.13044269471153846 0.9329086442307692 0.13044269471153846 0.9329086442307692 0.13935045913461538 0.9394701682692308 0.13935045913461538 0.9394701682692308 0.13044269471153846
0 0.9625443581730769 0.10465524999999999 0.9586012524038462 0.10465524999999999 0.9586012524038462 0.11451302403846153 0.9625443581730769 0.11451302403846153 0.9625443581730769 0.10465524999999999
0 0.9644531634615384 0.07903482451923077 0.9575814615384615 0.07903482451923077 0.9575814615384615 0.08531267788461538 0.9644531634615384 0.08531267788461538 0.9644531634615384 0.07903482451923077
0 0.9286664423076924 0.06104538221153846 0.9209090528846153 0.06104538221153846 0.9209090528846153 0.07364181009615385 0.9286664423076924 0.07364181009615385 0.9286664423076924 0.06104538221153846
0 0.827746329326923 0.050360709134615385 0.8237149302884615 0.050360709134615385 0.8237149302884615 0.05687610096153846 0.827746329326923 0.05687610096153846 0.827746329326923 0.050360709134615385
1 0.8061378942307692 0.81442240625 0.8122817548076923 0.81442240625 0.8122817548076923 0.80650365625 0.8061378942307692 0.80650365625 0.8061378942307692 0.81442240625
1 0.8514292596153846 0.9954626129807692 0.8552691730769231 0.9954626129807692 0.8552691730769231 0.9873845745192308 0.8514292596153846 0.9873845745192308 0.8514292596153846 0.9954626129807692
1 0.8159372860576923 0.6830394471153846 0.81881721875 0.6830394471153846 0.81881721875 0.6782608918269231 0.8159372860576923 0.6782608918269231 0.8159372860576923 0.6830394471153846
1 0.8281975048076924 0.7366527091346153 0.8316790264423077 0.7366527091346153 0.8316790264423077 0.7310094615384616 0.8281975048076924 0.7310094615384616 0.8281975048076924 0.7366527091346153
1 0.8373620961538462 0.7243649903846153 0.84130440625 0.7243649903846153 0.84130440625 0.7172654206730769 0.8373620961538462 0.7172654206730769 0.8373620961538462 0.7243649903846153
1 0.8625034687500001 0.8493092427884614 0.8663433822115384 0.8493092427884614 0.8663433822115384 0.8450426730769232 0.8625034687500001 0.8450426730769232 0.8625034687500001 0.8493092427884614
1 0.814283889423077 0.6286109375 0.8107614086538462 0.6286109375 0.8107614086538462 0.633926514423077 0.814283889423077 0.633926514423077 0.814283889423077 0.6286109375
1 0.8001530120192307 0.6181254182692307 0.7957703918269231 0.6181254182692307 0.7957703918269231 0.6262808221153846 0.8001530120192307 0.6262808221153846 0.8001530120192307 0.6181254182692307
1 0.7897963293269231 0.5717675096153847 0.7950390889423077 0.5717675096153847 0.7950390889423077 0.5652140600961538 0.7897963293269231 0.5652140600961538 0.7897963293269231 0.5717675096153847
1 0.8820382187500001 0.5411455264423076 0.8758943581730769 0.5411455264423076 0.8758943581730769 0.5497924399038461 0.8820382187500001 0.5497924399038461 0.8820382187500001 0.5411455264423076
1 0.8785566971153845 0.5259451634615384 0.8741535985576923 0.5259451634615384 0.8741535985576923 0.531497391826923 0.8785566971153845 0.531497391826923 0.8785566971153845 0.5259451634615384
1 0.8590951923076923 0.7506257091346153 0.8648550600961538 0.7506257091346153 0.8648550600961538 0.7331327764423077 0.8590951923076923 0.7331327764423077 0.8590951923076923 0.7506257091346153
1 0.8881345288461537 0.7338438701923077 0.8833346370192309 0.7338438701923077 0.8833346370192309 0.7437991995192307 0.8881345288461537 0.7437991995192307 0.8881345288461537 0.7338438701923077
1 0.8938943966346155 0.7711052403846155 0.8980543004807693 0.7711052403846155 0.8980543004807693 0.7618610072115384 0.8938943966346155 0.7618610072115384 0.8938943966346155 0.7711052403846155
1 0.6491875144230769 0.1305322019230769 0.6468835673076924 0.1305322019230769 0.6468835673076924 0.13553831009615386 0.6491875144230769 0.13553831009615386 0.6491875144230769 0.1305322019230769
0 0.7918245 0.015133942307692308 0.7882528701923076 0.015133942307692308 0.7882528701923076 0.022648564903846154 0.7918245 0.022648564903846154 0.7918245 0.015133942307692308
0 0.7909397860576923 0.012337802884615386 0.7860246971153846 0.012337802884615386 0.7860246971153846 0.020143689903846154 0.7909397860576923 0.020143689903846154 0.7909397860576923 0.012337802884615386
0 0.8974549278846153 0.03603758894230769 0.8920892908653847 0.03603758894230769 0.8920892908653847 0.04878040865384615 0.8974549278846153 0.04878040865384615 0.8974549278846153 0.03603758894230769
0 0.9073260624999999 0.059120295673076924 0.9027796057692308 0.059120295673076924 0.9027796057692308 0.07135340384615384 0.9073260624999999 0.07135340384615384 0.9073260624999999 0.059120295673076924
0 0.9394789254807693 0.0757223701923077 0.9281742235576923 0.0757223701923077 0.9281742235576923 0.08227581971153845 0.9394789254807693 0.08227581971153845 0.9394789254807693 0.0757223701923077
0 0.9531592524038461 0.05460569711538461 0.9457047043269231 0.05460569711538461 0.9457047043269231 0.061960125 0.9531592524038461 0.061960125 0.9531592524038461 0.05460569711538461
0 0.9578485865384615 0.036963435096153845 0.964811625 0.036963435096153845 0.964811625 0.02349245432692308 0.9578485865384615 0.02349245432692308 0.9578485865384615 0.036963435096153845
0 0.9731058365384615 0.004378225961538461 0.9710578822115384 0.004378225961538461 0.9710578822115384 0.011113716346153848 0.9731058365384615 0.011113716346153848 0.9731058365384615 0.004378225961538461
0 0.9685491418269231 0.010021473557692308 0.9704946947115385 0.010021473557692308 0.9704946947115385 0.0042872043269230765 0.9685491418269231 0.0042872043269230765 0.9685491418269231 0.010021473557692308
0 0.9620980889423076 0.007950766826923077 0.9654260120192307 0.007950766826923077 0.9654260120192307 0.0004416033653846154 0.9620980889423076 0.0004416033653846154 0.9620980889423076 0.007950766826923077
0 0.9530846947115384 0.13995023317307692 0.9605085240384615 0.13995023317307692 0.9605085240384615 0.13175842067307691 0.9530846947115384 0.13175842067307691 0.9530846947115384 0.13995023317307692
0 0.9871831129807693 0.13621840625 0.9758681730769231 0.13621840625 0.9758681730769231 0.14668572355769233 0.9871831129807693 0.14668572355769233 0.9871831129807693 0.13621840625
0 0.992814985576923 0.12566007211538463 0.9874903076923077 0.12566007211538463 0.9874903076923077 0.13558126682692306 0.992814985576923 0.13558126682692306 0.992814985576923 0.12566007211538463
0 0.9981396634615384 0.12611517307692308 0.9932245745192307 0.12611517307692308 0.9932245745192307 0.13822085096153847 0.9981396634615384 0.13822085096153847 0.9981396634615384 0.12611517307692308
0 0.9231561875000001 0.1790914423076923 0.9281941514423077 0.1790914423076923 0.9281941514423077 0.1711544855769231 0.9231561875000001 0.1711544855769231 0.9231561875000001 0.1790914423076923
0 0.9771138966346153 0.2405845889423077 0.9878353389423077 0.2405845889423077 0.9878353389423077 0.23317481971153847 0.9771138966346153 0.23317481971153847 0.9771138966346153 0.2405845889423077
0 0.9896440913461538 0.25381964423076925 0.9947295697115385 0.25381964423076925 0.9947295697115385 0.24128362259615385 0.9896440913461538 0.24128362259615385 0.9896440913461538 0.25381964423076925
0 0.9685497836538463 0.3045151201923077 0.9744151225961539 0.3045151201923077 0.9744151225961539 0.29228201201923076 0.9685497836538463 0.29228201201923076 0.9685497836538463 0.3045151201923077
1 0.9550825264423076 0.5467685528846153 0.9605096033653846 0.5467685528846153 0.9605096033653846 0.5363012379807692 0.9550825264423076 0.5363012379807692 0.9550825264423076 0.5467685528846153
0 0.9975278870192308 0.6454966057692307 0.9961647692307692 0.6454966057692307 0.9961647692307692 0.65001703125 0.9975278870192308 0.65001703125 0.9975278870192308 0.6454966057692307
1 0.9855488076923078 0.7745816442307691 0.9790849543269231 0.7745816442307691 0.9790849543269231 0.7811806057692308 0.9855488076923078 0.7811806057692308 0.9855488076923078 0.7745816442307691
1 0.99764453125 0.7299817764423077 0.988748733173077 0.7299817764423077 0.988748733173077 0.7365807379807693 0.99764453125 0.7365807379807693 0.99764453125 0.7299817764423077
1 0.9637442668269232 0.8409269350961538 0.9574775288461539 0.8409269350961538 0.9574775288461539 0.8498833173076924 0.9637442668269232 0.8498833173076924 0.9637442668269232 0.8409269350961538
1 0.9320009927884616 0.8463562860576922 0.9264305600961538 0.8463562860576922 0.9264305600961538 0.8548029567307692 0.9320009927884616 0.8548029567307692 0.9320009927884616 0.8463562860576922
1 0.9133031802884616 0.8805252475961538 0.9164391081730769 0.8805252475961538 0.9164391081730769 0.8742676129807693 0.9133031802884616 0.8742676129807693 0.9133031802884616 0.8805252475961538
1 0.9039593942307692 0.8572013365384615 0.9069673245192308 0.8572013365384615 0.9069673245192308 0.8534467548076923 0.9039593942307692 0.8534467548076923 0.9039593942307692 0.8572013365384615