1 0.9760719615384615 0.9095854375 0.7143923774038462 0.9095854375 0.7143923774038462 0.9765855240384614 0.9760719615384615 0.9765855240384614 0.9760719615384615 0.9095854375
1 0.7412153918269231 0.8853183870192307 0.7339380673076923 0.8853183870192307 0.7339380673076923 0.8954986875 0.7412153918269231 0.8954986875 0.7412153918269231 0.8853183870192307
1 0.7706825913461538 0.8774710721153846 0.7655526754807693 0.8774710721153846 0.7655526754807693 0.8880755528846154 0.7706825913461538 0.8880755528846154 0.7706825913461538 0.8774710721153846
1 0.7319099615384614 0.899528391826923 0.7246326346153846 0.899528391826923 0.7246326346153846 0.9071636177884616 0.7319099615384614 0.9071636177884616 0.7319099615384614 0.899528391826923
1 0.7180711129807692 0.8704721129807692 0.7094814831730769 0.8704721129807692 0.7094814831730769 0.8916810745192307 0.7180711129807692 0.8916810745192307 0.7180711129807692 0.8704721129807692
1 0.7665070793269231 0.8997404807692307 0.7617350624999999 0.8997404807692307 0.7617350624999999 0.9095854375 0.7665070793269231 0.9095854375 0.7665070793269231 0.8997404807692307
1 0.5329998653846154 0.7614835697115385 0.5295304182692308 0.7614835697115385 0.5295304182692308 0.7686070649038462 0.5329998653846154 0.7686070649038462 0.5329998653846154 0.7614835697115385
1 0.5375443509615384 0.7512326850961538 0.5319736899038461 0.7512326850961538 0.5319736899038461 0.7631341370192307 0.5375443509615384 0.7631341370192307 0.5375443509615384 0.7512326850961538
1 0.2937664182692308 0.9823910889423076 0.2857136418269231 0.9823910889423076 0.2857136418269231 0.9967071370192309 0.2937664182692308 0.9967071370192309 0.2937664182692308 0.9823910889423076
1 0.1103199110576923 0.9637503990384615 0.10241625721153845 0.9637503990384615 0.10241625721153845 0.9767408894230769 0.1103199110576923 0.9767408894230769 0.1103199110576923 0.9637503990384615
1 0.009934822115384616 0.9477711442307692 0.0037044783653846156 0.9477711442307692 0.0037044783653846156 0.9600418004807693 0.009934822115384616 0.9600418004807693 0.009934822115384616 0.9477711442307692
1 0.014210548076923077 0.93517471875 0.004437459134615384 0.93517471875 0.004437459134615384 0.9520061490384616 0.014210548076923077 0.9520061490384616 0.014210548076923077 0.93517471875
1 0.32107398317307695 0.7741758629807692 0.3161110865384615 0.7741758629807692 0.3161110865384615 0.7896159879807693 0.32107398317307695 0.7896159879807693 0.32107398317307695 0.7741758629807692
1 0.32689584375 0.7322669567307692 0.32307823076923076 0.7322669567307692 0.32307823076923076 0.7405808701923077 0.32689584375 0.7405808701923077 0.32689584375 0.7322669567307692
1 0.3276593653846154 0.7159784759615384 0.32136030528846155 0.7159784759615384 0.32136030528846155 0.7312489278846154 0.3276593653846154 0.7312489278846154 0.3276593653846154 0.7159784759615384
1 0.33214506250000003 0.7027440841346154 0.32718216346153844 0.7027440841346154 0.32718216346153844 0.7141120865384616 0.33214506250000003 0.7141120865384616 0.33214506250000003 0.7027440841346154
1 0.410035 0.6451266658653847 0.40510936298076927 0.6451266658653847 0.40510936298076927 0.651937423076923 0.410035 0.651937423076923 0.410035 0.6451266658653847
1 0.28257121875 0.6804130072115384 0.27915063701923076 0.6804130072115384 0.27915063701923076 0.6897517379807692 0.28257121875 0.6897517379807692 0.28257121875 0.6804130072115384
1 0.2919778173076923 0.6621699086538461 0.2878242548076923 0.6621699086538461 0.2878242548076923 0.6721601778846154 0.2919778173076923 0.6721601778846154 0.2919778173076923 0.6621699086538461
1 0.2787436802884615 0.6775815264423077 0.27439465625000004 0.6775815264423077 0.27439465625000004 0.6815776346153846 0.2787436802884615 0.6815776346153846 0.2787436802884615 0.6775815264423077
1 0.09030290865384615 0.7211379495192307 0.08469579086538462 0.7211379495192307 0.08469579086538462 0.7325907884615385 0.09030290865384615 0.7325907884615385 0.09030290865384615 0.7211379495192307
1 0.09074378846153845 0.5992841778846154 0.08575951442307693 0.5992841778846154 0.08575951442307693 0.6070157764423076 0.09074378846153845 0.6070157764423076 0.09074378846153845 0.5992841778846154
1 0.07540003846153846 0.5920738100961539 0.07281017067307692 0.5920738100961539 0.07281017067307692 0.5957224302884615 0.07540003846153846 0.5957224302884615 0.07540003846153846 0.5920738100961539
1 0.07857629326923078 0.5867746225961539 0.07452046153846154 0.5867746225961539 0.07452046153846154 0.5914657067307693 0.07857629326923078 0.5914657067307693 0.07857629326923078 0.5867746225961539
1 0.015548838942307693 0.5655201899038461 0.009975125 0.5655201899038461 0.009975125 0.5761077043269232 0.015548838942307693 0.5761077043269232 0.015548838942307693 0.5655201899038461
1 0.030895644230769233 0.5750218052884615 0.02539828125 0.5750218052884615 0.02539828125 0.5804512980769231 0.030895644230769233 0.5804512980769231 0.030895644230769233 0.5750218052884615
1 0.03509501923076923 0.5701352596153846 0.030513882211538463 0.5701352596153846 0.030513882211538463 0.579636875 0.03509501923076923 0.579636875 0.03509501923076923 0.5701352596153846
1 0.028039759615384616 0.5269811971153846 0.02481463942307692 0.5269811971153846 0.02481463942307692 0.5297610961538461 0.028039759615384616 0.5297610961538461 0.028039759615384616 0.5269811971153846
1 0.13847363942307694 0.5000238942307692 0.13573717548076922 0.5000238942307692 0.13573717548076922 0.5059311826923077 0.13847363942307694 0.5059311826923077 0.13847363942307694 0.5000238942307692
0 0.01310390625 0.4684064375 0.01310390625 0.46782042307692306 0.007759247596153846 0.46782042307692306 0.007759247596153846 0.47443761778846155 0.01310390625 0.47443761778846155 0.01310390625 0.4684064375
0 0.021216334134615385 0.45950650961538464 0.01797136298076923 0.45950650961538464 0.01797136298076923 0.4659540336538462 0.021216334134615385 0.4659540336538462 0.021216334134615385 0.45950650961538464
0 0.013137348557692309 0.45888103125 0.013137348557692309 0.4490123822115385 0.012129882211538462 0.4490123822115385 0.007898973557692307 0.4490123822115385 0.007898973557692307 0.45888103125 0.012787218749999999 0.45888103125 0.013137348557692309 0.45888103125
0 0.011909377403846153 0.4554888365384615 0.017460492788461537 0.4554888365384615 0.017460492788461537 0.4472186298076923 0.011909377403846153 0.4472186298076923 0.011909377403846153 0.4554888365384615
1 0.0814960625 0.4700518245192308 0.07844197355769231 0.4700518245192308 0.07844197355769231 0.47575279326923076 0.0814960625 0.47575279326923076 0.0814960625 0.4700518245192308
1 0.08943669951923076 0.4347601129807692 0.08706977884615384 0.4347601129807692 0.08706977884615384 0.44059681971153847 0.08943669951923076 0.44059681971153847 0.08943669951923076 0.4347601129807692
1 0.0638128798076923 0.45864988701923076 0.06069770913461539 0.45864988701923076 0.06069770913461539 0.4662511802884615 0.0638128798076923 0.4662511802884615 0.0638128798076923 0.45864988701923076
1 0.06369071634615385 0.45148295673076927 0.060086889423076925 0.45148295673076927 0.060086889423076925 0.45636950000000004 0.06369071634615385 0.45636950000000004 0.06369071634615385 0.45148295673076927
1 0.06069770913461539 0.4539805240384615 0.05703280048076923 0.4539805240384615 0.05703280048076923 0.45864988701923076 0.06069770913461539 0.45864988701923076 0.06069770913461539 0.4539805240384615
1 0.038291375 0.44367670192307695 0.03545717788461538 0.44367670192307695 0.03545717788461538 0.44888901442307694 0.038291375 0.44888901442307694 0.038291375 0.44367670192307695
1 0.03348232692307693 0.4305892451923077 0.029573091346153844 0.4305892451923077 0.029573091346153844 0.44023202644230774 0.03348232692307693 0.44023202644230774 0.03348232692307693 0.4305892451923077
1 0.02532179807692308 0.42780934374999996 0.023367180288461537 0.42780934374999996 0.023367180288461537 0.4357146875 0.02532179807692308 0.4357146875 0.02532179807692308 0.42780934374999996
0 0.039823478365384614 0.37180504567307693 0.035425586538461534 0.37180504567307693 0.035425586538461534 0.38418429326923076 0.039823478365384614 0.38418429326923076 0.039823478365384614 0.37180504567307693
0 0.030527161057692306 0.3561735336538462 0.02813275480769231 0.3561735336538462 0.02813275480769231 0.364078875 0.030527161057692306 0.364078875 0.030527161057692306 0.3561735336538462
0 0.044453812499999995 0.34713885576923076 0.04020251923076923 0.34713885576923076 0.04020251923076923 0.3596484086538462 0.044453812499999995 0.3596484086538462 0.044453812499999995 0.34713885576923076
0 0.06032205528846154 0.34473833894230765 0.056718228365384614 0.34473833894230765 0.056718228365384614 0.35331693990384616 0.06032205528846154 0.35331693990384616 0.06032205528846154 0.34473833894230765
0 0.06374263701923076 0.34419539182692305 0.060688545673076924 0.34419539182692305 0.060688545673076924 0.3522310408653846 0.06374263701923076 0.3522310408653846 0.06374263701923076 0.34419539182692305
0 0.06820160817307692 0.34267513221153845 0.0644145360576923 0.34267513221153845 0.0644145360576923 0.3517966826923077 0.06820160817307692 0.3517966826923077 0.06820160817307692 0.34267513221153845
0 0.07519547596153846 0.36520753125 0.07042345913461538 0.36520753125 0.07042345913461538 0.3789509399038461 0.07519547596153846 0.3789509399038461 0.07519547596153846 0.36520753125
0 0.0810173341346154 0.3682616225961538 0.07729516346153847 0.3682616225961538 0.07729516346153847 0.3774238942307692 0.0810173341346154 0.3774238942307692 0.0810173341346154 0.3682616225961538
0 0.07729516346153847 0.3602870528846154 0.0730003485576923 0.3602870528846154 0.0730003485576923 0.37267308653846154 0.07729516346153847 0.37267308653846154 0.07729516346153847 0.3602870528846154
0 0.08531214903846154 0.3451862740384615 0.08120821634615384 0.3451862740384615 0.08120821634615384 0.3551969038461538 0.08531214903846154 0.3551969038461538 0.08531214903846154 0.3451862740384615
0 0.009984858173076924 0.3226671298076923 0.0076026682692307695 0.3226671298076923 0.0076026682692307695 0.3295082908653846 0.009984858173076924 0.3295082908653846 0.009984858173076924 0.3226671298076923
0 0.05791029326923077 0.31768034615384616 0.05314591105769231 0.31768034615384616 0.05314591105769231 0.3271276658653846 0.05791029326923077 0.3271276658653846 0.05791029326923077 0.31768034615384616
0 0.06731689182692308 0.30367225000000003 0.0638352283653846 0.30367225000000003 0.0638352283653846 0.3140968798076923 0.06731689182692308 0.3140968798076923 0.06731689182692308 0.30367225000000003
0 0.05192427644230769 0.3121422620192308 0.04746530288461538 0.3121422620192308 0.04746530288461538 0.31920060336538464 0.05192427644230769 0.31920060336538464 0.05192427644230769 0.3121422620192308
0 0.08592241105769231 0.2963750120192308 0.08313707932692307 0.2963750120192308 0.08313707932692307 0.3031510192307692 0.08592241105769231 0.3031510192307692 0.08592241105769231 0.2963750120192308
0 0.09095555048076923 0.2972437307692308 0.08802362500000001 0.2972437307692308 0.08802362500000001 0.3070602548076923 0.09095555048076923 0.3070602548076923 0.09095555048076923 0.2972437307692308
0 0.09545117307692307 0.29793870432692304 0.09247037980769231 0.29793870432692304 0.09247037980769231 0.30662589423076925 0.09545117307692307 0.30662589423076925 0.09545117307692307 0.29793870432692304
0 0.09970246634615385 0.29898116826923077 0.09657507692307693 0.29898116826923077 0.09657507692307693 0.3067996394230769 0.09970246634615385 0.3067996394230769 0.09970246634615385 0.29898116826923077
0 0.10629930048076923 0.29733060096153846 0.10375829807692308 0.29733060096153846 0.10375829807692308 0.3039328677884615 0.10629930048076923 0.3039328677884615 0.10629930048076923 0.29733060096153846
1 0.5692795697115385 0.5132252764423076 0.5633145504807693 0.5132252764423076 0.5633145504807693 0.5231669783653846 0.5692795697115385 0.5231669783653846 0.5692795697115385 0.5132252764423076
1 0.46563734375000004 0.44131364423076924 0.4611635769230769 0.44131364423076924 0.4611635769230769 0.44926700480769227 0.46563734375000004 0.44926700480769227 0.46563734375000004 0.44131364423076924
1 0.5013394807692307 0.4645607860576923 0.4984075528846154 0.4645607860576923 0.4984075528846154 0.47248784615384615 0.5013394807692307 0.47248784615384615 0.5013394807692307 0.4645607860576923
1 0.4977356538461538 0.41276341346153844 0.4944983173076923 0.41276341346153844 0.4944983173076923 0.4189530360576923 0.4977356538461538 0.4189530360576923 0.4977356538461538 0.41276341346153844
1 0.5160745120192307 0.4035315769230769 0.51404640625 0.4035315769230769 0.51404640625 0.40989426442307697 0.5160745120192307 0.40989426442307697 0.5160745120192307 0.4035315769230769
1 0.49591274278846154 0.39250291586538466 0.4928109326923077 0.39250291586538466 0.4928109326923077 0.3984414254807692 0.49591274278846154 0.3984414254807692 0.49591274278846154 0.39250291586538466
1 0.5453203942307693 0.3922157211538462 0.5422663052884615 0.3922157211538462 0.5422663052884615 0.39797098557692306 0.5453203942307693 0.39797098557692306 0.5453203942307693 0.3922157211538462
1 0.5415944038461539 0.38689481730769226 0.5384181514423078 0.38689481730769226 0.5384181514423078 0.3921071322115385 0.5415944038461539 0.3921071322115385 0.5415944038461539 0.38689481730769226
1 0.5363413701923077 0.36506825 0.5334705240384615 0.36506825 0.5334705240384615 0.3735382620192308 0.5363413701923077 0.3735382620192308 0.5363413701923077 0.36506825
1 0.5290726346153846 0.3525804158653846 0.52656828125 0.3525804158653846 0.52656828125 0.35898721875 0.5290726346153846 0.35898721875 0.5290726346153846 0.3525804158653846
1 0.5437933509615385 0.3703311875 0.5437933509615385 0.36419953125 0.5381127427884616 0.36419953125 0.5381127427884616 0.3708235144230769 0.5437933509615385 0.3708235144230769 0.5437933509615385 0.3703311875
1 0.5472750120192308 0.3535577235576923 0.5428160408653846 0.3535577235576923 0.5428160408653846 0.3594215769230769 0.5472750120192308 0.3594215769230769 0.5472750120192308 0.3535577235576923
1 0.5573535120192308 0.36702287019230767 0.5546048293269231 0.36702287019230767 0.5546048293269231 0.3728867211538462 0.5573535120192308 0.3728867211538462 0.5573535120192308 0.36702287019230767
1 0.5536886033653846 0.37733890625 0.5499626129807692 0.37733890625 0.5499626129807692 0.38124814423076925 0.5536886033653846 0.38124814423076925 0.5536886033653846 0.37733890625
1 0.5597967836538461 0.38472301923076924 0.5567426923076924 0.38472301923076924 0.5567426923076924 0.3900439230769231 0.5597967836538461 0.3900439230769231 0.5597967836538461 0.38472301923076924
1 0.5582086562499999 0.3404183485576923 0.5558875480769231 0.3404183485576923 0.5558875480769231 0.3455220721153846 0.5582086562499999 0.3455220721153846 0.5582086562499999 0.3404183485576923
1 0.5897268701923077 0.3623535048076923 0.5875890048076923 0.3623535048076923 0.5875890048076923 0.36658850961538464 0.5897268701923077 0.36658850961538464 0.5897268701923077 0.3623535048076923
1 0.6353569086538461 0.4542514038461538 0.6317778966346155 0.4542514038461538 0.6317778966346155 0.4591294639423077 0.6353569086538461 0.4591294639423077 0.6353569086538461 0.4542514038461538
1 0.6699540264423077 0.44810080288461535 0.6660171129807692 0.44810080288461535 0.6660171129807692 0.4531909543269231 0.6699540264423077 0.4531909543269231 0.6699540264423077 0.44810080288461535
1 0.6948878125 0.4321940841346154 0.6921439014423078 0.4321940841346154 0.6921439014423078 0.43813259375 0.6948878125 0.43813259375 0.6948878125 0.4321940841346154
1 0.3274076754807692 0.3891101153846154 0.3245444639423077 0.3891101153846154 0.3245444639423077 0.3948789519230769 0.3274076754807692 0.3948789519230769 0.3274076754807692 0.3891101153846154
1 0.3121372235576923 0.40471991105769234 0.3093694519230769 0.40471991105769234 0.3093694519230769 0.41116743509615383 0.3121372235576923 0.41116743509615383 0.3121372235576923 0.40471991105769234
1 0.3110873798076923 0.4344124567307693 0.3080332884615385 0.4344124567307693 0.3080332884615385 0.4411993221153846 0.3110873798076923 0.4411993221153846 0.3110873798076923 0.4344124567307693
1 0.3100375360576923 0.3756912091346154 0.3100375360576923 0.37265196153846153 0.30746064663461536 0.37265196153846153 0.30746064663461536 0.37638473798076927 0.3100375360576923 0.37638473798076927 0.3100375360576923 0.3756912091346154
1 0.3051700793269231 0.3743486778846154 0.3020205480769231 0.3743486778846154 0.3020205480769231 0.3797781730769231 0.3051700793269231 0.3797781730769231 0.3051700793269231 0.3743486778846154
1 0.29553060576923074 0.3751970360576923 0.2920947548076923 0.3751970360576923 0.2920947548076923 0.380965875 0.29553060576923074 0.380965875 0.29553060576923074 0.3751970360576923
1 0.28178719951923076 0.44102965144230766 0.27873310817307695 0.44102965144230766 0.27873310817307695 0.4473075048076923 0.28178719951923076 0.4473075048076923 0.28178719951923076 0.44102965144230766
1 0.2705252403846154 0.4159182427884615 0.2673757115384615 0.4159182427884615 0.2673757115384615 0.4216870793269231 0.2705252403846154 0.4216870793269231 0.2705252403846154 0.4159182427884615
1 0.25191437740384615 0.4501919230769231 0.24819220432692307 0.4501919230769231 0.24819220432692307 0.4566394471153846 0.25191437740384615 0.4566394471153846 0.25191437740384615 0.4501919230769231
1 0.2257637283653846 0.4415386658653846 0.2228050793269231 0.4415386658653846 0.2228050793269231 0.44713783173076926 0.2257637283653846 0.44713783173076926 0.2257637283653846 0.4415386658653846
1 0.23588040384615386 0.45324601201923076 0.23292175240384616 0.45324601201923076 0.23292175240384616 0.45867550721153844 0.23588040384615386 0.45867550721153844 0.23588040384615386 0.45324601201923076
1 0.22865467548076923 0.38288528365384616 0.22552423317307693 0.38288528365384616 0.22552423317307693 0.3884505168269231 0.22865467548076923 0.3884505168269231 0.22865467548076923 0.38288528365384616
1 0.17975275480769232 0.40147320192307695 0.17529378125 0.40147320192307695 0.17529378125 0.4095088533653846 0.17975275480769232 0.4095088533653846 0.17975275480769232 0.40147320192307695
1 0.17254510096153847 0.40342781971153846 0.16973533653846154 0.40342781971153846 0.16973533653846154 0.4087487235576923 0.17254510096153847 0.4087487235576923 0.17254510096153847 0.40342781971153846
0 0.12423226923076923 0.2332826418269231 0.12203332451923078 0.2332826418269231 0.12203332451923078 0.23979803605769232 0.12423226923076923 0.23979803605769232 0.12423226923076923 0.2332826418269231
0 0.13942942307692308 0.22841781490384616 0.13742593990384616 0.22841781490384616 0.13742593990384616 0.23519382451923077 0.13942942307692308 0.23519382451923077 0.13942942307692308 0.22841781490384616
0 0.1419704278846154 0.21252025721153847 0.14016240625 0.21252025721153847 0.14016240625 0.21582138942307694 0.1419704278846154 0.21582138942307694 0.1419704278846154 0.21252025721153847
0 0.16078362499999999 0.22025185817307694 0.15848694711538464 0.22025185817307694 0.15848694711538464 0.22563791586538462 0.16078362499999999 0.22563791586538462 0.16078362499999999 0.22025185817307694
0 0.16918848076923076 0.20739481490384615 0.16918848076923076 0.2014875264423077 0.16723386298076923 0.2014875264423077 0.16723386298076923 0.20739481490384615 0.1688297235576923 0.20739481490384615 0.16918848076923076 0.20739481490384615
0 0.1711430985576923 0.2015743966346154 0.16967713461538464 0.2015743966346154 0.16967713461538464 0.20565737740384618 0.1711430985576923 0.20565737740384618 0.1711430985576923 0.2015743966346154
0 0.16918848076923076 0.19471151682692306 0.16738045913461536 0.19471151682692306 0.16738045913461536 0.2014875264423077 0.16918848076923076 0.2014875264423077 0.16918848076923076 0.19471151682692306
0 0.17510119951923078 0.1959277235576923 0.1734886394230769 0.1959277235576923 0.1734886394230769 0.20001070432692308 0.17510119951923078 0.20001070432692308 0.17510119951923078 0.1959277235576923
0 0.1776910673076923 0.19297407932692306 0.1757364495192308 0.19297407932692306 0.1757364495192308 0.19879449519230769 0.1776910673076923 0.19879449519230769 0.1776910673076923 0.19297407932692306
0 0.16840663221153845 0.18611119951923077 0.16596336057692307 0.18611119951923077 0.16596336057692307 0.1938427980769231 0.16840663221153845 0.1938427980769231 0.16840663221153845 0.18611119951923077
1 0.1844345 0.19627521153846153 0.18247988221153846 0.19627521153846153 0.18247988221153846 0.2020956298076923 0.1844345 0.2020956298076923 0.1844345 0.19627521153846153
0 0.1933187764423077 0.16351587740384615 0.19146189182692305 0.16351587740384615 0.19146189182692305 0.16664326682692307 0.1933187764423077 0.16664326682692307 0.1933187764423077 0.16351587740384615
1 0.32594388942307695 0.7693488076923077 0.32008003605769236 0.7693488076923077 0.32008003605769236 0.7820538221153845 0.32594388942307695 0.7820538221153845 0.32594388942307695 0.7693488076923077
0 0.016817009615384616 0.43112242307692306 0.013249831730769232 0.43112242307692306 0.013249831730769232 0.4367690985576923 0.016817009615384616 0.4367690985576923 0.016817009615384616 0.43112242307692306
0 0.08912471634615385 0.27814109375 0.08912471634615385 0.27278978365384615 0.08697463701923078 0.27278978365384615 0.08697463701923078 0.27814109375 0.08827138701923078 0.27814109375 0.08912471634615385 0.27814109375
0 0.09100114903846154 0.27292877884615385 0.089085625 0.27292877884615385 0.089085625 0.27918355528846156 0.09100114903846154 0.27918355528846156 0.09100114903846154 0.27292877884615385
0 0.20492554567307691 0.13977202163461538 0.20330430769230767 0.13977202163461538 0.20330430769230767 0.1448603533653846 0.20492554567307691 0.1448603533653846 0.20492554567307691 0.13977202163461538
0 0.17370179326923077 0.20232120673076923 0.17168024999999998 0.20232120673076923 0.17168024999999998 0.207018125 0.17370179326923077 0.207018125 0.17370179326923077 0.20232120673076923
0 0.1982386778846154 0.15903227403846154 0.1957968125 0.15903227403846154 0.1957968125 0.16525925240384615 0.1982386778846154 0.16525925240384615 0.1982386778846154 0.15903227403846154
0 0.20044036057692308 0.16031325480769232 0.19883913701923076 0.16031325480769232 0.19883913701923076 0.16436968509615385 0.20044036057692308 0.16436968509615385 0.20044036057692308 0.16031325480769232
1 0.1542253341346154 0.22777254326923077 0.15178597115384615 0.22777254326923077 0.15178597115384615 0.23755779567307694 0.1542253341346154 0.23755779567307694 0.1542253341346154 0.22777254326923077
1 0.1565996466346154 0.22557753365384617 0.1544379951923077 0.22557753365384617 0.1544379951923077 0.23354806730769231 0.1565996466346154 0.23354806730769231 0.1565996466346154 0.22557753365384617
1 0.15874128365384615 0.22582661298076923 0.15685984615384616 0.22582661298076923 0.15685984615384616 0.23233825480769232 0.15874128365384615 0.23233825480769232 0.15874128365384615 0.22582661298076923
1 0.15064359375 0.24213632692307693 0.14791651201923076 0.24213632692307693 0.14791651201923076 0.24742925721153847 0.15064359375 0.24742925721153847 0.15064359375 0.24213632692307693
0 0.005561173076923077 0.33010012740384614 0.002590153846153846 0.33010012740384614 0.002590153846153846 0.3373973677884615 0.005561173076923077 0.3373973677884615 0.005561173076923077 0.33010012740384614
1 0.5797876730769231 0.9629372620192308 0.5862515264423077 0.9629372620192308 0.5862515264423077 0.9517872932692307 0.5797876730769231 0.9517872932692307 0.5797876730769231 0.9629372620192308
1 0.28793131009615386 0.6720443918269231 0.28633134855769227 0.6720443918269231 0.28633134855769227 0.6755714230769231 0.28793131009615386 0.6755714230769231 0.28793131009615386 0.6720443918269231
1 0.24278329326923076 0.4589440817307692 0.2411056081730769 0.4589440817307692 0.2411056081730769 0.4649091778846154 0.24278329326923076 0.4649091778846154 0.24278329326923076 0.4589440817307692
1 0.5373030240384615 0.7733652163461537 0.5350224230769232 0.7733652163461537 0.5350224230769232 0.7789108918269231 0.5373030240384615 0.7789108918269231 0.5373030240384615 0.7733652163461537
1 0.5364903942307693 0.7771866057692307 0.5396360504807692 0.7771866057692307 0.5396360504807692 0.77168753125 0.5364903942307693 0.77168753125 0.5364903942307693 0.7771866057692307
1 0.8620159110576923 0.8711932499999999 0.8582399975961538 0.8711932499999999 0.8582399975961538 0.8806365889423078 0.8620159110576923 0.8806365889423078 0.8620159110576923 0.8711932499999999
1 0.7448723413461539 0.8656271538461537 0.7493522379807692 0.8656271538461537 0.7493522379807692 0.8561838149038461 0.7448723413461539 0.8561838149038461 0.7448723413461539 0.8656271538461537
1 0.32206850721153846 0.9926266370192308 0.3272293485576923 0.9926266370192308 0.3272293485576923 0.9819226682692308 0.32206850721153846 0.9819226682692308 0.32206850721153846 0.9926266370192308
1 0.19852725 0.86031871875 0.19468955048076925 0.86031871875 0.19468955048076925 0.8663210961538461 0.19852725 0.8663210961538461 0.19852725 0.86031871875
1 0.19653500240384617 0.857298889423077 0.19229885096153848 0.857298889423077 0.19229885096153848 0.8651653581730769 0.19653500240384617 0.8651653581730769 0.19653500240384617 0.857298889423077
1 0.20505151682692307 0.7157683317307693 0.20255557211538464 0.7157683317307693 0.20255557211538464 0.7213433149038462 0.20505151682692307 0.7213433149038462 0.20505151682692307 0.7157683317307693
1 0.1908975 0.6618029711538462 0.18159160096153848 0.6618029711538462 0.18159160096153848 0.6702496394230769 0.1908975 0.6702496394230769 0.1908975 0.6618029711538462
1 0.06390990384615385 0.7144933076923077 0.06702983173076923 0.7144933076923077 0.06702983173076923 0.7079512355769231 0.06390990384615385 0.7079512355769231 0.06390990384615385 0.7144933076923077
1 0.14373526923076924 0.5665106802884615 0.14143132211538462 0.5665106802884615 0.14143132211538462 0.5711754639423077 0.14373526923076924 0.5711754639423077 0.14373526923076924 0.5665106802884615
1 0.1576229519230769 0.5484204278846154 0.15359104326923076 0.5484204278846154 0.15359104326923076 0.5583188677884615 0.1576229519230769 0.5583188677884615 0.1576229519230769 0.5484204278846154
1 0.15359104326923076 0.5623009999999999 0.1576229519230769 0.5623009999999999 0.1576229519230769 0.5530852115384616 0.15359104326923076 0.5530852115384616 0.15359104326923076 0.5623009999999999
1 0.053712125 0.5312088197115384 0.050588997596153845 0.5312088197115384 0.050588997596153845 0.5364879879807692 0.053712125 0.5364879879807692 0.053712125 0.5312088197115384
1 0.04173160096153846 0.5373071682692308 0.04475233173076923 0.5373071682692308 0.04475233173076923 0.5340304447115385 0.04173160096153846 0.5340304447115385 0.04173160096153846 0.5373071682692308
1 0.01797534375 0.5204684447115384 0.020381687500000002 0.5204684447115384 0.020381687500000002 0.51691865625 0.01797534375 0.51691865625 0.01797534375 0.5204684447115384
1 0.005733088942307692 0.5090508774038461 0.007646697115384616 0.5090508774038461 0.007646697115384616 0.5063013413461538 0.005733088942307692 0.5063013413461538 0.005733088942307692 0.5090508774038461
1 0.011537480769230769 0.508685048076923 0.01371846875 0.508685048076923 0.01371846875 0.5054415288461539 0.011537480769230769 0.5054415288461539 0.011537480769230769 0.508685048076923
1 0.1441308701923077 0.5028352427884616 0.14710040144230768 0.5028352427884616 0.14710040144230768 0.49782913461538464 0.1441308701923077 0.49782913461538464 0.1441308701923077 0.5028352427884616
1 0.14976274038461537 0.49182180528846153 0.14802198076923076 0.49182180528846153 0.14802198076923076 0.4955536322115384 0.14976274038461537 0.4955536322115384 0.14976274038461537 0.49182180528846153
1 0.14710040144230768 0.4923679278846154 0.14397727403846153 0.4923679278846154 0.14397727403846153 0.4961907740384615 0.14710040144230768 0.4961907740384615 0.14710040144230768 0.4923679278846154
1 0.23635393269230767 0.46240382211538467 0.23860668028846155 0.46240382211538467 0.23860668028846155 0.4583079182692308 0.23635393269230767 0.4583079182692308 0.23635393269230767 0.46240382211538467
1 0.24028156009615384 0.4613449110576923 0.23838107932692307 0.4613449110576923 0.23838107932692307 0.46483806971153846 0.24028156009615384 0.46483806971153846 0.24028156009615384 0.4613449110576923
1 0.3613485096153846 0.3921714302884615 0.3593169399038461 0.3921714302884615 0.3593169399038461 0.39543359375 0.3613485096153846 0.39543359375 0.3613485096153846 0.3921714302884615
1 0.4616092932692308 0.4094973052884615 0.4599945216346154 0.4094973052884615 0.4599945216346154 0.41281539182692306 0.4616092932692308 0.41281539182692306 0.4616092932692308 0.4094973052884615
1 0.46483883173076923 0.4077823413461538 0.4629933798076923 0.4077823413461538 0.4629933798076923 0.4117342163461538 0.46483883173076923 0.4117342163461538 0.46483883173076923 0.4077823413461538
1 0.4977356538461538 0.42054089423076924 0.5002539927884615 0.42054089423076924 0.5002539927884615 0.4167544567307692 0.4977356538461538 0.4167544567307692 0.4977356538461538 0.42054089423076924
1 0.49778995192307696 0.36625348317307693 0.500698045673077 0.36625348317307693 0.500698045673077 0.36086509375 0.49778995192307696 0.36086509375 0.49778995192307696 0.36625348317307693
1 0.5769689399038461 0.3466022379807692 0.5790005096153846 0.3466022379807692 0.5790005096153846 0.3417089927884615 0.5769689399038461 0.3417089927884615 0.5769689399038461 0.3466022379807692
1 0.5965965240384615 0.4115542067307692 0.5998077139423077 0.4115542067307692 0.5998077139423077 0.4071852403846154 0.5965965240384615 0.4071852403846154 0.5965965240384615 0.4115542067307692
1 0.5831527764423077 0.3616454639423077 0.5848933725961538 0.3616454639423077 0.5848933725961538 0.3573207692307693 0.5831527764423077 0.3573207692307693 0.5831527764423077 0.3616454639423077
1 0.5843722836538462 0.35791101442307693 0.5869492043269231 0.35791101442307693 0.5869492043269231 0.3546469134615385 0.5843722836538462 0.3546469134615385 0.5843722836538462 0.35791101442307693
1 0.587121 0.35691842307692306 0.5886886274038461 0.35691842307692306 0.5886886274038461 0.35353979326923074 0.587121 0.35353979326923074 0.587121 0.35691842307692306
0 0.0025064927884615386 0.45981413701923074 0.004882117788461538 0.45981413701923074 0.004882117788461538 0.45326068509615386 0.0025064927884615386 0.45326068509615386 0.0025064927884615386 0.45981413701923074
0 0 0.4609791947115385 0.0016463533653846155 0.4609791947115385 0.0016463533653846155 0.4528237908653846 0 0.4528237908653846 0 0.4609791947115385
1 0.020036971153846155 0.44284798317307694 0.02314986057692308 0.44284798317307694 0.02314986057692308 0.4349110264423077 0.020036971153846155 0.4349110264423077 0.020036971153846155 0.44284798317307694
1 0.024706305288461537 0.4415372932692308 0.027655358173076922 0.4415372932692308 0.027655358173076922 0.43418286538461537 0.024706305288461537 0.43418286538461537 0.024706305288461537 0.4415372932692308
1 0.03494606971153846 0.4181633197115385 0.040352665865384614 0.4181633197115385 0.040352665865384614 0.41255648076923074 0.03494606971153846 0.41255648076923074 0.03494606971153846 0.4181633197115385
1 0.060504526442307686 0.42369734615384613 0.05812889903846154 0.42369734615384613 0.05812889903846154 0.42872165624999997 0.060504526442307686 0.42872165624999997 0.060504526442307686 0.42369734615384613
0 0.019820903846153846 0.2994002139423077 0.016282040865384616 0.2994002139423077 0.016282040865384616 0.3128566322115385 0.019820903846153846 0.3128566322115385 0.019820903846153846 0.2994002139423077
0 0.02401511298076923 0.3021381009615384 0.02086945673076923 0.3021381009615384 0.02086945673076923 0.31169157451923074 0.02401511298076923 0.31169157451923074 0.02401511298076923 0.3021381009615384
0 0.027291836538461536 0.3000409975961538 0.024899829326923077 0.3000409975961538 0.024899829326923077 0.3069148389423077 0.027291836538461536 0.3069148389423077 0.027291836538461536 0.3000409975961538
0 0.09128262740384616 0.28124974519230767 0.09300225240384616 0.28124974519230767 0.09300225240384616 0.2772233052884615 0.09128262740384616 0.2772233052884615 0.09128262740384616 0.28124974519230767
0 0.09214243990384616 0.2736420817307692 0.09214243990384616 0.27342055528846154 0.09044378605769231 0.27342055528846154 0.09044378605769231 0.27763340625 0.09214243990384616 0.27763340625 0.09214243990384616 0.2736420817307692
0 0.11406451923076923 0.24220049278846154 0.11570026201923077 0.24220049278846154 0.11570026201923077 0.23727928846153848 0.11406451923076923 0.23727928846153848 0.11406451923076923 0.24220049278846154
0 0.13400927884615385 0.21716580528846155 0.1357079326923077 0.21716580528846155 0.1357079326923077 0.21097701923076922 0.13400927884615385 0.21097701923076922 0.13400927884615385 0.21716580528846155
0 0.15292515625 0.20713698798076924 0.1549803173076923 0.20713698798076924 0.1549803173076923 0.20292413942307694 0.15292515625 0.20292413942307694 0.15292515625 0.20713698798076924
0 0.17915140865384613 0.1822006754807692 0.1808716875 0.1822006754807692 0.1808716875 0.17885113221153848 0.17915140865384613 0.17885113221153848 0.17915140865384613 0.1822006754807692
0 0.1838616995192308 0.18118125 0.18537718509615386 0.18118125 0.18537718509615386 0.17739481009615382 0.1838616995192308 0.17739481009615382 0.1838616995192308 0.18118125
1 0.2146661201923077 0.3264160841346154 0.21195258173076922 0.3264160841346154 0.21195258173076922 0.3309670913461539 0.2146661201923077 0.3309670913461539 0.2146661201923077 0.3264160841346154
1 0.22152676201923077 0.3157667259615385 0.22500828365384618 0.3157667259615385 0.22500828365384618 0.31212592067307693 0.22152676201923077 0.31212592067307693 0.22152676201923077 0.3157667259615385
1 0.18983468750000002 0.3123989831730769 0.19178024278846154 0.3123989831730769 0.19178024278846154 0.30857613701923076 0.18983468750000002 0.30857613701923076 0.18983468750000002 0.3123989831730769
1 0.18541941346153848 0.29932423798076924 0.18738544951923078 0.29932423798076924 0.18738544951923078 0.2960620769230769 0.18541941346153848 0.2960620769230769 0.18541941346153848 0.29932423798076924