1 0.7105578221153847 0.7269266802884615 0.6269659855769232 0.7269266802884615 0.6269659855769232 0.7625306129807693 0.7105578221153847 0.7625306129807693 0.7105578221153847 0.7269266802884615
1 0.7188299326923077 0.5109811033653846 0.6953197283653847 0.5109811033653846 0.6953197283653847 0.563613 0.7188299326923077 0.563613 0.7188299326923077 0.5109811033653846
1 0.491564625 0.5171730913461539 0.47110204086538465 0.5171730913461539 0.47110204086538465 0.5396190480769231 0.491564625 0.5396190480769231 0.491564625 0.5171730913461539
1 0.4306122451923077 0.4885351466346154 0.41189115625 0.4885351466346154 0.41189115625 0.5241390769230769 0.4306122451923077 0.5241390769230769 0.4306122451923077 0.4885351466346154
1 0.40231292548076925 0.43667725 0.3901224495192308 0.43667725 0.3901224495192308 0.45525321153846154 0.40231292548076925 0.45525321153846154 0.40231292548076925 0.43667725
1 0.4994013605769231 0.4173272860576923 0.4867755096153846 0.4173272860576923 0.4867755096153846 0.4475132283653846 0.4994013605769231 0.4475132283653846 0.4994013605769231 0.4173272860576923
1 0.3505034014423077 0.6054089182692308 0.33091156490384616 0.6054089182692308 0.33091156490384616 0.6394648533653846 0.3505034014423077 0.6394648533653846 0.3505034014423077 0.6054089182692308
1 0.44933333413461535 0.3384104014423077 0.4423673461538461 0.3384104014423077 0.4423673461538461 0.35128973557692306 0.44933333413461535 0.35128973557692306 0.44933333413461535 0.3384104014423077
1 0.5359902043269231 0.29036057451923075 0.5226155096153846 0.29036057451923075 0.5226155096153846 0.30621206490384617 0.5359902043269231 0.30621206490384617 0.5359902043269231 0.29036057451923075
1 0.22272213221153844 0.2686858918269231 0.21157655528846153 0.2686858918269231 0.21157655528846153 0.28292746394230767 0.22272213221153844 0.28292746394230767 0.22272213221153844 0.2686858918269231
1 0.2596413052884615 0.21959779326923076 0.25479074759615383 0.21959779326923076 0.25479074759615383 0.23506884615384616 0.2596413052884615 0.23506884615384616 0.2596413052884615 0.21959779326923076
1 0.3282623990384615 0.17927160576923076 0.3249811418269231 0.17927160576923076 0.3249811418269231 0.18992380528846153 0.3282623990384615 0.18992380528846153 0.3282623990384615 0.17927160576923076
1 0.23809912980769232 0.1739455048076923 0.23310591105769232 0.1739455048076923 0.23310591105769232 0.18003247596153849 0.23809912980769232 0.18003247596153849 0.23809912980769232 0.1739455048076923
1 0.2415230528846154 0.19702527403846154 0.23681516105769232 0.19702527403846154 0.23681516105769232 0.20590210817307691 0.2415230528846154 0.20590210817307691 0.2415230528846154 0.19702527403846154
1 0.19487212019230768 0.2041267403846154 0.1894509110576923 0.2041267403846154 0.1894509110576923 0.21351082211538464 0.19487212019230768 0.21351082211538464 0.19487212019230768 0.2041267403846154
1 0.17746718509615383 0.21528618990384615 0.16990602403846153 0.21528618990384615 0.16990602403846153 0.22720650721153846 0.17746718509615383 0.22720650721153846 0.17746718509615383 0.21528618990384615
1 0.16448481490384617 0.1988006394230769 0.15877827884615386 0.1988006394230769 0.15877827884615386 0.2041267403846154 0.16448481490384617 0.2041267403846154 0.16448481490384617 0.1988006394230769
1 0.15506903125000002 0.19220642067307692 0.1505038028846154 0.19220642067307692 0.1505038028846154 0.20235137259615385 0.15506903125000002 0.20235137259615385 0.15506903125000002 0.19220642067307692
1 0.1547837043269231 0.17572087259615385 0.15036113942307694 0.17572087259615385 0.15036113942307694 0.1873875673076923 0.1547837043269231 0.1873875673076923 0.1547837043269231 0.17572087259615385
1 0.16134622115384617 0.17927160576923076 0.1562103389423077 0.17927160576923076 0.1562103389423077 0.18814843990384617 0.16134622115384617 0.18814843990384617 0.16134622115384617 0.17927160576923076
1 0.12182845913461539 0.26550370673076923 0.11483795192307691 0.26550370673076923 0.11483795192307691 0.28249650240384616 0.12182845913461539 0.28249650240384616 0.12182845913461539 0.26550370673076923
1 0.08169279326923078 0.19867078365384616 0.07590773557692308 0.19867078365384616 0.07590773557692308 0.2050077283653846 0.08169279326923078 0.2050077283653846 0.08169279326923078 0.19867078365384616
1 0.10343752403846153 0.1751406610576923 0.09887229567307693 0.1751406610576923 0.09887229567307693 0.18021313701923078 0.10343752403846153 0.18021313701923078 0.10343752403846153 0.1751406610576923
1 0.1459156466346154 0.03659743028846154 0.01913469471153846 0.03659743028846154 0.01913469471153846 0.09294451923076924 0.1459156466346154 0.09294451923076924 0.1459156466346154 0.03659743028846154
1 0.21579755048076923 0.23424877884615383 0.2095560264423077 0.23424877884615383 0.2095560264423077 0.24732625721153845 0.21579755048076923 0.24732625721153845 0.21579755048076923 0.23424877884615383
1 0.02969435576923077 0.16167235817307693 0.022755002403846154 0.16167235817307693 0.022755002403846154 0.17271039423076925 0.02969435576923077 0.17271039423076925 0.02969435576923077 0.16167235817307693
1 0.0459470576923077 0.1561533389423077 0.039555545673076925 0.1561533389423077 0.039555545673076925 0.1649188389423077 0.0459470576923077 0.1649188389423077 0.0459470576923077 0.1561533389423077
1 0.03882508653846154 0.17108715384615386 0.03371187740384615 0.17108715384615386 0.03371187740384615 0.18115124999999999 0.03882508653846154 0.18115124999999999 0.03882508653846154 0.17108715384615386