1 0.0077833293269230774 0.8637476682692308 0.0001682043269230769 0.8637476682692308 0.0001682043269230769 0.8762600625 0.0077833293269230774 0.8762600625 0.0077833293269230774 0.8637476682692308
1 0.038004052884615384 0.761074891826923 0.05023440625 0.761074891826923 0.05023440625 0.7477420120192307 0.038004052884615384 0.7477420120192307 0.038004052884615384 0.761074891826923
1 0.04393579326923077 0.6821469759615385 0.03571491826923077 0.6821469759615385 0.03571491826923077 0.7044539062499999 0.04393579326923077 0.7044539062499999 0.04393579326923077 0.6821469759615385
1 0.2282676754807692 0.82716359375 0.22163328846153846 0.82716359375 0.22163328846153846 0.8425476826923077 0.2282676754807692 0.8425476826923077 0.2282676754807692 0.82716359375
1 0.2115374783653846 0.806907875 0.20043208653846156 0.806907875 0.20043208653846156 0.8274199951923078 0.2115374783653846 0.8274199951923078 0.2115374783653846 0.806907875
1 0.22249864182692305 0.7728064735576923 0.19855715144230768 0.7728064735576923 0.19855715144230768 0.7956262067307692 0.22249864182692305 0.7956262067307692 0.22249864182692305 0.7728064735576923
1 0.3376784110576923 0.8784914831730769 0.3225635408653846 0.8784914831730769 0.3225635408653846 0.9080289350961538 0.3376784110576923 0.9080289350961538 0.3376784110576923 0.8784914831730769
1 0.5050725504807693 0.847816639423077 0.4908576514423077 0.847816639423077 0.4908576514423077 0.8668518870192308 0.5050725504807693 0.8668518870192308 0.5050725504807693 0.847816639423077
1 0.49981119230769233 0.8350170769230769 0.48605781490384614 0.8350170769230769 0.48605781490384614 0.8514267740384616 0.49981119230769233 0.8514267740384616 0.49981119230769233 0.8350170769230769
1 0.45795252403846154 0.7795840961538462 0.4449721971153846 0.7795840961538462 0.4449721971153846 0.8016346274038462 0.45795252403846154 0.8016346274038462 0.45795252403846154 0.7795840961538462
1 0.5646165528846153 0.8130912860576923 0.5570014278846154 0.8130912860576923 0.5570014278846154 0.8258088028846153 0.5646165528846153 0.8258088028846153 0.5646165528846153 0.8130912860576923
1 0.5505401105769231 0.7608699927884615 0.5446268509615385 0.7608699927884615 0.5446268509615385 0.7777924927884615 0.5505401105769231 0.7777924927884615 0.5505401105769231 0.7608699927884615
1 0.47747337980769233 0.72538903125 0.47134378125 0.72538903125 0.47134378125 0.7369270985576922 0.47747337980769233 0.7369270985576922 0.47747337980769233 0.72538903125
1 0.46918039423076924 0.7186584927884615 0.4632310769230769 0.7186584927884615 0.4632310769230769 0.7420551298076923 0.46918039423076924 0.7420551298076923 0.46918039423076924 0.7186584927884615
1 0.3007794615384615 0.7008779615384615 0.2903568918269231 0.7008779615384615 0.2903568918269231 0.7224116802884615 0.3007794615384615 0.7224116802884615 0.3007794615384615 0.7008779615384615
1 0.6502457019230768 0.7957286995192308 0.64231328125 0.7957286995192308 0.64231328125 0.8091897788461538 0.6502457019230768 0.8091897788461538 0.6502457019230768 0.7957286995192308
1 0.7587518774038462 0.9397083557692307 0.7557231346153847 0.9397083557692307 0.7557231346153847 0.9476568028846154 0.7587518774038462 0.9476568028846154 0.7587518774038462 0.9397083557692307
1 0.7818995625 0.7542188918269231 0.7736786874999999 0.7542188918269231 0.7736786874999999 0.7703721850961538 0.7818995625 0.7703721850961538 0.7818995625 0.7542188918269231
1 0.794541295673077 0.7116949014423077 0.7877807091346154 0.7116949014423077 0.7877807091346154 0.7237137211538461 0.794541295673077 0.7237137211538461 0.794541295673077 0.7116949014423077
1 0.9484573173076923 0.7397388149038462 0.9405699663461539 0.7397388149038462 0.9405699663461539 0.7533601466346155 0.9484573173076923 0.7533601466346155 0.9484573173076923 0.7397388149038462
1 0.8721280408653846 0.7840158004807692 0.8610226514423077 0.7840158004807692 0.8610226514423077 0.7981178822115385 0.8721280408653846 0.7981178822115385 0.8721280408653846 0.7840158004807692
0 0.06001950721153847 0.6168709399038461 0.047443014423076926 0.6168709399038461 0.047443014423076926 0.6353318485576923 0.06001950721153847 0.6353318485576923 0.06001950721153847 0.6168709399038461
0 0.09890279567307693 0.5647701538461539 0.09359528605769231 0.5647701538461539 0.09359528605769231 0.587333485576923 0.09890279567307693 0.587333485576923 0.09890279567307693 0.5647701538461539
0 0.23345062740384614 0.6284925745192307 0.2276354423076923 0.6284925745192307 0.2276354423076923 0.6519584399038462 0.23345062740384614 0.6519584399038462 0.23345062740384614 0.6284925745192307
0 0.2342813701923077 0.6442458822115384 0.24268108173076924 0.6442458822115384 0.24268108173076924 0.6283284783653845 0.2342813701923077 0.6283284783653845 0.2342813701923077 0.6442458822115384
0 0.2555114134615385 0.6155289134615385 0.24425025961538463 0.6155289134615385 0.24425025961538463 0.6296412524038462 0.2555114134615385 0.6296412524038462 0.2555114134615385 0.6155289134615385
0 0.20019503125 0.5896708221153847 0.19419523798076924 0.5896708221153847 0.19419523798076924 0.6087060697115384 0.20019503125 0.6087060697115384 0.20019503125 0.5896708221153847
0 0.19816433173076925 0.6085419735576922 0.20453334615384614 0.6085419735576922 0.20453334615384614 0.5875375625 0.19816433173076925 0.5875375625 0.19816433173076925 0.6085419735576922
0 0.2049340048076923 0.558994125 0.19954342067307693 0.558994125 0.19954342067307693 0.5792108701923077 0.2049340048076923 0.5792108701923077 0.2049340048076923 0.558994125
0 0.20188795432692308 0.5548822668269231 0.19616507451923076 0.5548822668269231 0.19616507451923076 0.5747379975961538 0.20188795432692308 0.5747379975961538 0.20188795432692308 0.5548822668269231
0 0.17865488461538462 0.5133519519230769 0.17413196153846153 0.5133519519230769 0.17413196153846153 0.5327153942307692 0.17865488461538462 0.5327153942307692 0.17865488461538462 0.5133519519230769
0 0.19923879807692307 0.5348486538461539 0.20486937500000002 0.5348486538461539 0.20486937500000002 0.5149929206730769 0.19923879807692307 0.5149929206730769 0.19923879807692307 0.5348486538461539
0 0.21806892307692308 0.4990755168269231 0.21317678365384612 0.4990755168269231 0.21317678365384612 0.5108904975961539 0.21806892307692308 0.5108904975961539 0.21806892307692308 0.4990755168269231
0 0.3040970168269231 0.6579246850961538 0.2981895264423077 0.6579246850961538 0.2981895264423077 0.6717088317307692 0.3040970168269231 0.6717088317307692 0.3040970168269231 0.6579246850961538
0 0.3021586201923077 0.665144951923077 0.30649693509615383 0.665144951923077 0.30649693509615383 0.6579246850961538 0.3021586201923077 0.6579246850961538 0.3021586201923077 0.665144951923077
0 0.38033371875 0.6672882115384616 0.38910264903846153 0.6672882115384616 0.38910264903846153 0.6420583028846154 0.38033371875 0.6420583028846154 0.38033371875 0.6672882115384616
0 0.47126338942307694 0.6650428461538461 0.47622475721153845 0.6650428461538461 0.47622475721153845 0.6453512091346153 0.47126338942307694 0.6453512091346153 0.47126338942307694 0.6650428461538461
0 0.46897217788461537 0.5344460072115385 0.4725905168269231 0.5344460072115385 0.4725905168269231 0.5221059158653846 0.46897217788461537 0.5221059158653846 0.46897217788461537 0.5344460072115385
0 0.48433165384615384 0.5240750817307692 0.48854074038461537 0.5240750817307692 0.48854074038461537 0.5060900528846154 0.48433165384615384 0.5060900528846154 0.48433165384615384 0.5240750817307692
0 0.4407221923076923 0.3341468221153846 0.44339902403846154 0.3341468221153846 0.44339902403846154 0.3226600360576923 0.4407221923076923 0.3226600360576923 0.4407221923076923 0.3341468221153846
0 0.4144384735576923 0.3662181658653846 0.4168383918269231 0.3662181658653846 0.4168383918269231 0.3534186009615385 0.4144384735576923 0.3534186009615385 0.4144384735576923 0.3662181658653846
0 0.4848123197115385 0.336557201923077 0.48820912740384614 0.336557201923077 0.48820912740384614 0.3243483870192308 0.4848123197115385 0.3243483870192308 0.4848123197115385 0.336557201923077
0 0.48414772596153843 0.3264488293269231 0.48089860817307695 0.3264488293269231 0.48089860817307695 0.3376074230769231 0.48414772596153843 0.3376074230769231 0.48414772596153843 0.3264488293269231
0 0.5036761129807692 0.39893625240384617 0.5060391105769231 0.39893625240384617 0.5060391105769231 0.3852833846153846 0.5036761129807692 0.3852833846153846 0.5036761129807692 0.39893625240384617
0 0.5059209615384616 0.39610065625 0.5087565552884615 0.39610065625 0.5087565552884615 0.3834980096153846 0.5059209615384616 0.3834980096153846 0.5059209615384616 0.39610065625
0 0.5087565552884615 0.3966257668269231 0.5107060264423077 0.3966257668269231 0.5107060264423077 0.3857034735576923 0.5087565552884615 0.3857034735576923 0.5087565552884615 0.3966257668269231
0 0.6257627403846153 0.5361542091346154 0.6287755600961538 0.5361542091346154 0.6287755600961538 0.5194557019230769 0.6257627403846153 0.5194557019230769 0.6257627403846153 0.5361542091346154
0 0.6267132451923078 0.5272870649038461 0.633063798076923 0.5272870649038461 0.633063798076923 0.51730996875 0.6267132451923078 0.51730996875 0.6267132451923078 0.5272870649038461
0 0.6480846322115384 0.5477407259615384 0.6548782451923076 0.5477407259615384 0.6548782451923076 0.5330376370192308 0.6480846322115384 0.5330376370192308 0.6480846322115384 0.5477407259615384
0 0.6445384062499999 0.5274545456730769 0.6488767211538462 0.5274545456730769 0.6488767211538462 0.5080911057692308 0.6445384062499999 0.5080911057692308 0.6445384062499999 0.5274545456730769
0 0.6575401875 0.5331359879807692 0.6647514783653846 0.5331359879807692 0.6647514783653846 0.513905875 0.6575401875 0.513905875 0.6575401875 0.5331359879807692
0 0.6306413052884616 0.5051393413461539 0.6350257716346154 0.5051393413461539 0.6350257716346154 0.4836016153846154 0.6306413052884616 0.4836016153846154 0.6306413052884616 0.5051393413461539
0 0.6775925168269231 0.45290131490384616 0.6832461682692308 0.45290131490384616 0.6832461682692308 0.43485064903846155 0.6775925168269231 0.43485064903846155 0.6775925168269231 0.45290131490384616
0 0.6664005889423077 0.43341480048076925 0.6710158173076923 0.43341480048076925 0.6710158173076923 0.42131264903846155 0.6664005889423077 0.42131264903846155 0.6664005889423077 0.43341480048076925
0 0.7803933245192307 0.4886828942307692 0.7760088605769231 0.4886828942307692 0.7760088605769231 0.5077591682692307 0.7803933245192307 0.5077591682692307 0.7803933245192307 0.4886828942307692
0 0.8769486899038461 0.4452139423076923 0.8730349783653846 0.4452139423076923 0.8730349783653846 0.46136108413461535 0.8769486899038461 0.46136108413461535 0.8769486899038461 0.4452139423076923
0 0.7907736177884614 0.45918661778846154 0.7833538100961538 0.45918661778846154 0.7833538100961538 0.47103310576923074 0.7907736177884614 0.47103310576923074 0.7907736177884614 0.45918661778846154
0 0.7510789543269231 0.44113910096153847 0.7473129278846155 0.44113910096153847 0.7473129278846155 0.45098491826923076 0.7510789543269231 0.45098491826923076 0.7510789543269231 0.44113910096153847
0 0.7276705216346154 0.5016580600961539 0.7331349495192309 0.5016580600961539 0.7331349495192309 0.4927311850961538 0.7276705216346154 0.4927311850961538 0.7276705216346154 0.5016580600961539
0 0.96764125 0.5378067283653846 0.9716288052884615 0.5378067283653846 0.9716288052884615 0.5287485769230769 0.96764125 0.5287485769230769 0.96764125 0.5378067283653846
0 0.96764125 0.5254666370192308 0.9614383846153847 0.5254666370192308 0.9614383846153847 0.5378067283653846 0.96764125 0.5378067283653846 0.96764125 0.5254666370192308
0 0.5184148269230769 0.3852707956730769 0.5164488149038461 0.3852707956730769 0.5164488149038461 0.3912528509615385 0.5184148269230769 0.3912528509615385 0.5184148269230769 0.3852707956730769
0 0.5190197548076922 0.3895052836538462 0.5210991899038462 0.3895052836538462 0.5210991899038462 0.38385929807692304 0.5190197548076922 0.38385929807692304 0.5190197548076922 0.3895052836538462
0 0.07377459375 0.2175072548076923 0.07093899759615384 0.2175072548076923 0.07093899759615384 0.22328346634615384 0.07377459375 0.22328346634615384 0.07377459375 0.2175072548076923
0 0.09781808173076922 0.20616487019230767 0.09368283894230768 0.20616487019230767 0.09368283894230768 0.21120593028846152 0.09781808173076922 0.21120593028846152 0.09781808173076922 0.20616487019230767