0 0.16817290144230768 0.9822058990384614 0.16242882451923077 0.9822058990384614 0.16242882451923077 0.9976736153846153 0.16817290144230768 0.9976736153846153 0.16817290144230768 0.9822058990384614
0 0.11444887019230768 0.9715436850961539 0.11047869711538462 0.9715436850961539 0.11047869711538462 0.9877622620192308 0.11444887019230768 0.9877622620192308 0.11444887019230768 0.9715436850961539
0 0.11444887019230768 0.9847588221153847 0.11875692788461538 0.9847588221153847 0.11875692788461538 0.9673388701923076 0.11444887019230768 0.9673388701923076 0.11444887019230768 0.9847588221153847
0 0.16935550721153847 0.9407584254807693 0.16597663701923077 0.9407584254807693 0.16597663701923077 0.9599804423076923 0.16935550721153847 0.9599804423076923 0.16935550721153847 0.9407584254807693
0 0.17374803846153847 0.9210858942307693 0.17062258413461537 0.9210858942307693 0.17062258413461537 0.937154298076923 0.17374803846153847 0.937154298076923 0.17374803846153847 0.9210858942307693
0 0.1504338341346154 0.9412089423076923 0.1455344735576923 0.9412089423076923 0.1455344735576923 0.953523045673077 0.1504338341346154 0.953523045673077 0.1504338341346154 0.9412089423076923
0 0.14105747115384615 0.9568268317307692 0.14460528365384615 0.9568268317307692 0.14460528365384615 0.9416594591346155 0.14105747115384615 0.9416594591346155 0.14105747115384615 0.9568268317307692
0 0.08074464182692308 0.971093170673077 0.07500056249999999 0.971093170673077 0.07500056249999999 0.9789021153846154 0.08074464182692308 0.9789021153846154 0.08074464182692308 0.971093170673077
0 0.0820961875 0.9745471274038462 0.08530611538461538 0.9745471274038462 0.08530611538461538 0.9583285504807691 0.0820961875 0.9583285504807691 0.0820961875 0.9745471274038462
0 0.11622277644230769 0.9321986225961538 0.11030975240384616 0.9321986225961538 0.11030975240384616 0.9385058461538461 0.11622277644230769 0.9385058461538461 0.11622277644230769 0.9321986225961538
0 0.15752946153846153 0.8909013221153846 0.1538127043269231 0.8909013221153846 0.1538127043269231 0.9071198990384615 0.15752946153846153 0.9071198990384615 0.15752946153846153 0.8909013221153846
0 0.1931765408653846 0.8993109543269231 0.18945978365384614 0.8993109543269231 0.18945978365384614 0.9150790144230769 0.1931765408653846 0.9150790144230769 0.1931765408653846 0.8993109543269231
0 0.14468975721153846 0.9102735096153847 0.1421556033653846 0.9102735096153847 0.1421556033653846 0.9242395048076923 0.14468975721153846 0.9242395048076923 0.14468975721153846 0.9102735096153847
0 0.14071958413461538 0.9102735096153847 0.1373407139423077 0.9102735096153847 0.1373407139423077 0.9258913990384615 0.14071958413461538 0.9258913990384615 0.14071958413461538 0.9102735096153847
0 0.13894567548076922 0.917782110576923 0.13514444951923077 0.917782110576923 0.13514444951923077 0.9309972451923076 0.13894567548076922 0.9309972451923076 0.13894567548076922 0.917782110576923
0 0.11588488942307693 0.9011130192307693 0.11225260336538462 0.9011130192307693 0.11225260336538462 0.9114748870192309 0.11588488942307693 0.9114748870192309 0.11588488942307693 0.9011130192307693
0 0.11164035336538461 0.8911884519230769 0.10792359615384615 0.8911884519230769 0.10792359615384615 0.9059053076923077 0.11164035336538461 0.9059053076923077 0.11164035336538461 0.8911884519230769
1 0.13819734615384616 0.8743816514423077 0.15205071394230768 0.8743816514423077 0.15205071394230768 0.8579228004807693 0.13819734615384616 0.8579228004807693 0.13819734615384616 0.8743816514423077
0 0.22917849038461538 0.8071406370192308 0.22611638942307694 0.8071406370192308 0.22611638942307694 0.8214069759615386 0.22917849038461538 0.8214069759615386 0.22917849038461538 0.8071406370192308
0 0.19887900240384615 0.7793700793269231 0.20415003846153848 0.7793700793269231 0.20415003846153848 0.770840310096154 0.19887900240384615 0.770840310096154 0.19887900240384615 0.7793700793269231
1 0.23146482451923076 0.7369038413461539 0.22284951682692308 0.7369038413461539 0.22284951682692308 0.7531426009615385 0.23146482451923076 0.7531426009615385 0.23146482451923076 0.7369038413461539
0 0.28194363942307693 0.6993763317307693 0.2840385384615385 0.6993763317307693 0.2840385384615385 0.6898854615384615 0.28194363942307693 0.6898854615384615 0.28194363942307693 0.6993763317307693
0 0.2781593028846154 0.6975742692307693 0.2807272451923077 0.6975742692307693 0.2807272451923077 0.6888042235576923 0.2781593028846154 0.6888042235576923 0.2781593028846154 0.6975742692307693
1 0.3974733822115385 0.5079665360576923 0.3323245432692307 0.5079665360576923 0.3323245432692307 0.5772333725961538 0.3974733822115385 0.5772333725961538 0.3974733822115385 0.5079665360576923
1 0.3203929086538461 0.6290427115384615 0.2995917403846154 0.6290427115384615 0.2995917403846154 0.6523193725961539 0.3203929086538461 0.6523193725961539 0.3203929086538461 0.6290427115384615
1 0.36400145192307687 0.6374898870192307 0.3392934639423077 0.6374898870192307 0.3392934639423077 0.6532579471153847 0.36400145192307687 0.6532579471153847 0.36400145192307687 0.6374898870192307
1 0.40211932932692307 0.5839911129807692 0.37952313461538456 0.5839911129807692 0.37952313461538456 0.6042643317307692 0.40211932932692307 0.6042643317307692 0.40211932932692307 0.5839911129807692
1 0.3880758990384615 0.6395547524038462 0.41436773317307696 0.6395547524038462 0.41436773317307696 0.6237866923076923 0.3880758990384615 0.6237866923076923 0.3880758990384615 0.6395547524038462
1 0.4471005360576923 0.6388038942307692 0.4673737548076923 0.6388038942307692 0.4673737548076923 0.6179675288461539 0.4471005360576923 0.6179675288461539 0.4471005360576923 0.6388038942307692
1 0.4023305072115385 0.508905110576923 0.462199860576923 0.508905110576923 0.462199860576923 0.4274368004807692 0.4023305072115385 0.4274368004807692 0.4023305072115385 0.508905110576923
1 0.5305797427884615 0.6355001081730769 0.5544852475961538 0.6355001081730769 0.5544852475961538 0.6177798125 0.5305797427884615 0.6177798125 0.5305797427884615 0.6355001081730769
1 0.5729000913461538 0.6230358317307693 0.5952006322115385 0.6230358317307693 0.5952006322115385 0.6086193197115385 0.5729000913461538 0.6086193197115385 0.5729000913461538 0.6230358317307693
1 0.7125961201923077 0.5053119278846154 0.7003873125000001 0.5053119278846154 0.7003873125000001 0.5287763028846154 0.7125961201923077 0.5287763028846154 0.7125961201923077 0.5053119278846154
1 0.5393630360576923 0.7505146490384615 0.5685651850961538 0.7505146490384615 0.5685651850961538 0.7299833197115385 0.5393630360576923 0.7299833197115385 0.5393630360576923 0.7505146490384615
1 0.30631329326923074 0.8242835288461539 0.3012449879807692 0.8242835288461539 0.3012449879807692 0.8336692788461538 0.30631329326923074 0.8336692788461538 0.30631329326923074 0.8242835288461539
0 0.10035679567307693 0.8846094086538462 0.09802131971153846 0.8846094086538462 0.09802131971153846 0.8919137740384616 0.10035679567307693 0.8919137740384616 0.10035679567307693 0.8846094086538462
0 0.31659600721153847 0.5880200192307693 0.31412804086538465 0.5880200192307693 0.31412804086538465 0.5957173822115385 0.31659600721153847 0.5957173822115385 0.31659600721153847 0.5880200192307693
0 0.2770192091346154 0.6883386634615385 0.2743347548076923 0.6883386634615385 0.2743347548076923 0.6991534567307693 0.2770192091346154 0.6991534567307693 0.2770192091346154 0.6883386634615385
0 0.2068053557692308 0.8416748076923077 0.20354937019230768 0.8416748076923077 0.20354937019230768 0.8567000576923077 0.2068053557692308 0.8567000576923077 0.2068053557692308 0.8416748076923077
0 0.22931086298076925 0.8561568125 0.22579292788461539 0.8561568125 0.22579292788461539 0.8722731634615385 0.22931086298076925 0.8722731634615385 0.22931086298076925 0.8561568125