1 0.9701578870192308 0.8744608221153847 0.8769734423076923 0.8744608221153847 0.8769734423076923 0.94839228125 0.9701578870192308 0.94839228125 0.9701578870192308 0.8744608221153847
0 0.8523676442307693 0.4838372283653846 0.8507138245192307 0.4838372283653846 0.8507138245192307 0.4924738365384615 0.8523676442307693 0.4924738365384615 0.8523676442307693 0.4838372283653846
0 0.8505070961538461 0.48310219711538466 0.8479230048076923 0.48310219711538466 0.8479230048076923 0.4952302019230769 0.8505070961538461 0.4952302019230769 0.8505070961538461 0.48310219711538466
0 0.8424447307692307 0.48622607692307696 0.8403774567307691 0.48622607692307696 0.8403774567307691 0.49173880528846153 0.8424447307692307 0.49173880528846153 0.8424447307692307 0.48622607692307696
0 0.839550548076923 0.48310219711538466 0.8360361826923076 0.48310219711538466 0.8360361826923076 0.49596523317307695 0.839550548076923 0.49596523317307695 0.839550548076923 0.48310219711538466
0 0.8309713629807691 0.48420474278846154 0.8288007259615384 0.48420474278846154 0.8288007259615384 0.49412765625 0.8309713629807691 0.49412765625 0.8309713629807691 0.48420474278846154
0 0.82487290625 0.4944951706730769 0.8222888149038461 0.4944951706730769 0.8222888149038461 0.5053368725961538 0.82487290625 0.5053368725961538 0.82487290625 0.4944951706730769
0 0.8270435432692308 0.4886149278846154 0.8246661802884615 0.4886149278846154 0.8246661802884615 0.5001916586538462 0.8270435432692308 0.5001916586538462 0.8270435432692308 0.4886149278846154
0 0.8222888149038461 0.4853072884615385 0.8187744495192307 0.4853072884615385 0.8187744495192307 0.4983540817307693 0.8222888149038461 0.4983540817307693 0.8222888149038461 0.4853072884615385
0 0.8162937211538461 0.4873286225961539 0.8140197211538461 0.4873286225961539 0.8140197211538461 0.49633274759615387 0.8162937211538461 0.49633274759615387 0.8162937211538461 0.4873286225961539
0 0.8140197211538461 0.48475601682692304 0.8111255384615385 0.48475601682692304 0.8111255384615385 0.49633274759615387 0.8140197211538461 0.49633274759615387 0.8140197211538461 0.48475601682692304
0 0.8091616274038462 0.4832859567307692 0.80606071875 0.4832859567307692 0.80606071875 0.49908911298076925 0.8091616274038462 0.49908911298076925 0.8091616274038462 0.4832859567307692
0 0.8053371730769231 0.48365347115384616 0.8028564447115384 0.48365347115384616 0.8028564447115384 0.5001916586538462 0.8053371730769231 0.5001916586538462 0.8053371730769231 0.48365347115384616
0 0.8018228076923077 0.48622607692307696 0.7987218966346153 0.48622607692307696 0.7987218966346153 0.5057043870192308 0.8018228076923077 0.5057043870192308 0.8018228076923077 0.48622607692307696
0 0.7954142596153846 0.48365347115384616 0.7933469855769231 0.48365347115384616 0.7933469855769231 0.49578147596153843 0.7954142596153846 0.49578147596153843 0.7954142596153846 0.48365347115384616
0 0.7930368942307692 0.48604231971153844 0.7909696225961539 0.48604231971153844 0.7909696225961539 0.49872159615384615 0.7930368942307692 0.49872159615384615 0.7930368942307692 0.48604231971153844
0 0.7901427115384615 0.4946789278846154 0.7856980745192307 0.4946789278846154 0.7856980745192307 0.511400875 0.7901427115384615 0.511400875 0.7901427115384615 0.4946789278846154
0 0.7713305240384615 0.4843885 0.7682296129807693 0.4843885 0.7682296129807693 0.4976190504807692 0.7713305240384615 0.4976190504807692 0.7713305240384615 0.4843885
0 0.773397798076923 0.48420474278846154 0.7713305240384615 0.48420474278846154 0.7713305240384615 0.4955977163461539 0.773397798076923 0.4955977163461539 0.773397798076923 0.48420474278846154
0 0.7591336105769231 0.48677735096153846 0.7565495192307693 0.48677735096153846 0.7565495192307693 0.5003754158653846 0.7591336105769231 0.5003754158653846 0.7591336105769231 0.48677735096153846
0 0.7565495192307693 0.4869611081730769 0.7540687908653846 0.4869611081730769 0.7540687908653846 0.5003754158653846 0.7565495192307693 0.5003754158653846 0.7565495192307693 0.4869611081730769
0 0.7540687908653846 0.48181589423076926 0.7515880625 0.48181589423076926 0.7515880625 0.5003754158653846 0.7540687908653846 0.5003754158653846 0.7540687908653846 0.48181589423076926
0 0.7515880625 0.4884311682692308 0.7492106995192308 0.4884311682692308 0.7492106995192308 0.5003754158653846 0.7515880625 0.5003754158653846 0.7515880625 0.4884311682692308
0 0.7436290600961539 0.4976190504807692 0.7410449687499999 0.4976190504807692 0.7410449687499999 0.5132384495192308 0.7436290600961539 0.5132384495192308 0.7436290600961539 0.4976190504807692
0 0.7410449687499999 0.49706777884615383 0.7375306033653846 0.49706777884615383 0.7375306033653846 0.5132384495192308 0.7410449687499999 0.5132384495192308 0.7410449687499999 0.49706777884615383
0 0.7274009639423077 0.49614899038461535 0.7244034182692308 0.49614899038461535 0.7244034182692308 0.5121359038461539 0.7274009639423077 0.5121359038461539 0.7274009639423077 0.49614899038461535
0 0.7306052379807693 0.49008498798076927 0.7287446923076922 0.49008498798076927 0.7287446923076922 0.5011104471153847 0.7306052379807693 0.5011104471153847 0.7306052379807693 0.49008498798076927
0 0.7326725120192308 0.48787989663461534 0.7311220552884615 0.48787989663461534 0.7311220552884615 0.5025805072115385 0.7326725120192308 0.5025805072115385 0.7326725120192308 0.48787989663461534
0 0.7425954230769231 0.48199965144230766 0.7413550600961538 0.48199965144230766 0.7413550600961538 0.49284135336538465 0.7425954230769231 0.49284135336538465 0.7425954230769231 0.48199965144230766
0 0.7408382403846154 0.48181589423076926 0.7395978774038461 0.48181589423076926 0.7395978774038461 0.49394389903846153 0.7408382403846154 0.49394389903846153 0.7408382403846154 0.48181589423076926
0 0.7395978774038461 0.48108086298076924 0.7374272403846154 0.48108086298076924 0.7374272403846154 0.4924738365384615 0.7395978774038461 0.4924738365384615 0.7395978774038461 0.48108086298076924
0 0.72336978125 0.4805295913461538 0.7207856875 0.4805295913461538 0.7207856875 0.4946789278846154 0.72336978125 0.4946789278846154 0.72336978125 0.4805295913461538
0 0.7201655072115384 0.4924738365384615 0.7176847788461539 0.4924738365384615 0.7176847788461539 0.5064394182692308 0.7201655072115384 0.5064394182692308 0.7201655072115384 0.4924738365384615
0 0.7176847788461539 0.4893499567307692 0.7154107764423077 0.4893499567307692 0.7154107764423077 0.49982414182692303 0.7176847788461539 0.49982414182692303 0.7176847788461539 0.4893499567307692
0 0.7194419615384615 0.4807133485576923 0.7175814134615385 0.4807133485576923 0.7175814134615385 0.4887986850961538 0.7194419615384615 0.4887986850961538 0.7194419615384615 0.4807133485576923
0 0.6992860456730768 0.49945662740384617 0.6964952259615385 0.49945662740384617 0.6964952259615385 0.5172811177884615 0.6992860456730768 0.5172811177884615 0.6992860456730768 0.49945662740384617
0 0.6964952259615385 0.49945662740384617 0.6931875889423077 0.49945662740384617 0.6931875889423077 0.5147085120192307 0.6964952259615385 0.5147085120192307 0.6964952259615385 0.49945662740384617
0 0.6837814951923077 0.49872159615384615 0.6806805841346153 0.49872159615384615 0.6806805841346153 0.5152597836538462 0.6837814951923077 0.5152597836538462 0.6837814951923077 0.49872159615384615
0 0.6791301298076923 0.49890535576923073 0.6763393100961538 0.49890535576923073 0.6763393100961538 0.5163623317307692 0.6791301298076923 0.5163623317307692 0.6791301298076923 0.49890535576923073
0 0.6833680384615385 0.4794270432692308 0.6815074927884616 0.4794270432692308 0.6815074927884616 0.4906362620192307 0.6833680384615385 0.4906362620192307 0.6833680384615385 0.4794270432692308
0 0.6870891322115384 0.48420474278846154 0.6851252211538461 0.48420474278846154 0.6851252211538461 0.49394389903846153 0.6870891322115384 0.49394389903846153 0.6870891322115384 0.48420474278846154
0 0.6888463149038462 0.4803458341346154 0.6870891322115384 0.4803458341346154 0.6870891322115384 0.49265759375 0.6888463149038462 0.49265759375 0.6888463149038462 0.4803458341346154
0 0.6943245889423076 0.4915550480769231 0.6911203149038462 0.4915550480769231 0.6911203149038462 0.5066231754807693 0.6943245889423076 0.5066231754807693 0.6943245889423076 0.4915550480769231
0 0.6973221346153846 0.47997831730769225 0.6952548605769231 0.47997831730769225 0.6952548605769231 0.4904525024038462 0.6973221346153846 0.4904525024038462 0.6973221346153846 0.47997831730769225
0 0.698975954326923 0.4796108028846154 0.6973221346153846 0.4796108028846154 0.6973221346153846 0.4904525024038462 0.698975954326923 0.4904525024038462 0.698975954326923 0.4796108028846154
0 0.7002163173076923 0.4882474110576923 0.6979423173076923 0.4882474110576923 0.6979423173076923 0.49945662740384617 0.7002163173076923 0.49945662740384617 0.7002163173076923 0.4882474110576923
0 0.7106560480769232 0.48898244230769233 0.7083820480769231 0.48898244230769233 0.7083820480769231 0.5005591730769231 0.7106560480769232 0.5005591730769231 0.7106560480769232 0.48898244230769233
0 0.7145838677884615 0.47979456009615384 0.7131367764423077 0.47979456009615384 0.7131367764423077 0.4915550480769231 0.7145838677884615 0.4915550480769231 0.7145838677884615 0.47979456009615384
0 0.7092089567307693 0.4803458341346154 0.7066248653846153 0.4803458341346154 0.7066248653846153 0.48898244230769233 0.7092089567307693 0.48898244230769233 0.7092089567307693 0.4803458341346154
0 0.71251659375 0.4816321370192308 0.7107594134615384 0.4816321370192308 0.7107594134615384 0.4922900793269231 0.71251659375 0.4922900793269231 0.71251659375 0.4816321370192308
0 0.7075551394230769 0.4904525024038462 0.7053845024038462 0.4904525024038462 0.7053845024038462 0.5000078990384615 0.7075551394230769 0.5000078990384615 0.7075551394230769 0.4904525024038462
0 0.6745821274038462 0.48585856250000004 0.6725148533653846 0.48585856250000004 0.6725148533653846 0.49688401923076925 0.6745821274038462 0.49688401923076925 0.6745821274038462 0.48585856250000004
0 0.6734451274038461 0.49173880528846153 0.6705509447115384 0.49173880528846153 0.6705509447115384 0.5060719038461539 0.6734451274038461 0.5060719038461539 0.6734451274038461 0.49173880528846153
0 0.6662096706730769 0.5009266899038461 0.6645558509615385 0.5009266899038461 0.6645558509615385 0.5121359038461539 0.6662096706730769 0.5121359038461539 0.6662096706730769 0.5009266899038461
0 0.6580439399038462 0.4783245 0.6560800312499999 0.4783245 0.6560800312499999 0.4882474110576923 0.6580439399038462 0.4882474110576923 0.6580439399038462 0.4783245
0 0.6645558509615385 0.4978028076923077 0.6610414855769231 0.4978028076923077 0.6610414855769231 0.5121359038461539 0.6645558509615385 0.5121359038461539 0.6645558509615385 0.4978028076923077
1 0.6675533966346153 0.4785082572115385 0.6592843028846154 0.4785082572115385 0.6592843028846154 0.4952302019230769 0.6675533966346153 0.4952302019230769 0.6675533966346153 0.4785082572115385
1 0.6593876682692308 0.49265759375 0.6528757572115385 0.49265759375 0.6528757572115385 0.5147085120192307 0.6593876682692308 0.5147085120192307 0.6593876682692308 0.49265759375
0 0.6549430288461539 0.48273468269230774 0.6528757572115385 0.48273468269230774 0.6528757572115385 0.49265759375 0.6549430288461539 0.49265759375 0.6549430288461539 0.48273468269230774
0 0.6514286634615385 0.4825509254807692 0.6497748461538462 0.4825509254807692 0.6497748461538462 0.49082001923076923 0.6514286634615385 0.49082001923076923 0.6514286634615385 0.4825509254807692
0 0.6477075721153847 0.4783245 0.6457436634615384 0.4783245 0.6457436634615384 0.4897174711538461 0.6477075721153847 0.4897174711538461 0.6477075721153847 0.4783245
0 0.6449167548076923 0.4796108028846154 0.6429528437500001 0.4796108028846154 0.6429528437500001 0.4895337139423077 0.6449167548076923 0.4895337139423077 0.6449167548076923 0.4796108028846154
0 0.6424360264423077 0.4805295913461538 0.6412990240384615 0.4805295913461538 0.6412990240384615 0.4935763822115385 0.6424360264423077 0.4935763822115385 0.6424360264423077 0.4805295913461538
0 0.6412990240384615 0.4796108028846154 0.6390250240384615 0.4796108028846154 0.6390250240384615 0.49118753365384615 0.6412990240384615 0.49118753365384615 0.6412990240384615 0.4796108028846154
0 0.6361308413461538 0.5046018413461538 0.6334433870192308 0.5046018413461538 0.6334433870192308 0.5215075432692308 0.6361308413461538 0.5215075432692308 0.6361308413461538 0.5046018413461538
0 0.6392317524038462 0.49431141346153845 0.637681295673077 0.49431141346153845 0.637681295673077 0.5046018413461538 0.6392317524038462 0.5046018413461538 0.6392317524038462 0.49431141346153845
0 0.6372678413461539 0.4965165048076923 0.6353039326923077 0.4965165048076923 0.6353039326923077 0.50919578125 0.6372678413461539 0.50919578125 0.6372678413461539 0.4965165048076923
0 0.6377846610576923 0.4774057115384615 0.6340635673076923 0.4774057115384615 0.6340635673076923 0.4924738365384615 0.6377846610576923 0.4924738365384615 0.6377846610576923 0.4774057115384615
0 0.6334433870192308 0.49320886778846157 0.6304458389423077 0.49320886778846157 0.6304458389423077 0.5077257211538462 0.6334433870192308 0.5077257211538462 0.6334433870192308 0.49320886778846157
0 0.628275201923077 0.4974352932692308 0.624554110576923 0.4974352932692308 0.624554110576923 0.5161785721153846 0.628275201923077 0.5161785721153846 0.628275201923077 0.4974352932692308
1 0.6304458389423077 0.49320886778846157 0.6304458389423077 0.47464934615384613 0.6133908341346154 0.47464934615384613 0.6133908341346154 0.49320886778846157 0.6180421995192307 0.49320886778846157 0.6304458389423077 0.49320886778846157
1 0.6176287451923077 0.5158110576923077 0.6242440192307692 0.5158110576923077 0.6242440192307692 0.4954139591346154 0.6176287451923077 0.4954139591346154 0.6176287451923077 0.5158110576923077
0 0.6164917427884615 0.4946789278846154 0.6133908341346154 0.4946789278846154 0.6133908341346154 0.5088282668269231 0.6164917427884615 0.5088282668269231 0.6164917427884615 0.4946789278846154
0 0.6116336514423076 0.4807133485576923 0.6090495600961539 0.4807133485576923 0.6090495600961539 0.4902687451923077 0.6116336514423076 0.4902687451923077 0.6116336514423076 0.4807133485576923
0 0.6099798317307692 0.4952302019230769 0.6062587403846154 0.4952302019230769 0.6062587403846154 0.5112171177884616 0.6099798317307692 0.5112171177884616 0.6099798317307692 0.4952302019230769
0 0.6066721947115384 0.4764869230769231 0.6045015576923076 0.4764869230769231 0.6045015576923076 0.4873286225961539 0.6066721947115384 0.4873286225961539 0.6066721947115384 0.4764869230769231
0 0.6035712860576923 0.4774057115384615 0.6008838293269231 0.4774057115384615 0.6008838293269231 0.48990123076923076 0.6035712860576923 0.48990123076923076 0.6035712860576923 0.4774057115384615
0 0.5965425552884616 0.4803458341346154 0.5939584639423077 0.4803458341346154 0.5939584639423077 0.493392625 0.5965425552884616 0.493392625 0.5965425552884616 0.4803458341346154
0 0.5892037355769231 0.4832859567307692 0.5868263701923077 0.4832859567307692 0.5868263701923077 0.493392625 0.5892037355769231 0.493392625 0.5892037355769231 0.4832859567307692
0 0.5834153677884616 0.4752006201923077 0.5812447307692308 0.4752006201923077 0.5812447307692308 0.4845722572115384 0.5834153677884616 0.4845722572115384 0.5834153677884616 0.4752006201923077
1 0.6039847403846154 0.49596523317307695 0.5907541899038461 0.49596523317307695 0.5907541899038461 0.5211400288461538 0.6039847403846154 0.5211400288461538 0.6039847403846154 0.49596523317307695
1 0.5865162788461539 0.4967002620192308 0.5738025480769231 0.4967002620192308 0.5738025480769231 0.5220588173076923 0.5865162788461539 0.5220588173076923 0.5865162788461539 0.4967002620192308
0 0.5703915456730769 0.4972515360576923 0.5676007259615384 0.4972515360576923 0.5676007259615384 0.5141572379807692 0.5703915456730769 0.5141572379807692 0.5703915456730769 0.4972515360576923
0 0.5732857283653846 0.4763031658653846 0.571528545673077 0.4763031658653846 0.571528545673077 0.4853072884615385 0.5732857283653846 0.4853072884615385 0.5732857283653846 0.4763031658653846
0 0.571528545673077 0.47795698317307694 0.5697713629807692 0.47795698317307694 0.5697713629807692 0.4834697139423077 0.571528545673077 0.4834697139423077 0.571528545673077 0.47795698317307694
0 0.5692545456730769 0.4808971057692308 0.5665670889423077 0.4808971057692308 0.5665670889423077 0.4904525024038462 0.5692545456730769 0.4904525024038462 0.5692545456730769 0.4808971057692308
0 0.5665670889423077 0.4816321370192308 0.5649132716346154 0.4816321370192308 0.5649132716346154 0.48898244230769233 0.5665670889423077 0.48898244230769233 0.5665670889423077 0.4816321370192308
0 0.5654300889423077 0.47354680048076925 0.5630527259615384 0.47354680048076925 0.5630527259615384 0.47979456009615384 0.5654300889423077 0.47979456009615384 0.5654300889423077 0.47354680048076925
0 0.5638796346153846 0.4792432860576923 0.5611921802884615 0.4792432860576923 0.5611921802884615 0.48806365384615386 0.5638796346153846 0.48806365384615386 0.5638796346153846 0.4792432860576923
0 0.5649132716346154 0.4983540817307693 0.5627426346153845 0.4983540817307693 0.5627426346153845 0.5148922692307693 0.5649132716346154 0.5148922692307693 0.5649132716346154 0.4983540817307693
0 0.5682209086538461 0.5034992956730769 0.5661536346153846 0.5034992956730769 0.5661536346153846 0.5167298461538462 0.5682209086538461 0.5167298461538462 0.5682209086538461 0.5034992956730769
1 0.5617089975961538 0.48990123076923076 0.5570576322115385 0.48990123076923076 0.5570576322115385 0.5049693557692307 0.5617089975961538 0.5049693557692307 0.5617089975961538 0.48990123076923076
1 0.5545769038461539 0.4952302019230769 0.5450674471153846 0.4952302019230769 0.5450674471153846 0.518567423076923 0.5545769038461539 0.518567423076923 0.5545769038461539 0.4952302019230769
0 0.5440338100961538 0.49633274759615387 0.5404160817307692 0.49633274759615387 0.5404160817307692 0.5126871778846154 0.5440338100961538 0.5126871778846154 0.5440338100961538 0.49633274759615387
0 0.5387622620192307 0.50166171875 0.5362815336538461 0.50166171875 0.5362815336538461 0.5205887548076923 0.5387622620192307 0.5205887548076923 0.5387622620192307 0.50166171875
0 0.5387622620192307 0.5207725144230769 0.5413463533653846 0.5207725144230769 0.5413463533653846 0.50166171875 0.5387622620192307 0.50166171875 0.5387622620192307 0.5207725144230769
0 0.5529230865384616 0.47887577163461537 0.5509591754807692 0.47887577163461537 0.5509591754807692 0.4854910480769231 0.5529230865384616 0.4854910480769231 0.5529230865384616 0.47887577163461537
0 0.5484784471153846 0.4724442548076923 0.5462044471153846 0.4724442548076923 0.5462044471153846 0.4808971057692308 0.5484784471153846 0.4808971057692308 0.5484784471153846 0.4724442548076923
0 0.5453775384615385 0.47722195192307687 0.5435169903846154 0.47722195192307687 0.5435169903846154 0.4821834086538462 0.5453775384615385 0.4821834086538462 0.5453775384615385 0.47722195192307687
0 0.5404160817307692 0.4757518918269231 0.5386588990384615 0.4757518918269231 0.5386588990384615 0.48420474278846154 0.5404160817307692 0.48420474278846154 0.5404160817307692 0.4757518918269231
0 0.543310264423077 0.4764869230769231 0.5415530817307692 0.4764869230769231 0.5415530817307692 0.4853072884615385 0.543310264423077 0.4853072884615385 0.543310264423077 0.4764869230769231
0 0.5318368966346154 0.50166171875 0.5286326225961538 0.50166171875 0.5286326225961538 0.5222425745192308 0.5318368966346154 0.5222425745192308 0.5318368966346154 0.50166171875
0 0.5272888942307692 0.5012942043269231 0.5253249855769231 0.5012942043269231 0.5253249855769231 0.5204049975961539 0.5272888942307692 0.5204049975961539 0.5272888942307692 0.5012942043269231
0 0.5253249855769231 0.4992728701923077 0.5218106201923077 0.4992728701923077 0.5218106201923077 0.5128709350961539 0.5253249855769231 0.5128709350961539 0.5253249855769231 0.4992728701923077
0 0.5305965312500001 0.4904525024038462 0.52832253125 0.4904525024038462 0.52832253125 0.5001916586538462 0.5305965312500001 0.5001916586538462 0.5305965312500001 0.4904525024038462
0 0.5329738966346154 0.4768544375 0.531320079326923 0.4768544375 0.531320079326923 0.4854910480769231 0.5329738966346154 0.4854910480769231 0.5329738966346154 0.4768544375
0 0.5289427139423076 0.4755681346153846 0.5267720769230769 0.4755681346153846 0.5267720769230769 0.48512353124999996 0.5289427139423076 0.48512353124999996 0.5289427139423076 0.4755681346153846
0 0.5272888942307692 0.4904525024038462 0.5251182572115385 0.4904525024038462 0.5251182572115385 0.49817032451923077 0.5272888942307692 0.49817032451923077 0.5272888942307692 0.4904525024038462
0 0.5218106201923077 0.5025805072115385 0.5190198004807692 0.5025805072115385 0.5190198004807692 0.5123196610576923 0.5218106201923077 0.5123196610576923 0.5218106201923077 0.5025805072115385
0 0.5080632524038461 0.5057043870192308 0.5034118870192308 0.5057043870192308 0.5034118870192308 0.5266527572115385 0.5080632524038461 0.5266527572115385 0.5080632524038461 0.5057043870192308
0 0.5034118870192308 0.5057043870192308 0.5007244302884616 0.5057043870192308 0.5007244302884616 0.52573396875 0.5034118870192308 0.52573396875 0.5034118870192308 0.5057043870192308
0 0.4949360649038462 0.48898244230769233 0.49235197355769234 0.48898244230769233 0.49235197355769234 0.50919578125 0.4949360649038462 0.50919578125 0.4949360649038462 0.48898244230769233
0 0.4925587019230769 0.49614899038461535 0.4896645192307692 0.49614899038461535 0.4896645192307692 0.518567423076923 0.4925587019230769 0.518567423076923 0.4925587019230769 0.49614899038461535
0 0.4885275168269231 0.49614899038461535 0.48480642548076924 0.49614899038461535 0.48480642548076924 0.5088282668269231 0.4885275168269231 0.5088282668269231 0.4885275168269231 0.49614899038461535
0 0.4854266081730769 0.5057043870192308 0.4816021514423077 0.5057043870192308 0.4816021514423077 0.5259177283653846 0.4854266081730769 0.5259177283653846 0.4854266081730769 0.5057043870192308
1 0.5182962548076924 0.4832859567307692 0.5011378870192308 0.4832859567307692 0.5011378870192308 0.5047855985576923 0.5182962548076924 0.5047855985576923 0.5182962548076924 0.4832859567307692
1 0.5267720769230769 0.46086752403846154 0.5032051586538462 0.46086752403846154 0.5032051586538462 0.48199965144230766 0.5267720769230769 0.48199965144230766 0.5267720769230769 0.46086752403846154
1 0.5018614302884615 0.46178631009615384 0.47994833173076923 0.46178631009615384 0.47994833173076923 0.48181589423076926 0.5018614302884615 0.48181589423076926 0.5018614302884615 0.46178631009615384
0 0.47932815144230767 0.5038668100961539 0.4757104230769231 0.5038668100961539 0.4757104230769231 0.5220588173076923 0.47932815144230767 0.5220588173076923 0.47932815144230767 0.5038668100961539
0 0.4796382427884615 0.49118753365384615 0.4757104230769231 0.49118753365384615 0.4757104230769231 0.5012942043269231 0.4796382427884615 0.5012942043269231 0.4796382427884615 0.49118753365384615
0 0.47674406009615383 0.48493977403846156 0.47405660336538463 0.48493977403846156 0.47405660336538463 0.4944951706730769 0.47674406009615383 0.4944951706730769 0.47674406009615383 0.48493977403846156
0 0.4701287836538462 0.4853072884615385 0.46733796394230764 0.4853072884615385 0.46733796394230764 0.49504644471153847 0.4701287836538462 0.49504644471153847 0.4701287836538462 0.4853072884615385
0 0.4576217788461538 0.5097470552884615 0.4550376875 0.5097470552884615 0.4550376875 0.5238963942307693 0.4576217788461538 0.5238963942307693 0.4576217788461538 0.5097470552884615
0 0.45483096153846153 0.5110333581730769 0.45110986778846157 0.5110333581730769 0.45110986778846157 0.5325330024038462 0.45483096153846153 0.5325330024038462 0.45483096153846153 0.5110333581730769
0 0.45483096153846153 0.5046018413461538 0.45214350480769233 0.5046018413461538 0.45214350480769233 0.51819990625 0.45483096153846153 0.51819990625 0.45483096153846153 0.5046018413461538
0 0.4475955048076923 0.5049693557692307 0.44284077403846156 0.5049693557692307 0.44284077403846156 0.5183836634615384 0.4475955048076923 0.5183836634615384 0.4475955048076923 0.5049693557692307
0 0.4388095913461539 0.5009266899038461 0.43457168028846155 0.5009266899038461 0.43457168028846155 0.5198537259615384 0.4388095913461539 0.5198537259615384 0.4388095913461539 0.5009266899038461
0 0.44098022836538464 0.4803458341346154 0.43891295432692307 0.4803458341346154 0.43891295432692307 0.49173880528846153 0.44098022836538464 0.49173880528846153 0.44098022836538464 0.4803458341346154
0 0.43891295432692307 0.4814483798076923 0.4363288629807692 0.4814483798076923 0.4363288629807692 0.49173880528846153 0.43891295432692307 0.49173880528846153 0.43891295432692307 0.4814483798076923
0 0.43477840865384615 0.4871448653846154 0.4324010432692308 0.4871448653846154 0.4324010432692308 0.5009266899038461 0.43477840865384615 0.5009266899038461 0.43477840865384615 0.4871448653846154
0 0.4324010432692308 0.4812646201923077 0.4301270432692308 0.4812646201923077 0.4301270432692308 0.49210632211538463 0.4324010432692308 0.49210632211538463 0.4324010432692308 0.4812646201923077
1 0.46671778365384614 0.4904525024038462 0.4594823269230769 0.4904525024038462 0.4594823269230769 0.5270202740384615 0.46671778365384614 0.5270202740384615 0.46671778365384614 0.4904525024038462
1 0.4551410504807692 0.48181589423076926 0.4468719567307692 0.48181589423076926 0.4468719567307692 0.502764264423077 0.4551410504807692 0.502764264423077 0.4551410504807692 0.48181589423076926
1 0.4782945144230769 0.45866243028846154 0.4387062283653846 0.45866243028846154 0.4387062283653846 0.4807133485576923 0.4782945144230769 0.4807133485576923 0.4782945144230769 0.45866243028846154
1 0.39736063701923074 0.47887577163461537 0.40042924519230766 0.47887577163461537 0.43787931971153843 0.47887577163461537 0.43787931971153843 0.45976497836538466 0.3821663004807692 0.45976497836538466 0.3821663004807692 0.47887577163461537 0.3931614879807693 0.47887577163461537 0.39736063701923074 0.47887577163461537
0 0.4063533990384615 0.5023967500000001 0.40283903365384616 0.5023967500000001 0.40283903365384616 0.5220588173076923 0.4063533990384615 0.5220588173076923 0.4063533990384615 0.5023967500000001
0 0.3983943966346154 0.5038668100961539 0.3958103052884615 0.5038668100961539 0.3958103052884615 0.5220588173076923 0.3983943966346154 0.5220588173076923 0.3983943966346154 0.5038668100961539
0 0.40325248798076924 0.48677735096153846 0.4006683966346154 0.48677735096153846 0.4006683966346154 0.5000078990384615 0.40325248798076924 0.5000078990384615 0.40325248798076924 0.48677735096153846
0 0.41048794471153843 0.50313178125 0.41048794471153843 0.49008498798076927 0.40790385336538465 0.49008498798076927 0.40790385336538465 0.50313178125 0.40883412740384617 0.50313178125 0.41048794471153843 0.50313178125
1 0.4084206706730769 0.5268365168269231 0.42361513221153846 0.5268365168269231 0.42361513221153846 0.50313178125 0.4084206706730769 0.50313178125 0.4084206706730769 0.5268365168269231
1 0.37844520673076926 0.4634401298076923 0.33038110096153844 0.4634401298076923 0.33038110096153844 0.4893499567307692 0.37844520673076926 0.4893499567307692 0.37844520673076926 0.4634401298076923
0 0.3913656658653846 0.49908911298076925 0.38929839182692305 0.49908911298076925 0.38929839182692305 0.5137897235576923 0.3913656658653846 0.5137897235576923 0.3913656658653846 0.49908911298076925
0 0.3846470264423077 0.50166171875 0.3823730264423077 0.50166171875 0.3823730264423077 0.5130546923076923 0.3846470264423077 0.5130546923076923 0.3846470264423077 0.50166171875
0 0.38723112019230765 0.5011104471153847 0.3846470264423077 0.5011104471153847 0.3846470264423077 0.5130546923076923 0.38723112019230765 0.5130546923076923 0.38723112019230765 0.5011104471153847
0 0.3899185745192308 0.49596523317307695 0.3861974831730769 0.49596523317307695 0.3861974831730769 0.509563298076923 0.3899185745192308 0.509563298076923 0.3899185745192308 0.49596523317307695
0 0.3833033004807692 0.4873286225961539 0.37999566346153846 0.4873286225961539 0.37999566346153846 0.5003754158653846 0.3833033004807692 0.5003754158653846 0.3833033004807692 0.4873286225961539
0 0.3800990264423077 0.48604231971153844 0.3782384807692308 0.48604231971153844 0.3782384807692308 0.5001916586538462 0.3800990264423077 0.5001916586538462 0.3800990264423077 0.48604231971153844
0 0.37813511538461536 0.49614899038461535 0.3759644783653846 0.49614899038461535 0.3759644783653846 0.5110333581730769 0.37813511538461536 0.5110333581730769 0.37813511538461536 0.49614899038461535
0 0.3750342067307692 0.49486268509615383 0.37234675000000006 0.49486268509615383 0.37234675000000006 0.51066584375 0.3750342067307692 0.51066584375 0.3750342067307692 0.49486268509615383
0 0.37234675000000006 0.49614899038461535 0.37027947596153843 0.49614899038461535 0.37027947596153843 0.51066584375 0.37234675000000006 0.51066584375 0.37234675000000006 0.49614899038461535
0 0.36542138461538465 0.49192256490384617 0.36283729326923075 0.49192256490384617 0.36283729326923075 0.5038668100961539 0.36542138461538465 0.5038668100961539 0.36542138461538465 0.49192256490384617
0 0.37027947596153843 0.49302511057692305 0.36748865865384617 0.49302511057692305 0.36748865865384617 0.5090120240384615 0.37027947596153843 0.5090120240384615 0.37027947596153843 0.49302511057692305
0 0.3597363822115385 0.5055206298076923 0.35622201682692306 0.5055206298076923 0.35622201682692306 0.526469 0.3597363822115385 0.526469 0.3597363822115385 0.5055206298076923
0 0.36542138461538465 0.5121359038461539 0.3612868365384615 0.5121359038461539 0.3612868365384615 0.533635548076923 0.36542138461538465 0.533635548076923 0.36542138461538465 0.5121359038461539
0 0.36449111057692307 0.5042343269230769 0.36149356490384615 0.5042343269230769 0.36149356490384615 0.5222425745192308 0.36449111057692307 0.5222425745192308 0.36449111057692307 0.5042343269230769
0 0.3552917451923077 0.4952302019230769 0.3533278341346154 0.4952302019230769 0.3533278341346154 0.5088282668269231 0.3552917451923077 0.5088282668269231 0.3552917451923077 0.4952302019230769
0 0.35219083413461544 0.49706777884615383 0.3501235600961538 0.49706777884615383 0.3501235600961538 0.5088282668269231 0.35219083413461544 0.5088282668269231 0.35219083413461544 0.49706777884615383
0 0.3485731057692308 0.5046018413461538 0.3383401033653846 0.5046018413461538 0.3383401033653846 0.5253664543269231 0.3485731057692308 0.5253664543269231 0.3485731057692308 0.5046018413461538
0 0.32924409855769227 0.5000078990384615 0.3243860072115385 0.5000078990384615 0.3243860072115385 0.5169136033653846 0.32924409855769227 0.5169136033653846 0.32924409855769227 0.5000078990384615
1 0.330277735576923 0.4944951706730769 0.330277735576923 0.47777322596153843 0.2889322668269231 0.47777322596153843 0.2889322668269231 0.4944951706730769 0.31901109615384615 0.4944951706730769 0.330277735576923 0.4944951706730769
1 0.3047469086538462 0.4965165048076923 0.2896558125 0.4965165048076923 0.2896558125 0.5200374831730769 0.3047469086538462 0.5200374831730769 0.3047469086538462 0.4965165048076923
1 0.3218019158653846 0.5069906899038462 0.31094873076923074 0.5069906899038462 0.31094873076923074 0.5321654879807692 0.3218019158653846 0.5321654879807692 0.3218019158653846 0.5069906899038462
1 0.3243860072115385 0.49596523317307695 0.31983800480769226 0.49596523317307695 0.31983800480769226 0.5093795408653846 0.3243860072115385 0.5093795408653846 0.3243860072115385 0.49596523317307695
0 0.3925154639423077 0.4879890120192308 0.39509955769230765 0.4879890120192308 0.39509955769230765 0.47887577163461537 0.3925154639423077 0.47887577163461537 0.3925154639423077 0.4879890120192308
0 0.23456285336538463 0.5198594783653846 0.22842563701923077 0.5198594783653846 0.22842563701923077 0.5390966057692308 0.23456285336538463 0.5390966057692308 0.23456285336538463 0.5198594783653846
0 0.20274622355769228 0.5155526586538461 0.19515545432692308 0.5155526586538461 0.19515545432692308 0.5408193341346154 0.20274622355769228 0.5408193341346154 0.20274622355769228 0.5155526586538461
0 0.19515545432692308 0.5189981153846154 0.18950275240384615 0.5189981153846154 0.18950275240384615 0.5393837283653846 0.19515545432692308 0.5393837283653846 0.19515545432692308 0.5189981153846154
0 0.2849526442307692 0.500048108173077 0.2807534951923077 0.500048108173077 0.2807534951923077 0.5195723581730769 0.2849526442307692 0.5195723581730769 0.2849526442307692 0.500048108173077
0 0.2763928389423077 0.4983253798076923 0.27122465625000003 0.4983253798076923 0.27122465625000003 0.5172753870192308 0.2763928389423077 0.5172753870192308 0.2763928389423077 0.4983253798076923
0 0.26153431250000003 0.5078003822115384 0.25846570192307694 0.5078003822115384 0.25846570192307694 0.5227306923076923 0.26153431250000003 0.5227306923076923 0.26153431250000003 0.5078003822115384
1 0.11472559615384616 0.4879890120192308 0.08872317307692307 0.4879890120192308 0.08872317307692307 0.5078003822115384 0.11472559615384616 0.5078003822115384 0.11472559615384616 0.4879890120192308
1 0.1883722139423077 0.4931571971153846 0.1349138125 0.4931571971153846 0.1349138125 0.5319185721153846 0.1883722139423077 0.5319185721153846 0.1883722139423077 0.4931571971153846
1 0.21292108413461538 0.4917215889423077 0.18966425961538463 0.4917215889423077 0.18966425961538463 0.5135428100961539 0.21292108413461538 0.5135428100961539 0.21292108413461538 0.4917215889423077
1 0.25846570192307694 0.479375375 0.21356710817307695 0.479375375 0.21356710817307695 0.5189981153846154 0.25846570192307694 0.5189981153846154 0.25846570192307694 0.479375375
1 0.26977110576923075 0.479375375 0.25846570192307694 0.479375375 0.25846570192307694 0.5063647764423077 0.26977110576923075 0.5063647764423077 0.26977110576923075 0.479375375
1 0.28785974759615385 0.4785140096153846 0.27122465625000003 0.4785140096153846 0.27122465625000003 0.49861250240384614 0.28785974759615385 0.49861250240384614 0.28785974759615385 0.4785140096153846
0 0.312570125 0.45927688221153845 0.3091785048076923 0.45927688221153845 0.3091785048076923 0.47076173317307696 0.312570125 0.47076173317307696 0.312570125 0.45927688221153845
1 0.08490567307692308 0.49343998798076927 0.0032730192307692304 0.49343998798076927 0.0032730192307692304 0.5331439182692308 0.08490567307692308 0.5331439182692308 0.08490567307692308 0.49343998798076927
0 0.7048263461538462 0.4943367427884615 0.7014433485576923 0.4943367427884615 0.7014433485576923 0.5129614182692308 0.7048263461538462 0.5129614182692308 0.7048263461538462 0.4943367427884615
0 0.7287446923076922 0.4831923798076923 0.7261021298076924 0.4831923798076923 0.7261021298076924 0.4951121730769231 0.7287446923076922 0.4951121730769231 0.7287446923076922 0.4831923798076923
0 0.7354610312500001 0.48666898557692306 0.7338546514423077 0.48666898557692306 0.7338546514423077 0.5014445649038461 0.7354610312500001 0.5014445649038461 0.7354610312500001 0.48666898557692306
0 0.7375306033653846 0.48579983413461536 0.7357404014423078 0.48579983413461536 0.7357404014423078 0.4989612740384616 0.7375306033653846 0.4989612740384616 0.7375306033653846 0.48579983413461536
0 0.7649345841346153 0.4830682139423077 0.7603948197115385 0.4830682139423077 0.7603948197115385 0.502810375 0.7649345841346153 0.502810375 0.7649345841346153 0.4830682139423077
0 0.41048794471153843 0.48089773317307694 0.4082737235576923 0.48089773317307694 0.4082737235576923 0.49008498798076927 0.41048794471153843 0.49008498798076927 0.41048794471153843 0.48089773317307694
0 0.3999447283653846 0.47887577163461537 0.39736063701923074 0.47887577163461537 0.39736063701923074 0.48770189182692303 0.3999447283653846 0.48770189182692303 0.3999447283653846 0.47887577163461537
0 0.42737129567307697 0.4913741153846154 0.4246487692307692 0.4913741153846154 0.4246487692307692 0.49908911298076925 0.42737129567307697 0.49908911298076925 0.42737129567307697 0.4913741153846154
1 0.7856980745192307 0.48341945673076925 0.7736313100961538 0.48341945673076925 0.7736313100961538 0.4973709254807692 0.7856980745192307 0.4973709254807692 0.7856980745192307 0.48341945673076925
1 0.8532912956730769 0.4971451658653846 0.8291613629807693 0.4971451658653846 0.8291613629807693 0.5132031153846154 0.8532912956730769 0.5132031153846154 0.8532912956730769 0.4971451658653846
1 0.7498438798076923 0.5168735048076922 0.6511305072115385 0.5168735048076922 0.6511305072115385 0.5375194375 0.7498438798076923 0.5375194375 0.7498438798076923 0.5168735048076922
1 0.6422027548076923 0.5224507740384615 0.5103429831730769 0.5224507740384615 0.5103429831730769 0.544673826923077 0.6422027548076923 0.544673826923077 0.6422027548076923 0.5224507740384615
1 0.3955880600961538 0.5531286682692308 0.5095278076923078 0.5531286682692308 0.5095278076923078 0.5260595552884616 0.3955880600961538 0.5260595552884616 0.3955880600961538 0.5531286682692308
1 0.36774125240384614 0.5342014375 0.3096745649038462 0.5342014375 0.3096745649038462 0.5554208677884616 0.36774125240384614 0.5554208677884616 0.36774125240384614 0.5342014375
1 0.15708317067307692 0.5775543125 0.1380502019230769 0.5775543125 0.1380502019230769 0.6125377019230769 0.15708317067307692 0.6125377019230769 0.15708317067307692 0.5775543125
1 0.23644097836538464 0.5399901826923077 0.18821336778846154 0.5399901826923077 0.18821336778846154 0.5635036081730769 0.23644097836538464 0.5635036081730769 0.23644097836538464 0.5399901826923077
0 0.4260867163461538 0.4873134158653846 0.4238352379807692 0.4873134158653846 0.4238352379807692 0.49528788221153847 0.4260867163461538 0.49528788221153847 0.4260867163461538 0.4873134158653846
0 0.42418161778846153 0.48931473076923077 0.42180890625 0.48931473076923077 0.42180890625 0.5006452475961539 0.42418161778846153 0.5006452475961539 0.42418161778846153 0.48931473076923077
0 0.4243872548076923 0.5127136995192307 0.4272286634615385 0.5127136995192307 0.4272286634615385 0.4992433173076923 0.4243872548076923 0.4992433173076923 0.4243872548076923 0.5127136995192307
0 0.4329092836538461 0.5070260336538461 0.4293913485576923 0.5070260336538461 0.4293913485576923 0.5266903870192308 0.4329092836538461 0.5266903870192308 0.4329092836538461 0.5070260336538461
0 0.4300002211538461 0.5069057620192308 0.4268205504807692 0.5069057620192308 0.4268205504807692 0.5266903870192308 0.4300002211538461 0.5266903870192308 0.4300002211538461 0.5069057620192308
0 0.4074348052884615 0.4825232788461538 0.4057028990384615 0.4825232788461538 0.4057028990384615 0.4924143894230769 0.4074348052884615 0.4924143894230769 0.4074348052884615 0.4825232788461538
0 0.40561670913461534 0.4867265192307692 0.4039367596153846 0.4867265192307692 0.4039367596153846 0.4944854591346154 0.40561670913461534 0.4944854591346154 0.40561670913461534 0.4867265192307692
0 0.40021123798076924 0.49119162740384614 0.39705916826923077 0.49119162740384614 0.39705916826923077 0.5031995120192307 0.40021123798076924 0.5031995120192307 0.40021123798076924 0.49119162740384614
1 0.39189963221153845 0.5131407475961539 0.3669527379807693 0.5131407475961539 0.3669527379807693 0.5300538966346153 0.39189963221153845 0.5300538966346153 0.39189963221153845 0.5131407475961539
1 0.7845208798076923 0.5009282091346153 0.747391233173077 0.5009282091346153 0.747391233173077 0.5241837884615385 0.7845208798076923 0.5241837884615385 0.7845208798076923 0.5009282091346153
1 0.7913918461538461 0.5114989278846154 0.7848512139423077 0.5114989278846154 0.7848512139423077 0.5260630288461539 0.7913918461538461 0.5260630288461539 0.7913918461538461 0.5114989278846154
1 0.8166294350961538 0.49945418028846156 0.8026338052884616 0.49945418028846156 0.8026338052884616 0.5182465697115385 0.8166294350961538 0.5182465697115385 0.8166294350961538 0.49945418028846156
1 0.8022955408653847 0.5071214759615384 0.7981941033653845 0.5071214759615384 0.7981941033653845 0.5224560649038461 0.8022955408653847 0.5224560649038461 0.8022955408653847 0.5071214759615384
1 0.8222888149038461 0.5191297524038462 0.8288717812499999 0.5191297524038462 0.8288717812499999 0.5053368725961538 0.8222888149038461 0.5053368725961538 0.8222888149038461 0.5191297524038462