1 0.23654269951923076 0.9272835721153846 0.25716418990384615 0.9272835721153846 0.25716418990384615 0.9020005216346154 0.23654269951923076 0.9020005216346154 0.23654269951923076 0.9272835721153846
1 0.9575837307692308 0.6061888173076923 0.9682500168269231 0.6061888173076923 0.9682500168269231 0.5720566971153846 0.9575837307692308 0.5720566971153846 0.9575837307692308 0.6061888173076923
0 0.05357113701923077 0.8586143870192308 0.0462938125 0.8586143870192308 0.0462938125 0.8713397644230769 0.05357113701923077 0.8713397644230769 0.05357113701923077 0.8586143870192308
0 0.06442747596153846 0.8709155841346153 0.0719434014423077 0.8709155841346153 0.0719434014423077 0.8609473725961538 0.06442747596153846 0.8609473725961538 0.06442747596153846 0.8709155841346153
0 0.09914389182692308 0.8380416947115384 0.0925823701923077 0.8380416947115384 0.0925823701923077 0.850342891826923 0.09914389182692308 0.850342891826923 0.09914389182692308 0.8380416947115384
0 0.08446994230769231 0.8446164735576923 0.07922072596153845 0.8446164735576923 0.07922072596153845 0.8539484158653846 0.08446994230769231 0.8539484158653846 0.08446994230769231 0.8446164735576923
0 0.11119323317307693 0.842495576923077 0.11119323317307693 0.8354966201923077 0.10498961298076924 0.8354966201923077 0.10498961298076924 0.8437681153846154 0.11119323317307693 0.8437681153846154 0.11119323317307693 0.842495576923077
0 0.11870915865384615 0.8405867692307692 0.11131253365384615 0.8405867692307692 0.11131253365384615 0.8531000576923078 0.11870915865384615 0.8531000576923078 0.11870915865384615 0.8405867692307692
0 0.11202833653846155 0.8611594639423077 0.11751615625 0.8611594639423077 0.11751615625 0.85119125 0.11202833653846155 0.85119125 0.11202833653846155 0.8611594639423077
0 0.16094150240384617 0.8350724399038462 0.15390277884615383 0.8350724399038462 0.15390277884615383 0.8480099062500001 0.16094150240384617 0.8480099062500001 0.16094150240384617 0.8350724399038462
0 0.17024693509615385 0.8291339302884615 0.16332751201923076 0.8291339302884615 0.16332751201923076 0.8401625913461538 0.17024693509615385 0.8401625913461538 0.17024693509615385 0.8291339302884615
0 0.24339525240384616 0.7804072235576923 0.2362372283653846 0.7804072235576923 0.2362372283653846 0.7944581610576923 0.24339525240384616 0.7944581610576923 0.24339525240384616 0.7804072235576923
0 0.2691939639423077 0.7708631923076923 0.2596499326923077 0.7708631923076923 0.2596499326923077 0.7843839038461538 0.2691939639423077 0.7843839038461538 0.2691939639423077 0.7708631923076923
0 0.2631632692307692 0.7937205192307691 0.2584599711538461 0.7937205192307691 0.2584599711538461 0.8032764278846154 0.2631632692307692 0.8032764278846154 0.2631632692307692 0.7937205192307691
0 0.2718503173076923 0.4960211995192308 0.26528879567307695 0.4960211995192308 0.26528879567307695 0.50583034375 0.2718503173076923 0.50583034375 0.2718503173076923 0.4960211995192308
0 0.28035047115384615 0.48568183173076923 0.27274506971153845 0.48568183173076923 0.27274506971153845 0.4957560889423077 0.28035047115384615 0.4957560889423077 0.28035047115384615 0.48568183173076923
0 0.31882485096153845 0.4692448870192308 0.31211420432692305 0.4692448870192308 0.31211420432692305 0.48090981490384616 0.31882485096153845 0.48090981490384616 0.31882485096153845 0.4692448870192308
0 0.36460638221153846 0.4477708149038462 0.3580448605769231 0.4477708149038462 0.3580448605769231 0.46261708653846156 0.36460638221153846 0.46261708653846156 0.36460638221153846 0.4477708149038462
0 0.37072052884615386 0.44618014182692306 0.36594851201923073 0.44618014182692306 0.36594851201923073 0.4602310793269231 0.37072052884615386 0.4602310793269231 0.37072052884615386 0.44618014182692306
0 0.3561412884615385 0.5248490240384616 0.34425785096153844 0.5248490240384616 0.34425785096153844 0.5393473389423077 0.3561412884615385 0.5393473389423077 0.3561412884615385 0.5248490240384616
0 0.3710344014423077 0.7468382307692308 0.3631121105769231 0.7468382307692308 0.3631121105769231 0.7625792572115385 0.3710344014423077 0.7625792572115385 0.3710344014423077 0.7468382307692308
0 0.3666072379807692 0.7344111057692307 0.36031600721153845 0.7344111057692307 0.36031600721153845 0.7501521322115384 0.3666072379807692 0.7501521322115384 0.3666072379807692 0.7344111057692307
0 0.4975580745192308 0.6863595528846154 0.49126684134615384 0.6863595528846154 0.49126684134615384 0.6996151538461538 0.4975580745192308 0.6996151538461538 0.4975580745192308 0.6863595528846154
0 0.5047813413461538 0.6905019278846154 0.4998881610576923 0.6905019278846154 0.4998881610576923 0.7037575288461538 0.5047813413461538 0.7037575288461538 0.5047813413461538 0.6905019278846154
0 0.5096745216346154 0.6784890408653846 0.5040823149038461 0.6784890408653846 0.5040823149038461 0.691744641826923 0.5096745216346154 0.691744641826923 0.5096745216346154 0.6784890408653846
0 0.5026842644230769 0.6755893774038462 0.4952279879807693 0.6755893774038462 0.4952279879807693 0.6905019278846154 0.5026842644230769 0.6905019278846154 0.5026842644230769 0.6755893774038462
0 0.6974625961538461 0.5445998701923077 0.691683983173077 0.5445998701923077 0.691683983173077 0.5552043509615385 0.6974625961538461 0.5552043509615385 0.6974625961538461 0.5445998701923077
0 0.6928924639423077 0.6145349759615384 0.6863682235576923 0.6145349759615384 0.6863682235576923 0.6301103052884615 0.6928924639423077 0.6301103052884615 0.6928924639423077 0.6145349759615384
0 0.71648909375 0.6126936778846154 0.7126775889423077 0.6126936778846154 0.7126775889423077 0.6235526658653847 0.71648909375 0.6235526658653847 0.71648909375 0.6126936778846154
0 0.7117980120192308 0.60974003125 0.7085240264423077 0.60974003125 0.7085240264423077 0.6204252764423077 0.7117980120192308 0.6204252764423077 0.7117980120192308 0.60974003125
0 0.7132639735576922 0.6042671009615385 0.7103809134615384 0.6042671009615385 0.7103809134615384 0.6133017788461539 0.7132639735576922 0.6133017788461539 0.7132639735576922 0.6042671009615385
0 0.7681935673076924 0.5848767932692308 0.7642566538461538 0.5848767932692308 0.7642566538461538 0.5976021682692307 0.7681935673076924 0.5976021682692307 0.7681935673076924 0.5848767932692308
0 0.8788899975961539 0.5491830024038461 0.874117983173077 0.5491830024038461 0.874117983173077 0.5634990528846153 0.8788899975961539 0.5634990528846153 0.8788899975961539 0.5491830024038461
0 0.8199854230769231 0.5611130432692307 0.8134239014423077 0.5611130432692307 0.8134239014423077 0.5719826370192307 0.8199854230769231 0.5719826370192307 0.8199854230769231 0.5611130432692307
0 0.9367596370192307 0.5239799350961538 0.9288559855769231 0.5239799350961538 0.9288559855769231 0.5380308701923077 0.9367596370192307 0.5380308701923077 0.9367596370192307 0.5239799350961538
0 0.9319876201923076 0.5128452307692307 0.9261717259615385 0.5128452307692307 0.9261717259615385 0.5261008317307693 0.9319876201923076 0.5261008317307693 0.9319876201923076 0.5128452307692307
0 0.1886362403846154 0.5888171995192308 0.1795395841346154 0.5888171995192308 0.1795395841346154 0.6020728004807693 0.1886362403846154 0.6020728004807693 0.1886362403846154 0.5888171995192308
1 0.8650363894230769 0.0877587451923077 0.8548058774038462 0.0877587451923077 0.8548058774038462 0.1107865673076923 0.8650363894230769 0.1107865673076923 0.8650363894230769 0.0877587451923077
1 0.8755144158653846 0.12457392307692308 0.8656964230769231 0.12457392307692308 0.8656964230769231 0.15244198798076922 0.8755144158653846 0.15244198798076922 0.8755144158653846 0.12457392307692308
0 0.5193639134615384 0.39125118028846156 0.5151562019230769 0.39125118028846156 0.5151562019230769 0.403425125 0.5193639134615384 0.403425125 0.5193639134615384 0.39125118028846156
0 0.5490654014423076 0.39785151201923075 0.5456002283653846 0.39785151201923075 0.5456002283653846 0.4075319951923077 0.5490654014423076 0.4075319951923077 0.5490654014423076 0.39785151201923075
0 0.5952196394230769 0.43385752163461533 0.5912319831730769 0.43385752163461533 0.5912319831730769 0.44298932932692303 0.5952196394230769 0.44298932932692303 0.5952196394230769 0.43385752163461533
0 0.5918740625 0.4373420264423077 0.5879877884615385 0.4373420264423077 0.5879877884615385 0.4467742211538462 0.5918740625 0.4467742211538462 0.5918740625 0.4373420264423077
1 0.5319912572115385 0.45638634615384616 0.5219257524038462 0.45638634615384616 0.5219257524038462 0.4728138389423077 0.5319912572115385 0.4728138389423077 0.5319912572115385 0.45638634615384616
1 0.7613595048076923 0.29119140625 0.7580329375 0.29119140625 0.7580329375 0.31043503846153847 0.7613595048076923 0.31043503846153847 0.7613595048076923 0.29119140625
0 0.3035876153846154 0.47880402884615386 0.29583222836538464 0.47880402884615386 0.29583222836538464 0.49185801682692304 0.3035876153846154 0.49185801682692304 0.3035876153846154 0.47880402884615386
0 0.20371206971153846 0.5937673581730769 0.1979333485576923 0.5937673581730769 0.1979333485576923 0.6076453028846154 0.20371206971153846 0.6076453028846154 0.20371206971153846 0.5937673581730769
0 0.16791108173076924 0.821366 0.1627997860576923 0.821366 0.1627997860576923 0.8328558557692307 0.16791108173076924 0.8328558557692307 0.16791108173076924 0.821366
1 0.6331926081730769 0.6301699807692308 0.6267242836538462 0.6301699807692308 0.6267242836538462 0.649530951923077 0.6331926081730769 0.649530951923077 0.6331926081730769 0.6301699807692308
0 0.030196567307692306 0.867592923076923 0.02149038701923077 0.867592923076923 0.02149038701923077 0.8781828942307693 0.030196567307692306 0.8781828942307693 0.030196567307692306 0.867592923076923
0 0.03554246634615385 0.87601059375 0.03172396634615385 0.87601059375 0.03172396634615385 0.8817128870192307 0.03554246634615385 0.8817128870192307 0.03554246634615385 0.87601059375
0 0.0628065576923077 0.8580891009615385 0.05845346634615385 0.8580891009615385 0.05845346634615385 0.8696294567307692 0.0628065576923077 0.8696294567307692 0.0628065576923077 0.8580891009615385
0 0.17246801201923076 0.7472537379807692 0.16707201201923078 0.7472537379807692 0.16707201201923078 0.7549002403846153 0.17246801201923076 0.7549002403846153 0.17246801201923076 0.7472537379807692
0 0.2584599711538461 0.7934682451923076 0.2543001875 0.7934682451923076 0.2543001875 0.8032764278846154 0.2584599711538461 0.8032764278846154 0.2584599711538461 0.7934682451923076
0 0.24855716346153847 0.7984645408653847 0.2448914014423077 0.7984645408653847 0.2448914014423077 0.80747959375 0.24855716346153847 0.80747959375 0.24855716346153847 0.7984645408653847
0 0.23536042548076924 0.8037866802884616 0.23169466586538462 0.8037866802884616 0.23169466586538462 0.8131275793269231 0.23536042548076924 0.8131275793269231 0.23536042548076924 0.8037866802884616
0 0.2382319375 0.7928165528846154 0.2336497379807692 0.7928165528846154 0.2336497379807692 0.8010713028846154 0.2382319375 0.8010713028846154 0.2382319375 0.7928165528846154
0 0.5054957163461539 0.7040664471153846 0.5096502451923077 0.7040664471153846 0.5096502451923077 0.696463389423077 0.5054957163461539 0.696463389423077 0.5054957163461539 0.7040664471153846
0 0.7701293629807692 0.59081584375 0.7665613557692308 0.59081584375 0.7665613557692308 0.6007215408653847 0.7701293629807692 0.6007215408653847 0.7701293629807692 0.59081584375
0 0.7797686538461538 0.29398094711538464 0.7733535745192307 0.29398094711538464 0.7733535745192307 0.3015840048076923 0.7797686538461538 0.3015840048076923 0.7797686538461538 0.29398094711538464