1 0.9025789254807692 0.7873871610576924 0.7259112451923078 0.7873871610576924 0.7259112451923078 0.8433432067307692 0.9025789254807692 0.8433432067307692 0.9025789254807692 0.7873871610576924
0 0.8039533822115386 0.4792625384615385 0.8003761514423077 0.4792625384615385 0.8003761514423077 0.4907702451923077 0.8039533822115386 0.4907702451923077 0.8039533822115386 0.4792625384615385
0 0.7991837403846154 0.4819880480769231 0.7966285745192307 0.4819880480769231 0.7966285745192307 0.4910730793269231 0.7991837403846154 0.4910730793269231 0.7991837403846154 0.4819880480769231
1 0.8012278725961538 0.4604868028846154 0.7952658197115384 0.4604868028846154 0.7952658197115384 0.47593135817307697 0.8012278725961538 0.47593135817307697 0.8012278725961538 0.4604868028846154
0 0.7549691610576923 0.43876232692307693 0.7535518942307693 0.43876232692307693 0.7535518942307693 0.4453520048076923 0.7549691610576923 0.4453520048076923 0.7549691610576923 0.43876232692307693
0 0.7524616899038462 0.4383746995192308 0.7499542211538461 0.4383746995192308 0.7499542211538461 0.4469025168269231 0.7524616899038462 0.4469025168269231 0.7524616899038462 0.4383746995192308
0 0.7361086322115384 0.43527367548076923 0.7342552860576923 0.43527367548076923 0.7342552860576923 0.44089428125 0.7361086322115384 0.44089428125 0.7361086322115384 0.43527367548076923
0 0.7342552860576923 0.4341107908653846 0.7324019399038462 0.4341107908653846 0.7324019399038462 0.44089428125 0.7342552860576923 0.44089428125 0.7342552860576923 0.4341107908653846
0 0.7552962211538462 0.45387982211538463 0.7510444254807692 0.45387982211538463 0.7510444254807692 0.45872517307692307 0.7552962211538462 0.45872517307692307 0.7552962211538462 0.45387982211538463
0 0.7416686730769231 0.45969424278846155 0.7351274495192308 0.45969424278846155 0.7351274495192308 0.4639581514423077 0.7416686730769231 0.4639581514423077 0.7416686730769231 0.45969424278846155
0 0.7457024254807691 0.46570247836538464 0.7381800192307693 0.46570247836538464 0.7381800192307693 0.46938494471153847 0.7457024254807691 0.46938494471153847 0.7457024254807691 0.46570247836538464
0 0.74559340625 0.47248596875 0.7421047548076923 0.47248596875 0.7421047548076923 0.47558699278846156 0.74559340625 0.47558699278846156 0.74559340625 0.47248596875
0 0.7487549975961538 0.47248596875 0.7467926298076922 0.47248596875 0.7467926298076922 0.47713750480769235 0.7487549975961538 0.47713750480769235 0.7487549975961538 0.47248596875
0 0.7522436490384615 0.47093545673076925 0.7497361802884615 0.47093545673076925 0.7497361802884615 0.4750055504807692 0.7522436490384615 0.4750055504807692 0.7522436490384615 0.47093545673076925
0 0.762055485576923 0.46279526682692307 0.7544240576923078 0.46279526682692307 0.7544240576923078 0.46744680288461543 0.762055485576923 0.46744680288461543 0.762055485576923 0.46279526682692307
0 0.7535518942307693 0.4786880168269231 0.7513714879807692 0.4786880168269231 0.7513714879807692 0.4833395552884615 0.7535518942307693 0.4833395552884615 0.7535518942307693 0.4786880168269231
0 0.7303305504807691 0.4786880168269231 0.7278230817307693 0.4786880168269231 0.7278230817307693 0.4885725336538461 0.7303305504807691 0.4885725336538461 0.7303305504807691 0.4786880168269231
0 0.7230261850961538 0.45504270673076924 0.7189924302884615 0.45504270673076924 0.7189924302884615 0.45950042788461537 0.7230261850961538 0.45950042788461537 0.7230261850961538 0.45504270673076924
0 0.7358905913461539 0.44825921634615384 0.7310936947115384 0.44825921634615384 0.7310936947115384 0.4513602403846154 0.7358905913461539 0.4513602403846154 0.7358905913461539 0.44825921634615384
0 0.7361086322115384 0.45291075240384615 0.7314207548076923 0.45291075240384615 0.7314207548076923 0.45639940384615385 0.7361086322115384 0.45639940384615385 0.7361086322115384 0.45291075240384615
0 0.7193194927884616 0.44632107451923075 0.7136504326923077 0.44632107451923075 0.7136504326923077 0.4509726129807692 0.7193194927884616 0.4509726129807692 0.7193194927884616 0.44632107451923075
0 0.7188834110576923 0.44108809615384614 0.7132143509615385 0.44108809615384614 0.7132143509615385 0.44632107451923075 0.7188834110576923 0.44632107451923075 0.7188834110576923 0.44108809615384614
0 0.7114700240384615 0.4313973942307693 0.7081994134615385 0.4313973942307693 0.7081994134615385 0.43721181490384614 0.7114700240384615 0.43721181490384614 0.7114700240384615 0.4313973942307693
0 0.7064550865384616 0.44263860817307693 0.7010040673076923 0.44263860817307693 0.7010040673076923 0.44593344711538463 0.7064550865384616 0.44593344711538463 0.7064550865384616 0.44263860817307693
0 0.6964252091346155 0.428684 0.6913012524038462 0.428684 0.6913012524038462 0.43275409374999996 0.6964252091346155 0.43275409374999996 0.6964252091346155 0.428684
0 0.6964252091346155 0.43275409374999996 0.6913012524038462 0.43275409374999996 0.6913012524038462 0.4356613028846154 0.6964252091346155 0.4356613028846154 0.6964252091346155 0.43275409374999996
0 0.6951169663461538 0.4211252524038462 0.6941521586538462 0.4211252524038462 0.6925004759615384 0.4211252524038462 0.6925004759615384 0.42422627644230765 0.6951169663461538 0.42422627644230765 0.6951169663461538 0.4211252524038462
0 0.6597943581730769 0.4158922740384616 0.6576139519230769 0.4158922740384616 0.6576139519230769 0.4246139038461539 0.6597943581730769 0.4246139038461539 0.6597943581730769 0.4158922740384616
0 0.6542343197115384 0.41686134375 0.6522719519230769 0.41686134375 0.6522719519230769 0.42228813701923074 0.6542343197115384 0.42228813701923074 0.6542343197115384 0.41686134375
0 0.6390804855769231 0.4112407355769231 0.6348286899038461 0.4112407355769231 0.6348286899038461 0.4176365985576923 0.6390804855769231 0.4176365985576923 0.6390804855769231 0.4112407355769231
0 0.6471479927884616 0.4267458581730769 0.6454036682692308 0.4267458581730769 0.6454036682692308 0.43294790624999996 0.6471479927884616 0.43294790624999996 0.6471479927884616 0.4267458581730769
0 0.65837709375 0.43430460576923074 0.6540162788461538 0.43430460576923074 0.6540162788461538 0.43759944471153844 0.65837709375 0.43759944471153844 0.65837709375 0.43430460576923074
0 0.6557606057692307 0.42616441586538467 0.6541252980769231 0.42616441586538467 0.6541252980769231 0.43430460576923074 0.6557606057692307 0.43430460576923074 0.6557606057692307 0.42616441586538467
0 0.6557606057692307 0.43294790624999996 0.6594672980769231 0.43294790624999996 0.6594672980769231 0.4298468822115385 0.6557606057692307 0.4298468822115385 0.6557606057692307 0.43294790624999996
0 0.6618657451923077 0.44070046874999996 0.6594672980769231 0.44070046874999996 0.6594672980769231 0.4469025168269231 0.6618657451923077 0.4469025168269231 0.6618657451923077 0.44070046874999996
0 0.6543433389423078 0.4368241875 0.6523809735576923 0.4368241875 0.6523809735576923 0.4432200504807692 0.6543433389423078 0.4432200504807692 0.6543433389423078 0.4368241875
0 0.6282874663461538 0.42170669471153843 0.6242537115384615 0.42170669471153843 0.6242537115384615 0.42519534615384613 0.6282874663461538 0.42519534615384613 0.6282874663461538 0.42170669471153843
0 0.5889076826923076 0.4172691971153846 0.5869998245192307 0.4172691971153846 0.5869998245192307 0.4264753629807692 0.5889076826923076 0.4264753629807692 0.5889076826923076 0.4172691971153846
0 0.5649231971153846 0.41242384615384614 0.5619251370192307 0.41242384615384614 0.5619251370192307 0.4165423942307692 0.5649231971153846 0.4165423942307692 0.5649231971153846 0.41242384615384614
0 0.5833203870192307 0.3988568629807692 0.5808674278846154 0.3988568629807692 0.5808674278846154 0.40345994711538463 0.5833203870192307 0.40345994711538463 0.5833203870192307 0.3988568629807692
0 0.60580584375 0.4182382668269231 0.6041705360576923 0.4182382668269231 0.6041705360576923 0.4233258846153846 0.60580584375 0.4233258846153846 0.60580584375 0.4182382668269231
0 0.60280778125 0.40903210096153847 0.6014450264423077 0.40903210096153847 0.6014450264423077 0.41605785817307694 0.60280778125 0.41605785817307694 0.60280778125 0.40903210096153847
1 0.6273373701923077 0.4085702764423077 0.615753954326923 0.4085702764423077 0.615753954326923 0.4168073725961538 0.6273373701923077 0.4168073725961538 0.6273373701923077 0.4085702764423077
1 0.5754164086538461 0.4088125432692308 0.5671036057692308 0.4088125432692308 0.5671036057692308 0.4323124951923077 0.5754164086538461 0.4323124951923077 0.5754164086538461 0.4088125432692308
1 0.5998097211538462 0.402998125 0.5904067139423077 0.402998125 0.5904067139423077 0.4155960360576923 0.5998097211538462 0.4155960360576923 0.5998097211538462 0.402998125
1 0.6143911995192307 0.4146269663461538 0.6077136995192307 0.4146269663461538 0.6077136995192307 0.42431766586538466 0.6143911995192307 0.42431766586538466 0.6143911995192307 0.4146269663461538
1 0.6419188485576923 0.42189499278846154 0.6368766538461539 0.42189499278846154 0.6368766538461539 0.43061662259615385 0.6419188485576923 0.43061662259615385 0.6419188485576923 0.42189499278846154
0 0.6461433870192308 0.4100238822115384 0.6402835408653846 0.4100238822115384 0.6402835408653846 0.41608056971153845 0.6461433870192308 0.41608056971153845 0.6461433870192308 0.4100238822115384
1 0.6792583317307692 0.4216527235576923 0.6633140985576923 0.4216527235576923 0.6633140985576923 0.44200319711538466 0.6792583317307692 0.44200319711538466 0.6792583317307692 0.4216527235576923
1 0.6939760841346154 0.43570424038461536 0.6849819014423078 0.43570424038461536 0.6849819014423078 0.45387430528846157 0.6939760841346154 0.45387430528846157 0.6939760841346154 0.43570424038461536
1 0.6931584302884615 0.4628382043269231 0.7036516442307692 0.4628382043269231 0.7036516442307692 0.45387430528846157 0.6931584302884615 0.45387430528846157 0.6931584302884615 0.4628382043269231
0 0.7203127067307692 0.46692502884615383 0.7175871971153847 0.46692502884615383 0.7175871971153847 0.47700335817307693 0.7203127067307692 0.47700335817307693 0.7203127067307692 0.46692502884615383
0 0.7046137692307692 0.47080131009615384 0.7021063004807692 0.47080131009615384 0.7021063004807692 0.4787476850961539 0.7046137692307692 0.4787476850961539 0.7046137692307692 0.47080131009615384
0 0.736992826923077 0.4981290889423077 0.7352485000000001 0.4981290889423077 0.7352485000000001 0.5056878341346154 0.736992826923077 0.5056878341346154 0.736992826923077 0.4981290889423077
0 0.6768135697115384 0.4564590721153846 0.6738700192307692 0.4564590721153846 0.6738700192307692 0.4626611201923077 0.6768135697115384 0.4626611201923077 0.6768135697115384 0.4564590721153846
0 0.6679829182692308 0.4578157692307692 0.6660205504807692 0.4578157692307692 0.6660205504807692 0.4638240048076923 0.6679829182692308 0.4638240048076923 0.6679829182692308 0.4578157692307692
1 0.6517388798076923 0.4413415793269231 0.6458517788461537 0.4413415793269231 0.6458517788461537 0.4506446514423077 0.6517388798076923 0.4506446514423077 0.6517388798076923 0.4413415793269231
1 0.7034087091346154 0.48579671394230767 0.7009012403846153 0.48579671394230767 0.7009012403846153 0.4921925745192308 0.7034087091346154 0.4921925745192308 0.7034087091346154 0.48579671394230767
1 0.6916345072115385 0.48754103846153846 0.6916345072115385 0.48405238701923076 0.6889089975961539 0.48405238701923076 0.6889089975961539 0.48508486778846155 0.6889089975961539 0.48754103846153846 0.6916345072115385 0.48754103846153846
1 0.6495526370192307 0.46253902884615383 0.6476992908653846 0.46253902884615383 0.6476992908653846 0.46719056490384614 0.6495526370192307 0.46719056490384614 0.6495526370192307 0.46253902884615383
1 0.6375603942307693 0.4528483269230769 0.6348348846153846 0.4528483269230769 0.6348348846153846 0.45905037740384613 0.6375603942307693 0.45905037740384613 0.6375603942307693 0.4528483269230769
1 0.6402859038461539 0.4534297692307692 0.6388686394230769 0.4534297692307692 0.6388686394230769 0.45846893509615383 0.6402859038461539 0.45846893509615383 0.6402859038461539 0.4534297692307692
1 0.6186998677884615 0.44160711298076927 0.6159743557692308 0.44160711298076927 0.6159743557692308 0.4503287451923077 0.6186998677884615 0.4503287451923077 0.6186998677884615 0.44160711298076927
0 0.5179353725961539 0.40205271875 0.5179353725961539 0.40008816346153847 0.5164282764423077 0.40008816346153847 0.5164282764423077 0.4040574735576923 0.5179353725961539 0.4040574735576923 0.5179353725961539 0.40205271875
0 0.5163166394230769 0.40205271875 0.5163166394230769 0.4005991129807692 0.5163166394230769 0.3996912307692308 0.5149211778846154 0.3996912307692308 0.5149211778846154 0.40485133653846156 0.5163166394230769 0.40485133653846156 0.5163166394230769 0.40205271875
1 0.632954 0.6960947836538461 0.6259672187499999 0.6960947836538461 0.6259672187499999 0.703192466346154 0.632954 0.703192466346154 0.632954 0.6960947836538461
1 0.4983927716346154 0.8762552692307692 0.4956672620192308 0.8762552692307692 0.4956672620192308 0.8880658125 0.4983927716346154 0.8880658125 0.4983927716346154 0.8762552692307692