0 0.004908002403846154 0.44836061538461536 0.00985751923076923 0.44836061538461536 0.00985751923076923 0.4231364110576923 0.004908002403846154 0.4231364110576923 0.004908002403846154 0.44836061538461536
0 0.026322911057692307 0.44597898076923076 0.02051547836538462 0.44597898076923076 0.02051547836538462 0.4662522019230769 0.026322911057692307 0.4662522019230769 0.026322911057692307 0.44597898076923076
0 0.05599361298076923 0.380841875 0.051453257211538456 0.380841875 0.051453257211538456 0.3984870865384615 0.05599361298076923 0.3984870865384615 0.05599361298076923 0.380841875
0 0.05219238461538462 0.3827190264423077 0.04680731009615385 0.3827190264423077 0.04680731009615385 0.40317996153846153 0.05219238461538462 0.40317996153846153 0.05219238461538462 0.3827190264423077
1 0.032024754807692304 0.3603809399038462 0.01586953125 0.3603809399038462 0.01586953125 0.40242910096153844 0.032024754807692304 0.40242910096153844 0.032024754807692304 0.3603809399038462
1 0.09749036057692308 0.38403303125000005 0.08154631730769231 0.38403303125000005 0.08154631730769231 0.40280453125000004 0.09749036057692308 0.40280453125000004 0.09749036057692308 0.38403303125000005
1 0.13803680048076925 0.3909784855769231 0.12673870432692308 0.3909784855769231 0.12673870432692308 0.40430625 0.13803680048076925 0.40430625 0.13803680048076925 0.3909784855769231
0 0.18884656009615386 0.3503194158653846 0.1851298028846154 0.3503194158653846 0.1851298028846154 0.3713434975961538 0.18884656009615386 0.3713434975961538 0.18884656009615386 0.3503194158653846
0 0.21858061538461537 0.36143214423076925 0.2128365360576923 0.36143214423076925 0.2128365360576923 0.3729953894230769 0.21858061538461537 0.3729953894230769 0.21858061538461537 0.36143214423076925
0 0.21934086057692306 0.3729953894230769 0.22592965865384615 0.3729953894230769 0.22592965865384615 0.3612819735576923 0.21934086057692306 0.3612819735576923 0.21934086057692306 0.3729953894230769
0 0.2588736418269231 0.4028796177884616 0.2534674495192308 0.4028796177884616 0.2534674495192308 0.4218012908653846 0.2588736418269231 0.4218012908653846 0.2588736418269231 0.4028796177884616
0 0.2594649423076923 0.44823156249999996 0.25363639182692305 0.44823156249999996 0.25363639182692305 0.47571303846153845 0.2594649423076923 0.47571303846153845 0.2594649423076923 0.44823156249999996
0 0.2685034206730769 0.4269071370192308 0.2644487764423077 0.4269071370192308 0.2644487764423077 0.450033625 0.2685034206730769 0.450033625 0.2685034206730769 0.4269071370192308
0 0.26233698317307697 0.4278081682692308 0.25836681009615386 0.4278081682692308 0.25836681009615386 0.4477810456730769 0.26233698317307697 0.4477810456730769 0.26233698317307697 0.4278081682692308
0 0.32501502163461543 0.37164384134615386 0.32087590625 0.37164384134615386 0.32087590625 0.39176688942307697 0.32501502163461543 0.39176688942307697 0.32501502163461543 0.37164384134615386
0 0.35779006009615383 0.4249549014423077 0.3530596418269231 0.4249549014423077 0.3530596418269231 0.4530370649038461 0.35779006009615383 0.4530370649038461 0.35779006009615383 0.4249549014423077
0 0.35779006009615383 0.45018379807692305 0.3637875552884615 0.45018379807692305 0.3637875552884615 0.42946006249999996 0.35779006009615383 0.42946006249999996 0.35779006009615383 0.45018379807692305
0 0.35600988461538463 0.39467764423076923 0.3494633245192308 0.39467764423076923 0.3494633245192308 0.41100885096153844 0.35600988461538463 0.41100885096153844 0.35600988461538463 0.39467764423076923
0 0.41862456971153844 0.3704624110576923 0.41408421394230766 0.3704624110576923 0.41408421394230766 0.39317592548076924 0.41862456971153844 0.39317592548076924 0.41862456971153844 0.3704624110576923
0 0.4101773942307692 0.38003587499999997 0.4052146802884616 0.38003587499999997 0.4052146802884616 0.39749337019230774 0.4101773942307692 0.39749337019230774 0.4101773942307692 0.38003587499999997
0 0.424892375 0.4126156899038461 0.42070257451923077 0.4126156899038461 0.42070257451923077 0.43760431250000004 0.424892375 0.43760431250000004 0.424892375 0.4126156899038461
0 0.4372590384615384 0.4135767908653846 0.43205557932692307 0.4135767908653846 0.43205557932692307 0.4265516514423077 0.4372590384615384 0.4265516514423077 0.4372590384615384 0.4135767908653846
0 0.4470577620192308 0.4162198197115385 0.4430706947115385 0.4162198197115385 0.4430706947115385 0.4379647235576923 0.4470577620192308 0.4379647235576923 0.4470577620192308 0.4162198197115385
0 0.47604846634615383 0.41321637980769227 0.4711153173076923 0.41321637980769227 0.4711153173076923 0.43027591826923073 0.47604846634615383 0.43027591826923073 0.47604846634615383 0.41321637980769227
0 0.4821980096153846 0.41549899278846153 0.4794949134615385 0.41549899278846153 0.4794949134615385 0.4318377067307692 0.4821980096153846 0.4318377067307692 0.4821980096153846 0.41549899278846153
0 0.4827386298076923 0.42955509375 0.48530656971153846 0.42955509375 0.48530656971153846 0.4138170673076923 0.4827386298076923 0.4138170673076923 0.4827386298076923 0.42955509375
0 0.49253735096153844 0.41285596634615385 0.4866581177884616 0.41285596634615385 0.4866581177884616 0.4276328918269231 0.49253735096153844 0.4276328918269231 0.49253735096153844 0.41285596634615385
0 0.5402469975961538 0.40937197596153846 0.5363275072115384 0.40937197596153846 0.5363275072115384 0.4285939927884615 0.5402469975961538 0.4285939927884615 0.5402469975961538 0.40937197596153846
0 0.5409903485576923 0.43015578125 0.5433555576923077 0.43015578125 0.5433555576923077 0.408410875 0.5409903485576923 0.408410875 0.5409903485576923 0.43015578125
0 0.5438961754807692 0.43123701923076924 0.5476805120192307 0.43123701923076924 0.5476805120192307 0.4076900480769231 0.5438961754807692 0.4076900480769231 0.5438961754807692 0.43123701923076924
0 0.5360571971153847 0.4361626610576923 0.529840076923077 0.4361626610576923 0.529840076923077 0.46175196875 0.5360571971153847 0.46175196875 0.5360571971153847 0.4361626610576923
0 0.5587632043269231 0.4523812355769231 0.5524785072115385 0.4523812355769231 0.5524785072115385 0.467999125 0.5587632043269231 0.467999125 0.5587632043269231 0.4523812355769231
0 0.5670076466346153 0.4527416490384616 0.56024990625 0.4527416490384616 0.56024990625 0.4684796754807692 0.5670076466346153 0.4684796754807692 0.5670076466346153 0.4527416490384616
0 0.5595065552884615 0.5011571033653847 0.5524785072115385 0.5011571033653847 0.5524785072115385 0.5136514134615384 0.5595065552884615 0.5136514134615384 0.5595065552884615 0.5011571033653847
0 0.6224886947115384 0.43484114663461537 0.6170825024038462 0.43484114663461537 0.6170825024038462 0.44613408173076924 0.6224886947115384 0.44613408173076924 0.6224886947115384 0.43484114663461537
0 0.6008321105769231 0.5065591274038461 0.5950576754807693 0.5065591274038461 0.5950576754807693 0.5212243629807692 0.6008321105769231 0.5212243629807692 0.6008321105769231 0.5065591274038461
0 0.6100548100961538 0.5092197524038462 0.6036349567307693 0.5092197524038462 0.6036349567307693 0.521834201923077 0.6100548100961538 0.521834201923077 0.6100548100961538 0.5092197524038462
0 0.617218014423077 0.5139051201923077 0.6123524423076924 0.5139051201923077 0.6123524423076924 0.5272403918269231 0.617218014423077 0.5272403918269231 0.617218014423077 0.5139051201923077
0 0.5095292019230769 0.49685308894230773 0.5009764375 0.49685308894230773 0.5009764375 0.5178771682692308 0.5095292019230769 0.5178771682692308 0.5095292019230769 0.49685308894230773
0 0.44647948798076925 0.48238401682692306 0.4410732956730769 0.48238401682692306 0.4410732956730769 0.5109767668269231 0.44647948798076925 0.5109767668269231 0.44647948798076925 0.48238401682692306
0 0.4198539927884615 0.4772180985576923 0.4139071802884615 0.4772180985576923 0.4139071802884615 0.5008852067307692 0.4198539927884615 0.5008852067307692 0.4198539927884615 0.4772180985576923
0 0.4220840456730769 0.45487250480769226 0.416272389423077 0.45487250480769226 0.416272389423077 0.4746952091346154 0.4220840456730769 0.4746952091346154 0.4220840456730769 0.45487250480769226
0 0.4220840456730769 0.4756563100961539 0.4258683798076923 0.4756563100961539 0.4258683798076923 0.46208076201923076 0.4220840456730769 0.46208076201923076 0.4220840456730769 0.4756563100961539
1 0.3999186586538462 0.5512228629807692 0.39458004326923074 0.5512228629807692 0.39458004326923074 0.5692435024038461 0.3999186586538462 0.5692435024038461 0.3999186586538462 0.5512228629807692
1 0.38295673076923076 0.5442548798076923 0.3779560048076923 0.5442548798076923 0.3779560048076923 0.564317860576923 0.38295673076923076 0.564317860576923 0.38295673076923076 0.5442548798076923
1 0.36815728124999997 0.5044893341346154 0.36281866586538464 0.5044893341346154 0.36281866586538464 0.5261141033653847 0.36815728124999997 0.5261141033653847 0.36815728124999997 0.5044893341346154
1 0.3631565528846154 0.5090545649038462 0.3588991754807692 0.5090545649038462 0.3588991754807692 0.5261141033653847 0.3631565528846154 0.5261141033653847 0.3631565528846154 0.5090545649038462
1 0.270228125 0.6241614038461538 0.26508062740384614 0.6241614038461538 0.26508062740384614 0.6403518221153846 0.270228125 0.6403518221153846 0.270228125 0.6241614038461538
1 0.26996414903846155 0.6391786033653847 0.2636287692307692 0.6391786033653847 0.2636287692307692 0.6544304471153846 0.26996414903846155 0.6544304471153846 0.26996414903846155 0.6391786033653847
1 0.029572329326923077 0.5012155841346154 0.024652694711538463 0.5012155841346154 0.024652694711538463 0.5079432908653846 0.029572329326923077 0.5079432908653846 0.029572329326923077 0.5012155841346154
1 0.050007735576923076 0.521590923076923 0.04660183413461538 0.521590923076923 0.04660183413461538 0.5266847572115385 0.050007735576923076 0.5266847572115385 0.050007735576923076 0.521590923076923
1 0.07557902403846153 0.5109227043269231 0.07103782211538462 0.5109227043269231 0.07103782211538462 0.5176504086538462 0.07557902403846153 0.5176504086538462 0.07557902403846153 0.5109227043269231
1 0.07465997115384615 0.5662821105769231 0.06692911538461538 0.5662821105769231 0.06692911538461538 0.5813713918269231 0.07465997115384615 0.5813713918269231 0.07465997115384615 0.5662821105769231
1 0.08185020673076923 0.5660898894230769 0.07801181009615385 0.5660898894230769 0.07801181009615385 0.5716642740384615 0.08185020673076923 0.5716642740384615 0.08185020673076923 0.5660898894230769
1 0.10088000240384616 0.610588858173077 0.09390601442307692 0.610588858173077 0.09390601442307692 0.6226026177884615 0.10088000240384616 0.6226026177884615 0.10088000240384616 0.610588858173077
1 0.17047743990384617 0.5116212860576923 0.16480093750000002 0.5116212860576923 0.16480093750000002 0.534399375 0.17047743990384617 0.534399375 0.17047743990384617 0.5116212860576923
1 0.20383364423076925 0.47807886778846154 0.19896807211538461 0.47807886778846154 0.19896807211538461 0.5004725168269231 0.20383364423076925 0.5004725168269231 0.20383364423076925 0.47807886778846154
0 0.1826413701923077 0.4679873076923077 0.17718111778846155 0.4679873076923077 0.17718111778846155 0.4950903509615384 0.1826413701923077 0.4950903509615384 0.1826413701923077 0.4679873076923077
1 0.16853121153846157 0.46452734615384617 0.15923256009615386 0.46452734615384617 0.15923256009615386 0.4797127379807692 0.16853121153846157 0.4797127379807692 0.16853121153846157 0.46452734615384617
1 0.24186705048076923 0.542872079326923 0.23563725721153844 0.542872079326923 0.23563725721153844 0.5719679038461538 0.24186705048076923 0.5719679038461538 0.24186705048076923 0.542872079326923
1 0.23415900240384616 0.5511315384615385 0.22486711057692307 0.5511315384615385 0.22486711057692307 0.5652101634615385 0.23415900240384616 0.5652101634615385 0.23415900240384616 0.5511315384615385
1 0.15047257451923077 0.7828422427884616 0.1425533485576923 0.7828422427884616 0.1425533485576923 0.8039601802884615 0.15047257451923077 0.8039601802884615 0.15047257451923077 0.7828422427884616
1 0.1303445408653846 0.7916413846153846 0.11912563701923078 0.7916413846153846 0.11912563701923078 0.8063066177884616 0.1303445408653846 0.8063066177884616 0.1303445408653846 0.7916413846153846
1 0.5868137139423077 0.5769423509615385 0.5805443269230769 0.5769423509615385 0.5805443269230769 0.598940201923077 0.5868137139423077 0.598940201923077 0.5868137139423077 0.5769423509615385
1 0.6059162091346153 0.6198610408653846 0.5987361105769231 0.6198610408653846 0.5987361105769231 0.6422366682692308 0.6059162091346153 0.6422366682692308 0.6059162091346153 0.6198610408653846
1 0.653304860576923 0.6725714110576924 0.6482365552884615 0.6725714110576924 0.6482365552884615 0.6937456658653847 0.653304860576923 0.6937456658653847 0.653304860576923 0.6725714110576924
1 0.6103932115384615 0.6641617812499999 0.6161372908653846 0.6641617812499999 0.6161372908653846 0.6534995697115384 0.6103932115384615 0.6534995697115384 0.6103932115384615 0.6641617812499999
1 0.7104922355769231 0.6046936682692308 0.7046636850961538 0.6046936682692308 0.7046636850961538 0.6149053629807693 0.7104922355769231 0.6149053629807693 0.7104922355769231 0.6046936682692308
1 0.7441119927884615 0.6332263485576923 0.7369318942307692 0.6332263485576923 0.7369318942307692 0.6453902788461539 0.7441119927884615 0.6453902788461539 0.7441119927884615 0.6332263485576923
1 0.7207977884615384 0.5788640841346153 0.7154760697115384 0.5788640841346153 0.7154760697115384 0.5992874759615385 0.7207977884615384 0.5992874759615385 0.7207977884615384 0.5788640841346153
1 0.6680874182692308 0.6802301850961538 0.6614141490384615 0.6802301850961538 0.6614141490384615 0.6892405048076923 0.6680874182692308 0.6892405048076923 0.6680874182692308 0.6802301850961538
1 0.6373396995192308 0.6782779471153847 0.6332850552884615 0.6782779471153847 0.6332850552884615 0.6868377524038463 0.6373396995192308 0.6868377524038463 0.6373396995192308 0.6782779471153847
1 0.6188268701923078 0.7460295480769231 0.6099066538461538 0.7460295480769231 0.6099066538461538 0.7643865745192309 0.6188268701923078 0.7643865745192309 0.6188268701923078 0.7460295480769231
1 0.6788092043269232 0.5717346682692308 0.6704676201923078 0.5717346682692308 0.6704676201923078 0.5910693125 0.6788092043269232 0.5910693125 0.6788092043269232 0.5717346682692308
0 0.7058232716346153 0.5391999038461539 0.6973085192307693 0.5391999038461539 0.6973085192307693 0.5777640721153846 0.7058232716346153 0.5777640721153846 0.7058232716346153 0.5391999038461539
0 0.6746025120192307 0.5197376129807693 0.6663580697115384 0.5197376129807693 0.6663580697115384 0.5507331129807692 0.6746025120192307 0.5507331129807692 0.6746025120192307 0.5197376129807693
1 0.7309620649038462 0.6348294350961539 0.7371116081730769 0.6348294350961539 0.7371116081730769 0.6064769591346153 0.7309620649038462 0.6064769591346153 0.7309620649038462 0.6348294350961539
1 0.7567766322115385 0.6231760865384615 0.751438016826923 0.6231760865384615 0.751438016826923 0.641437002403846 0.7567766322115385 0.641437002403846 0.7567766322115385 0.6231760865384615
1 0.7614394711538461 0.6133248028846153 0.7562360120192307 0.6133248028846153 0.7562360120192307 0.63158571875 0.7614394711538461 0.63158571875 0.7614394711538461 0.6133248028846153
1 0.777793201923077 0.5842515048076924 0.7712381947115384 0.5842515048076924 0.7712381947115384 0.6071977860576923 0.777793201923077 0.6071977860576923 0.777793201923077 0.5842515048076924
0 0.7511677067307693 0.5441255456730769 0.7464372884615386 0.5441255456730769 0.7464372884615386 0.5603441201923076 0.7511677067307693 0.5603441201923076 0.7511677067307693 0.5441255456730769
0 0.7552899278846154 0.5420832067307693 0.7521137908653847 0.5420832067307693 0.7521137908653847 0.5601038461538461 0.7552899278846154 0.5601038461538461 0.7552899278846154 0.5420832067307693
0 0.7546817307692308 0.5584219182692307 0.7591418389423077 0.5584219182692307 0.7591418389423077 0.5398005913461539 0.7546817307692308 0.5398005913461539 0.7546817307692308 0.5584219182692307
0 0.7234609735576923 0.5192570625 0.7154868389423077 0.5192570625 0.7154868389423077 0.5461678846153846 0.7234609735576923 0.5461678846153846 0.7234609735576923 0.5192570625
0 0.7099454927884616 0.5100064663461539 0.7163653461538462 0.5100064663461539 0.7163653461538462 0.4868199086538461 0.7099454927884616 0.4868199086538461 0.7099454927884616 0.5100064663461539
0 0.7065666225961539 0.49751215625 0.71210796875 0.49751215625 0.71210796875 0.4693999567307693 0.7065666225961539 0.4693999567307693 0.7065666225961539 0.49751215625
0 0.7383955769230769 0.4290337235576923 0.7328542307692308 0.4290337235576923 0.7328542307692308 0.4555841322115385 0.7383955769230769 0.4555841322115385 0.7383955769230769 0.4290337235576923
0 0.7298808245192308 0.4265108341346154 0.7239340144230769 0.4265108341346154 0.7239340144230769 0.45390220673076925 0.7298808245192308 0.45390220673076925 0.7298808245192308 0.4265108341346154
0 0.8568587620192307 0.46555555288461536 0.8512498365384615 0.46555555288461536 0.8512498365384615 0.49186568990384616 0.8568587620192307 0.49186568990384616 0.8568587620192307 0.46555555288461536
0 0.8450327163461538 0.4451321610576923 0.8394237932692307 0.4451321610576923 0.8394237932692307 0.4700006442307692 0.8450327163461538 0.4700006442307692 0.8450327163461538 0.4451321610576923
0 0.9201787860576923 0.4945087163461538 0.9159214110576923 0.4945087163461538 0.9159214110576923 0.5184160985576923 0.9201787860576923 0.5184160985576923 0.9201787860576923 0.4945087163461538
0 0.9712673004807691 0.5074835769230769 0.961401 0.5074835769230769 0.961401 0.5303097211538461 0.9712673004807691 0.5303097211538461 0.9712673004807691 0.5074835769230769
0 0.9493722235576924 0.5138508701923077 0.9573463557692308 0.5138508701923077 0.9573463557692308 0.4877810096153846 0.9493722235576924 0.4877810096153846 0.9493722235576924 0.5138508701923077
0 0.9559948076923077 0.4487362908653846 0.9506561947115385 0.4487362908653846 0.9506561947115385 0.46879926923076926 0.9559948076923077 0.46879926923076926 0.9559948076923077 0.4487362908653846
0 0.9285998076923078 0.4176821610576923 0.92120853125 0.4176821610576923 0.92120853125 0.4435868317307692 0.9285998076923078 0.4435868317307692 0.9285998076923078 0.4176821610576923
0 0.9900530072115384 0.41280157211538465 0.9844567548076923 0.41280157211538465 0.9844567548076923 0.43908167307692303 0.9900530072115384 0.43908167307692303 0.9900530072115384 0.41280157211538465
1 0.9896306490384615 0.47812639182692307 0.9762207572115386 0.47812639182692307 0.9762207572115386 0.5004644783653845 0.9896306490384615 0.5004644783653845 0.9896306490384615 0.47812639182692307
0 0.9499289254807692 0.45182376682692305 0.9466176322115385 0.45182376682692305 0.9466176322115385 0.46828261778846153 0.9499289254807692 0.46828261778846153 0.9499289254807692 0.45182376682692305
0 0.9177620817307692 0.431400375 0.9133019735576924 0.431400375 0.9133019735576924 0.446898125 0.9177620817307692 0.446898125 0.9177620817307692 0.431400375
0 0.9168835769230769 0.38238423317307696 0.9144507908653845 0.38238423317307696 0.9144507908653845 0.40028473557692307 0.9168835769230769 0.40028473557692307 0.9168835769230769 0.38238423317307696
0 0.8769909471153846 0.4238377115384615 0.8725308389423077 0.4238377115384615 0.8725308389423077 0.4490666081730769 0.8769909471153846 0.4490666081730769 0.8769909471153846 0.4238377115384615
0 0.7874846802884616 0.38362915865384617 0.7823107860576923 0.38362915865384617 0.7823107860576923 0.40409009375000005 0.7874846802884616 0.40409009375000005 0.7874846802884616 0.38362915865384617
1 0.8620973557692307 0.7480424086538461 0.8536501802884615 0.7480424086538461 0.8536501802884615 0.7750733701923077 0.8620973557692307 0.7750733701923077 0.8620973557692307 0.7480424086538461
1 0.8633644302884615 0.7745102235576924 0.8709668894230769 0.7745102235576924 0.8709668894230769 0.75911759375 0.8633644302884615 0.75911759375 0.8633644302884615 0.7745102235576924
1 0.9381219302884615 0.9297505312500001 0.9251343990384615 0.9297505312500001 0.9251343990384615 0.9541534807692307 0.9381219302884615 0.9541534807692307 0.9381219302884615 0.9297505312500001
1 0.60677315625 0.43412196394230773 0.5891185600961538 0.43412196394230773 0.5891185600961538 0.4561972475961538 0.60677315625 0.4561972475961538 0.60677315625 0.43412196394230773
1 0.6638436225961539 0.3695600168269231 0.656318204326923 0.3695600168269231 0.656318204326923 0.39331843028846153 0.6638436225961539 0.39331843028846153 0.6638436225961539 0.3695600168269231
1 0.9889028365384616 0.6289879110576924 0.9960660408653846 0.6289879110576924 0.9960660408653846 0.6077235552884616 0.9889028365384616 0.6077235552884616 0.9889028365384616 0.6289879110576924
1 0 0 0 0.062272125000000005 0.10800234134615384 0.062272125000000005 0.10800234134615384 0 0 0
0 0.17852904567307692 0.4670591033653846 0.17358194951923078 0.4670591033653846 0.17358194951923078 0.49284225961538464 0.17852904567307692 0.49284225961538464 0.17852904567307692 0.4670591033653846
1 0.21471313942307693 0.5197611586538462 0.20821214663461537 0.5197611586538462 0.20821214663461537 0.5353588389423076 0.21471313942307693 0.5353588389423076 0.21471313942307693 0.5197611586538462
1 0.20821214663461537 0.5525303846153846 0.21639124038461538 0.5525303846153846 0.21639124038461538 0.5353588389423076 0.20821214663461537 0.5353588389423076 0.20821214663461537 0.5525303846153846
1 0.19947809134615382 0.5151805144230769 0.20482951682692307 0.5151805144230769 0.20482951682692307 0.5004725168269231 0.19947809134615382 0.5004725168269231 0.19947809134615382 0.5151805144230769
1 0.17244382692307691 0.5051211971153846 0.18440987980769233 0.5051211971153846 0.18440987980769233 0.4930940697115384 0.17244382692307691 0.4930940697115384 0.17244382692307691 0.5051211971153846
1 0.02163968028846154 0.48701039182692313 0.02919774519230769 0.48701039182692313 0.02919774519230769 0.4662522019230769 0.02163968028846154 0.4662522019230769 0.02163968028846154 0.48701039182692313
1 0.42141490625 0.5129150288461538 0.4138997860576923 0.5129150288461538 0.4138997860576923 0.5368459591346154 0.42141490625 0.5368459591346154 0.42141490625 0.5129150288461538
1 0.44833720432692303 0.5162917860576923 0.4405743341346154 0.5162917860576923 0.4405743341346154 0.5387545600961539 0.44833720432692303 0.5387545600961539 0.44833720432692303 0.5162917860576923
1 0.39564878124999997 0.5833864807692307 0.4015948100961539 0.5833864807692307 0.4015948100961539 0.5692435024038461 0.39564878124999997 0.5692435024038461 0.39564878124999997 0.5833864807692307
1 0.35799059855769233 0.5449208125 0.36228495192307697 0.5449208125 0.36228495192307697 0.5262752403846154 0.35799059855769233 0.5262752403846154 0.35799059855769233 0.5449208125
0 0.8124023413461539 0.4645230721153846 0.8022445432692307 0.4645230721153846 0.8022445432692307 0.48581132451923076 0.8124023413461539 0.48581132451923076 0.8124023413461539 0.4645230721153846
0 0.8430673341346153 0.4756399447115385 0.8377819759615384 0.4756399447115385 0.8377819759615384 0.5041104110576924 0.8430673341346153 0.5041104110576924 0.8430673341346153 0.4756399447115385
0 0.8392090216346154 0.4752640961538462 0.8329722980769231 0.4752640961538462 0.8329722980769231 0.49602968509615386 0.8392090216346154 0.49602968509615386 0.8392090216346154 0.4752640961538462
0 0.6122284014423077 0.4612013076923077 0.6002834903846154 0.4612013076923077 0.6002834903846154 0.4716310841346154 0.6122284014423077 0.4716310841346154 0.6122284014423077 0.4612013076923077
0 0.4565319831730769 0.43545457451923075 0.45257430528846154 0.43545457451923075 0.45257430528846154 0.44760197355769227 0.4565319831730769 0.44760197355769227 0.4565319831730769 0.43545457451923075
0 0.45149186298076927 0.43719850721153847 0.4454707836538461 0.43719850721153847 0.4454707836538461 0.44958644951923077 0.45149186298076927 0.44958644951923077 0.45149186298076927 0.43719850721153847
0 0.4248156009615384 0.4254072235576923 0.42139914423076924 0.4254072235576923 0.42139914423076924 0.4402607259615384 0.4248156009615384 0.4402607259615384 0.4248156009615384 0.4254072235576923
0 0.12972620913461538 0.4443113990384615 0.12221677163461539 0.4443113990384615 0.12221677163461539 0.47119202884615385 0.12972620913461538 0.47119202884615385 0.12972620913461538 0.4443113990384615