1 0 0 0 0.06297582692307692 0.1075269471153846 0.06297582692307692 0.1075269471153846 0 0 0
0 0.7456240456730769 0.7484965480769231 0.7456240456730769 0.7296345216346154 0.730707173076923 0.7296345216346154 0.730707173076923 0.7639970240384616 0.7456240456730769 0.7639970240384616 0.7456240456730769 0.7484965480769231
0 0.7329131899038461 0.7346768461538461 0.7202023317307693 0.7346768461538461 0.7202023317307693 0.7606354759615385 0.7329131899038461 0.7606354759615385 0.7329131899038461 0.7346768461538461
0 0.8084429951923077 0.667888733173077 0.8001231634615384 0.667888733173077 0.8001231634615384 0.7086755288461538 0.8084429951923077 0.7086755288461538 0.8084429951923077 0.667888733173077
0 0.8409659855769231 0.6770022668269231 0.8315536466346154 0.6770022668269231 0.8315536466346154 0.7119623774038462 0.8409659855769231 0.7119623774038462 0.8409659855769231 0.6770022668269231
0 0.6947441274038462 0.7014146971153846 0.6842392860576924 0.7014146971153846 0.6842392860576924 0.73622540625 0.6947441274038462 0.73622540625 0.6947441274038462 0.7014146971153846
0 0.7137368798076923 0.7057473605769231 0.701215108173077 0.7057473605769231 0.701215108173077 0.7404086658653846 0.7137368798076923 0.7404086658653846 0.7137368798076923 0.7057473605769231
0 0.7069297427884614 0.7085860024038462 0.7019714567307692 0.7085860024038462 0.7019714567307692 0.7193429591346153 0.7069297427884614 0.7193429591346153 0.7069297427884614 0.7085860024038462
0 0.7071966971153846 0.6402951298076923 0.6971792812500001 0.6402951298076923 0.6971792812500001 0.6774663942307693 0.7071966971153846 0.6774663942307693 0.7071966971153846 0.6402951298076923
0 0.7096170120192308 0.6430441298076922 0.702087141826923 0.6430441298076922 0.702087141826923 0.6768687860576923 0.7096170120192308 0.6768687860576923 0.7096170120192308 0.6430441298076922
0 0.6893426682692307 0.6433504038461538 0.6782495552884615 0.6433504038461538 0.6782495552884615 0.6855415817307692 0.6893426682692307 0.6855415817307692 0.6893426682692307 0.6433504038461538
0 0.692099139423077 0.6508802740384615 0.6852415793269231 0.6508802740384615 0.6852415793269231 0.6762188846153846 0.692099139423077 0.6762188846153846 0.692099139423077 0.6508802740384615
0 0.6157730649038461 0.68149425 0.606108610576923 0.68149425 0.606108610576923 0.7074902307692308 0.6157730649038461 0.7074902307692308 0.6157730649038461 0.68149425
0 0.6379829254807692 0.6539873149038461 0.6379829254807692 0.6532223774038461 0.6379829254807692 0.6351212139423077 0.6290748197115386 0.6351212139423077 0.6290748197115386 0.6832287163461538 0.6379829254807692 0.6832287163461538 0.6379829254807692 0.6539873149038461
0 0.6105012115384615 0.6340216394230769 0.601962875 0.6340216394230769 0.601962875 0.6772885120192308 0.6105012115384615 0.6772885120192308 0.6105012115384615 0.6340216394230769
0 0.5942491706730769 0.6344847860576923 0.5870554567307692 0.6344847860576923 0.5870554567307692 0.6809787451923076 0.5942491706730769 0.6809787451923076 0.5942491706730769 0.6344847860576923
0 0.5910893149038462 0.6340749975961538 0.5857108365384616 0.6340749975961538 0.5857108365384616 0.6764335048076924 0.5910893149038462 0.6764335048076924 0.5910893149038462 0.6340749975961538
0 0.7430607908653847 0.6633289951923077 0.7356384903846155 0.6633289951923077 0.7356384903846155 0.6839823533653846 0.7430607908653847 0.6839823533653846 0.7430607908653847 0.6633289951923077
0 0.6210143052884616 0.6290695889423077 0.6155067427884616 0.6290695889423077 0.6155067427884616 0.6602026129807693 0.6210143052884616 0.6602026129807693 0.6210143052884616 0.6290695889423077
0 0.7604534399038462 0.6516148269230769 0.7538099423076924 0.6516148269230769 0.7538099423076924 0.6645881971153845 0.7604534399038462 0.6645881971153845 0.7604534399038462 0.6516148269230769
0 0.7569079471153847 0.6627523413461538 0.7474074014423077 0.6627523413461538 0.7474074014423077 0.6961648846153847 0.7569079471153847 0.6961648846153847 0.7569079471153847 0.6627523413461538
0 0.763620826923077 0.6879403894230769 0.7545849807692308 0.6879403894230769 0.7545849807692308 0.7182319807692308 0.763620826923077 0.7182319807692308 0.763620826923077 0.6879403894230769
0 0.7760795673076923 0.6556653341346154 0.7700126442307693 0.6556653341346154 0.7700126442307693 0.6880222620192308 0.7760795673076923 0.6880222620192308 0.7760795673076923 0.6556653341346154
0 0.8194369326923077 0.6622874783653846 0.8108313677884615 0.6622874783653846 0.8108313677884615 0.7110523509615384 0.8194369326923077 0.7110523509615384 0.8194369326923077 0.6622874783653846
0 0.8272357259615385 0.681889045673077 0.8148652259615384 0.681889045673077 0.8148652259615384 0.7157376057692308 0.8272357259615385 0.7157376057692308 0.8272357259615385 0.681889045673077
0 0.9063623653846153 0.6667560576923077 0.8954037139423078 0.6667560576923077 0.8954037139423078 0.7081105817307692 0.9063623653846153 0.7081105817307692 0.9063623653846153 0.6667560576923077
0 0.9348948269230769 0.7213065961538461 0.9245580624999999 0.7213065961538461 0.9245580624999999 0.7481989903846155 0.9348948269230769 0.7481989903846155 0.9348948269230769 0.7213065961538461
0 0.9449794735576924 0.7213065961538461 0.9348948269230769 0.7213065961538461 0.9348948269230769 0.7481989903846155 0.9449794735576924 0.7481989903846155 0.9449794735576924 0.7213065961538461
0 0.8971558605769231 0.6945451634615385 0.8855438100961539 0.6945451634615385 0.8855438100961539 0.7421148197115385 0.8971558605769231 0.7421148197115385 0.8971558605769231 0.6945451634615385
0 0.9227567884615385 0.6955588052884616 0.9166791081730769 0.6955588052884616 0.9166791081730769 0.7111444399038462 0.9227567884615385 0.7111444399038462 0.9227567884615385 0.6955588052884616
0 0.6445693004807692 0.6532223774038461 0.6379829254807692 0.6532223774038461 0.6379829254807692 0.669572951923077 0.6445693004807692 0.669572951923077 0.6445693004807692 0.6532223774038461
0 0.6331264206730769 0.6518800697115386 0.6287547932692308 0.6518800697115386 0.6287547932692308 0.667729610576923 0.6331264206730769 0.667729610576923 0.6331264206730769 0.6518800697115386
0 0.7848650192307692 0.694444826923077 0.7904156081730769 0.694444826923077 0.7904156081730769 0.6564273485576924 0.7848650192307692 0.6564273485576924 0.7848650192307692 0.694444826923077
0 0.7856395192307691 0.6554329278846154 0.7774212043269231 0.6554329278846154 0.7774212043269231 0.693832875 0.7856395192307691 0.693832875 0.7856395192307691 0.6554329278846154
0 0.8667677692307693 0.6661169182692308 0.8603135961538461 0.6661169182692308 0.8603135961538461 0.7058172620192308 0.8667677692307693 0.7058172620192308 0.8667677692307693 0.6661169182692308
0 0.8756724711538462 0.6852463750000001 0.8653861322115385 0.6852463750000001 0.8653861322115385 0.7417801610576924 0.8756724711538462 0.7417801610576924 0.8756724711538462 0.6852463750000001
0 0.7871638004807693 0.6764182403846154 0.7814841274038462 0.6764182403846154 0.7814841274038462 0.694444826923077 0.7871638004807693 0.694444826923077 0.7871638004807693 0.6764182403846154
0 0.4752071105769231 0.6598277836538462 0.4824788125 0.6598277836538462 0.4824788125 0.6385624759615385 0.4752071105769231 0.6385624759615385 0.4752071105769231 0.6598277836538462
0 0.4818764230769231 0.6615106490384615 0.4923752139423077 0.6615106490384615 0.4923752139423077 0.6408572932692308 0.4818764230769231 0.6408572932692308 0.4818764230769231 0.6615106490384615
0 0.49357999278846154 0.6628875408653846 0.5037775889423076 0.6628875408653846 0.5037775889423076 0.6426166538461539 0.49357999278846154 0.6426166538461539 0.49357999278846154 0.6628875408653846
0 0.5049823677884615 0.6349672620192308 0.4980118605769231 0.6349672620192308 0.4980118605769231 0.6601337596153846 0.5049823677884615 0.6601337596153846 0.5049823677884615 0.6349672620192308
0 0.9833694471153845 0.6863665264423078 0.9770497355769231 0.6863665264423078 0.9770497355769231 0.7213863990384616 0.9833694471153845 0.7213863990384616 0.9833694471153845 0.6863665264423078
0 0.9527878798076923 0.6742021057692308 0.9428914783653847 0.6742021057692308 0.9428914783653847 0.702428360576923 0.9527878798076923 0.702428360576923 0.9527878798076923 0.6742021057692308
0 0.9626412524038461 0.6934785721153846 0.95640221875 0.6934785721153846 0.95640221875 0.7128315336538461 0.9626412524038461 0.7128315336538461 0.9626412524038461 0.6934785721153846
1 0.9357138990384615 0.6715033028846153 0.9283991682692307 0.6715033028846153 0.9283991682692307 0.6877965072115385 0.9357138990384615 0.6877965072115385 0.9357138990384615 0.6715033028846153
0 0.9359606899038462 0.7381930408653846 0.9269678725961538 0.7381930408653846 0.9269678725961538 0.7517324639423077 0.9359606899038462 0.7517324639423077 0.9359606899038462 0.7381930408653846
1 0.8247095697115385 0.6567867043269231 0.8247095697115385 0.6549067884615384 0.821096608173077 0.6549067884615384 0.821096608173077 0.6624264471153847 0.8247095697115385 0.6624264471153847 0.8247095697115385 0.6567867043269231
1 0.8311203725961539 0.6672045649038462 0.8378175673076923 0.6672045649038462 0.8378175673076923 0.6542018221153847 0.8311203725961539 0.6542018221153847 0.8311203725961539 0.6672045649038462
1 0.8409269302884615 0.6325730120192308 0.8371597596153847 0.6325730120192308 0.8371597596153847 0.637272798076923 0.8409269302884615 0.637272798076923 0.8409269302884615 0.6325730120192308
1 0.8584024254807693 0.6328985721153846 0.8548335264423077 0.6328985721153846 0.8548335264423077 0.6392824471153846 0.8584024254807693 0.6392824471153846 0.8584024254807693 0.6328985721153846
1 0.8749396971153847 0.6642388605769232 0.8685285504807693 0.6642388605769232 0.8685285504807693 0.6730356610576924 0.8749396971153847 0.6730356610576924 0.8749396971153847 0.6642388605769232
1 0.8908599927884615 0.665462764423077 0.8828998461538462 0.665462764423077 0.8828998461538462 0.6747950216346154 0.8908599927884615 0.6747950216346154 0.8908599927884615 0.665462764423077
1 0.8920259158653846 0.6476667596153847 0.8890569951923077 0.6476667596153847 0.8890569951923077 0.6549336826923077 0.8920259158653846 0.6549336826923077 0.8920259158653846 0.6476667596153847
1 0.9044179302884616 0.6499615769230769 0.90119084375 0.6499615769230769 0.90119084375 0.6565400552884615 0.9044179302884616 0.6565400552884615 0.9044179302884616 0.6499615769230769
1 0.9224763389423077 0.6506359471153846 0.9185500504807693 0.6506359471153846 0.9185500504807693 0.6564686081730768 0.9224763389423077 0.6564686081730768 0.9224763389423077 0.6506359471153846
1 0.983180298076923 0.6646311490384615 0.9780707427884615 0.6646311490384615 0.9780707427884615 0.6728542451923077 0.983180298076923 0.6728542451923077 0.983180298076923 0.6646311490384615
0 0.2036308918269231 0.6243155817307693 0.19295999038461537 0.6243155817307693 0.19295999038461537 0.6466518052884616 0.2036308918269231 0.6466518052884616 0.2036308918269231 0.6243155817307693
0 0.20522292067307693 0.6217912812499999 0.19911296875 0.6217912812499999 0.19911296875 0.6439745192307692 0.20522292067307693 0.6439745192307692 0.20522292067307693 0.6217912812499999
0 0.12507692548076924 0.6144643365384616 0.1325207403846154 0.6144643365384616 0.1325207403846154 0.5973296995192308 0.12507692548076924 0.5973296995192308 0.12507692548076924 0.6144643365384616
0 0.11831786057692308 0.6241826514423077 0.1258047019230769 0.6241826514423077 0.1258047019230769 0.5885364855769231 0.11831786057692308 0.5885364855769231 0.11831786057692308 0.6241826514423077
0 0.2604413269230769 0.6206902956730769 0.26705685576923077 0.6206902956730769 0.26705685576923077 0.5902839639423078 0.2604413269230769 0.5902839639423078 0.2604413269230769 0.6206902956730769
0 0.5114909158653846 0.6430605769230768 0.516815610576923 0.6430605769230768 0.516815610576923 0.6133235649038462 0.5114909158653846 0.6133235649038462 0.5114909158653846 0.6430605769230768
0 0.5617532139423077 0.6568607788461538 0.5690141610576923 0.6568607788461538 0.5690141610576923 0.61909190625 0.5617532139423077 0.61909190625 0.5617532139423077 0.6568607788461538
0 0.5267055264423077 0.6172241298076924 0.5229535 0.6172241298076924 0.5229535 0.6337468173076922 0.5267055264423077 0.6337468173076922 0.5267055264423077 0.6172241298076924
1 0.5253368966346155 0.6117525865384615 0.5215697259615385 0.6117525865384615 0.5215697259615385 0.6210346658653846 0.5253368966346155 0.6210346658653846 0.5253368966346155 0.6117525865384615
1 0.5147218437500001 0.6072419110576923 0.511704579326923 0.6072419110576923 0.511704579326923 0.6128315240384615 0.5147218437500001 0.6128315240384615 0.5147218437500001 0.6072419110576923
1 0.51771090625 0.6088962355769231 0.5142283653846154 0.6088962355769231 0.5142283653846154 0.6151124855769231 0.51771090625 0.6151124855769231 0.51771090625 0.6088962355769231
1 0.48896896153846153 0.5930008509615384 0.4837092403846154 0.5930008509615384 0.4837092403846154 0.60235146875 0.48896896153846153 0.60235146875 0.48896896153846153 0.5930008509615384
1 0.5002319254807692 0.5939883653846154 0.496905360576923 0.5939883653846154 0.496905360576923 0.6002155817307693 0.5002319254807692 0.6002155817307693 0.5002319254807692 0.5939883653846154
1 0.50203840625 0.5979831850961539 0.4991524447115384 0.5979831850961539 0.4991524447115384 0.6034271033653846 0.50203840625 0.6034271033653846 0.50203840625 0.5979831850961539
1 0.5121282620192308 0.5997847692307693 0.5099692956730769 0.5997847692307693 0.5099692956730769 0.6031921129807692 0.5121282620192308 0.6031921129807692 0.5121282620192308 0.5997847692307693
1 0.5837835072115385 0.6024474254807692 0.5801003269230769 0.6024474254807692 0.5801003269230769 0.6107699639423078 0.5837835072115385 0.6107699639423078 0.5837835072115385 0.6024474254807692
1 0.62298075 0.6139601778846153 0.6200204374999999 0.6139601778846153 0.6200204374999999 0.618916983173077 0.62298075 0.618916983173077 0.62298075 0.6139601778846153
1 0.631615360576923 0.5920243509615385 0.6290681129807693 0.5920243509615385 0.6290681129807693 0.59747071875 0.631615360576923 0.59747071875 0.631615360576923 0.5920243509615385
1 0.6105086610576923 0.5859247932692307 0.6105086610576923 0.579423420673077 0.6071160048076923 0.579423420673077 0.6071160048076923 0.5824821490384615 0.6071160048076923 0.5859247932692307 0.6105086610576923 0.5859247932692307
1 0.5390783028846153 0.5748658341346153 0.5351197427884615 0.5748658341346153 0.5351197427884615 0.5816737932692309 0.5390783028846153 0.5816737932692309 0.5390783028846153 0.5748658341346153
1 0.5497061754807693 0.5970518028846153 0.545833670673077 0.5970518028846153 0.545833670673077 0.6038406370192309 0.5497061754807693 0.6038406370192309 0.5497061754807693 0.5970518028846153
1 0.6588005600961538 0.6068935817307692 0.652884233173077 0.6068935817307692 0.652884233173077 0.6144473557692307 0.6588005600961538 0.6144473557692307 0.6588005600961538 0.6068935817307692
1 0.6652117067307692 0.6058636442307692 0.6601516346153846 0.6058636442307692 0.6601516346153846 0.6133294519230769 0.6652117067307692 0.6133294519230769 0.6652117067307692 0.6058636442307692
1 0.671338735576923 0.5795243701923076 0.6633871923076923 0.5795243701923076 0.6633871923076923 0.5863782235576923 0.671338735576923 0.5863782235576923 0.671338735576923 0.5795243701923076
1 0.6924180072115385 0.6181673966346154 0.687598891826923 0.6181673966346154 0.687598891826923 0.6243848221153846 0.6924180072115385 0.6243848221153846 0.6924180072115385 0.6181673966346154
1 0.6896917644230769 0.6194892115384616 0.6871858245192308 0.6194892115384616 0.6871858245192308 0.6243848221153846 0.6896917644230769 0.6243848221153846 0.6896917644230769 0.6194892115384616
1 0.7088847572115384 0.6271019951923077 0.7047971153846154 0.6271019951923077 0.7047971153846154 0.6353633389423077 0.7088847572115384 0.6353633389423077 0.7088847572115384 0.6271019951923077
0 0.7259578990384615 0.6174243629807693 0.7217088990384616 0.6174243629807693 0.7217088990384616 0.6227789350961538 0.7259578990384615 0.6227789350961538 0.7259578990384615 0.6174243629807693
0 0.7280357115384616 0.60923590625 0.7234644350961539 0.60923590625 0.7234644350961539 0.61613871875 0.7280357115384616 0.61613871875 0.7280357115384616 0.60923590625
1 0.7547590072115384 0.6332575096153845 0.7492858653846154 0.6332575096153845 0.7492858653846154 0.6421308052884616 0.7547590072115384 0.6421308052884616 0.7547590072115384 0.6332575096153845
1 0.7948743725961538 0.6394543317307692 0.7906060120192309 0.6394543317307692 0.7906060120192309 0.6449863701923076 0.7948743725961538 0.6449863701923076 0.7948743725961538 0.6394543317307692
1 0.7892015817307693 0.641412576923077 0.7892015817307693 0.6352930625 0.7851810625 0.6352930625 0.7851810625 0.641412576923077 0.7871944206730769 0.641412576923077 0.7892015817307693 0.641412576923077
1 0.8742698485576923 0.6249560048076923 0.8716923076923078 0.6249560048076923 0.8716923076923078 0.6294991322115385 0.8742698485576923 0.6294991322115385 0.8742698485576923 0.6249560048076923
1 0.8786318365384616 0.6238593870192308 0.8750188750000001 0.6238593870192308 0.8750188750000001 0.6319273557692308 0.8786318365384616 0.6319273557692308 0.8786318365384616 0.6238593870192308
1 0.8904124783653846 0.6272740649038462 0.8847672259615386 0.6272740649038462 0.8847672259615386 0.6396966778846154 0.8904124783653846 0.6396966778846154 0.8904124783653846 0.6272740649038462
1 0.898088641826923 0.6384115793269232 0.8939579711538461 0.6384115793269232 0.8939579711538461 0.6462445576923077 0.898088641826923 0.6462445576923077 0.898088641826923 0.6384115793269232
0 0.35308071874999997 0.5874144399038461 0.34946637980769235 0.5874144399038461 0.34946637980769235 0.6023307548076923 0.35308071874999997 0.6023307548076923 0.35308071874999997 0.5874144399038461
0 0.3612887067307692 0.5926947067307693 0.35792909375000004 0.5926947067307693 0.35792909375000004 0.6030734014423077 0.3612887067307692 0.6030734014423077 0.3612887067307692 0.5926947067307693
0 0.36747105288461535 0.5907846802884615 0.36461400480769235 0.5907846802884615 0.36461400480769235 0.6024117572115385 0.36747105288461535 0.6024117572115385 0.36747105288461535 0.5907846802884615
0 0.38380442548076926 0.6007796418269231 0.37853781971153844 0.6007796418269231 0.37853781971153844 0.6133858413461538 0.38380442548076926 0.6133858413461538 0.38380442548076926 0.6007796418269231
0 0.3901725432692308 0.6023095216346154 0.3855255384615385 0.6023095216346154 0.3855255384615385 0.61491571875 0.3901725432692308 0.61491571875 0.3901725432692308 0.6023095216346154
0 0.4254006754807692 0.5928080288461538 0.4205815576923077 0.5928080288461538 0.4205815576923077 0.6098202740384615 0.4254006754807692 0.6098202740384615 0.4254006754807692 0.5928080288461538
0 0.43077054807692305 0.5953782235576923 0.4248843413461539 0.5953782235576923 0.4248843413461539 0.6128188365384616 0.43077054807692305 0.6128188365384616 0.43077054807692305 0.5953782235576923
1 0.3872925408653846 0.5764414375 0.38288649278846154 0.5764414375 0.38288649278846154 0.5855595120192307 0.3872925408653846 0.5855595120192307 0.3872925408653846 0.5764414375
0 0.2367114951923077 0.5582211201923077 0.2320214639423077 0.5582211201923077 0.2320214639423077 0.5741318557692308 0.2367114951923077 0.5741318557692308 0.2367114951923077 0.5582211201923077
0 0.2280844158653846 0.5577427764423077 0.22367406490384617 0.5577427764423077 0.22367406490384617 0.5783005168269231 0.2280844158653846 0.5783005168269231 0.2280844158653846 0.5577427764423077
0 0.34028794951923075 0.6185173653846154 0.34028794951923075 0.6140722524038462 0.3367381538461538 0.6140722524038462 0.3367381538461538 0.6211479399038461 0.34028794951923075 0.6211479399038461 0.34028794951923075 0.6185173653846154
0 0.33835169711538465 0.5808930168269231 0.33490947115384617 0.5808930168269231 0.33490947115384617 0.6009726682692308 0.33835169711538465 0.6009726682692308 0.33835169711538465 0.5808930168269231
0 0.35308071874999997 0.5874144399038461 0.34946637980769235 0.5874144399038461 0.34946637980769235 0.6023307548076923 0.35308071874999997 0.6023307548076923 0.35308071874999997 0.5874144399038461
0 0.3612887067307692 0.5926947067307693 0.35792909375000004 0.5926947067307693 0.35792909375000004 0.6030734014423077 0.3612887067307692 0.6030734014423077 0.3612887067307692 0.5926947067307693
0 0.5370051682692307 0.621188653846154 0.5324334615384616 0.621188653846154 0.5324334615384616 0.6370850456730769 0.5370051682692307 0.6370850456730769 0.5370051682692307 0.621188653846154
0 0.5939203966346154 0.618013858173077 0.5877351466346153 0.618013858173077 0.5877351466346153 0.6329540745192308 0.5939203966346154 0.6329540745192308 0.5939203966346154 0.618013858173077
0 0.6500372572115385 0.6329839567307692 0.6446587788461537 0.6329839567307692 0.6446587788461537 0.6485217836538462 0.6500372572115385 0.6485217836538462 0.6500372572115385 0.6329839567307692
0 0.6350447475961538 0.630474 0.627918264423077 0.630474 0.627918264423077 0.6430237812499999 0.6350447475961538 0.6430237812499999 0.6350447475961538 0.630474
1 0.68006434375 0.6346370865384615 0.6744169423076923 0.6346370865384615 0.6744169423076923 0.6492187403846154 0.68006434375 0.6492187403846154 0.68006434375 0.6346370865384615
1 0.7294597884615384 0.6324852692307693 0.7255872836538462 0.6324852692307693 0.7255872836538462 0.6387003990384615 0.7294597884615384 0.6387003990384615 0.7294597884615384 0.6324852692307693
1 0.7213920697115385 0.6288518076923076 0.7176271346153846 0.6288518076923076 0.7176271346153846 0.6372661394230769 0.7213920697115385 0.6372661394230769 0.7213920697115385 0.6288518076923076
1 0.7233047908653846 0.6400484350961538 0.7189347764423076 0.6400484350961538 0.7189347764423076 0.6481759134615385 0.7233047908653846 0.6481759134615385 0.7233047908653846 0.6400484350961538
1 0.7629645048076923 0.637224266826923 0.7584600312499999 0.637224266826923 0.7584600312499999 0.6448736586538462 0.7629645048076923 0.6448736586538462 0.7629645048076923 0.637224266826923
1 0.7294488100961539 0.59091759375 0.7240703317307692 0.59091759375 0.7240703317307692 0.5983877019230769 0.7294488100961539 0.5983877019230769 0.7294488100961539 0.59091759375
1 0.7252096490384615 0.6274547572115385 0.7214984975961538 0.6274547572115385 0.7214984975961538 0.6353910024038462 0.7252096490384615 0.6353910024038462 0.7252096490384615 0.6274547572115385
0 0.4366045673076923 0.6085217572115384 0.4299655072115385 0.6085217572115384 0.4299655072115385 0.6315296947115385 0.4366045673076923 0.6315296947115385 0.4366045673076923 0.6085217572115384
1 0.39768565624999996 0.5941124278846154 0.3947812764423077 0.5941124278846154 0.3947812764423077 0.6009968798076923 0.39768565624999996 0.6009968798076923 0.39768565624999996 0.5941124278846154
1 0.40819049519230766 0.5573253389423077 0.4000387379807692 0.5573253389423077 0.4000387379807692 0.5630026225961539 0.40819049519230766 0.5630026225961539 0.40819049519230766 0.5573253389423077
1 0.4165439447115385 0.5726198557692308 0.41271177884615384 0.5726198557692308 0.41271177884615384 0.5789545072115385 0.4165439447115385 0.5789545072115385 0.4165439447115385 0.5726198557692308
1 0.40652652884615387 0.5817035072115385 0.39798819471153846 0.5817035072115385 0.39798819471153846 0.5876795961538461 0.40652652884615387 0.5876795961538461 0.40652652884615387 0.5817035072115385
1 0.44209171875000003 0.5854684423076922 0.4275698269230769 0.5854684423076922 0.4275698269230769 0.5913250072115385 0.44209171875000003 0.5913250072115385 0.44209171875000003 0.5854684423076922
1 0.33639629326923076 0.5662615072115385 0.3326985889423077 0.5662615072115385 0.3326985889423077 0.5721180745192307 0.33639629326923076 0.5721180745192307 0.33639629326923076 0.5662615072115385
1 0.37311438942307695 0.5714250745192307 0.37053271875000005 0.5714250745192307 0.37053271875000005 0.5767796490384616 0.37311438942307695 0.5767796490384616 0.37311438942307695 0.5714250745192307
1 0.3812896754807692 0.5695127259615385 0.3781701586538461 0.5695127259615385 0.3781701586538461 0.5752497692307692 0.3812896754807692 0.5752497692307692 0.3812896754807692 0.5695127259615385
1 0.39043308894230766 0.5742935961538461 0.38828169951923075 0.5742935961538461 0.38828169951923075 0.5786919975961539 0.39043308894230766 0.5786919975961539 0.39043308894230766 0.5742935961538461
1 0.3116104447115384 0.5180190504807692 0.2385689735576923 0.5180190504807692 0.2385689735576923 0.5311501009615385 0.3116104447115384 0.5311501009615385 0.3116104447115384 0.5180190504807692
0 0.3112230793269231 0.5699074423076923 0.3029242548076923 0.5699074423076923 0.3029242548076923 0.5801788413461538 0.3112230793269231 0.5801788413461538 0.3112230793269231 0.5699074423076923
0 0.3115382259615384 0.5777510552884615 0.30639085336538463 0.5777510552884615 0.30639085336538463 0.5911972524038461 0.3115382259615384 0.5911972524038461 0.3115382259615384 0.5777510552884615
0 0.32361879326923076 0.5773775504807692 0.3174209375 0.5773775504807692 0.3174209375 0.5895164783653846 0.32361879326923076 0.5895164783653846 0.32361879326923076 0.5773775504807692
1 0.3554174735576923 0.5685863677884615 0.3439209735576923 0.5685863677884615 0.3439209735576923 0.5782676274038462 0.3554174735576923 0.5782676274038462 0.3554174735576923 0.5685863677884615
1 0.37120778846153846 0.5408650264423077 0.3665856586538461 0.5408650264423077 0.3665856586538461 0.5471399182692308 0.37120778846153846 0.5471399182692308 0.37120778846153846 0.5408650264423077
1 0.3746533774038462 0.5528172019230769 0.37019932451923077 0.5528172019230769 0.37019932451923077 0.5583450817307692 0.3746533774038462 0.5583450817307692 0.3746533774038462 0.5528172019230769
0 0.2923337475961538 0.5696864543269231 0.28697627884615384 0.5696864543269231 0.28697627884615384 0.5872412091346153 0.2923337475961538 0.5872412091346153 0.2923337475961538 0.5696864543269231
0 0.25484827403846155 0.5610787548076923 0.2516884182692308 0.5610787548076923 0.2516884182692308 0.574704233173077 0.25484827403846155 0.574704233173077 0.25484827403846155 0.5610787548076923
0 0.25720135817307693 0.5627520576923077 0.2539070408653846 0.5627520576923077 0.2539070408653846 0.574704233173077 0.25720135817307693 0.574704233173077 0.25720135817307693 0.5627520576923077
0 0.27689951201923074 0.565973141826923 0.27152103365384617 0.565973141826923 0.27152103365384617 0.5783735240384615 0.27689951201923074 0.5783735240384615 0.27689951201923074 0.565973141826923
0 0.22520133173076923 0.5469126923076923 0.22125151201923077 0.5469126923076923 0.22125151201923077 0.5564744302884616 0.22520133173076923 0.5564744302884616 0.22520133173076923 0.5469126923076923
0 0.2209019110576923 0.54643853125 0.21698637740384616 0.54643853125 0.21698637740384616 0.5556178028846154 0.2209019110576923 0.5556178028846154 0.2209019110576923 0.54643853125
0 0.21681426682692306 0.5462090504807692 0.21307084615384617 0.5462090504807692 0.21307084615384617 0.5563062475961538 0.21681426682692306 0.5563062475961538 0.21681426682692306 0.5462090504807692
1 0.18271656009615383 0.522368016826923 0.18271656009615383 0.5551698004807692 0.2117558798076923 0.5551698004807692 0.2117558798076923 0.52867065625 0.2117558798076923 0.522368016826923 0.18271656009615383 0.522368016826923
1 0.22800897115384616 0.52867065625 0.2117558798076923 0.52867065625 0.2117558798076923 0.5457622668269231 0.22800897115384616 0.5457622668269231 0.22800897115384616 0.52867065625
1 0.22942082211538464 0.5495869615384615 0.26142276923076924 0.5495869615384615 0.26142276923076924 0.5339296129807692 0.22942082211538464 0.5339296129807692 0.22942082211538464 0.5495869615384615
1 0.27955517548076925 0.5350114447115385 0.2651005144230769 0.5350114447115385 0.2651005144230769 0.5583181850961538 0.27955517548076925 0.5583181850961538 0.27955517548076925 0.5350114447115385
1 0.2909676346153846 0.5414818389423077 0.28187800721153844 0.5414818389423077 0.28187800721153844 0.5486531442307693 0.2909676346153846 0.5486531442307693 0.2909676346153846 0.5414818389423077
1 0.31269668749999996 0.5491312307692308 0.31269668749999996 0.5434898052884616 0.3090931081730769 0.5434898052884616 0.3090931081730769 0.545085 0.3090931081730769 0.5491312307692308 0.31269668749999996 0.5491312307692308
1 0.04757236057692308 0.5433980552884615 0.03296406730769231 0.5433980552884615 0.03296406730769231 0.5836666129807692 0.04757236057692308 0.5836666129807692 0.04757236057692308 0.5433980552884615
0 0.21434392548076925 0.5654321177884616 0.2092343701923077 0.5654321177884616 0.2092343701923077 0.5779818990384615 0.21434392548076925 0.5779818990384615 0.21434392548076925 0.5654321177884616
0 0.22342010817307692 0.5698544206730769 0.21891563221153848 0.5698544206730769 0.21891563221153848 0.5834798990384615 0.22342010817307692 0.5834798990384615 0.22342010817307692 0.5698544206730769
1 0.25292820673076927 0.5824592451923076 0.24351587019230767 0.5824592451923076 0.24351587019230767 0.6095010408653846 0.25292820673076927 0.6095010408653846 0.25292820673076927 0.5824592451923076
1 0.5014401875 0.5865712331730769 0.49791056009615386 0.5865712331730769 0.49791056009615386 0.5903062884615384 0.5014401875 0.5903062884615384 0.5014401875 0.5865712331730769
1 0.49849883173076925 0.5713322115384616 0.49849883173076925 0.565356125 0.49379266346153844 0.565356125 0.49379266346153844 0.5682889423076923 0.49379266346153844 0.5713322115384616 0.49849883173076925 0.5713322115384616
0 0.2661818918269231 0.5684666875000001 0.2620808028846154 0.5684666875000001 0.2620808028846154 0.578506514423077 0.2661818918269231 0.578506514423077 0.2661818918269231 0.5684666875000001
0 0.6070953798076923 0.6264729783653846 0.6019858245192308 0.6264729783653846 0.6019858245192308 0.6420108052884616 0.6070953798076923 0.6420108052884616 0.6070953798076923 0.6264729783653846
0 0.609045076923077 0.62539728125 0.6054146033653847 0.62539728125 0.6054146033653847 0.6387837187500001 0.609045076923077 0.6387837187500001 0.609045076923077 0.62539728125
1 0.11980885576923075 0.5594810096153846 0.10341330288461538 0.5594810096153846 0.10341330288461538 0.5774583028846154 0.11980885576923075 0.5774583028846154 0.11980885576923075 0.5594810096153846
0 0.09546096875 0.5655897980769231 0.09074847596153846 0.5655897980769231 0.09074847596153846 0.5792036706730769 0.09546096875 0.5792036706730769 0.09546096875 0.5655897980769231
0 0.08407244230769231 0.56698609375 0.07965447836538461 0.56698609375 0.07965447836538461 0.5776328389423078 0.08407244230769231 0.5776328389423078 0.08407244230769231 0.56698609375
1 0.07857453125 0.5662879471153845 0.06924771875 0.5662879471153845 0.06924771875 0.5818217235576923 0.07857453125 0.5818217235576923 0.07857453125 0.5662879471153845
1 0.08657399038461538 0.5501384038461539 0.07834283413461537 0.5501384038461539 0.07834283413461537 0.5658886057692307 0.08657399038461538 0.5658886057692307 0.08657399038461538 0.5501384038461539
1 0.08951733653846154 0.5183631875 0.07498714423076923 0.5183631875 0.07498714423076923 0.5319072451923077 0.08951733653846154 0.5319072451923077 0.08951733653846154 0.5183631875
1 0.07569401923076922 0.5109209375 0.07255235576923078 0.5109209375 0.07255235576923078 0.5183631875 0.07569401923076922 0.5183631875 0.07569401923076922 0.5109209375
1 0.09739112980769231 0.5293590072115385 0.09071509375 0.5293590072115385 0.09071509375 0.5409482524038461 0.09739112980769231 0.5409482524038461 0.09739112980769231 0.5293590072115385
1 0.10634486778846154 0.5356423341346154 0.10202508173076923 0.5356423341346154 0.10202508173076923 0.5468126899038461 0.10634486778846154 0.5468126899038461 0.10634486778846154 0.5356423341346154
1 0.07623890144230769 0.5274652836538462 0.07301869711538461 0.5274652836538462 0.07301869711538461 0.5375186057692308 0.07623890144230769 0.5375186057692308 0.07623890144230769 0.5274652836538462
0 0.20942835817307692 0.5715962548076923 0.2053877283653846 0.5715962548076923 0.2053877283653846 0.5794659038461538 0.20942835817307692 0.5794659038461538 0.20942835817307692 0.5715962548076923
0 0.13394855528846156 0.6260104879807693 0.14194904326923077 0.6260104879807693 0.14194904326923077 0.5975643125000001 0.13394855528846156 0.5975643125000001 0.13394855528846156 0.6260104879807693
1 0.3801921802884615 0.5961079831730769 0.3776449326923077 0.5961079831730769 0.3776449326923077 0.6007796418269231 0.3801921802884615 0.6007796418269231 0.3801921802884615 0.5961079831730769
1 0.41865495673076925 0.6018743701923077 0.4160388653846154 0.6018743701923077 0.4160388653846154 0.6075655192307692 0.41865495673076925 0.6075655192307692 0.41865495673076925 0.6018743701923077
0 0.5713295913461539 0.6214288437500001 0.5675108701923077 0.6214288437500001 0.5675108701923077 0.6373969471153846 0.5713295913461539 0.6373969471153846 0.5713295913461539 0.6214288437500001
1 0.9400777716346155 0.6937475408653846 0.9357749903846154 0.6937475408653846 0.9357749903846154 0.7010909591346154 0.9400777716346155 0.7010909591346154 0.9400777716346155 0.6937475408653846
1 0.8590526129807692 0.5918878750000001 0.8651797740384615 0.5918878750000001 0.8651797740384615 0.5835653365384615 0.8590526129807692 0.5835653365384615 0.8590526129807692 0.5918878750000001
1 0.9348945480769231 0.6302876875 0.9328292115384615 0.6302876875 0.9328292115384615 0.6344489567307693 0.9348945480769231 0.6344489567307693 0.9348945480769231 0.6302876875
1 0.95004034375 0.6346325432692308 0.9476652067307693 0.6346325432692308 0.9476652067307693 0.638671420673077 0.95004034375 0.638671420673077 0.95004034375 0.6346325432692308
1 0.955788860576923 0.6334086394230769 0.9527597019230769 0.6334086394230769 0.9527597019230769 0.6388550072115385 0.955788860576923 0.6388550072115385 0.955788860576923 0.6334086394230769
1 0.9788489447115385 0.6894953341346154 0.9700282379807692 0.6894953341346154 0.9700282379807692 0.7026522884615385 0.9788489447115385 0.7026522884615385 0.9788489447115385 0.6894953341346154
1 0.7668791971153847 0.5990531634615385 0.7645880504807692 0.5990531634615385 0.7645880504807692 0.6032046418269231 0.7668791971153847 0.6032046418269231 0.7668791971153847 0.5990531634615385
1 0.7710208846153846 0.5983481947115384 0.7676722860576923 0.5983481947115384 0.7676722860576923 0.6030479807692308 0.7710208846153846 0.6030479807692308 0.7710208846153846 0.5983481947115384
1 0.38983650000000003 0.5970127067307692 0.38673849519230774 0.5970127067307692 0.38673849519230774 0.6023095216346154 0.38983650000000003 0.6023095216346154 0.38983650000000003 0.5970127067307692
1 0.36093332692307695 0.5871381009615384 0.35774926682692304 0.5871381009615384 0.35774926682692304 0.5915747475961538 0.36093332692307695 0.5915747475961538 0.36093332692307695 0.5871381009615384
1 0.4007745745192308 0.5706751730769231 0.40309807692307686 0.5706751730769231 0.40309807692307686 0.5663150216346154 0.4007745745192308 0.5663150216346154 0.4007745745192308 0.5706751730769231
0 0.40552871875 0.6215872067307693 0.41069205769230765 0.6215872067307693 0.41069205769230765 0.6088127235576923 0.40552871875 0.6088127235576923 0.40552871875 0.6215872067307693
0 0.4243227932692308 0.600939875 0.4266579975961538 0.600939875 0.4266579975961538 0.5966709014423077 0.4243227932692308 0.5966709014423077 0.4243227932692308 0.600939875
0 0.8724468028846153 0.7424431778846153 0.88357353125 0.7424431778846153 0.88357353125 0.686116420673077 0.8724468028846153 0.686116420673077 0.8724468028846153 0.7424431778846153
1 0.20539656009615384 0.5516708990384616 0.17283155288461538 0.5516708990384616 0.17283155288461538 0.6104980072115385 0.20539656009615384 0.6104980072115385 0.20539656009615384 0.5516708990384616
1 0.20539656009615384 0.6212603197115385 0.22721853365384614 0.6212603197115385 0.22721853365384614 0.5896991081730769 0.20539656009615384 0.5896991081730769 0.20539656009615384 0.6212603197115385