1 0.14452838461538461 0.03650500480769231 0.018438 0.03650500480769231 0.018438 0.09988837019230769 0.14452838461538461 0.09988837019230769 0.14452838461538461 0.03650500480769231
1 0.6794229567307692 0.3838725120192308 0.6753146153846153 0.3838725120192308 0.6753146153846153 0.3987455360576923 0.6794229567307692 0.3987455360576923 0.6794229567307692 0.3838725120192308
0 0.6669909807692308 0.4213083846153846 0.6650547283653846 0.4213083846153846 0.6650547283653846 0.42867092307692306 0.6669909807692308 0.42867092307692306 0.6669909807692308 0.4213083846153846
0 0.6743594951923076 0.4180573918269231 0.6714551177884616 0.4180573918269231 0.6714551177884616 0.4236988197115385 0.6743594951923076 0.4236988197115385 0.6743594951923076 0.4180573918269231
0 0.673014875 0.40495781009615384 0.6715675985576923 0.40495781009615384 0.6704332067307692 0.40495781009615384 0.6704332067307692 0.4092605913461539 0.673014875 0.4092605913461539 0.673014875 0.40495781009615384
0 0.65872934375 0.44596294471153847 0.6561241418269231 0.44596294471153847 0.6561241418269231 0.45149082692307696 0.65872934375 0.45149082692307696 0.65872934375 0.44596294471153847
1 0.6513339350961539 0.4096582139423077 0.6474681514423076 0.4096582139423077 0.6474681514423076 0.4201163677884615 0.6513339350961539 0.4201163677884615 0.6513339350961539 0.4096582139423077
0 0.7130406826923077 0.4230577235576923 0.7104354831730769 0.4230577235576923 0.7104354831730769 0.43052783173076925 0.7130406826923077 0.43052783173076925 0.7130406826923077 0.4230577235576923
0 0.7100354591346154 0.4344822956730769 0.7056251057692309 0.4344822956730769 0.7056251057692309 0.4453826778846154 0.7100354591346154 0.4453826778846154 0.7100354591346154 0.4344822956730769
1 0.5935984783653846 0.6325735841346154 0.5845222956730769 0.6325735841346154 0.5845222956730769 0.6551631947115385 0.5935984783653846 0.6551631947115385 0.5935984783653846 0.6325735841346154
1 0.9998770600961537 0.7758243870192308 0.9074256201923077 0.7758243870192308 0.9074256201923077 0.8711171201923077 0.9998770600961537 0.8711171201923077 0.9998770600961537 0.7758243870192308