0 0.14357846153846154 0.5515622860576923 0.13612569471153846 0.5515622860576923 0.13612569471153846 0.5633792860576923 0.14357846153846154 0.5633792860576923 0.14357846153846154 0.5515622860576923
0 0.18265512740384615 0.4989229302884616 0.17741804807692307 0.4989229302884616 0.17741804807692307 0.5082332932692307 0.18265512740384615 0.5082332932692307 0.18265512740384615 0.4989229302884616
0 0.3254662403846154 0.3256069495192308 0.3180134735576923 0.3256069495192308 0.3180134735576923 0.3374239495192307 0.3254662403846154 0.3374239495192307 0.3254662403846154 0.3256069495192308
0 0.4582060480769231 0.21961205288461538 0.4505518557692308 0.21961205288461538 0.4505518557692308 0.23572614182692306 0.4582060480769231 0.23572614182692306 0.4582060480769231 0.21961205288461538
0 0.4241650360576923 0.26258295673076926 0.4185251057692308 0.26258295673076926 0.4185251057692308 0.2761904110576923 0.4241650360576923 0.2761904110576923 0.4241650360576923 0.26258295673076926
0 0.4312149495192308 0.2679543197115385 0.4243664615384616 0.2679543197115385 0.4243664615384616 0.27869704567307696 0.4312149495192308 0.27869704567307696 0.4312149495192308 0.2679543197115385
0 0.4306106706730769 0.2812036826923077 0.4237621826923077 0.2812036826923077 0.4237621826923077 0.2933787716346154 0.4306106706730769 0.2933787716346154 0.4306106706730769 0.2812036826923077
0 0.44491192548076924 0.31558040625 0.44068197596153846 0.31558040625 0.44068197596153846 0.3256069495192308 0.44491192548076924 0.3256069495192308 0.44491192548076924 0.31558040625
0 0.44390479567307695 0.3345592211538462 0.43745915865384616 0.3345592211538462 0.43745915865384616 0.3456600384615385 0.44390479567307695 0.3456600384615385 0.44390479567307695 0.3345592211538462
0 0.49076972115384615 0.33656796874999995 0.4858194735576923 0.33656796874999995 0.4858194735576923 0.3455150841346154 0.49076972115384615 0.3455150841346154 0.49076972115384615 0.33656796874999995
0 0.7122372620192308 0.3059339182692308 0.7043993701923077 0.3059339182692308 0.7043993701923077 0.3193179230769231 0.7122372620192308 0.3193179230769231 0.7122372620192308 0.3059339182692308
0 0.7266754855769231 0.2446975168269231 0.7188375937499999 0.2446975168269231 0.7188375937499999 0.25936491826923075 0.7266754855769231 0.25936491826923075 0.7266754855769231 0.2446975168269231
0 0.8960587355769231 0.2870184639423077 0.8828451826923077 0.2870184639423077 0.8828451826923077 0.2981908990384615 0.8960587355769231 0.2981908990384615 0.8960587355769231 0.2870184639423077
0 0.8944473269230768 0.2706895192307692 0.8820394783653847 0.2706895192307692 0.8820394783653847 0.28386726201923074 0.8944473269230768 0.28386726201923074 0.8944473269230768 0.2706895192307692
0 0.9730840817307692 0.21654618028846156 0.9638990504807693 0.21654618028846156 0.9638990504807693 0.22829156009615387 0.9730840817307692 0.22829156009615387 0.9730840817307692 0.21654618028846156
0 0.9879090432692308 0.22972392307692308 0.980013139423077 0.22972392307692308 0.980013139423077 0.24318814182692308 0.9879090432692308 0.24318814182692308 0.9879090432692308 0.22972392307692308
0 0.9518134831730769 0.14951156971153845 0.9398890576923077 0.14951156971153845 0.9398890576923077 0.16927818509615383 0.9518134831730769 0.16927818509615383 0.9518134831730769 0.14951156971153845
1 0.9595482475961539 0.07703397836538461 0.9511689206730769 0.07703397836538461 0.9511689206730769 0.09164408653846154 0.9595482475961539 0.09164408653846154 0.9595482475961539 0.07703397836538461
0 0.29522660096153847 0.36507493990384615 0.2896452620192308 0.36507493990384615 0.2896452620192308 0.3761248629807692 0.29522660096153847 0.3761248629807692 0.29522660096153847 0.36507493990384615
1 0.3002572091346154 0.3656781298076923 0.29522660096153847 0.3656781298076923 0.29522660096153847 0.3751073990384616 0.3002572091346154 0.3751073990384616 0.3002572091346154 0.3656781298076923
0 0.1476155793269231 0.540407329326923 0.1425416346153846 0.540407329326923 0.1425416346153846 0.5511114711538462 0.1476155793269231 0.5511114711538462 0.1476155793269231 0.540407329326923
1 0.15404257451923076 0.5437147884615384 0.1476155793269231 0.5437147884615384 0.1476155793269231 0.5511114711538462 0.15404257451923076 0.5511114711538462 0.15404257451923076 0.5437147884615384
0 0.17987762019230769 0.4845945 0.17538548798076922 0.4845945 0.17538548798076922 0.4939275528846154 0.17987762019230769 0.4939275528846154 0.17987762019230769 0.4845945
0 0.1908914639423077 0.46645759134615383 0.1866428798076923 0.46645759134615383 0.1866428798076923 0.4754057740384615 0.1908914639423077 0.4754057740384615 0.1908914639423077 0.46645759134615383
1 0.18685936778846154 0.4813231225961539 0.17987762019230769 0.4813231225961539 0.17987762019230769 0.49248429807692307 0.18685936778846154 0.49248429807692307 0.18685936778846154 0.4813231225961539
1 0.19503180288461539 0.4680451730769231 0.1908914639423077 0.4680451730769231 0.1908914639423077 0.4747803653846154 0.19503180288461539 0.4747803653846154 0.19503180288461539 0.4680451730769231
0 0.30865227403846157 0.22954288701923076 0.3033916081730769 0.22954288701923076 0.3033916081730769 0.24282083653846154 0.30865227403846157 0.24282083653846154 0.30865227403846157 0.22954288701923076
0 0.3033916081730769 0.23019896875 0.29824730528846155 0.23019896875 0.29824730528846155 0.23785784375000002 0.3033916081730769 0.23785784375000002 0.3033916081730769 0.23019896875
0 0.41801491346153846 0.20907380528846156 0.4121967908653846 0.20907380528846156 0.4121967908653846 0.22158201923076926 0.41801491346153846 0.22158201923076926 0.41801491346153846 0.20907380528846156
0 0.4522756947115385 0.33139495913461536 0.4438867716346154 0.33139495913461536 0.4438867716346154 0.34683779086538463 0.4522756947115385 0.34683779086538463 0.4522756947115385 0.33139495913461536
0 0.47325508413461537 0.32689176442307694 0.46776169471153844 0.32689176442307694 0.46776169471153844 0.3438259615384615 0.47325508413461537 0.3438259615384615 0.47325508413461537 0.32689176442307694
0 0.4814816418269231 0.3299707091346154 0.4772059951923077 0.3299707091346154 0.4772059951923077 0.3446919134615385 0.4814816418269231 0.3446919134615385 0.4814816418269231 0.3299707091346154
0 0.4777742788461538 0.3293452980769231 0.4728221081730769 0.3293452980769231 0.4728221081730769 0.3446919134615385 0.4777742788461538 0.3446919134615385 0.4777742788461538 0.3293452980769231
0 0.9986902548076924 0.2453023173076923 0.9797785793269231 0.2453023173076923 0.9797785793269231 0.26541604326923074 0.9986902548076924 0.26541604326923074 0.9986902548076924 0.2453023173076923