1 0.15123361298076923 0.027467935096153844 0.010102533653846153 0.027467935096153844 0.010102533653846153 0.0996692860576923 0.15123361298076923 0.0996692860576923 0.15123361298076923 0.027467935096153844
1 0.3860110192307692 0.2498218798076923 0.3697750721153846 0.2498218798076923 0.3697750721153846 0.27773942548076924 0.3860110192307692 0.27773942548076924 0.3860110192307692 0.2498218798076923
1 0.4349850216346154 0.15471294471153846 0.4227415216346154 0.15471294471153846 0.4227415216346154 0.1774255240384615 0.4349850216346154 0.1774255240384615 0.4349850216346154 0.15471294471153846
1 0.5121723100961538 0.21527982692307693 0.5025904399038461 0.21527982692307693 0.5025904399038461 0.2332606201923077 0.5121723100961538 0.2332606201923077 0.5121723100961538 0.21527982692307693
1 0.7509156802884616 0.6206822427884616 0.6819262139423077 0.6206822427884616 0.6819262139423077 0.6933625048076923 0.7509156802884616 0.6933625048076923 0.7509156802884616 0.6206822427884616
1 0.6791102091346153 0.34619123317307693 0.6675267932692308 0.34619123317307693 0.6675267932692308 0.36526980288461536 0.6791102091346153 0.36526980288461536 0.6791102091346153 0.34619123317307693
1 0.7482700192307692 0.2659401129807692 0.7406045240384616 0.2659401129807692 0.7406045240384616 0.28289884134615384 0.7482700192307692 0.28289884134615384 0.7482700192307692 0.2659401129807692
1 0.65509165625 0.24867855288461538 0.6383979086538462 0.24867855288461538 0.6383979086538462 0.2653344447115385 0.65509165625 0.2653344447115385 0.65509165625 0.24867855288461538
1 0.633117233173077 0.18841450240384613 0.6210227836538462 0.18841450240384613 0.6210227836538462 0.19719670192307692 0.633117233173077 0.19719670192307692 0.633117233173077 0.18841450240384613
1 0.6474261586538461 0.1632792451923077 0.6329468894230769 0.1632792451923077 0.6329468894230769 0.17932947115384618 0.6474261586538461 0.17932947115384618 0.6474261586538461 0.1632792451923077
1 0.7211626009615385 0.2161713653846154 0.7034402451923077 0.2161713653846154 0.7034402451923077 0.23378518509615384 0.7211626009615385 0.23378518509615384 0.7211626009615385 0.2161713653846154
1 0.7058567163461539 0.13105164423076923 0.6993154927884616 0.13105164423076923 0.6993154927884616 0.1455876971153846 0.7058567163461539 0.1455876971153846 0.7058567163461539 0.13105164423076923
1 0.5659569495192307 0.1316536971153846 0.5538625 0.1316536971153846 0.5538625 0.1392245576923077 0.5659569495192307 0.1392245576923077 0.5659569495192307 0.1316536971153846
1 0.4573977283653846 0.08697544951923077 0.4548425625 0.08697544951923077 0.4548425625 0.09568193990384614 0.4573977283653846 0.09568193990384614 0.4573977283653846 0.08697544951923077
1 0.4320590048076923 0.09492485336538461 0.42780039423076927 0.09492485336538461 0.42780039423076927 0.10779531490384617 0.4320590048076923 0.10779531490384617 0.4320590048076923 0.09492485336538461
1 0.42971676923076924 0.10968803125 0.42524523076923076 0.10968803125 0.42524523076923076 0.11650180528846153 0.42971676923076924 0.11650180528846153 0.42971676923076924 0.10968803125
1 0.41246940144230765 0.09871028365384617 0.4084237235576923 0.09871028365384617 0.4084237235576923 0.11082366105769231 0.41246940144230765 0.11082366105769231 0.41246940144230765 0.09871028365384617
1 0.40373925480769235 0.11347346153846154 0.39820306250000004 0.11347346153846154 0.39820306250000004 0.12217995192307693 0.40373925480769235 0.12217995192307693 0.40373925480769235 0.11347346153846154
1 0.3815944879807692 0.09795319711538462 0.3766970865384615 0.09795319711538462 0.3766970865384615 0.10400988701923077 0.3815944879807692 0.10400988701923077 0.3815944879807692 0.09795319711538462
1 0.4697476947115385 0.09871028365384617 0.46527615384615384 0.09871028365384617 0.46527615384615384 0.10741677403846153 0.4697476947115385 0.10741677403846153 0.4697476947115385 0.09871028365384617
1 0.5112691322115385 0.12217995192307693 0.5070105216346155 0.12217995192307693 0.5070105216346155 0.13505041346153845 0.5112691322115385 0.13505041346153845 0.5112691322115385 0.12217995192307693
1 0.5155277403846154 0.07372644471153846 0.5116949927884615 0.07372644471153846 0.5116949927884615 0.07826895913461539 0.5155277403846154 0.07826895913461539 0.5155277403846154 0.07372644471153846
1 0.5063717307692308 0.11233783173076922 0.5004096778846153 0.11233783173076922 0.5004096778846153 0.11915160576923077 0.5063717307692308 0.11915160576923077 0.5063717307692308 0.11233783173076922
1 0.42568358653846156 0.04383884615384615 0.40609398317307693 0.04383884615384615 0.40609398317307693 0.053302420673076924 0.42568358653846156 0.053302420673076924 0.42568358653846156 0.04383884615384615
1 0.44484732692307694 0.049516990384615385 0.43633010817307694 0.049516990384615385 0.43633010817307694 0.0578449375 0.44484732692307694 0.0578449375 0.44484732692307694 0.049516990384615385
1 0.3790518173076923 0.04913844711538461 0.3686182259615384 0.04913844711538461 0.3686182259615384 0.05519513701923077 0.3790518173076923 0.05519513701923077 0.3790518173076923 0.04913844711538461
1 0.8823669927884615 0.34938801442307693 0.8531495288461539 0.34938801442307693 0.8531495288461539 0.36624983413461537 0.8823669927884615 0.36624983413461537 0.8823669927884615 0.34938801442307693