0 0.7471100913461538 0.43726658894230774 0.7437485432692307 0.43726658894230774 0.7437485432692307 0.4522068076923077 0.7471100913461538 0.4522068076923077 0.7471100913461538 0.43726658894230774
0 0.7937039855769231 0.5586710384615384 0.7885776250000001 0.5586710384615384 0.7885776250000001 0.5748064735576923 0.7937039855769231 0.5748064735576923 0.7937039855769231 0.5586710384615384
0 0.8295044855769231 0.6046869110576923 0.8347148870192308 0.6046869110576923 0.8347148870192308 0.5876550625 0.8295044855769231 0.5876550625 0.8295044855769231 0.6046869110576923
0 0.9085836153846153 0.6954630769230769 0.915149139423077 0.6954630769230769 0.915149139423077 0.6805228581730769 0.9085836153846153 0.6805228581730769 0.9085836153846153 0.6954630769230769
0 0.9626835456730769 0.7230091057692308 0.9683298990384616 0.7230091057692308 0.9683298990384616 0.7083023269230769 0.9626835456730769 0.7083023269230769 0.9626835456730769 0.7230091057692308
0 0.9089775456730769 0.7433184639423077 0.9169874879807692 0.7433184639423077 0.9169874879807692 0.7258103942307692 0.9089775456730769 0.7258103942307692 0.9089775456730769 0.7433184639423077
0 0.9118663774038461 0.737249 0.9169874879807692 0.737249 0.9169874879807692 0.7286116850961538 0.9118663774038461 0.7286116850961538 0.9118663774038461 0.737249
1 0.9062200264423077 0.7869719158653846 0.9131794831730768 0.7869719158653846 0.9131794831730768 0.7689969639423077 0.9062200264423077 0.7689969639423077 0.9062200264423077 0.7869719158653846
1 0.8472508317307692 0.755525 0.8515184254807693 0.755525 0.8515184254807693 0.7438529543269231 0.8472508317307692 0.7438529543269231 0.8472508317307692 0.755525
0 0.8967375865384616 0.5164111610576924 0.8906973004807692 0.5164111610576924 0.8906973004807692 0.5262156802884616 0.8967375865384616 0.5262156802884616 0.8967375865384616 0.5164111610576924
0 0.8918790961538462 0.4986696514423077 0.8875458485576923 0.4986696514423077 0.8875458485576923 0.5052059975961538 0.8918790961538462 0.5052059975961538 0.8918790961538462 0.4986696514423077
0 0.8891215745192308 0.4907326610576923 0.8822934278846154 0.4907326610576923 0.8822934278846154 0.5019378245192307 0.8891215745192308 0.5019378245192307 0.8891215745192308 0.4907326610576923
0 0.9375052235576924 0.4894019447115384 0.9429677403846154 0.4894019447115384 0.9429677403846154 0.4755822427884615 0.9375052235576924 0.4755822427884615 0.9375052235576924 0.4894019447115384
0 0.9442283221153847 0.49014895432692307 0.9501110336538462 0.49014895432692307 0.9501110336538462 0.47987755528846154 0.9442283221153847 0.47987755528846154 0.9442283221153847 0.49014895432692307
0 0.9482201610576924 0.4970588052884616 0.9528422908653845 0.4970588052884616 0.9528422908653845 0.4860403942307692 0.9482201610576924 0.4860403942307692 0.9482201610576924 0.4970588052884616
0 0.6472462860576923 0.3072998918269231 0.6447251225961538 0.3072998918269231 0.6447251225961538 0.3216425 0.6472462860576923 0.3216425 0.6472462860576923 0.3072998918269231
0 0.6447251225961538 0.30939152163461536 0.6420358846153846 0.30939152163461536 0.6420358846153846 0.31984967548076926 0.6447251225961538 0.31984967548076926 0.6447251225961538 0.30939152163461536
0 0.6918708509615384 0.3223895120192308 0.6955685552884615 0.3223895120192308 0.6955685552884615 0.30864451201923077 0.6918708509615384 0.30864451201923077 0.6918708509615384 0.3223895120192308
0 0.6883412235576922 0.3380767403846154 0.6915346947115384 0.3380767403846154 0.6915346947115384 0.3256763605769231 0.6883412235576922 0.3256763605769231 0.6883412235576922 0.3380767403846154
0 0.6965770192307693 0.33254886057692307 0.6988460649038462 0.33254886057692307 0.6988460649038462 0.3252281538461539 0.6965770192307693 0.3252281538461539 0.6965770192307693 0.33254886057692307
0 0.6801054278846154 0.3356863052884615 0.6825425504807693 0.3356863052884615 0.6825425504807693 0.3277679903846154 0.6801054278846154 0.3277679903846154 0.6801054278846154 0.3356863052884615
0 0.7310448798076923 0.3086243149038461 0.7354569134615385 0.3086243149038461 0.7354569134615385 0.2981661610576923 0.7310448798076923 0.2981661610576923 0.7310448798076923 0.3086243149038461
0 0.7287338149038463 0.3041422475961538 0.7335660408653847 0.3041422475961538 0.7335660408653847 0.29443110576923076 0.7287338149038463 0.29443110576923076 0.7287338149038463 0.3041422475961538
0 0.7526454591346153 0.3149426418269231 0.7565847740384615 0.3149426418269231 0.7565847740384615 0.29953554086538464 0.7526454591346153 0.29953554086538464 0.7526454591346153 0.3149426418269231
0 0.7633015697115385 0.32858172836538463 0.7668648124999999 0.32858172836538463 0.7668648124999999 0.31973711778846153 0.7633015697115385 0.31973711778846153 0.7633015697115385 0.32858172836538463
0 0.768680048076923 0.3163905096153846 0.7732517548076923 0.3163905096153846 0.7732517548076923 0.30718733413461535 0.768680048076923 0.30718733413461535 0.768680048076923 0.3163905096153846
0 0.7732517548076923 0.3171076394230769 0.7772183846153846 0.3171076394230769 0.7772183846153846 0.30515546634615387 0.7732517548076923 0.30515546634615387 0.7732517548076923 0.3171076394230769
0 0.767236733173077 0.3371289927884616 0.7700604350961539 0.3371289927884616 0.7700604350961539 0.3311529038461538 0.767236733173077 0.3311529038461538 0.767236733173077 0.3371289927884616
0 0.8648301370192308 0.3625921081730769 0.8688639951923077 0.3625921081730769 0.8688639951923077 0.34645667067307695 0.8648301370192308 0.34645667067307695 0.8648301370192308 0.3625921081730769
0 0.8575187668269231 0.36453433653846157 0.862056858173077 0.36453433653846157 0.862056858173077 0.3486977043269231 0.8575187668269231 0.3486977043269231 0.8575187668269231 0.36453433653846157
0 0.8608803173076923 0.36154629326923077 0.8641968221153846 0.36154629326923077 0.8641968221153846 0.34636617788461543 0.8608803173076923 0.34636617788461543 0.8608803173076923 0.36154629326923077
1 0.6954592235576923 0.38728045432692304 0.7004490240384615 0.38728045432692304 0.7004490240384615 0.3725736778846154 0.6954592235576923 0.3725736778846154 0.6954592235576923 0.38728045432692304
1 0.6664396009615385 0.40128690865384614 0.6701162956730768 0.40128690865384614 0.6701162956730768 0.3903151850961538 0.6664396009615385 0.3903151850961538 0.6664396009615385 0.40128690865384614
1 0.6691971201923077 0.42004972115384615 0.6716920216346154 0.42004972115384615 0.6716920216346154 0.41398025721153847 0.6691971201923077 0.41398025721153847 0.6691971201923077 0.42004972115384615
1 0.6806211346153846 0.42355133653846155 0.6836412764423077 0.42355133653846155 0.6836412764423077 0.41117896875000004 0.6806211346153846 0.41117896875000004 0.6806211346153846 0.42355133653846155
1 0.678126235576923 0.4118792908653846 0.6820655504807692 0.4118792908653846 0.6820655504807692 0.3978728341346154 0.678126235576923 0.3978728341346154 0.678126235576923 0.4118792908653846
1 0.6964690024038462 0.4280990168269231 0.6991582427884615 0.4280990168269231 0.6991582427884615 0.41943368990384616 0.6964690024038462 0.41943368990384616 0.6964690024038462 0.4280990168269231
1 0.6500074038461539 0.4558143701923077 0.6529487572115384 0.4558143701923077 0.6529487572115384 0.44423570192307693 0.6500074038461539 0.44423570192307693 0.6500074038461539 0.4558143701923077
1 0.6926570576923077 0.4679532980769231 0.6966488966346154 0.4679532980769231 0.6966488966346154 0.4563746298076923 0.6926570576923077 0.4563746298076923 0.6926570576923077 0.4679532980769231
1 0.7098212451923077 0.41872699519230766 0.7138551057692308 0.41872699519230766 0.7138551057692308 0.4094043004807692 0.7098212451923077 0.4094043004807692 0.7098212451923077 0.41872699519230766
1 0.7080732403846154 0.41526086538461543 0.7114347908653845 0.41526086538461543 0.7114347908653845 0.40689434375 0.7080732403846154 0.40689434375 0.7080732403846154 0.41526086538461543
1 0.6976524375 0.41526086538461543 0.6945598125000001 0.41526086538461543 0.6945598125000001 0.41943368990384616 0.6976524375 0.41943368990384616 0.6976524375 0.41526086538461543
0 0.6336190552884615 0.24672184134615385 0.630887795673077 0.24672184134615385 0.630887795673077 0.2564329831730769 0.6336190552884615 0.2564329831730769 0.6336190552884615 0.24672184134615385
0 0.6151305360576923 0.2629693293269231 0.6097730673076923 0.2629693293269231 0.6097730673076923 0.27268047115384614 0.6151305360576923 0.27268047115384614 0.6151305360576923 0.2629693293269231
0 0.656414560096154 0.2547522091346154 0.6530530120192307 0.2547522091346154 0.6530530120192307 0.27099969711538463 0.656414560096154 0.27099969711538463 0.656414560096154 0.2547522091346154
0 0.6690203701923078 0.2571799951923077 0.6663941610576922 0.2571799951923077 0.6663941610576922 0.26838515865384616 0.6690203701923078 0.26838515865384616 0.6690203701923078 0.2571799951923077
0 0.672592016826923 0.2541919519230769 0.6694405625000001 0.2541919519230769 0.6694405625000001 0.26558386778846155 0.672592016826923 0.26558386778846155 0.672592016826923 0.2541919519230769
1 0.6677657716346155 0.5233267692307693 0.6640008365384615 0.5233267692307693 0.6640008365384615 0.5345140048076923 0.6677657716346155 0.5345140048076923 0.6677657716346155 0.5233267692307693
1 0.6742091899038462 0.5452395456730769 0.6708960456730769 0.5452395456730769 0.6708960456730769 0.5561016802884615 0.6742091899038462 0.5561016802884615 0.6742091899038462 0.5452395456730769
1 0.6771781105769231 0.5357542980769231 0.6736928557692308 0.5357542980769231 0.6736928557692308 0.5487582668269231 0.6771781105769231 0.5487582668269231 0.6771781105769231 0.5357542980769231
1 0.697161173076923 0.5184021322115384 0.6944504206730768 0.5184021322115384 0.6944504206730768 0.5272754278846153 0.697161173076923 0.5272754278846153 0.697161173076923 0.5184021322115384
1 0.6986671490384615 0.5307176538461539 0.7018081802884615 0.5307176538461539 0.7018081802884615 0.5223033221153845 0.6986671490384615 0.5223033221153845 0.6986671490384615 0.5307176538461539
1 0.6252322259615385 0.5443233173076923 0.62864003125 0.5443233173076923 0.62864003125 0.5366739254807692 0.6252322259615385 0.5366739254807692 0.6252322259615385 0.5443233173076923
1 0.647430014423077 0.57693246875 0.6503989350961539 0.57693246875 0.6503989350961539 0.5705834735576923 0.647430014423077 0.5705834735576923 0.647430014423077 0.57693246875
1 0.5636418317307692 0.544891298076923 0.5669807908653847 0.544891298076923 0.5669807908653847 0.5346717115384615 0.5636418317307692 0.5346717115384615 0.5636418317307692 0.544891298076923
1 0.5922504951923077 0.5183164927884616 0.5965532788461538 0.5183164927884616 0.5965532788461538 0.5110495697115385 0.5922504951923077 0.5110495697115385 0.5922504951923077 0.5183164927884616
1 0.6108465865384616 0.49147190865384616 0.6131055480769231 0.49147190865384616 0.6131055480769231 0.4827707259615384 0.6108465865384616 0.4827707259615384 0.6108465865384616 0.49147190865384616
1 0.579369579326923 0.48723687740384614 0.5826741153846154 0.48723687740384614 0.5826741153846154 0.47934270432692305 0.579369579326923 0.47934270432692305 0.579369579326923 0.48723687740384614
1 0.5221514831730769 0.44512132932692305 0.5248945072115384 0.44512132932692305 0.5248945072115384 0.43661138221153845 0.5221514831730769 0.43661138221153845 0.5221514831730769 0.44512132932692305
1 0.5391474735576923 0.4337428581730769 0.5354363245192307 0.4337428581730769 0.5354363245192307 0.44024484375 0.5391474735576923 0.44024484375 0.5391474735576923 0.4337428581730769
1 0.5044070144230769 0.5327614615384616 0.5012135408653846 0.5327614615384616 0.5012135408653846 0.5387375480769231 0.5044070144230769 0.5387375480769231 0.5044070144230769 0.5327614615384616
1 0.50390278125 0.5515861370192308 0.5085249110576924 0.5515861370192308 0.5085249110576924 0.5411279831730769 0.50390278125 0.5411279831730769 0.50390278125 0.5515861370192308
1 0.59742675 0.5821976129807692 0.592424766826923 0.5821976129807692 0.592424766826923 0.5884127451923077 0.59742675 0.5884127451923077 0.59742675 0.5821976129807692
1 0.6496719471153847 0.6040969855769232 0.6465524302884614 0.6040969855769232 0.6465524302884614 0.6117463774038462 0.6496719471153847 0.6117463774038462 0.6496719471153847 0.6040969855769232
1 0.6761398485576924 0.621655110576923 0.6728623365384615 0.621655110576923 0.6728623365384615 0.6289758197115384 0.6761398485576924 0.6289758197115384 0.6761398485576924 0.621655110576923
1 0.7277937259615384 0.6718798557692308 0.7323654326923077 0.6718798557692308 0.7323654326923077 0.6624376394230769 0.7277937259615384 0.6624376394230769 0.7277937259615384 0.6718798557692308
1 0.7395591490384615 0.6529954206730769 0.7438619326923077 0.6529954206730769 0.7438619326923077 0.638055201923077 0.7395591490384615 0.638055201923077 0.7395591490384615 0.6529954206730769
1 0.7033297524038461 0.7139794399038462 0.7060727764423077 0.7139794399038462 0.7060727764423077 0.7070949879807693 0.7033297524038461 0.7070949879807693 0.7033297524038461 0.7139794399038462
1 0.7190240889423076 0.7554019038461538 0.7147213076923078 0.7554019038461538 0.7147213076923078 0.7643660336538461 0.7190240889423076 0.7643660336538461 0.7190240889423076 0.7554019038461538
1 0.7471037932692308 0.7676365408653846 0.7432716274038461 0.7676365408653846 0.7432716274038461 0.7764811514423078 0.7471037932692308 0.7764811514423078 0.7471037932692308 0.7676365408653846
1 0.75101025 0.7230840408653846 0.7454596586538462 0.7230840408653846 0.7454596586538462 0.7331812379807693 0.75101025 0.7331812379807693 0.75101025 0.7230840408653846
1 0.7985857692307692 0.7151664182692308 0.7940678461538462 0.7151664182692308 0.7940678461538462 0.7240397115384615 0.7985857692307692 0.7240397115384615 0.7985857692307692 0.7151664182692308
1 0.8017797451923077 0.7883492836538462 0.8074594182692307 0.7883492836538462 0.8074594182692307 0.7757277884615384 0.8017797451923077 0.7757277884615384 0.8017797451923077 0.7883492836538462
1 0.8172697620192307 0.7749628485576923 0.8224761298076924 0.7749628485576923 0.8224761298076924 0.7632592788461537 0.8172697620192307 0.7632592788461537 0.8172697620192307 0.7749628485576923
1 0.817602875 0.8256314086538462 0.8224219927884615 0.8256314086538462 0.8224219927884615 0.8146162860576923 0.817602875 0.8146162860576923 0.817602875 0.8256314086538462
1 0.7947034639423076 0.8093895649038461 0.7993424038461538 0.8093895649038461 0.7993424038461538 0.7994692596153846 0.7947034639423076 0.7994692596153846 0.7947034639423076 0.8093895649038461
1 0.8058584302884615 0.8252750288461539 0.809343685096154 0.8252750288461539 0.809343685096154 0.8190790216346154 0.8058584302884615 0.8190790216346154 0.8058584302884615 0.8252750288461539
1 0.75887146875 0.61747484375 0.7616279399038461 0.61747484375 0.7616279399038461 0.6070764519230769 0.75887146875 0.6070764519230769 0.75887146875 0.61747484375
1 0.8131772956730768 0.6782503173076923 0.8173792307692308 0.6782503173076923 0.8173792307692308 0.6676427620192308 0.8131772956730768 0.6676427620192308 0.8131772956730768 0.6782503173076923
1 0.8106091249999999 0.7472694783653846 0.8141051346153846 0.7472694783653846 0.8141051346153846 0.740098173076923 0.8106091249999999 0.740098173076923 0.8106091249999999 0.7472694783653846
1 0.8143740600961539 0.7350304519230769 0.817009514423077 0.7350304519230769 0.817009514423077 0.7288153197115383 0.8143740600961539 0.7288153197115383 0.8143740600961539 0.7350304519230769
1 0.9318508509615384 0.8438035721153846 0.9398345312499999 0.8438035721153846 0.9398345312499999 0.8292368581730769 0.9318508509615384 0.8292368581730769 0.9318508509615384 0.8438035721153846
1 0.9402547235576922 0.8387612475961539 0.9488686947115385 0.8387612475961539 0.9488686947115385 0.8256885576923078 0.9402547235576922 0.8256885576923078 0.9402547235576922 0.8387612475961539
1 0.9867872475961538 0.8896233798076923 0.9810053846153846 0.8896233798076923 0.9810053846153846 0.9003803365384615 0.9867872475961538 0.9003803365384615 0.9867872475961538 0.8896233798076923
1 0.9180585384615385 0.8820254110576923 0.9122598653846155 0.8820254110576923 0.9122598653846155 0.8917365528846154 0.9180585384615385 0.8917365528846154 0.9180585384615385 0.8820254110576923
1 0.9153692980769231 0.8972644350961538 0.9102429350961538 0.8972644350961538 0.9102429350961538 0.9099636201923077 0.9153692980769231 0.9099636201923077 0.9153692980769231 0.8972644350961538
1 0.8803254110576924 0.9082781105769231 0.8851660408653846 0.9082781105769231 0.8851660408653846 0.898835891826923 0.8803254110576924 0.898835891826923 0.8803254110576924 0.9082781105769231
1 0.9010152379807692 0.9972238629807693 0.9101754591346154 0.9972238629807693 0.9101754591346154 0.9888573389423077 0.9010152379807692 0.9888573389423077 0.9010152379807692 0.9972238629807693
1 0.7523588245192308 0.8660492932692307 0.7477333317307693 0.8660492932692307 0.7477333317307693 0.8758978846153845 0.7523588245192308 0.8758978846153845 0.7523588245192308 0.8660492932692307
1 0.7289763076923077 0.845910625 0.7237053990384615 0.845910625 0.7237053990384615 0.8590102091346155 0.7289763076923077 0.8590102091346155 0.7289763076923077 0.845910625
1 0.76186103125 0.7956225961538461 0.7580423125 0.7956225961538461 0.7580423125 0.8073835360576923 0.76186103125 0.8073835360576923 0.76186103125 0.7956225961538461
1 0.8024513028846154 0.9497442331730769 0.7972879639423076 0.9497442331730769 0.7972879639423076 0.9637999903846153 0.8024513028846154 0.9637999903846153 0.8024513028846154 0.9497442331730769
1 0.8218356754807693 0.9385278629807693 0.818931298076923 0.9385278629807693 0.818931298076923 0.9456035504807693 0.8218356754807693 0.9456035504807693 0.8218356754807693 0.9385278629807693
1 0.8233416514423078 0.9473246658653847 0.8200069927884616 0.9473246658653847 0.8200069927884616 0.954304733173077 0.8233416514423078 0.954304733173077 0.8233416514423078 0.9473246658653847
1 0.8444249519230769 0.9773583461538462 0.84106878125 0.9773583461538462 0.84106878125 0.9872260600961538 0.8444249519230769 0.9872260600961538 0.8444249519230769 0.9773583461538462
1 0.8416663173076924 0.9833715096153846 0.8379005192307692 0.9833715096153846 0.8379005192307692 0.9917045384615384 0.8416663173076924 0.9917045384615384 0.8416663173076924 0.9833715096153846
1 0.8384168533653846 1 0.8384168533653846 0.9919982764423078 0.8330469807692308 0.9919982764423078 0.8330469807692308 1 0.8384168533653846 1
1 0.8059174615384616 0.9076295913461538 0.8155987211538461 0.9076295913461538 0.8155987211538461 0.8856375889423076 0.8059174615384616 0.8856375889423076 0.8059174615384616 0.9076295913461538
1 0.7644453629807693 0.8247242572115384 0.7687481442307693 0.8247242572115384 0.7687481442307693 0.8166923966346153 0.7644453629807693 0.8166923966346153 0.7644453629807693 0.8247242572115384
1 0.7779690096153846 0.8557855985576922 0.7749123124999999 0.8557855985576922 0.7749123124999999 0.8624436298076923 0.7779690096153846 0.8624436298076923 0.7779690096153846 0.8557855985576922
1 0.774967389423077 0.8523586706730769 0.777858858173077 0.8523586706730769 0.777858858173077 0.8456027283653846 0.774967389423077 0.8456027283653846 0.774967389423077 0.8523586706730769
1 0.7848981033653846 0.8411411658653846 0.7910161225961538 0.8411411658653846 0.7910161225961538 0.8300256418269231 0.7848981033653846 0.8300256418269231 0.7848981033653846 0.8411411658653846
1 0.7956550600961538 0.8477148605769231 0.7927641274038462 0.8477148605769231 0.7927641274038462 0.8540495120192308 0.7956550600961538 0.8540495120192308 0.7956550600961538 0.8477148605769231
1 0.7852306370192307 0.8467321995192307 0.7821464014423077 0.8467321995192307 0.7821464014423077 0.8525286033653846 0.7852306370192307 0.8525286033653846 0.7852306370192307 0.8467321995192307
1 0.7929632524038461 0.8668440697115384 0.787283579326923 0.8668440697115384 0.787283579326923 0.8770024591346155 0.7929632524038461 0.8770024591346155 0.7929632524038461 0.8668440697115384
1 0.822397951923077 0.8722456995192308 0.8189691706730768 0.8722456995192308 0.8189691706730768 0.8764289615384615 0.822397951923077 0.8764289615384615 0.822397951923077 0.8722456995192308
1 0.7974500048076922 0.9220667932692308 0.7929858677884615 0.9220667932692308 0.7929858677884615 0.9295249495192308 0.7974500048076922 0.9295249495192308 0.7974500048076922 0.9220667932692308
1 0.7974500048076922 0.9323934711538461 0.8039579639423077 0.9323934711538461 0.8039579639423077 0.9220667932692308 0.7974500048076922 0.9220667932692308 0.7974500048076922 0.9323934711538461
1 0.8278984927884616 0.9600447235576923 0.8230363461538462 0.9600447235576923 0.8230363461538462 0.9680765865384615 0.8278984927884616 0.9680765865384615 0.8278984927884616 0.9600447235576923
1 0.8147615673076923 0.9111492331730768 0.8105448389423077 0.9111492331730768 0.8105448389423077 0.9181866730769231 0.8147615673076923 0.9181866730769231 0.8147615673076923 0.9111492331730768
0 0.740702548076923 0.2590954639423077 0.7370451826923077 0.2590954639423077 0.7370451826923077 0.272787875 0.740702548076923 0.272787875 0.740702548076923 0.2590954639423077
0 0.9725301370192307 0.49781159374999995 0.9783288076923077 0.49781159374999995 0.9783288076923077 0.48690523317307693 0.9725301370192307 0.48690523317307693 0.9725301370192307 0.49781159374999995
0 0.9148388629807692 0.4644084663461538 0.920486266826923 0.4644084663461538 0.920486266826923 0.4566395528846154 0.9148388629807692 0.4566395528846154 0.9148388629807692 0.4644084663461538
0 0.5294719807692307 0.10819156490384615 0.527159235576923 0.10819156490384615 0.527159235576923 0.11555410336538462 0.5294719807692307 0.11555410336538462 0.5294719807692307 0.10819156490384615
0 0.5392608125 0.12043059134615385 0.5370018509615385 0.12043059134615385 0.5370018509615385 0.13094850480769232 0.5392608125 0.13094850480769232 0.5392608125 0.12043059134615385
0 0.6006493389423077 0.17126620913461538 0.5974222524038462 0.17126620913461538 0.5974222524038462 0.18419368269230768 0.6006493389423077 0.18419368269230768 0.6006493389423077 0.17126620913461538
0 0.6335721826923078 0.17464137740384617 0.6306140192307693 0.17464137740384617 0.6306140192307693 0.18838637740384617 0.6335721826923078 0.18838637740384617 0.6335721826923078 0.17464137740384617
0 0.6430652403846153 0.12923785817307692 0.6399457235576923 0.12923785817307692 0.6399457235576923 0.13937330288461539 0.6430652403846153 0.13937330288461539 0.6430652403846153 0.12923785817307692
0 0.7311016658653846 0.18171061298076924 0.7274443004807692 0.18171061298076924 0.7274443004807692 0.19328031971153845 0.7311016658653846 0.19328031971153845 0.7311016658653846 0.18171061298076924
0 0.7367490697115385 0.18563092788461538 0.7337371201923077 0.18563092788461538 0.7337371201923077 0.19681816346153846 0.7367490697115385 0.19681816346153846 0.7367490697115385 0.18563092788461538
0 0.8162331442307693 0.18177349519230768 0.8126188076923077 0.18177349519230768 0.8126188076923077 0.19378304086538461 0.8162331442307693 0.19378304086538461 0.8162331442307693 0.18177349519230768
1 0.8799668533653846 0.2981807596153846 0.8681341995192308 0.2981807596153846 0.8681341995192308 0.31503332692307695 0.8799668533653846 0.31503332692307695 0.8799668533653846 0.2981807596153846
1 0.8681341995192308 0.25828717548076924 0.8399181971153846 0.25828717548076924 0.8399181971153846 0.30609587499999996 0.8681341995192308 0.30609587499999996 0.8681341995192308 0.25828717548076924
1 0.8851310336538462 0.28024929567307694 0.8700040625000001 0.28024929567307694 0.8700040625000001 0.2963847331730769 0.8851310336538462 0.2963847331730769 0.8851310336538462 0.28024929567307694
0 0.7974778822115384 0.30040768509615384 0.7945735024038462 0.30040768509615384 0.7945735024038462 0.31140368509615385 0.7974778822115384 0.31140368509615385 0.7974778822115384 0.30040768509615384
0 0.70703825 0.18105090625 0.70467171875 0.18105090625 0.70467171875 0.1885090625 0.70703825 0.1885090625 0.70703825 0.18105090625
0 0.6634256802884615 0.10927923076923077 0.6601985913461538 0.10927923076923077 0.6601985913461538 0.12121228125 0.6634256802884615 0.12121228125 0.6634256802884615 0.10927923076923077
0 0.645369548076923 0.11128392788461539 0.6430030192307693 0.11128392788461539 0.6430030192307693 0.12015722115384617 0.645369548076923 0.12015722115384617 0.645369548076923 0.11128392788461539
0 0.66002696875 0.015474848557692307 0.6571905745192308 0.015474848557692307 0.6571905745192308 0.02345469471153846 0.66002696875 0.02345469471153846 0.66002696875 0.015474848557692307
0 0.6575210288461538 0.014593639423076924 0.6550150865384615 0.014593639423076924 0.6550150865384615 0.02345469471153846 0.6575210288461538 0.02345469471153846 0.6575210288461538 0.014593639423076924
0 0.8305942475961537 0.09881629807692308 0.8279265240384616 0.09881629807692308 0.8279265240384616 0.108837 0.8305942475961537 0.108837 0.8305942475961537 0.09881629807692308
0 0.8343376682692308 0.09965773076923078 0.8310675552884615 0.09965773076923078 0.8310675552884615 0.10990791586538462 0.8343376682692308 0.10990791586538462 0.8343376682692308 0.09965773076923078
0 0.8672619831730769 0.11896262740384615 0.8640886826923077 0.11896262740384615 0.8640886826923077 0.12871560096153847 0.8672619831730769 0.12871560096153847 0.8672619831730769 0.11896262740384615
0 0.7038437860576923 0.2792959735576923 0.7086844158653847 0.2792959735576923 0.7086844158653847 0.26543145192307693 0.7038437860576923 0.26543145192307693 0.7038437860576923 0.2792959735576923
0 0.8095270721153847 0.35754595913461534 0.8046649278846154 0.35754595913461534 0.8046649278846154 0.3687140721153846 0.8095270721153847 0.3687140721153846 0.8095270721153847 0.35754595913461534
1 0.8443246249999999 0.3541049350961538 0.85533975 0.3541049350961538 0.85533975 0.34423721875 0.8443246249999999 0.34423721875 0.8443246249999999 0.3541049350961538
0 0.8110676057692309 0.3431678581730769 0.8144022620192307 0.3431678581730769 0.8144022620192307 0.3337017379807692 0.8110676057692309 0.3337017379807692 0.8110676057692309 0.3431678581730769
0 0.81177259375 0.2761682596153846 0.8152578485576923 0.2761682596153846 0.8152578485576923 0.2674479543269231 0.81177259375 0.2674479543269231 0.81177259375 0.2761682596153846
0 0.8082012836538461 0.27295551682692304 0.8125040673076923 0.27295551682692304 0.8125040673076923 0.2629348125 0.8082012836538461 0.2629348125 0.8082012836538461 0.27295551682692304
1 0.38883840384615387 0.7850182067307692 0.38295569230769233 0.7850182067307692 0.38295569230769233 0.8117238461538462 0.38883840384615387 0.8117238461538462 0.38883840384615387 0.7850182067307692
1 0.38805684375 0.8024006394230769 0.39511340865384614 0.8024006394230769 0.39511340865384614 0.7768516706730769 0.38805684375 0.7768516706730769 0.38805684375 0.8024006394230769
1 0.5047991466346153 0.6820119302884616 0.4994878990384616 0.6820119302884616 0.4994878990384616 0.6903784519230769 0.5047991466346153 0.6903784519230769 0.5047991466346153 0.6820119302884616
1 0.545810045673077 0.6901394086538463 0.5425157283653846 0.6901394086538463 0.5425157283653846 0.6976692788461538 0.545810045673077 0.6976692788461538 0.545810045673077 0.6901394086538463
1 0.55508896875 0.8197792884615385 0.5466010552884616 0.8197792884615385 0.5466010552884616 0.8387533653846154 0.55508896875 0.8387533653846154 0.55508896875 0.8197792884615385
1 0.5587026322115385 0.7187834110576923 0.5459287451923077 0.7187834110576923 0.5459287451923077 0.7365622716346153 0.5587026322115385 0.7365622716346153 0.5587026322115385 0.7187834110576923
1 0.6313037932692308 0.9627313822115385 0.6254950360576923 0.9627313822115385 0.6254950360576923 0.9686596610576923 0.6313037932692308 0.9686596610576923 0.6313037932692308 0.9627313822115385
0 0.8972795384615384 0.32014737740384613 0.9053472548076923 0.32014737740384613 0.9053472548076923 0.3083147235576923 0.8972795384615384 0.3083147235576923 0.8972795384615384 0.32014737740384613
0 0.9093138846153846 0.31082468028846155 0.9041370985576923 0.31082468028846155 0.9041370985576923 0.32098402884615385 0.9093138846153846 0.32098402884615385 0.9093138846153846 0.31082468028846155
0 0.8973575889423077 0.4595139759615385 0.9045109663461539 0.4595139759615385 0.9045109663461539 0.4462231586538462 0.8973575889423077 0.4462231586538462 0.8973575889423077 0.4595139759615385
0 0.8854913197115385 0.4358606225961538 0.892537127403846 0.4358606225961538 0.892537127403846 0.4263945 0.8854913197115385 0.4263945 0.8854913197115385 0.4358606225961538
0 0.8756254302884615 0.4282003774038462 0.8707202572115385 0.4282003774038462 0.8707202572115385 0.43584976923076924 0.8756254302884615 0.43584976923076924 0.8756254302884615 0.4282003774038462
0 0.884403108173077 0.43906251201923074 0.8739043173076924 0.43906251201923074 0.8739043173076924 0.4454115072115385 0.884403108173077 0.4454115072115385 0.884403108173077 0.43906251201923074
1 0.8968176033653846 0.4413010048076923 0.8873945072115385 0.4413010048076923 0.8873945072115385 0.45484043028846155 0.8968176033653846 0.45484043028846155 0.8968176033653846 0.4413010048076923
1 0.9816067932692308 0.5307467235576924 0.992148610576923 0.5307467235576924 0.992148610576923 0.5185076971153847 0.9816067932692308 0.5185076971153847 0.9816067932692308 0.5307467235576924
1 0.9208877500000001 0.43142934855769227 0.9333120360576923 0.43142934855769227 0.9333120360576923 0.4155568605769231 0.9208877500000001 0.4155568605769231 0.9208877500000001 0.43142934855769227
1 1 0.4368928557692308 0.9555196754807693 0.4368928557692308 0.9555196754807693 0.4716755504807692 1 0.4716755504807692 1 0.4368928557692308
0 0.9750226490384615 0.4132646274038461 0.968676045673077 0.4132646274038461 0.968676045673077 0.4210096370192308 0.9750226490384615 0.4210096370192308 0.9750226490384615 0.4132646274038461
0 0.9966829423076924 0.3779755192307693 0.9919068533653845 0.3779755192307693 0.9919068533653845 0.3899085697115385 0.9966829423076924 0.3899085697115385 0.9966829423076924 0.3779755192307693
1 0.9765607067307692 0.37495247115384617 0.9900909423076923 0.37495247115384617 0.9900909423076923 0.35508198076923075 0.9765607067307692 0.35508198076923075 0.9765607067307692 0.37495247115384617
1 0.9118881129807692 0.3453951538461538 0.9002571538461539 0.3453951538461538 0.9002571538461539 0.3616501105769231 0.9118881129807692 0.3616501105769231 0.9118881129807692 0.3453951538461538
1 0.9272052235576923 0.3584360961538462 0.9399791105769231 0.3584360961538462 0.9399791105769231 0.3420616177884615 0.9272052235576923 0.3420616177884615 0.9272052235576923 0.3584360961538462
1 0.9622325649038461 0.34242018028846155 0.9563162379807693 0.34242018028846155 0.9563162379807693 0.35042813942307693 0.9622325649038461 0.35042813942307693 0.9622325649038461 0.34242018028846155
1 0.9431440072115385 0.3910890096153846 0.9301280889423077 0.3910890096153846 0.9301280889423077 0.40179815865384616 0.9431440072115385 0.40179815865384616 0.9431440072115385 0.3910890096153846
1 0.9330037836538462 0.31995120673076927 0.9254739134615384 0.31995120673076927 0.9254739134615384 0.3282699206730769 0.9330037836538462 0.3282699206730769 0.9330037836538462 0.31995120673076927
1 0.9525276610576923 0.30522612740384614 0.9416631346153845 0.30522612740384614 0.9416631346153845 0.31650898076923073 0.9525276610576923 0.31650898076923073 0.9525276610576923 0.30522612740384614
1 0.9463970865384616 0.2288396466346154 0.9250848653846154 0.2288396466346154 0.9250848653846154 0.25417825721153847 0.9463970865384616 0.25417825721153847 0.9463970865384616 0.2288396466346154
1 0.7955757355769231 0.17304163701923075 0.8141314879807692 0.17304163701923075 0.8141314879807692 0.1436392860576923 0.7955757355769231 0.1436392860576923 0.7955757355769231 0.17304163701923075
1 0.8691180264423076 0.15418241105769231 0.8330149903846155 0.15418241105769231 0.8330149903846155 0.18824610817307694 0.8691180264423076 0.18824610817307694 0.8691180264423076 0.15418241105769231
0 0.6890540192307693 0.1512044495192308 0.6867133052884615 0.1512044495192308 0.6867133052884615 0.16007774278846154 0.6890540192307693 0.16007774278846154 0.6890540192307693 0.1512044495192308
0 0.7485847475961538 0.1510944735576923 0.7456932788461538 0.1510944735576923 0.7456932788461538 0.16480218509615385 0.7485847475961538 0.16480218509615385 0.7485847475961538 0.1510944735576923
0 0.7489633942307693 0.14613766826923077 0.7451769447115384 0.14613766826923077 0.7451769447115384 0.15819310817307694 0.7489633942307693 0.15819310817307694 0.7489633942307693 0.14613766826923077
1 0.7004129086538462 0.17210197115384615 0.7309357740384615 0.17210197115384615 0.7309357740384615 0.15106614182692307 0.7004129086538462 0.15106614182692307 0.7004129086538462 0.17210197115384615
1 0.8024917524038462 0.20903281971153845 0.787633704326923 0.20903281971153845 0.787633704326923 0.221702125 0.8024917524038462 0.221702125 0.8024917524038462 0.20903281971153845
1 0.7946929591346154 0.2374789951923077 0.7802382980769231 0.2374789951923077 0.7802382980769231 0.2528973004807692 0.7946929591346154 0.2528973004807692 0.7946929591346154 0.2374789951923077
1 0.7788264471153846 0.2727379110576923 0.7688762620192308 0.2727379110576923 0.7688762620192308 0.28229964903846155 0.7788264471153846 0.28229964903846155 0.7788264471153846 0.2727379110576923
1 0.7691451850961539 0.2500287788461538 0.76040515625 0.2500287788461538 0.76040515625 0.26449090865384617 0.7691451850961539 0.26449090865384617 0.7691451850961539 0.2500287788461538
1 0.7100460000000001 0.20949043028846154 0.7173573677884615 0.20949043028846154 0.7173573677884615 0.1990322764423077 0.7100460000000001 0.1990322764423077 0.7100460000000001 0.20949043028846154
1 0.5607077307692307 0.45506030288461535 0.5577495673076923 0.45506030288461535 0.5577495673076923 0.4609168677884616 0.5607077307692307 0.4609168677884616 0.5607077307692307 0.45506030288461535
1 0.5590269567307693 0.4649806081730769 0.5614472716346154 0.4649806081730769 0.5614472716346154 0.4609168677884616 0.5590269567307693 0.4609168677884616 0.5590269567307693 0.4649806081730769
1 0.529323576923077 0.38718924038461544 0.5252529519230769 0.38718924038461544 0.5252529519230769 0.3939590264423077 0.529323576923077 0.3939590264423077 0.529323576923077 0.38718924038461544
1 0.5441616658653846 0.39862784615384617 0.5368082764423077 0.39862784615384617 0.5368082764423077 0.4079654807692308 0.5441616658653846 0.4079654807692308 0.5441616658653846 0.39862784615384617
1 0.5197379110576923 0.43014236778846154 0.514748110576923 0.43014236778846154 0.514748110576923 0.4394800048076923 0.5197379110576923 0.4394800048076923 0.5197379110576923 0.43014236778846154
1 0.5992973076923077 0.4558404615384615 0.5925742115384616 0.4558404615384615 0.5925742115384616 0.4666721201923077 0.5992973076923077 0.4666721201923077 0.5992973076923077 0.4558404615384615
1 0.6941236057692308 0.23352493509615385 0.7122444567307693 0.23352493509615385 0.7122444567307693 0.21461622115384615 0.6941236057692308 0.21461622115384615 0.6941236057692308 0.23352493509615385
1 0.6006065264423077 0.06111025480769231 0.5610081995192308 0.06111025480769231 0.5610081995192308 0.09174937259615384 0.6006065264423077 0.09174937259615384 0.6006065264423077 0.06111025480769231
1 0.5386443774038462 0.046155444711538464 0.4869408629807692 0.046155444711538464 0.4869408629807692 0.09466738461538463 0.5386443774038462 0.09466738461538463 0.5386443774038462 0.046155444711538464
1 0.5607652764423077 0.03325866826923077 0.5404909326923076 0.03325866826923077 0.5404909326923076 0.05193394230769231 0.5607652764423077 0.05193394230769231 0.5607652764423077 0.03325866826923077
0 0.623300329326923 0.06542437259615384 0.6201908966346154 0.06542437259615384 0.6201908966346154 0.07842236298076923 0.623300329326923 0.07842236298076923 0.623300329326923 0.06542437259615384
0 0.9394222355769231 0.1501392139423077 0.937111170673077 0.1501392139423077 0.937111170673077 0.16078411778846155 0.9394222355769231 0.16078411778846155 0.9394222355769231 0.1501392139423077
0 0.9206227740384616 0.15846432932692306 0.9237960745192308 0.15846432932692306 0.9237960745192308 0.14756394711538462 0.9206227740384616 0.14756394711538462 0.9206227740384616 0.15846432932692306
0 0.9228817331730769 0.15760377403846154 0.9253020504807693 0.15760377403846154 0.9253020504807693 0.1491894423076923 0.9228817331730769 0.1491894423076923 0.9228817331730769 0.15760377403846154
0 0.9251944807692307 0.1598029735576923 0.9275610096153847 0.1598029735576923 0.9275610096153847 0.14765956490384616 0.9251944807692307 0.14765956490384616 0.9251944807692307 0.1598029735576923
0 0.927184516826923 0.15836871153846152 0.9303040336538462 0.15836871153846152 0.9303040336538462 0.1460340673076923 0.927184516826923 0.1460340673076923 0.927184516826923 0.15836871153846152
0 0.582284014423077 0.11335492307692308 0.5868557211538461 0.11335492307692308 0.5868557211538461 0.10427126923076924 0.582284014423077 0.10427126923076924 0.582284014423077 0.11335492307692308
0 0.5843681754807692 0.11634296634615385 0.5892760360576923 0.11634296634615385 0.5892760360576923 0.10797644471153847 0.5843681754807692 0.10797644471153847 0.5843681754807692 0.11634296634615385
0 0.6095581370192308 0.08222672115384616 0.6065327427884616 0.08222672115384616 0.6065327427884616 0.09776454807692307 0.6095581370192308 0.09776454807692307 0.6095581370192308 0.08222672115384616
0 0.6098102548076922 0.09980015384615384 0.6030031177884616 0.09980015384615384 0.6030031177884616 0.11234993750000001 0.6098102548076922 0.11234993750000001 0.6098102548076922 0.09980015384615384
0 0.6086337115384615 0.11967064423076924 0.6022467692307693 0.11967064423076924 0.6022467692307693 0.12982999278846152 0.6086337115384615 0.12982999278846152 0.6086337115384615 0.11967064423076924
0 0.91666071875 0.07911308413461539 0.9133664014423076 0.07911308413461539 0.9133664014423076 0.09058717307692307 0.91666071875 0.09058717307692307 0.91666071875 0.07911308413461539
1 0.7210196754807693 0.23373476442307692 0.7129519591346154 0.23373476442307692 0.7129519591346154 0.24792797115384616 0.7210196754807693 0.24792797115384616 0.7210196754807693 0.23373476442307692
1 0.629021560096154 0.14771562259615384 0.6177288557692309 0.14771562259615384 0.6177288557692309 0.15728669951923077 0.629021560096154 0.15728669951923077 0.629021560096154 0.14771562259615384
1 0.656042701923077 0.15742752403846155 0.6296478173076923 0.15742752403846155 0.6296478173076923 0.17463524038461536 0.656042701923077 0.17463524038461536 0.656042701923077 0.15742752403846155
1 0.6364220120192308 0.1905241201923077 0.6444251875 0.1905241201923077 0.6444251875 0.17463524038461536 0.6364220120192308 0.17463524038461536 0.6364220120192308 0.1905241201923077
0 0.6594763173076923 0.12637998076923077 0.6571528149038461 0.12637998076923077 0.6571528149038461 0.13540626442307693 0.6594763173076923 0.13540626442307693 0.6594763173076923 0.12637998076923077
1 0.6180398870192308 0.11644442067307693 0.6284396802884615 0.11644442067307693 0.6284396802884615 0.09795589903846154 0.6180398870192308 0.09795589903846154 0.6180398870192308 0.11644442067307693
1 0.6272841466346153 0.12428803365384616 0.6177247403846154 0.12428803365384616 0.6177247403846154 0.14090902884615383 0.6272841466346153 0.14090902884615383 0.6272841466346153 0.12428803365384616
1 0.6391787788461538 0.1257229639423077 0.6315816778846154 0.1257229639423077 0.6315816778846154 0.14616118028846153 0.6391787788461538 0.14616118028846153 0.6391787788461538 0.1257229639423077
1 0.757474920673077 0.28237933413461536 0.7457095 0.28237933413461536 0.7457095 0.29900032692307693 0.757474920673077 0.29900032692307693 0.757474920673077 0.28237933413461536
1 0.8329581346153846 0.3167400096153846 0.8164130096153847 0.3167400096153846 0.8164130096153847 0.3342480793269231 0.8329581346153846 0.3342480793269231 0.8329581346153846 0.3167400096153846
0 0.7954080048076922 0.2956722620192308 0.7926111947115384 0.2956722620192308 0.7926111947115384 0.3027479495192308 0.7954080048076922 0.3027479495192308 0.7954080048076922 0.2956722620192308
1 0.7520289399038462 0.24638005288461537 0.7599285817307693 0.24638005288461537 0.7599285817307693 0.23368086778846153 0.7520289399038462 0.23368086778846153 0.7520289399038462 0.24638005288461537
1 0.6666638918269231 0.1401324110576923 0.6505914831730769 0.1401324110576923 0.6505914831730769 0.15742752403846155 0.6666638918269231 0.15742752403846155 0.6666638918269231 0.1401324110576923