1 0.15460147596153848 0.024249040865384614 0.012899512019230768 0.024249040865384614 0.012899512019230768 0.10776420673076922 0.15460147596153848 0.10776420673076922 0.15460147596153848 0.024249040865384614
0 0.7783981634615385 0.7307052091346153 0.7552945817307692 0.7307052091346153 0.7552945817307692 0.8306495889423077 0.7783981634615385 0.8306495889423077 0.7783981634615385 0.7307052091346153
0 0.6952252716346153 0.8320186899038462 0.6775125264423077 0.8320186899038462 0.6775125264423077 0.9607141923076923 0.6952252716346153 0.9607141923076923 0.6952252716346153 0.8320186899038462
0 0.7036965841346153 0.7950529591346154 0.6821332427884615 0.7950529591346154 0.6821332427884615 0.8566625096153846 0.7036965841346153 0.8566625096153846 0.7036965841346153 0.7950529591346154
0 0.6705814519230769 0.8429714975961539 0.6390065576923077 0.8429714975961539 0.6390065576923077 0.97714340625 0.6705814519230769 0.97714340625 0.6705814519230769 0.8429714975961539
0 0.6212938125 0.8566625096153846 0.5927993966346153 0.8566625096153846 0.5927993966346153 0.9675596971153847 0.6212938125 0.9675596971153847 0.6212938125 0.8566625096153846
0 0.678075875 0.7721484831730769 0.6604111850961538 0.7721484831730769 0.6604111850961538 0.8188056971153846 0.678075875 0.8188056971153846 0.678075875 0.7721484831730769
0 0.6616729495192307 0.8044496322115384 0.6498123725961539 0.8044496322115384 0.6498123725961539 0.8429714975961539 0.6616729495192307 0.8429714975961539 0.6616729495192307 0.8044496322115384
0 0.6498123725961539 0.8152166802884615 0.6361853245192308 0.8152166802884615 0.6361853245192308 0.8429714975961539 0.6498123725961539 0.8429714975961539 0.6498123725961539 0.8152166802884615
0 0.6349235624999999 0.7640731971153846 0.6157447548076923 0.7640731971153846 0.6157447548076923 0.7954770913461539 0.6349235624999999 0.7954770913461539 0.6349235624999999 0.7640731971153846
0 0.6106977019230769 0.7402959639423077 0.5915188942307692 0.7402959639423077 0.5915188942307692 0.772597110576923 0.6106977019230769 0.772597110576923 0.6106977019230769 0.7402959639423077
0 0.605903 0.7730457379807691 0.5874812524038462 0.7730457379807691 0.5874812524038462 0.8048982572115384 0.605903 0.8048982572115384 0.605903 0.7730457379807691
0 0.5905094831730769 0.7447822331730769 0.5766300841346154 0.7447822331730769 0.5766300841346154 0.7779806370192308 0.5905094831730769 0.7779806370192308 0.5905094831730769 0.7447822331730769
0 0.57511596875 0.7492685048076922 0.5609842163461539 0.7492685048076922 0.5609842163461539 0.7820182788461539 0.57511596875 0.7820182788461539 0.57511596875 0.7492685048076922
0 0.566788329326923 0.8452746923076924 0.5501330504807692 0.8452746923076924 0.5501330504807692 0.8807162307692308 0.566788329326923 0.8807162307692308 0.566788329326923 0.8452746923076924
0 0.5723400889423077 0.8035523774038461 0.5577036322115384 0.8035523774038461 0.5577036322115384 0.8398911682692307 0.5723400889423077 0.8398911682692307 0.5723400889423077 0.8035523774038461
0 0.5677977403846154 0.7757375 0.5549277499999999 0.7757375 0.5549277499999999 0.8111790360576923 0.5677977403846154 0.8111790360576923 0.5677977403846154 0.7757375
0 0.5589653942307693 0.7564465360576923 0.5445812908653846 0.7564465360576923 0.5445812908653846 0.7950284639423076 0.5589653942307693 0.7950284639423076 0.5589653942307693 0.7564465360576923
0 0.5609842163461539 0.7241453894230769 0.5418054110576923 0.7241453894230769 0.5418054110576923 0.76900809375 0.5609842163461539 0.76900809375 0.5609842163461539 0.7241453894230769
0 0.5602271586538461 0.806692766826923 0.5387771778846153 0.806692766826923 0.5387771778846153 0.8452746923076924 0.5602271586538461 0.8452746923076924 0.5602271586538461 0.806692766826923
0 0.5483665817307692 0.7788778894230769 0.5337301225961538 0.7788778894230769 0.5337301225961538 0.8161139350961538 0.5483665817307692 0.8161139350961538 0.5483665817307692 0.7788778894230769
0 0.5271689519230769 0.7734943653846155 0.5137942596153846 0.7734943653846155 0.5137942596153846 0.8057955120192308 0.5271689519230769 0.8057955120192308 0.5271689519230769 0.7734943653846155
0 0.5248977788461539 0.8273296105769231 0.50647603125 0.8273296105769231 0.50647603125 0.8708464350961538 0.5248977788461539 0.8708464350961538 0.5248977788461539 0.8273296105769231
0 0.5042048557692308 0.8358535240384615 0.4903254567307692 0.8358535240384615 0.4903254567307692 0.8753327067307691 0.5042048557692308 0.8753327067307691 0.5042048557692308 0.8358535240384615
0 0.5001672115384616 0.7865045504807693 0.4819978173076923 0.7865045504807693 0.4819978173076923 0.8493123365384616 0.5001672115384616 0.8493123365384616 0.5001672115384616 0.7865045504807693
0 0.4842689903846154 0.8318158822115385 0.46231430528846157 0.8318158822115385 0.46231430528846157 0.881613483173077 0.4842689903846154 0.881613483173077 0.4842689903846154 0.8318158822115385
0 0.4797266418269231 0.7990661081730769 0.46256665865384616 0.7990661081730769 0.46256665865384616 0.8318158822115385 0.4797266418269231 0.8318158822115385 0.4797266418269231 0.7990661081730769
0 0.3848420216346154 0.6299337091346153 0.36742968509615387 0.6299337091346153 0.36742968509615387 0.6958818870192308 0.3848420216346154 0.6958818870192308 0.3848420216346154 0.6299337091346153
0 0.36818674278846153 0.6335227259615385 0.352540875 0.6335227259615385 0.352540875 0.7030599182692308 0.36818674278846153 0.7030599182692308 0.36818674278846153 0.6335227259615385
0 0.44035961778846155 0.7470253701923077 0.4262278677884615 0.7470253701923077 0.4262278677884615 0.7874018028846154 0.44035961778846155 0.7874018028846154 0.44035961778846155 0.7470253701923077
0 0.4353125649038461 0.7129297139423076 0.4199190480769231 0.7129297139423076 0.4199190480769231 0.7533061490384616 0.4353125649038461 0.7533061490384616 0.4353125649038461 0.7129297139423076
0 0.4224425769230769 0.7349124399038461 0.41007729326923076 0.7349124399038461 0.41007729326923076 0.7775320072115384 0.4224425769230769 0.7775320072115384 0.4224425769230769 0.7349124399038461
0 0.41007729326923076 0.72773440625 0.3924126033653846 0.72773440625 0.3924126033653846 0.7604841802884615 0.41007729326923076 0.7604841802884615 0.41007729326923076 0.72773440625
0 0.3924126033653846 0.7129297139423076 0.37878555528846153 0.7129297139423076 0.37878555528846153 0.7407445913461538 0.3924126033653846 0.7407445913461538 0.3924126033653846 0.7129297139423076
0 0.3818137884615385 0.8022064951923077 0.3628873365384615 0.8022064951923077 0.3628873365384615 0.8461719471153846 0.3818137884615385 0.8461719471153846 0.3818137884615385 0.8022064951923077
0 0.402254358173077 0.7963743437499999 0.3828231995192307 0.7963743437499999 0.3828231995192307 0.8430315576923076 0.402254358173077 0.8430315576923076 0.402254358173077 0.7963743437499999
0 0.4211808125 0.7694567211538461 0.3994784783653846 0.7694567211538461 0.3994784783653846 0.8223947139423077 0.4211808125 0.8223947139423077 0.4211808125 0.7694567211538461
0 0.3553167548076923 0.7995147331730769 0.34168970673076926 0.7995147331730769 0.34168970673076926 0.8425829302884615 0.3553167548076923 0.8425829302884615 0.3553167548076923 0.7995147331730769
0 0.3391661802884615 0.806692766826923 0.32680089663461537 0.806692766826923 0.32680089663461537 0.8327131370192308 0.3391661802884615 0.8327131370192308 0.3391661802884615 0.806692766826923
0 0.32680089663461537 0.7788778894230769 0.31418326201923075 0.7788778894230769 0.31418326201923075 0.8170111899038462 0.32680089663461537 0.8170111899038462 0.32680089663461537 0.7788778894230769
0 0.3994784783653846 0.7631759447115385 0.39039378125 0.7631759447115385 0.39039378125 0.8004119879807692 0.3994784783653846 0.8004119879807692 0.3994784783653846 0.7631759447115385
0 0.39039378125 0.7407445913461538 0.37878555528846153 0.7407445913461538 0.37878555528846153 0.7882990576923077 0.39039378125 0.7882990576923077 0.39039378125 0.7407445913461538
0 0.3568308701923077 0.7546520288461539 0.3449702932692308 0.7546520288461539 0.3449702932692308 0.7869531778846154 0.3568308701923077 0.7869531778846154 0.3568308701923077 0.7546520288461539
0 0.33235265625 0.7461281153846154 0.3194826682692308 0.7461281153846154 0.3194826682692308 0.7806723990384616 0.33235265625 0.7806723990384616 0.33235265625 0.7461281153846154
0 0.3449702932692308 0.7367069471153846 0.334119125 0.7367069471153846 0.334119125 0.7748402451923078 0.3449702932692308 0.7748402451923078 0.3449702932692308 0.7367069471153846
0 0.3404279447115384 0.7012654110576922 0.3262961923076923 0.7012654110576922 0.3262961923076923 0.7367069471153846 0.3404279447115384 0.7367069471153846 0.3404279447115384 0.7012654110576922
0 0.2934903389423077 0.7568951658653845 0.28213446634615386 0.7568951658653845 0.28213446634615386 0.7972715985576924 0.2934903389423077 0.7972715985576924 0.2934903389423077 0.7568951658653845
0 0.3073697379807692 0.7595869278846153 0.3000515096153846 0.7595869278846153 0.3000515096153846 0.79592571875 0.3073697379807692 0.79592571875 0.3073697379807692 0.7595869278846153
0 0.3169591418269231 0.7721484831730769 0.3086315024038461 0.7721484831730769 0.3086315024038461 0.8111790360576923 0.3169591418269231 0.8111790360576923 0.3169591418269231 0.7721484831730769
0 0.7565346899038462 0.7718711009615385 0.7297032403846154 0.7718711009615385 0.7297032403846154 0.860044485576923 0.7565346899038462 0.860044485576923 0.7565346899038462 0.7718711009615385
0 0.2727791153846154 0.7162285552884615 0.25672948076923074 0.7162285552884615 0.25672948076923074 0.76499953125 0.2727791153846154 0.76499953125 0.2727791153846154 0.7162285552884615
0 0.41965191586538464 0.7072706201923077 0.40901436778846156 0.7072706201923077 0.40901436778846156 0.7349124399038461 0.41965191586538464 0.7349124399038461 0.41965191586538464 0.7072706201923077
0 0.4605224927884616 0.8280368485576923 0.44521935336538465 0.8280368485576923 0.44521935336538465 0.877471375 0.4605224927884616 0.877471375 0.4605224927884616 0.8280368485576923
0 0.5402107836538461 0.8273296105769231 0.5248977788461539 0.8273296105769231 0.5248977788461539 0.8708358701923077 0.5402107836538461 0.8708358701923077 0.5402107836538461 0.8273296105769231
0 0.5370381826923076 0.8057955120192308 0.5271689519230769 0.8057955120192308 0.5271689519230769 0.8313546009615386 0.5370381826923076 0.8313546009615386 0.5370381826923076 0.8057955120192308
0 0.5693240721153846 0.8048125745192307 0.5846272091346154 0.8048125745192307 0.5846272091346154 0.7746210168269231 0.5693240721153846 0.7746210168269231 0.5693240721153846 0.8048125745192307
0 0.57492278125 0.8280368485576923 0.5861201995192308 0.8280368485576923 0.5947048846153846 0.8280368485576923 0.5947048846153846 0.7918733341346154 0.57492278125 0.7918733341346154 0.57492278125 0.8280368485576923
0 0.5704438125 0.8655274639423076 0.5877998100961539 0.8655274639423076 0.5877998100961539 0.8253826442307692 0.5704438125 0.8253826442307692 0.5704438125 0.8655274639423076
0 0.60888828125 0.8107845312499999 0.5902259182692308 0.8107845312499999 0.5902259182692308 0.8602190576923078 0.60888828125 0.8602190576923078 0.60888828125 0.8107845312499999
0 0.61336725 0.8300275 0.6294168822115385 0.8300275 0.6294168822115385 0.7908780096153846 0.61336725 0.7908780096153846 0.61336725 0.8300275
0 0.6523715889423076 0.75272384375 0.6348289663461538 0.75272384375 0.6348289663461538 0.8011630456730768 0.6523715889423076 0.8011630456730768 0.6523715889423076 0.75272384375
0 0.6264309038461539 0.7328173221153846 0.6113143894230769 0.7328173221153846 0.6113143894230769 0.7759481177884615 0.6264309038461539 0.7759481177884615 0.6264309038461539 0.7328173221153846
0 0.32025095673076925 0.7339348076923078 0.3072440168269231 0.7339348076923078 0.3072440168269231 0.77504315625 0.32025095673076925 0.77504315625 0.32025095673076925 0.7339348076923078
1 0.37888228365384613 0.7415208125 0.3564814471153846 0.7415208125 0.3564814471153846 0.8004305432692308 0.37888228365384613 0.8004305432692308 0.37888228365384613 0.7415208125