0 0.018400536057692308 0.6547868389423077 0.013875764423076923 0.6547868389423077 0.013875764423076923 0.671348096153846 0.018400536057692308 0.671348096153846 0.018400536057692308 0.6547868389423077
0 0.032773341346153846 0.657152733173077 0.02718391826923077 0.657152733173077 0.02718391826923077 0.6689822043269231 0.032773341346153846 0.6689822043269231 0.032773341346153846 0.657152733173077
0 0.04528300480769231 0.652894125 0.03889509134615384 0.652894125 0.03889509134615384 0.6637772379807692 0.04528300480769231 0.6637772379807692 0.04528300480769231 0.652894125
0 0.03756427644230769 0.657152733173077 0.032773341346153846 0.657152733173077 0.032773341346153846 0.6685090240384616 0.03756427644230769 0.6685090240384616 0.03756427644230769 0.657152733173077
0 0.057526507211538465 0.6514745889423076 0.05087243028846154 0.6514745889423076 0.05087243028846154 0.6699285600961539 0.057526507211538465 0.6699285600961539 0.057526507211538465 0.6514745889423076
0 0.0718993125 0.651947766826923 0.06684221394230769 0.651947766826923 0.06684221394230769 0.6666163100961539 0.0718993125 0.6666163100961539 0.0718993125 0.651947766826923
0 0.12042403365384616 0.6359067379807691 0.11783480048076923 0.6359067379807691 0.11783480048076923 0.6472933100961539 0.12042403365384616 0.6472933100961539 0.12042403365384616 0.6359067379807691
0 0.12846428846153846 0.6317881899038462 0.12437602403846154 0.6317881899038462 0.12437602403846154 0.6446283677884614 0.12846428846153846 0.6446283677884614 0.12846428846153846 0.6317881899038462
0 0.2000509735576923 0.5922569399038461 0.19500877884615386 0.5922569399038461 0.19500877884615386 0.6053393870192308 0.2000509735576923 0.6053393870192308 0.2000509735576923 0.5922569399038461
0 0.21717451923076922 0.5376157980769231 0.21423096874999997 0.5376157980769231 0.21423096874999997 0.5500198942307692 0.21717451923076922 0.5500198942307692 0.21717451923076922 0.5376157980769231
0 0.26675566105769233 0.6098500552884615 0.2631579879807692 0.6098500552884615 0.2631579879807692 0.6232232259615385 0.26675566105769233 0.6232232259615385 0.26675566105769233 0.6098500552884615
0 0.2694811706730769 0.60674903125 0.2658834975961538 0.60674903125 0.2658834975961538 0.6154706634615384 0.2694811706730769 0.6154706634615384 0.2694811706730769 0.60674903125
0 0.28343577884615384 0.604810891826923 0.2804922283653846 0.604810891826923 0.2804922283653846 0.6191531298076923 0.28343577884615384 0.6191531298076923 0.28343577884615384 0.604810891826923
0 0.28343577884615384 0.6176026177884615 0.2865973701923077 0.6176026177884615 0.2865973701923077 0.604810891826923 0.28343577884615384 0.604810891826923 0.28343577884615384 0.6176026177884615
0 0.2583610889423077 0.6174088028846154 0.2550904783653846 0.6174088028846154 0.2550904783653846 0.6290376442307692 0.2583610889423077 0.6290376442307692 0.2583610889423077 0.6174088028846154
0 0.17350082211538462 0.6205477596153847 0.17104481009615385 0.6205477596153847 0.17104481009615385 0.6301733389423076 0.17350082211538462 0.6301733389423076 0.17350082211538462 0.6205477596153847
0 0.17830120673076924 0.6215400889423077 0.175175375 0.6215400889423077 0.175175375 0.6305702716346153 0.17830120673076924 0.6305702716346153 0.17830120673076924 0.6215400889423077
0 0.18377141346153847 0.6104260168269231 0.18187358653846156 0.6104260168269231 0.18187358653846156 0.6185631057692308 0.18377141346153847 0.6185631057692308 0.18377141346153847 0.6104260168269231
1 0.18041968990384616 0.598001983173077 0.1633852548076923 0.598001983173077 0.1633852548076923 0.6195637932692308 0.18041968990384616 0.6195637932692308 0.18041968990384616 0.598001983173077
1 0.1605745721153846 0.59364765625 0.13906859615384615 0.59364765625 0.13906859615384615 0.62279546875 0.1605745721153846 0.62279546875 0.1605745721153846 0.59364765625
0 0.40049353605769233 0.5890556466346154 0.39543643749999996 0.5890556466346154 0.39543643749999996 0.6051437259615384 0.40049353605769233 0.6051437259615384 0.40049353605769233 0.5890556466346154
0 0.2940283125 0.6094023341346154 0.29030202884615386 0.6094023341346154 0.29030202884615386 0.6212318028846154 0.2940283125 0.6212318028846154 0.2940283125 0.6094023341346154
0 0.2756630600961538 0.6183927307692307 0.2716706129807692 0.6183927307692307 0.2716706129807692 0.6377930600961539 0.2756630600961538 0.6377930600961539 0.2756630600961538 0.6183927307692307
0 0.36642466346153846 0.5862165745192308 0.3616337283653846 0.5862165745192308 0.3616337283653846 0.5989924014423077 0.36642466346153846 0.5989924014423077 0.36642466346153846 0.5862165745192308
0 0.3762726971153846 0.5866897524038461 0.3709494375 0.5866897524038461 0.3709494375 0.6027778317307693 0.3762726971153846 0.6027778317307693 0.3762726971153846 0.5866897524038461
0 0.3834591009615385 0.5914215408653847 0.37866816586538465 0.5914215408653847 0.37866816586538465 0.6056169038461539 0.3834591009615385 0.6056169038461539 0.3834591009615385 0.5914215408653847
0 0.35151953365384614 0.5942606129807693 0.3445992932692308 0.5942606129807693 0.3445992932692308 0.6136609447115384 0.35151953365384614 0.6136609447115384 0.35151953365384614 0.5942606129807693
0 0.4723575625 0.607982798076923 0.46863128125000003 0.607982798076923 0.46863128125000003 0.6226513389423077 0.4723575625 0.6226513389423077 0.4723575625 0.607982798076923
0 0.48060861778846153 0.6056169038461539 0.47714849759615385 0.6056169038461539 0.47714849759615385 0.6245440552884615 0.48060861778846153 0.6245440552884615 0.48060861778846153 0.6056169038461539
0 0.38079746875 0.6131877644230769 0.3773373509615385 0.6131877644230769 0.3773373509615385 0.6269099495192307 0.38079746875 0.6269099495192307 0.38079746875 0.6131877644230769
0 0.3773373509615385 0.60892915625 0.37015094711538465 0.60892915625 0.37015094711538465 0.6269099495192307 0.3773373509615385 0.6269099495192307 0.3773373509615385 0.60892915625
0 0.55478053125 0.5678681923076924 0.5504197163461538 0.5678681923076924 0.5504197163461538 0.5782856947115385 0.55478053125 0.5782856947115385 0.55478053125 0.5678681923076924
0 0.5290244639423076 0.5639919110576923 0.5265715072115384 0.5639919110576923 0.5265715072115384 0.5768320889423078 0.5290244639423076 0.5768320889423078 0.5290244639423076 0.5639919110576923
0 0.5272528822115384 0.5654455168269231 0.5231646177884616 0.5654455168269231 0.5231646177884616 0.5826465120192308 0.5272528822115384 0.5826465120192308 0.5272528822115384 0.5654455168269231
0 0.524379076923077 0.5533789182692308 0.5206113317307692 0.5533789182692308 0.5206113317307692 0.5672715072115385 0.524379076923077 0.5672715072115385 0.524379076923077 0.5533789182692308
0 0.5784651129807693 0.5716319927884616 0.5747175384615384 0.5716319927884616 0.5747175384615384 0.5849567091346154 0.5784651129807693 0.5849567091346154 0.5784651129807693 0.5716319927884616
0 0.6154298389423077 0.5483137427884615 0.6115119182692308 0.5483137427884615 0.6115119182692308 0.559821451923077 0.6154298389423077 0.559821451923077 0.6154298389423077 0.5483137427884615
0 0.5978843701923077 0.5392287115384615 0.5920926610576923 0.5392287115384615 0.5920926610576923 0.55013075 0.5978843701923077 0.55013075 0.5978843701923077 0.5392287115384615
0 0.7519062812499999 0.5243151225961539 0.7473274254807692 0.5243151225961539 0.7473274254807692 0.5390449903846154 0.7519062812499999 0.5390449903846154 0.7519062812499999 0.5243151225961539
0 0.7822463125 0.5293439038461538 0.777987704326923 0.5293439038461538 0.777987704326923 0.5422143677884615 0.7822463125 0.5422143677884615 0.7822463125 0.5293439038461538
0 0.7918281826923077 0.5251799302884615 0.7886342259615385 0.5251799302884615 0.7886342259615385 0.5372933076923077 0.7918281826923077 0.5372933076923077 0.7918281826923077 0.5251799302884615
0 0.8014100552884614 0.5365362211538461 0.796938514423077 0.5365362211538461 0.796938514423077 0.5501637716346154 0.8014100552884614 0.5501637716346154 0.8014100552884614 0.5365362211538461
0 0.6732259230769231 0.5524350288461538 0.6702448966346153 0.5524350288461538 0.6702448966346153 0.5622771490384616 0.6732259230769231 0.5622771490384616 0.6732259230769231 0.5524350288461538
0 0.6849370985576922 0.5543277451923078 0.6819560721153847 0.5543277451923078 0.6819560721153847 0.5649269495192308 0.6849370985576922 0.5649269495192308 0.6849370985576922 0.5543277451923078
0 0.6570142524038461 0.5299629855769231 0.6511271514423077 0.5299629855769231 0.6511271514423077 0.5431423389423077 0.6570142524038461 0.5431423389423077 0.6570142524038461 0.5299629855769231
0 0.6372815625 0.5499258317307693 0.633683889423077 0.5499258317307693 0.633683889423077 0.5598103461538462 0.6372815625 0.5598103461538462 0.6372815625 0.5499258317307693
0 0.6421874783653846 0.5501196442307692 0.6386988269230769 0.5501196442307692 0.6386988269230769 0.5605856009615384 0.6421874783653846 0.5605856009615384 0.6421874783653846 0.5501196442307692
0 0.6461122139423078 0.5508948990384616 0.6432776826923077 0.5508948990384616 0.6432776826923077 0.5605856009615384 0.6461122139423078 0.5605856009615384 0.6461122139423078 0.5508948990384616
0 0.6465482956730769 0.5603917884615385 0.6498189062499999 0.5603917884615385 0.6498189062499999 0.5491505745192308 0.6465482956730769 0.5491505745192308 0.6465482956730769 0.5603917884615385
0 0.660786358173077 0.5614494591346154 0.657384920673077 0.5614494591346154 0.657384920673077 0.5736985048076924 0.660786358173077 0.5736985048076924 0.660786358173077 0.5614494591346154
0 0.8491300793269231 0.4973550745192308 0.8446053052884616 0.4973550745192308 0.8446053052884616 0.5106040793269231 0.8491300793269231 0.5106040793269231 0.8491300793269231 0.4973550745192308
0 0.869890798076923 0.5124967956730769 0.8650998629807692 0.5124967956730769 0.8650998629807692 0.5257458004807692 0.869890798076923 0.5257458004807692 0.869890798076923 0.5124967956730769
0 0.9006486009615385 0.4954163942307692 0.9006486009615385 0.48693702884615386 0.8975824038461538 0.48693702884615386 0.8975824038461538 0.4954163942307692 0.8999122572115384 0.4954163942307692 0.9006486009615385 0.4954163942307692
0 0.9060996225961537 0.48935970673076923 0.9035444567307693 0.48935970673076923 0.9035444567307693 0.49814190384615387 0.9060996225961537 0.49814190384615387 0.9060996225961537 0.48935970673076923
0 0.8783334903846154 0.48542285817307695 0.8756079807692309 0.48542285817307695 0.8756079807692309 0.4935993870192308 0.8783334903846154 0.4935993870192308 0.8783334903846154 0.48542285817307695
0 0.8914500072115386 0.49753623317307694 0.8883838076923076 0.49753623317307694 0.8883838076923076 0.5066212668269231 0.8914500072115386 0.5066212668269231 0.8914500072115386 0.49753623317307694
0 0.9270519783653846 0.5190374783653846 0.9241561249999999 0.5190374783653846 0.9241561249999999 0.5284253461538462 0.9270519783653846 0.5284253461538462 0.9270519783653846 0.5190374783653846
0 0.9618022283653846 0.5087411081730769 0.9582249951923077 0.5087411081730769 0.9582249951923077 0.5190374783653846 0.9618022283653846 0.5190374783653846 0.9618022283653846 0.5087411081730769
0 0.9747483990384616 0.5041985913461539 0.9716821995192307 0.5041985913461539 0.9716821995192307 0.5154034639423076 0.9747483990384616 0.5154034639423076 0.9747483990384616 0.5041985913461539
0 0.9979152307692308 0.49814190384615387 0.9958710985576923 0.49814190384615387 0.9958710985576923 0.5078326057692307 0.9979152307692308 0.5078326057692307 0.9979152307692308 0.49814190384615387
0 0.929266454326923 0.49481072596153847 0.9273926658653846 0.49481072596153847 0.9273926658653846 0.5026844182692307 0.929266454326923 0.5026844182692307 0.929266454326923 0.49481072596153847
0 0.929266454326923 0.5075297692307692 0.9328436875 0.5075297692307692 0.9328436875 0.49783906971153846 0.929266454326923 0.49783906971153846 0.929266454326923 0.5075297692307692
1 0.05573365384615384 0.7964217403846153 0.04907957692307692 0.7964217403846153 0.04907957692307692 0.8112085769230769 0.05573365384615384 0.8112085769230769 0.05573365384615384 0.7964217403846153
1 0.007824302884615384 0.807659735576923 0.0018356322115384617 0.807659735576923 0.0018356322115384617 0.8194892043269231 0.007824302884615384 0.8194892043269231 0.007824302884615384 0.807659735576923
1 0.0597260985576923 0.7402317596153847 0.051075800480769235 0.7402317596153847 0.051075800480769235 0.7496953341346154 0.0597260985576923 0.7496953341346154 0.0597260985576923 0.7402317596153847
1 0.08467888701923076 0.7142069278846154 0.07835751442307691 0.7142069278846154 0.07835751442307691 0.7301767091346154 0.08467888701923076 0.7301767091346154 0.08467888701923076 0.7142069278846154
1 0.09931785576923077 0.6680719951923078 0.0900021466346154 0.6680719951923078 0.0900021466346154 0.6852247259615385 0.09931785576923077 0.6852247259615385 0.09931785576923077 0.6680719951923078
1 0.1259341610576923 0.6686634687499999 0.11861467548076923 0.6686634687499999 0.11861467548076923 0.6875906201923077 0.1259341610576923 0.6875906201923077 0.1259341610576923 0.6686634687499999
1 0.21975663942307694 0.7402317596153847 0.21243715625 0.7402317596153847 0.21243715625 0.7603418581730769 0.21975663942307694 0.7603418581730769 0.21975663942307694 0.7402317596153847
1 0.18083029326923078 0.8088426826923077 0.17484162259615385 0.8088426826923077 0.17484162259615385 0.8248124663461538 0.18083029326923078 0.8248124663461538 0.18083029326923078 0.8088426826923077
1 0.1269322716346154 0.7550185961538461 0.1212763076923077 0.7550185961538461 0.1212763076923077 0.7668480649038462 0.1269322716346154 0.7668480649038462 0.1269322716346154 0.7550185961538461
1 0.24670565144230772 0.6704378894230769 0.24138238942307694 0.6704378894230769 0.24138238942307694 0.68818209375 0.24670565144230772 0.68818209375 0.24670565144230772 0.6704378894230769
1 0.22308367788461536 0.6485533701923077 0.2177604182692308 0.6485533701923077 0.2177604182692308 0.666297576923077 0.22308367788461536 0.666297576923077 0.22308367788461536 0.6485533701923077
1 0.1911441105769231 0.6379068485576924 0.18681896153846156 0.6379068485576924 0.18681896153846156 0.6521022115384615 0.1911441105769231 0.6521022115384615 0.1911441105769231 0.6379068485576924
1 0.18781707211538462 0.6615657884615385 0.18149569951923078 0.6615657884615385 0.18149569951923078 0.6739867307692309 0.18781707211538462 0.6739867307692309 0.18781707211538462 0.6615657884615385
1 0.18149569951923078 0.6420471634615385 0.1745089206730769 0.6420471634615385 0.1745089206730769 0.6615657884615385 0.18149569951923078 0.6615657884615385 0.18149569951923078 0.6420471634615385
1 0.1735108076923077 0.6639316802884616 0.1648605096153846 0.6639316802884616 0.1648605096153846 0.6716208365384616 0.1735108076923077 0.6716208365384616 0.1735108076923077 0.6639316802884616
1 0.1648605096153846 0.6515107379807692 0.15920454326923078 0.6515107379807692 0.15920454326923078 0.6639316802884616 0.1648605096153846 0.6639316802884616 0.1648605096153846 0.6515107379807692
1 0.2034541514423077 0.6550595793269232 0.19846359615384615 0.6550595793269232 0.19846359615384615 0.66452315625 0.2034541514423077 0.66452315625 0.2034541514423077 0.6550595793269232
1 0.3651482139423077 0.6154308581730769 0.3578287283653846 0.6154308581730769 0.3578287283653846 0.6319921129807693 0.3651482139423077 0.6319921129807693 0.3651482139423077 0.6154308581730769
1 0.36381739903846155 0.6390897956730769 0.35949224759615384 0.6390897956730769 0.35949224759615384 0.6538766322115385 0.36381739903846155 0.6538766322115385 0.36381739903846155 0.6390897956730769
1 0.3189023798076923 0.6154308581730769 0.3139118245192308 0.6154308581730769 0.3139118245192308 0.6296262211538461 0.3189023798076923 0.6296262211538461 0.3189023798076923 0.6154308581730769
1 0.31224830528846154 0.62548590625 0.3052615240384615 0.62548590625 0.3052615240384615 0.6367239014423076 0.31224830528846154 0.6367239014423076 0.31224830528846154 0.62548590625
1 0.3079231538461539 0.6479618990384615 0.3045961153846154 0.6479618990384615 0.3045961153846154 0.6580169471153846 0.3079231538461539 0.6580169471153846 0.3079231538461539 0.6479618990384615
1 0.3169061586538462 0.6633402091346153 0.31091748798076924 0.6633402091346153 0.31091748798076924 0.6739867307692309 0.3169061586538462 0.6739867307692309 0.3169061586538462 0.6633402091346153
1 0.30559422836538463 0.6781270456730769 0.29927285576923074 0.6781270456730769 0.29927285576923074 0.6852247259615385 0.30559422836538463 0.6852247259615385 0.30559422836538463 0.6781270456730769
1 0.2889590360576923 0.6408642163461539 0.2869628125 0.6408642163461539 0.2869628125 0.64500453125 0.2889590360576923 0.64500453125 0.2889590360576923 0.6408642163461539
1 0.2962785216346154 0.6337665336538462 0.29095525961538465 0.6337665336538462 0.29095525961538465 0.6461874783653846 0.2962785216346154 0.6461874783653846 0.2962785216346154 0.6337665336538462
1 0.314411125 0.7632803870192307 0.30972665625 0.7632803870192307 0.30972665625 0.7788006490384615 0.314411125 0.7788006490384615 0.314411125 0.7632803870192307
1 0.3220766225961539 0.7685799879807692 0.31675336057692305 0.7685799879807692 0.31675336057692305 0.7829646225961538 0.3220766225961539 0.7829646225961538 0.3220766225961539 0.7685799879807692
1 0.3374076153846154 0.7663087307692307 0.3320843533653846 0.7663087307692307 0.3320843533653846 0.7822075360576922 0.3374076153846154 0.7822075360576922 0.3374076153846154 0.7663087307692307
1 0.3271869519230769 0.7909140264423077 0.32314127403846155 0.7909140264423077 0.32314127403846155 0.8015132307692308 0.3271869519230769 0.8015132307692308 0.3271869519230769 0.7909140264423077
1 0.26576673076923074 0.7927383004807692 0.26044346875 0.7927383004807692 0.26044346875 0.8069336658653847 0.26576673076923074 0.8069336658653847 0.26576673076923074 0.7927383004807692
1 0.370729798076923 0.7386946298076923 0.3667373509615385 0.7386946298076923 0.3667373509615385 0.7493411538461537 0.370729798076923 0.7493411538461537 0.370729798076923 0.7386946298076923
1 0.3331342668269231 0.7091209567307692 0.3281437067307692 0.7091209567307692 0.3281437067307692 0.716218639423077 0.3331342668269231 0.716218639423077 0.3331342668269231 0.7091209567307692
1 0.3331342668269231 0.7239077932692308 0.33812482211538464 0.7239077932692308 0.33812482211538464 0.71444421875 0.3331342668269231 0.71444421875 0.3331342668269231 0.7239077932692308
1 0.39135743509615384 0.7327798966346154 0.38603417307692306 0.7327798966346154 0.38603417307692306 0.7422434711538461 0.39135743509615384 0.7422434711538461 0.39135743509615384 0.7327798966346154
1 0.3436776538461539 0.6391526394230769 0.34010042307692306 0.6391526394230769 0.34010042307692306 0.656414201923077 0.3436776538461539 0.656414201923077 0.3436776538461539 0.6391526394230769
1 0.3492990192307692 0.6406668125 0.3450404110576923 0.6406668125 0.3450404110576923 0.6527801899038461 0.3492990192307692 0.6527801899038461 0.3492990192307692 0.6406668125
1 0.3504914302884616 0.62340525 0.3457217860576923 0.62340525 0.3457217860576923 0.6400611442307693 0.3504914302884616 0.6400611442307693 0.3504914302884616 0.62340525
1 0.3457217860576923 0.6191655697115385 0.3395893894230769 0.6191655697115385 0.3395893894230769 0.6327931177884616 0.3457217860576923 0.6327931177884616 0.3457217860576923 0.6191655697115385
1 0.3341383701923077 0.6355186274038461 0.33192389423076923 0.6355186274038461 0.33192389423076923 0.6421809831730769 0.3341383701923077 0.6421809831730769 0.3341383701923077 0.6355186274038461
1 0.17221225 0.7176491850961538 0.16582433653846154 0.7176491850961538 0.16582433653846154 0.728248391826923 0.17221225 0.728248391826923 0.17221225 0.7176491850961538
1 0.2326844951923077 0.6718454807692308 0.22778709615384615 0.6718454807692308 0.22778709615384615 0.6854730288461539 0.2326844951923077 0.6854730288461539 0.2326844951923077 0.6718454807692308
1 0.6600148317307692 0.6733612283653846 0.6540527788461539 0.6733612283653846 0.6540527788461539 0.6854746057692308 0.6600148317307692 0.6854746057692308 0.6600148317307692 0.6733612283653846
1 0.6529881274038462 0.6309644110576923 0.6470260745192308 0.6309644110576923 0.6470260745192308 0.6442134158653846 0.6529881274038462 0.6442134158653846 0.6529881274038462 0.6309644110576923
1 0.6174287427884615 0.6158226899038461 0.6123184110576922 0.6158226899038461 0.6123184110576922 0.623393548076923 0.6174287427884615 0.623393548076923 0.6174287427884615 0.6158226899038461
1 0.5952839759615385 0.6014380552884615 0.5923029495192308 0.6014380552884615 0.5923029495192308 0.6105230865384615 0.5952839759615385 0.6105230865384615 0.5952839759615385 0.6014380552884615
1 0.6152994374999999 0.6411850721153846 0.61061496875 0.6411850721153846 0.61061496875 0.6529199062500001 0.6152994374999999 0.6529199062500001 0.6152994374999999 0.6411850721153846
1 0.7326241153846154 0.6442134158653846 0.7294301586538462 0.6442134158653846 0.7294301586538462 0.6529199062500001 0.7326241153846154 0.6529199062500001 0.7326241153846154 0.6442134158653846
1 0.7637119615384615 0.6521628197115384 0.7577499086538461 0.6521628197115384 0.7577499086538461 0.6567053341346154 0.7637119615384615 0.6567053341346154 0.7637119615384615 0.6521628197115384
1 0.9951347548076923 0.6227642644230769 0.9874692596153847 0.6227642644230769 0.9874692596153847 0.6330606346153846 0.9951347548076923 0.6330606346153846 0.9951347548076923 0.6227642644230769
0 0.9985416418269231 0.5146523774038462 0.9958161322115384 0.5146523774038462 0.9958161322115384 0.5237374086538462 0.9985416418269231 0.5237374086538462 0.9985416418269231 0.5146523774038462
0 0.9796334182692308 0.5158637139423077 0.9760561875 0.5158637139423077 0.9760561875 0.5270685889423077 0.9796334182692308 0.5270685889423077 0.9796334182692308 0.5158637139423077
0 0.9489714326923077 0.5216175697115385 0.9459052355769231 0.5216175697115385 0.9459052355769231 0.5300969326923076 0.9489714326923077 0.5300969326923076 0.9489714326923077 0.5216175697115385
0 0.9489714326923077 0.5249487475961538 0.9530596995192308 0.5249487475961538 0.9530596995192308 0.5216175697115385 0.9489714326923077 0.5216175697115385 0.9489714326923077 0.5249487475961538
0 0.9036598341346154 0.49890498798076927 0.8992308822115385 0.49890498798076927 0.8992308822115385 0.5046588413461538 0.9036598341346154 0.5046588413461538 0.9036598341346154 0.49890498798076927
0 0.8883838076923076 0.4922426298076923 0.8837295432692307 0.4922426298076923 0.8837295432692307 0.5001163245192308 0.8883838076923076 0.5001163245192308 0.8883838076923076 0.4922426298076923
0 0.8740199158653846 0.4919397956730769 0.8685688966346153 0.4919397956730769 0.8685688966346153 0.5004191586538462 0.8740199158653846 0.5004191586538462 0.8740199158653846 0.4919397956730769
0 0.3390085504807692 0.5344541153846154 0.33608075721153846 0.5344541153846154 0.33608075721153846 0.5448640480769231 0.3390085504807692 0.5448640480769231 0.3390085504807692 0.5344541153846154
0 0.41592967548076926 0.5273564350961538 0.4116710673076923 0.5273564350961538 0.4116710673076923 0.5354004735576923 0.41592967548076926 0.5354004735576923 0.41592967548076926 0.5273564350961538
1 0.3911765120192308 0.5237104230769231 0.3456093942307692 0.5237104230769231 0.3456093942307692 0.5426375745192308 0.3911765120192308 0.5426375745192308 0.3911765120192308 0.5237104230769231
1 0.32921375 0.5229533365384615 0.2853500769230769 0.5229533365384615 0.2853500769230769 0.54225903125 0.32921375 0.54225903125 0.32921375 0.5229533365384615
1 0.2123149326923077 0.5210606201923077 0.19293826201923076 0.5210606201923077 0.19293826201923076 0.5445302884615384 0.2123149326923077 0.5445302884615384 0.2123149326923077 0.5210606201923077
1 0.25085534375 0.5365808846153846 0.2274329951923077 0.5365808846153846 0.2274329951923077 0.5524796923076922 0.25085534375 0.5524796923076922 0.25085534375 0.5365808846153846
1 0.10222988942307693 0.5293885697115385 0.0896669951923077 0.5293885697115385 0.0896669951923077 0.5464230048076923 0.10222988942307693 0.5464230048076923 0.10222988942307693 0.5293885697115385
1 0.44704329326923076 0.5126415552884616 0.3946091706730769 0.5126415552884616 0.3946091706730769 0.5296759927884616 0.44704329326923076 0.5296759927884616 0.44704329326923076 0.5126415552884616
1 0.47978135096153846 0.5050706947115384 0.45156806490384616 0.5050706947115384 0.45156806490384616 0.521631951923077 0.47978135096153846 0.521631951923077 0.47978135096153846 0.5050706947115384
0 0.5724060961538462 0.5050706947115384 0.5673489975961539 0.5050706947115384 0.5673489975961539 0.5164269855769231 0.5724060961538462 0.5164269855769231 0.5724060961538462 0.5050706947115384
0 0.548451420673077 0.5150074495192307 0.5452574639423077 0.5150074495192307 0.5452574639423077 0.5254173822115384 0.548451420673077 0.5254173822115384 0.548451420673077 0.5150074495192307
0 0.548451420673077 0.5239978461538461 0.5537746826923077 0.5239978461538461 0.5537746826923077 0.5150074495192307 0.548451420673077 0.5150074495192307 0.548451420673077 0.5239978461538461
0 0.5354094302884616 0.5145342716346154 0.5306184951923076 0.5145342716346154 0.5306184951923076 0.5239978461538461 0.5354094302884616 0.5239978461538461 0.5354094302884616 0.5145342716346154
1 0.7563247716346153 0.4738408966346154 0.6980350625 0.4738408966346154 0.6980350625 0.4866167235576923 0.7563247716346153 0.4866167235576923 0.7563247716346153 0.4738408966346154
1 0.674878875 0.48992897596153845 0.6240417307692308 0.48992897596153845 0.6240417307692308 0.50033890625 0.674878875 0.50033890625 0.674878875 0.48992897596153845
0 0.9751156562500001 0.4629323100961538 0.972324733173077 0.4629323100961538 0.972324733173077 0.4714911394230769 0.9751156562500001 0.4714911394230769 0.9751156562500001 0.4629323100961538
0 0.9751156562500001 0.474096 0.9779065793269232 0.474096 0.9779065793269232 0.4655371706730769 0.9751156562500001 0.4655371706730769 0.9751156562500001 0.474096
0 0.9783252163461539 0.4723594254807692 0.9810463653846154 0.4723594254807692 0.9810463653846154 0.46193998317307694 0.9783252163461539 0.46193998317307694 0.9783252163461539 0.4723594254807692
0 0.21887303365384614 0.6160533870192307 0.21427373557692306 0.6160533870192307 0.21427373557692306 0.6311951081730769 0.21887303365384614 0.6311951081730769 0.21887303365384614 0.6160533870192307
0 0.19655792307692307 0.6245327500000001 0.19655792307692307 0.62150440625 0.19161793509615382 0.62150440625 0.19161793509615382 0.63270928125 0.19655792307692307 0.63270928125 0.19655792307692307 0.6245327500000001
1 0.19281034615384615 0.6445198221153846 0.20251997596153848 0.6445198221153846 0.20251997596153848 0.6354347908653846 0.19281034615384615 0.6354347908653846 0.19281034615384615 0.6445198221153846
1 0.20507513942307692 0.6242299158653846 0.1979206778846154 0.6242299158653846 0.1979206778846154 0.6366461274038462 0.20507513942307692 0.6366461274038462 0.20507513942307692 0.6242299158653846
1 0.25036012259615387 0.5748273485576922 0.2343903389423077 0.5748273485576922 0.2343903389423077 0.5888334399038462 0.25036012259615387 0.5888334399038462 0.25036012259615387 0.5748273485576922
1 0.2891134639423077 0.570663375 0.2761247067307692 0.570663375 0.2761247067307692 0.5858050961538461 0.2891134639423077 0.5858050961538461 0.2891134639423077 0.570663375
1 0.3302090408653846 0.5540074831730769 0.29677896153846156 0.5540074831730769 0.29677896153846156 0.57369171875 0.3302090408653846 0.57369171875 0.3302090408653846 0.5540074831730769
1 0.3819511418269231 0.5570358269230768 0.3595934447115384 0.5570358269230768 0.3595934447115384 0.5793698653846154 0.3819511418269231 0.5793698653846154 0.3819511418269231 0.5570358269230768
1 0.42347257932692306 0.5551431105769231 0.4077157259615385 0.5551431105769231 0.4077157259615385 0.5717990048076923 0.42347257932692306 0.5717990048076923 0.42347257932692306 0.5551431105769231
0 0.4896939495192308 0.5521147668269231 0.4854353389423077 0.5521147668269231 0.4854353389423077 0.56157834375 0.4896939495192308 0.56157834375 0.4896939495192308 0.5521147668269231
0 0.4896939495192308 0.5611998004807692 0.4945913485576923 0.5611998004807692 0.4945913485576923 0.5521147668269231 0.4896939495192308 0.5521147668269231 0.4896939495192308 0.5611998004807692
0 0.5206113317307692 0.5479507932692308 0.5154585336538461 0.5479507932692308 0.5154585336538461 0.5672715072115385 0.5206113317307692 0.5672715072115385 0.5206113317307692 0.5479507932692308
0 0.6415540817307692 0.5268421538461538 0.6338885865384616 0.5268421538461538 0.6338885865384616 0.5462235552884616 0.6415540817307692 0.5462235552884616 0.6415540817307692 0.5268421538461538
0 0.6154913966346154 0.5271449879807693 0.6105514086538462 0.5271449879807693 0.6105514086538462 0.5380470264423077 0.6154913966346154 0.5380470264423077 0.6154913966346154 0.5271449879807693
0 0.6154913966346154 0.5398640336538462 0.6204313822115384 0.5398640336538462 0.6204313822115384 0.5292648293269231 0.6154913966346154 0.5292648293269231 0.6154913966346154 0.5398640336538462
1 0.727407639423077 0.5098834254807693 0.7158242235576923 0.5098834254807693 0.7158242235576923 0.5295676634615385 0.727407639423077 0.5295676634615385 0.727407639423077 0.5098834254807693
0 0.5566278846153846 0.5974644062500001 0.5511768653846154 0.5974644062500001 0.5511768653846154 0.6081241778846154 0.5566278846153846 0.6081241778846154 0.5566278846153846 0.5974644062500001
1 0.6160015721153846 0.7186787403846153 0.6101459831730769 0.7186787403846153 0.6101459831730769 0.7281423149038461 0.6160015721153846 0.7281423149038461 0.6160015721153846 0.7186787403846153
1 0.6761544230769231 0.7210446346153846 0.6708311634615385 0.7210446346153846 0.6708311634615385 0.7305082091346153 0.6761544230769231 0.7305082091346153 0.6761544230769231 0.7210446346153846
1 0.6825423365384615 0.6661558966346154 0.6788160552884615 0.6661558966346154 0.6788160552884615 0.6760926514423077 0.6825423365384615 0.6760926514423077 0.6825423365384615 0.6661558966346154
1 0.2117961153846154 0.8970044927884615 0.20555791826923078 0.8970044927884615 0.20555791826923078 0.9066159374999999 0.2117961153846154 0.9066159374999999 0.2117961153846154 0.8970044927884615
1 0.6062662139423077 0.8602077956730769 0.5975327379807692 0.8602077956730769 0.5975327379807692 0.8853454182692307 0.6062662139423077 0.8853454182692307 0.6062662139423077 0.8602077956730769
1 0.78245778125 0.5498343197115385 0.7739405625 0.5498343197115385 0.7739405625 0.5678151129807693 0.78245778125 0.5678151129807693 0.78245778125 0.5498343197115385
1 0.2832939110576923 0.6665468221153846 0.27770448557692307 0.6665468221153846 0.27770448557692307 0.6764835769230769 0.2832939110576923 0.6764835769230769 0.2832939110576923 0.6665468221153846
0 0.24070781971153846 0.6230143749999999 0.23724769951923078 0.6230143749999999 0.23724769951923078 0.6381560961538462 0.24070781971153846 0.6381560961538462 0.24070781971153846 0.6230143749999999
0 0.2838262355769231 0.6192289447115384 0.27850297596153845 0.6192289447115384 0.27850297596153845 0.6305852355769231 0.2838262355769231 0.6305852355769231 0.2838262355769231 0.6192289447115384
1 0.07605545673076923 0.6712703701923076 0.012005975961538462 0.6712703701923076 0.012005975961538462 0.6850796201923077 0.07605545673076923 0.6850796201923077 0.07605545673076923 0.6712703701923076
1 0.1006333485576923 0.6827323485576924 0.08275051682692307 0.6827323485576924 0.08275051682692307 0.69677984375 0.1006333485576923 0.69677984375 0.1006333485576923 0.6827323485576924