1 0.2631630985576923 0.4201921778846154 0.25591175721153847 0.4201921778846154 0.25591175721153847 0.4382399567307692 0.2631630985576923 0.4382399567307692 0.2631630985576923 0.4201921778846154
1 0.09629596394230769 0.4220199230769231 0.09178401923076923 0.4220199230769231 0.09178401923076923 0.43279129567307695 0.09629596394230769 0.43279129567307695 0.09629596394230769 0.4220199230769231
1 0.13587216586538461 0.4288952668269231 0.12903979326923076 0.4288952668269231 0.12903979326923076 0.4392082836538461 0.13587216586538461 0.4392082836538461 0.13587216586538461 0.4288952668269231
1 0.07347035576923076 0.42882364903846154 0.0689584110576923 0.42882364903846154 0.0689584110576923 0.4343239230769231 0.07347035576923076 0.4343239230769231 0.07347035576923076 0.42882364903846154
1 0.021647447115384615 0.42057323557692305 0.018424629807692307 0.42057323557692305 0.018424629807692307 0.4263026899038461 0.021647447115384615 0.4263026899038461 0.021647447115384615 0.42057323557692305
1 0.03260502644230769 0.4251567980769231 0.02693286778846154 0.4251567980769231 0.02693286778846154 0.4315737860576923 0.03260502644230769 0.4315737860576923 0.03260502644230769 0.4251567980769231
1 0.9751384735576922 0.6850210120192308 0.96880215625 0.6850210120192308 0.96880215625 0.6943788149038461 0.9751384735576922 0.6943788149038461 0.9751384735576922 0.6850210120192308
1 0.15190654326923078 0.7323397307692308 0.14184103846153845 0.7323397307692308 0.14184103846153845 0.7440736514423077 0.15190654326923078 0.7440736514423077 0.15190654326923078 0.7323397307692308
1 0.18070048798076924 0.7314596850961539 0.17129501682692305 0.7314596850961539 0.17129501682692305 0.7442203269230769 0.18070048798076924 0.7442203269230769 0.18070048798076924 0.7314596850961539
0 0.5405684783653846 0.6884732932692308 0.5284829110576923 0.6884732932692308 0.5284829110576923 0.74532021875 0.5405684783653846 0.74532021875 0.5405684783653846 0.6884732932692308
1 0.9831571177884615 0.02878179326923077 0.8484140649038461 0.02878179326923077 0.8484140649038461 0.09260169951923077 0.9831571177884615 0.09260169951923077 0.9831571177884615 0.02878179326923077