1 0.959183673076923 0.8844279158653846 0.8876597379807692 0.8844279158653846 0.8876597379807692 0.9403755264423077 0.959183673076923 0.9403755264423077 0.959183673076923 0.8844279158653846
1 0.012071129807692307 0.5091908173076922 0.0007913870192307692 0.5091908173076922 0.0007913870192307692 0.5565497331730769 0.012071129807692307 0.5565497331730769 0.012071129807692307 0.5091908173076922
1 0.061030007211538465 0.5170128605769231 0.012951108173076922 0.5170128605769231 0.012951108173076922 0.5480165961538461 0.061030007211538465 0.5480165961538461 0.061030007211538465 0.5170128605769231
1 0.11654873798076923 0.5108974447115384 0.06135 0.5108974447115384 0.06135 0.5431811490384615 0.11654873798076923 0.5431811490384615 0.11654873798076923 0.5108974447115384
1 0.15564148798076924 0.5108974447115384 0.11654873798076923 0.5108974447115384 0.11654873798076923 0.5422595312499999 0.15564148798076924 0.5422595312499999 0.15564148798076924 0.5108974447115384
1 0.14501673076923077 0.5004827091346153 0.12314223076923077 0.5004827091346153 0.12314223076923077 0.5140379543269231 0.14501673076923077 0.5140379543269231 0.14501673076923077 0.5004827091346153
1 0.1898907043269231 0.5073714399038461 0.1898907043269231 0.5029270985576922 0.15301654807692308 0.5029270985576922 0.15301654807692308 0.5338152788461539 0.1898907043269231 0.5338152788461539 0.1898907043269231 0.5073714399038461
1 0.21776506490384615 0.5073714399038461 0.1898907043269231 0.5073714399038461 0.1898907043269231 0.5358152331730769 0.21776506490384615 0.5358152331730769 0.21776506490384615 0.5073714399038461
1 0.2477643798076923 0.5040381826923077 0.2178900625 0.5040381826923077 0.2178900625 0.5304820216346153 0.2477643798076923 0.5304820216346153 0.2477643798076923 0.5040381826923077
1 0.2672639326923077 0.4969272355769231 0.24701439663461539 0.4969272355769231 0.24701439663461539 0.5144823894230769 0.2672639326923077 0.5144823894230769 0.2672639326923077 0.4969272355769231
1 0.8248355793269231 0.4958228918269231 0.8229901274038462 0.4958228918269231 0.8229901274038462 0.5074175480769231 0.8248355793269231 0.5074175480769231 0.8248355793269231 0.4958228918269231
1 0.8233676057692307 0.4943316177884615 0.8213753581730768 0.4943316177884615 0.8213753581730768 0.5065973461538461 0.8233676057692307 0.5065973461538461 0.8233676057692307 0.4943316177884615
1 0.8128611153846154 0.4947044375 0.8108478942307692 0.4947044375 0.8108478942307692 0.5060381201923076 0.8128611153846154 0.5060381201923076 0.8128611153846154 0.4947044375
1 0.8101139086538461 0.4997002043269231 0.8077651514423076 0.4997002043269231 0.8077651514423076 0.5106237860576923 0.8101139086538461 0.5106237860576923 0.8101139086538461 0.4997002043269231
1 0.8058567884615384 0.49507725480769227 0.8038435673076924 0.49507725480769227 0.8038435673076924 0.5074548293269231 0.8058567884615384 0.5074548293269231 0.8058567884615384 0.49507725480769227
1 0.7980995096153846 0.49583499519230767 0.7952810024038462 0.49583499519230767 0.7952810024038462 0.51006175 0.7980995096153846 0.51006175 0.7980995096153846 0.49583499519230767
1 0.7952138942307693 0.49834033653846155 0.7925128245192308 0.49834033653846155 0.7925128245192308 0.5145355721153846 0.7952138942307693 0.5145355721153846 0.7952138942307693 0.49834033653846155
1 0.7900466298076924 0.49610342548076924 0.7875972115384615 0.49610342548076924 0.7875972115384615 0.5049019423076924 0.7900466298076924 0.5049019423076924 0.7900466298076924 0.49610342548076924
1 0.7859530120192308 0.49931997115384613 0.7836490649038462 0.49931997115384613 0.7836490649038462 0.5100148365384615 0.7859530120192308 0.5100148365384615 0.7859530120192308 0.49931997115384613
1 0.7827530841346154 0.49863731971153846 0.7800651466346153 0.49863731971153846 0.7800651466346153 0.5106974879807692 0.7827530841346154 0.5106974879807692 0.7827530841346154 0.49863731971153846
1 0.7779531947115385 0.5005714975961538 0.7757772451923077 0.5005714975961538 0.7757772451923077 0.5122903413461539 0.7779531947115385 0.5122903413461539 0.7779531947115385 0.5005714975961538
1 0.7757772451923077 0.4992061947115385 0.7732173028846153 0.4992061947115385 0.7732173028846153 0.5103561610576923 0.7757772451923077 0.5103561610576923 0.7757772451923077 0.4992061947115385
1 0.7800651466346153 0.4951102884615385 0.7783371850961539 0.4951102884615385 0.7783371850961539 0.5045536298076922 0.7800651466346153 0.5045536298076922 0.7800651466346153 0.4951102884615385
1 0.7847370384615384 0.49454141346153846 0.7822410961538462 0.49454141346153846 0.7822410961538462 0.5015954735576923 0.7847370384615384 0.5015954735576923 0.7847370384615384 0.49454141346153846
1 0.7705205192307693 0.5067841778846154 0.7677942836538462 0.5067841778846154 0.7677942836538462 0.5180619350961538 0.7705205192307693 0.5180619350961538 0.7705205192307693 0.5067841778846154
1 0.7686855528846154 0.4971374975961539 0.7660903870192308 0.4971374975961539 0.7660903870192308 0.5072035961538461 0.7686855528846154 0.5072035961538461 0.7686855528846154 0.4971374975961539
1 0.7576757548076922 0.5063647548076923 0.754477673076923 0.5063647548076923 0.754477673076923 0.5225357572115384 0.7576757548076922 0.5225357572115384 0.7576757548076922 0.5063647548076923
1 0.7644913437499999 0.4949005865384616 0.7616864663461538 0.4949005865384616 0.7616864663461538 0.5101861442307692 0.7644913437499999 0.5101861442307692 0.7644913437499999 0.4949005865384616
1 0.7568631274038461 0.4956928269230769 0.7549233076923076 0.4956928269230769 0.7549233076923076 0.5053395048076923 0.7568631274038461 0.5053395048076923 0.7568631274038461 0.4956928269230769
1 0.760847625 0.49573942788461534 0.7573087620192307 0.49573942788461534 0.7573087620192307 0.5092074975961538 0.760847625 0.5092074975961538 0.760847625 0.49573942788461534
1 0.7545891634615385 0.49494845192307696 0.7520087427884616 0.49494845192307696 0.7520087427884616 0.5055796057692308 0.7545891634615385 0.5055796057692308 0.7545891634615385 0.49494845192307696
1 0.7514762764423076 0.49400184374999995 0.7488548966346154 0.49400184374999995 0.7488548966346154 0.5042689158653846 0.7514762764423076 0.5042689158653846 0.7514762764423076 0.49400184374999995
1 0.7488548966346154 0.49509408413461536 0.7463154326923077 0.49509408413461536 0.7463154326923077 0.5042689158653846 0.7488548966346154 0.5042689158653846 0.7488548966346154 0.49509408413461536
1 0.7488548966346154 0.5052883413461539 0.7464792692307692 0.5052883413461539 0.7464792692307692 0.5183952403846154 0.7488548966346154 0.5183952403846154 0.7488548966346154 0.5052883413461539
1 0.7441036442307692 0.5060165024038462 0.7414822644230769 0.5060165024038462 0.7414822644230769 0.517303 0.7441036442307692 0.517303 0.7441036442307692 0.5060165024038462
1 0.7420966514423076 0.4932008653846154 0.7404173293269231 0.4932008653846154 0.7404173293269231 0.5014290865384615 0.7420966514423076 0.5014290865384615 0.7420966514423076 0.4932008653846154
1 0.74008965625 0.4937833942307692 0.7381645817307692 0.4937833942307692 0.7381645817307692 0.5007737427884615 0.74008965625 0.5007737427884615 0.74008965625 0.4937833942307692
1 0.7382055384615385 0.4986620745192308 0.7270646754807693 0.4986620745192308 0.7270646754807693 0.5147544350961538 0.7382055384615385 0.5147544350961538 0.7382055384615385 0.4986620745192308
1 0.7358708725961538 0.4922542572115385 0.7338638798076923 0.4922542572115385 0.7338638798076923 0.49778828125 0.7358708725961538 0.49778828125 0.7358708725961538 0.4922542572115385
1 0.7248119254807693 0.49210862499999997 0.7185451899038462 0.49210862499999997 0.7185451899038462 0.5013562692307693 0.7248119254807693 0.5013562692307693 0.7248119254807693 0.49210862499999997
1 0.7186680673076923 0.5108951802884616 0.7120326995192308 0.5108951802884616 0.7120326995192308 0.5233467355769231 0.7186680673076923 0.5233467355769231 0.7186680673076923 0.5108951802884616
1 0.7170706634615385 0.49487563701923076 0.707854875 0.49487563701923076 0.707854875 0.5096573076923077 0.7170706634615385 0.5096573076923077 0.7170706634615385 0.49487563701923076
1 0.7111955985576923 0.5109929447115384 0.7084756610576922 0.5109929447115384 0.7084756610576922 0.5236504326923077 0.7111955985576923 0.5236504326923077 0.7111955985576923 0.5109929447115384
1 0.7005558413461539 0.5091440961538461 0.6982358942307693 0.5091440961538461 0.6982358942307693 0.5233659951923078 0.7005558413461539 0.5233659951923078 0.7005558413461539 0.5091440961538461
1 0.6982358942307693 0.5014642740384615 0.6950359687500001 0.5014642740384615 0.6950359687500001 0.5154017307692308 0.6982358942307693 0.5154017307692308 0.6982358942307693 0.5014642740384615
1 0.7061557139423077 0.4916511658653846 0.7038357668269231 0.4916511658653846 0.7038357668269231 0.5021753677884615 0.7061557139423077 0.5021753677884615 0.7061557139423077 0.4916511658653846
1 0.7038357668269231 0.4902289759615384 0.7016758173076922 0.4902289759615384 0.7016758173076922 0.5000420841346154 0.7038357668269231 0.5000420841346154 0.7038357668269231 0.4902289759615384
1 0.6956759543269231 0.48951787980769235 0.6935160024038461 0.48951787980769235 0.6935160024038461 0.4994732067307692 0.6956759543269231 0.4994732067307692 0.6956759543269231 0.48951787980769235
1 0.6994358677884616 0.48781125240384615 0.6971159206730769 0.48781125240384615 0.6971159206730769 0.49847767548076927 0.6994358677884616 0.49847767548076927 0.6994358677884616 0.48781125240384615
1 0.6931160120192307 0.4902289759615384 0.6911160576923077 0.4902289759615384 0.6911160576923077 0.5006109591346154 0.6931160120192307 0.5006109591346154 0.6931160120192307 0.4902289759615384
1 0.6901560793269231 0.5003265216346153 0.688236125 0.5003265216346153 0.688236125 0.5098551923076923 0.6901560793269231 0.5098551923076923 0.6901560793269231 0.5003265216346153
1 0.6871161490384616 0.5024598052884616 0.6857561802884615 0.5024598052884616 0.6857561802884615 0.5101396298076923 0.6871161490384616 0.5101396298076923 0.6871161490384616 0.5024598052884616
1 0.6815962764423078 0.5061575 0.6785563461538462 0.5061575 0.6785563461538462 0.5218015841346154 0.6815962764423078 0.5218015841346154 0.6815962764423078 0.5061575
1 0.683436233173077 0.48894900480769227 0.6821562620192307 0.48894900480769227 0.6821562620192307 0.4980510168269231 0.683436233173077 0.4980510168269231 0.683436233173077 0.48894900480769227
1 0.6822362620192308 0.4900867548076923 0.6807162956730769 0.4900867548076923 0.6807162956730769 0.49918876923076927 0.6822362620192308 0.49918876923076927 0.6822362620192308 0.4900867548076923
1 0.6759164062499999 0.4890912235576923 0.6739964495192308 0.4890912235576923 0.6739964495192308 0.4977665793269231 0.6759164062499999 0.4977665793269231 0.6759164062499999 0.4890912235576923
1 0.6711165144230768 0.4898023173076923 0.6696765480769231 0.4898023173076923 0.6696765480769231 0.4987621129807692 0.6711165144230768 0.4987621129807692 0.6711165144230768 0.4898023173076923
1 0.6749564278846154 0.4969132668269231 0.6718365000000001 0.4969132668269231 0.6718365000000001 0.5075796899038462 0.6749564278846154 0.5075796899038462 0.6749564278846154 0.4969132668269231
1 0.6764763918269231 0.5122729158653846 0.6744764375 0.5122729158653846 0.6744764375 0.5262103725961539 0.6764763918269231 0.5262103725961539 0.6764763918269231 0.5122729158653846
1 0.6737564543269231 0.5135528846153846 0.6722364903846153 0.5135528846153846 0.6722364903846153 0.5242193076923077 0.6737564543269231 0.5242193076923077 0.6737564543269231 0.5135528846153846
1 0.6708765216346154 0.5122729158653846 0.6691165625 0.5122729158653846 0.6691165625 0.5242193076923077 0.6708765216346154 0.5242193076923077 0.6708765216346154 0.5122729158653846
1 0.6681565841346154 0.5033131201923077 0.665676639423077 0.5033131201923077 0.665676639423077 0.5129840096153846 0.6681565841346154 0.5129840096153846 0.6681565841346154 0.5033131201923077
1 0.665676639423077 0.5037397764423077 0.6636766850961539 0.5037397764423077 0.6636766850961539 0.5129840096153846 0.665676639423077 0.5129840096153846 0.665676639423077 0.5037397764423077
1 0.6586368004807692 0.5129840096153846 0.6559968605769231 0.5129840096153846 0.6559968605769231 0.5252148413461538 0.6586368004807692 0.5252148413461538 0.6586368004807692 0.5129840096153846
1 0.6559968605769231 0.5124151322115384 0.6535169182692309 0.5124151322115384 0.6535169182692309 0.5243615264423077 0.6559968605769231 0.5243615264423077 0.6559968605769231 0.5124151322115384
1 0.6594367836538461 0.4953488581730769 0.6575168269230769 0.4953488581730769 0.6575168269230769 0.5038819951923077 0.6594367836538461 0.5038819951923077 0.6594367836538461 0.4953488581730769
1 0.6563968533653846 0.49463776201923076 0.6543168990384616 0.49463776201923076 0.6543168990384616 0.5031709014423077 0.6563968533653846 0.5031709014423077 0.6563968533653846 0.49463776201923076
1 0.6480770432692308 0.5033131201923077 0.6457570961538461 0.5033131201923077 0.6457570961538461 0.5161128269230769 0.6480770432692308 0.5161128269230769 0.6480770432692308 0.5033131201923077
1 0.6426371682692308 0.5102818485576923 0.6401572235576923 0.5102818485576923 0.6401572235576923 0.5240770889423076 0.6426371682692308 0.5240770889423076 0.6426371682692308 0.5102818485576923
1 0.6535169182692309 0.4959177331730769 0.6522369471153847 0.4959177331730769 0.6522369471153847 0.5053041850961538 0.6535169182692309 0.5053041850961538 0.6535169182692309 0.4959177331730769
1 0.6497570048076924 0.4885223461538461 0.6483970360576923 0.4885223461538461 0.6483970360576923 0.49918876923076927 0.6497570048076924 0.49918876923076927 0.6497570048076924 0.4885223461538461
1 0.6475170552884616 0.48567796875 0.6453571057692307 0.48567796875 0.6453571057692307 0.49577551442307694 0.6475170552884616 0.49577551442307694 0.6475170552884616 0.48567796875
1 0.6447171201923076 0.4932155721153846 0.6421571778846153 0.4932155721153846 0.6421571778846153 0.5018909302884615 0.6447171201923076 0.5018909302884615 0.6447171201923076 0.4932155721153846
1 0.6377572788461539 0.5099974110576923 0.6352773365384615 0.5099974110576923 0.6352773365384615 0.5235082139423077 0.6377572788461539 0.5235082139423077 0.6377572788461539 0.5099974110576923
1 0.6337573701923076 0.5105662860576923 0.6299974567307692 0.5105662860576923 0.6299974567307692 0.5219438052884615 0.6337573701923076 0.5219438052884615 0.6337573701923076 0.5105662860576923
1 0.6319974110576924 0.5038819951923077 0.6299974567307692 0.5038819951923077 0.6299974567307692 0.5154017307692308 0.6319974110576924 0.5154017307692308 0.6319974110576924 0.5038819951923077
1 0.6240775913461539 0.50573084375 0.6209576634615386 0.50573084375 0.6209576634615386 0.5188149879807692 0.6240775913461539 0.5188149879807692 0.6240775913461539 0.50573084375
1 0.6258375528846154 0.4907978509615385 0.6236776009615385 0.4907978509615385 0.6236776009615385 0.5011798341346154 0.6258375528846154 0.5011798341346154 0.6258375528846154 0.4907978509615385
1 0.6283174951923077 0.4892334423076923 0.6263975384615385 0.4892334423076923 0.6263975384615385 0.4959177331730769 0.6283174951923077 0.4959177331730769 0.6283174951923077 0.4892334423076923
1 0.6402372235576923 0.4907978509615385 0.6378372764423077 0.4907978509615385 0.6378372764423077 0.5004687403846154 0.6402372235576923 0.5004687403846154 0.6402372235576923 0.4907978509615385
1 0.6378372764423077 0.48781125240384615 0.6359173221153847 0.48781125240384615 0.6359173221153847 0.4953488581730769 0.6378372764423077 0.4953488581730769 0.6378372764423077 0.48781125240384615
1 0.6351973365384616 0.48823790865384614 0.6327973918269231 0.48823790865384614 0.6327973918269231 0.4944955432692308 0.6351973365384616 0.4944955432692308 0.6351973365384616 0.48823790865384614
1 0.6316774182692307 0.49207782211538464 0.62951746875 0.49207782211538464 0.62951746875 0.5007531778846154 0.6316774182692307 0.5007531778846154 0.6316774182692307 0.49207782211538464
1 0.6200776826923077 0.4876690336538462 0.6186377163461538 0.4876690336538462 0.6186377163461538 0.4940688870192308 0.6200776826923077 0.4940688870192308 0.6200776826923077 0.4876690336538462
1 0.6190377067307692 0.48866456490384613 0.6171177524038461 0.48866456490384613 0.6171177524038461 0.4953488581730769 0.6190377067307692 0.4953488581730769 0.6190377067307692 0.48866456490384613
1 0.622637625 0.4953488581730769 0.6190377067307692 0.4953488581730769 0.6190377067307692 0.5024598052884616 0.622637625 0.5024598052884616 0.622637625 0.4953488581730769
1 0.61303784375 0.5169661418269231 0.61303784375 0.50686859375 0.6066379903846154 0.50686859375 0.6066379903846154 0.5087174399038461 0.6066379903846154 0.5169661418269231 0.61303784375 0.5169661418269231
1 0.6144778125 0.5192416442307692 0.611677875 0.5192416442307692 0.611677875 0.5323257884615384 0.6144778125 0.5323257884615384 0.6144778125 0.5192416442307692
1 0.6142378173076923 0.4949222019230769 0.6112778846153846 0.4949222019230769 0.6112778846153846 0.5021753677884615 0.6142378173076923 0.5021753677884615 0.6142378173076923 0.4949222019230769
1 0.6146378076923077 0.48553575 0.6120778677884615 0.48553575 0.6120778677884615 0.49350001201923077 0.6146378076923077 0.49350001201923077 0.6146378076923077 0.48553575
1 0.6106378990384616 0.4930733533653846 0.6074379735576924 0.4930733533653846 0.6074379735576924 0.5021753677884615 0.6106378990384616 0.5021753677884615 0.6106378990384616 0.4930733533653846
1 0.6106378990384616 0.48624684375 0.6093579302884615 0.48624684375 0.6093579302884615 0.4930733533653846 0.6106378990384616 0.4930733533653846 0.6106378990384616 0.48624684375
1 0.6093579302884615 0.48553575 0.607037983173077 0.48553575 0.607037983173077 0.4930733533653846 0.6093579302884615 0.4930733533653846 0.6093579302884615 0.48553575
1 0.6038380552884616 0.49065563221153846 0.6015181081730769 0.49065563221153846 0.6015181081730769 0.4963443918269231 0.6038380552884616 0.4963443918269231 0.6038380552884616 0.49065563221153846
1 0.5995981514423077 0.4869579399038461 0.59671821875 0.4869579399038461 0.59671821875 0.49904655048076924 0.5995981514423077 0.49904655048076924 0.5995981514423077 0.4869579399038461
1 0.5983181826923076 0.5098551923076923 0.5952782524038461 0.5098551923076923 0.5952782524038461 0.5236504326923077 0.5983181826923076 0.5236504326923077 0.5983181826923076 0.5098551923076923
1 0.6033580673076924 0.5102818485576923 0.5999981442307692 0.5102818485576923 0.5999981442307692 0.5233659951923078 0.6033580673076924 0.5233659951923078 0.6033580673076924 0.5102818485576923
1 0.6056780144230769 0.5090018798076923 0.6024780865384616 0.5090018798076923 0.6024780865384616 0.5267792499999999 0.6056780144230769 0.5267792499999999 0.6056780144230769 0.5090018798076923
1 0.6024780865384616 0.5050197475961539 0.5992781610576923 0.5050197475961539 0.5992781610576923 0.5176772355769231 0.6024780865384616 0.5176772355769231 0.6024780865384616 0.5050197475961539
1 0.5893583870192308 0.5118462572115384 0.5863984543269231 0.5118462572115384 0.5863984543269231 0.52692146875 0.5893583870192308 0.52692146875 0.5893583870192308 0.5118462572115384
1 0.5887983990384615 0.5047353100961538 0.5859984639423077 0.5047353100961538 0.5859984639423077 0.5159706081730769 0.5887983990384615 0.5159706081730769 0.5887983990384615 0.5047353100961538
1 0.59127834375 0.49577551442307694 0.5881584134615385 0.49577551442307694 0.5881584134615385 0.50686859375 0.59127834375 0.50686859375 0.59127834375 0.49577551442307694
1 0.5927983076923077 0.486104625 0.5903183653846154 0.486104625 0.5903183653846154 0.4956332956730769 0.5927983076923077 0.4956332956730769 0.5927983076923077 0.486104625
1 0.5894383846153846 0.4851090913461539 0.5872784350961539 0.4851090913461539 0.5872784350961539 0.4932155721153846 0.5894383846153846 0.4932155721153846 0.5894383846153846 0.4851090913461539
1 0.5823985456730769 0.5047353100961538 0.5842385048076923 0.5047353100961538 0.5842385048076923 0.4944955432692308 0.5823985456730769 0.4944955432692308 0.5823985456730769 0.5047353100961538
1 0.5841585048076923 0.5101396298076923 0.5820785528846154 0.5101396298076923 0.5820785528846154 0.5235082139423077 0.5841585048076923 0.5235082139423077 0.5841585048076923 0.5101396298076923
1 0.5820789759615385 0.5108599038461539 0.57975903125 0.5108599038461539 0.57975903125 0.5255084591346153 0.5820789759615385 0.5255084591346153 0.5820789759615385 0.5108599038461539
1 0.5791990432692308 0.4834116442307692 0.5772790865384615 0.4834116442307692 0.5772790865384615 0.49137590625 0.5791990432692308 0.49137590625 0.5791990432692308 0.4834116442307692
1 0.5791190456730769 0.5142731586538462 0.5772790865384615 0.5142731586538462 0.5772790865384615 0.5267884278846154 0.5791190456730769 0.5267884278846154 0.5791190456730769 0.5142731586538462
1 0.5766391009615385 0.51142878125 0.5743191538461538 0.51142878125 0.5743191538461538 0.5242284879807693 0.5766391009615385 0.5242284879807693 0.5766391009615385 0.51142878125
1 0.5743191538461538 0.5110021225961539 0.5723191995192308 0.5110021225961539 0.5723191995192308 0.5230907355769231 0.5743191538461538 0.5230907355769231 0.5743191538461538 0.5110021225961539
1 0.56879928125 0.4855449278846154 0.5661593413461539 0.4855449278846154 0.5661593413461539 0.49294031490384616 0.56879928125 0.49294031490384616 0.56879928125 0.4855449278846154
1 0.5629594134615384 0.4818472355769231 0.5610394591346154 0.4818472355769231 0.5610394591346154 0.48753599278846155 0.5629594134615384 0.48753599278846155 0.5629594134615384 0.4818472355769231
1 0.5625594230769231 0.49009593509615385 0.5609594615384615 0.49009593509615385 0.5609594615384615 0.49948238701923076 0.5625594230769231 0.49948238701923076 0.5625594230769231 0.49009593509615385
1 0.5650393677884615 0.49038037259615386 0.5625594230769231 0.49038037259615386 0.5625594230769231 0.49848685576923074 0.5650393677884615 0.49848685576923074 0.5650393677884615 0.49038037259615386
1 0.5710392307692308 0.5105754663461538 0.5687192836538462 0.5105754663461538 0.5687192836538462 0.5238018317307692 0.5710392307692308 0.5238018317307692 0.5710392307692308 0.5105754663461538
1 0.5683992908653847 0.5124243125 0.5656793533653846 0.5124243125 0.5656793533653846 0.5311972163461538 0.5683992908653847 0.5311972163461538 0.5683992908653847 0.5124243125
1 0.5640793894230769 0.511571 0.5604794711538461 0.511571 0.5604794711538461 0.5300594639423077 0.5640793894230769 0.5300594639423077 0.5640793894230769 0.511571
1 0.5592794999999999 0.5104332475961538 0.5574395408653846 0.5104332475961538 0.5574395408653846 0.5238018317307692 0.5592794999999999 0.5238018317307692 0.5592794999999999 0.5104332475961538
1 0.5576795360576923 0.51114434375 0.5555995841346154 0.51114434375 0.5555995841346154 0.5256506778846154 0.5576795360576923 0.5256506778846154 0.5576795360576923 0.51114434375
1 0.5543196129807693 0.48938484134615384 0.5519996658653846 0.48938484134615384 0.5519996658653846 0.4983446346153846 0.5543196129807693 0.4983446346153846 0.5543196129807693 0.48938484134615384
1 0.5420798918269231 0.4859715841346154 0.5399999399038461 0.4859715841346154 0.5399999399038461 0.49393584615384617 0.5420798918269231 0.49393584615384617 0.5420798918269231 0.4859715841346154
1 0.5460798004807692 0.4801406081730769 0.5438398509615385 0.4801406081730769 0.5438398509615385 0.48753599278846155 0.5460798004807692 0.48753599278846155 0.5460798004807692 0.4801406081730769
1 0.5487197403846154 0.48938484134615384 0.5468797836538462 0.48938484134615384 0.5468797836538462 0.4942202860576923 0.5487197403846154 0.4942202860576923 0.5487197403846154 0.48938484134615384
1 0.5399999399038461 0.48582936778846153 0.5378399903846154 0.48582936778846153 0.5378399903846154 0.4918025625 0.5399999399038461 0.4918025625 0.5399999399038461 0.48582936778846153
1 0.553759625 0.5048867067307692 0.5480797548076923 0.5048867067307692 0.5480797548076923 0.521668545673077 0.553759625 0.521668545673077 0.553759625 0.5048867067307692
1 0.5426398798076923 0.5155531298076923 0.5394399519230769 0.5155531298076923 0.5394399519230769 0.5313394350961539 0.5426398798076923 0.5313394350961539 0.5426398798076923 0.5155531298076923
1 0.5376799927884616 0.5138465024038461 0.5345600649038462 0.5138465024038461 0.5345600649038462 0.5267884278846154 0.5376799927884616 0.5267884278846154 0.5376799927884616 0.5138465024038461
1 0.5426398798076923 0.5100065913461539 0.5391999591346154 0.5100065913461539 0.5391999591346154 0.5155531298076923 0.5426398798076923 0.5155531298076923 0.5426398798076923 0.5100065913461539
1 0.5294401826923077 0.49905573076923077 0.5264002524038461 0.49905573076923077 0.5264002524038461 0.5100065913461539 0.5294401826923077 0.5100065913461539 0.5294401826923077 0.49905573076923077
1 0.5345600649038462 0.5084421826923077 0.5313601370192308 0.5084421826923077 0.5313601370192308 0.523375173076923 0.5345600649038462 0.523375173076923 0.5345600649038462 0.5084421826923077
1 0.5321601201923077 0.5166908822115385 0.5292801850961538 0.5166908822115385 0.5292801850961538 0.5299172451923077 0.5321601201923077 0.5299172451923077 0.5321601201923077 0.5166908822115385
1 0.51696046875 0.4983446346153846 0.5136005432692308 0.4983446346153846 0.5136005432692308 0.5095799326923077 0.51696046875 0.5095799326923077 0.51696046875 0.4983446346153846
1 0.5265602475961538 0.5082999639423077 0.5175204543269231 0.5082999639423077 0.5175204543269231 0.5289217139423077 0.5265602475961538 0.5289217139423077 0.5265602475961538 0.5082999639423077
1 0.5134405480769231 0.5081577451923077 0.5108806057692308 0.5081577451923077 0.5108806057692308 0.5208152331730769 0.5134405480769231 0.5208152331730769 0.5134405480769231 0.5081577451923077
1 0.5109606057692307 0.5142731586538462 0.5088806514423078 0.5142731586538462 0.5088806514423078 0.5236596105769231 0.5109606057692307 0.5236596105769231 0.5109606057692307 0.5142731586538462
1 0.5080806706730769 0.5100065913461539 0.5047207475961538 0.5100065913461539 0.5047207475961538 0.5245129254807692 0.5080806706730769 0.5245129254807692 0.5080806706730769 0.5100065913461539
1 0.503920766826923 0.5186819471153846 0.50056084375 0.5186819471153846 0.50056084375 0.5348949110576923 0.503920766826923 0.5348949110576923 0.503920766826923 0.5186819471153846
1 0.49936087019230774 0.51256653125 0.4971209206730769 0.51256653125 0.4971209206730769 0.5256506778846154 0.49936087019230774 0.5256506778846154 0.49936087019230774 0.51256653125
1 0.49696092548076926 0.5146998173076923 0.4939209951923077 0.5146998173076923 0.4939209951923077 0.5313394350961539 0.49696092548076926 0.5313394350961539 0.49696092548076926 0.5146998173076923
1 0.48960109375000005 0.5138465024038461 0.48720114903846157 0.5138465024038461 0.48720114903846157 0.5260773341346154 0.48960109375000005 0.5260773341346154 0.48960109375000005 0.5138465024038461
1 0.49136105288461535 0.5000512620192308 0.4885611177884615 0.5000512620192308 0.4885611177884615 0.5171175384615384 0.49136105288461535 0.5171175384615384 0.49136105288461535 0.5000512620192308
1 0.49376099759615383 0.5013312331730769 0.4906410697115385 0.5013312331730769 0.4906410697115385 0.5142731586538462 0.49376099759615383 0.5142731586538462 0.49376099759615383 0.5013312331730769
1 0.48720114903846157 0.5038911754807692 0.4831212427884616 0.5038911754807692 0.4831212427884616 0.5165486634615385 0.48720114903846157 0.5165486634615385 0.48720114903846157 0.5038911754807692
1 0.486161173076923 0.5186819471153846 0.48256125480769235 0.5186819471153846 0.48256125480769235 0.5337571586538462 0.486161173076923 0.5337571586538462 0.486161173076923 0.5186819471153846
1 0.46768159615384614 0.5169753197115384 0.4630417019230769 0.5169753197115384 0.4630417019230769 0.5343260336538461 0.46768159615384614 0.5343260336538461 0.46768159615384614 0.5169753197115384
1 0.46288170432692305 0.5154109110576923 0.4659216370192307 0.5154109110576923 0.4659216370192307 0.5033222980769231 0.46288170432692305 0.5033222980769231 0.46288170432692305 0.5154109110576923
1 0.4659216370192307 0.49621135096153846 0.4636816875 0.49621135096153846 0.4636816875 0.5033222980769231 0.4659216370192307 0.5033222980769231 0.4659216370192307 0.49621135096153846
1 0.47904133653846154 0.502042329326923 0.47544141826923075 0.502042329326923 0.47544141826923075 0.5118554375 0.47904133653846154 0.5118554375 0.47904133653846154 0.502042329326923
1 0.4739214519230769 0.49478916105769233 0.4715215072115385 0.49478916105769233 0.4715215072115385 0.5070199927884615 0.4739214519230769 0.5070199927884615 0.4739214519230769 0.49478916105769233
1 0.4766413894230769 0.49464694230769235 0.4739214519230769 0.49464694230769235 0.4739214519230769 0.5046022692307692 0.4766413894230769 0.5046022692307692 0.4766413894230769 0.49464694230769235
1 0.5017608149038462 0.5046022692307692 0.499120875 0.5046022692307692 0.499120875 0.5152686923076923 0.5017608149038462 0.5152686923076923 0.5017608149038462 0.5046022692307692
1 0.5016808173076923 0.49009593509615385 0.4999208581730769 0.49009593509615385 0.4999208581730769 0.49948238701923076 0.5016808173076923 0.49948238701923076 0.5016808173076923 0.49009593509615385
1 0.5048807427884616 0.49265587740384614 0.5048807427884616 0.49166034374999995 0.5029607884615385 0.49166034374999995 0.5029607884615385 0.5001934807692308 0.5048807427884616 0.5001934807692308 0.5048807427884616 0.49265587740384614
1 0.5068806995192308 0.49251365625 0.5048807427884616 0.49251365625 0.5048807427884616 0.5001934807692308 0.5068806995192308 0.5001934807692308 0.5068806995192308 0.49251365625
1 0.5372655240384615 0.48448294951923077 0.5354255673076923 0.48448294951923077 0.5354255673076923 0.4918783365384615 0.5372655240384615 0.4918783365384615 0.5372655240384615 0.48448294951923077
1 0.5363055480769231 0.47964750480769236 0.5348655793269231 0.47964750480769236 0.5348655793269231 0.48448294951923077 0.5363055480769231 0.48448294951923077 0.5363055480769231 0.47964750480769236
1 0.5339856009615385 0.48121191346153847 0.532865625 0.48121191346153847 0.532865625 0.4857629206730769 0.5339856009615385 0.4857629206730769 0.5339856009615385 0.48121191346153847
1 0.5302256875 0.4854784831730769 0.5279857379807692 0.4854784831730769 0.5279857379807692 0.49173611778846155 0.5302256875 0.49173611778846155 0.5302256875 0.4854784831730769
1 0.5265457716346154 0.4846251682692308 0.5247058124999999 0.4846251682692308 0.5247058124999999 0.49287386778846154 0.5265457716346154 0.49287386778846154 0.5265457716346154 0.4846251682692308
1 0.5247058124999999 0.4793630673076923 0.5222258701923077 0.4793630673076923 0.5222258701923077 0.4846251682692308 0.5247058124999999 0.4846251682692308 0.5247058124999999 0.4793630673076923
1 0.5222258701923077 0.4783675336538461 0.5195859302884616 0.4783675336538461 0.5195859302884616 0.4846251682692308 0.5222258701923077 0.4846251682692308 0.5222258701923077 0.4783675336538461
1 0.5195859302884616 0.47779865865384613 0.5178259711538462 0.47779865865384613 0.5178259711538462 0.48377185576923076 0.5195859302884616 0.48377185576923076 0.5195859302884616 0.47779865865384613
1 0.5169459903846154 0.4792208485576923 0.5146260432692308 0.4792208485576923 0.5146260432692308 0.4843407307692308 0.5169459903846154 0.4843407307692308 0.5169459903846154 0.4792208485576923
1 0.5131860769230769 0.47850975240384613 0.5114261177884616 0.47850975240384613 0.5114261177884616 0.48490960576923076 0.5131860769230769 0.48490960576923076 0.5131860769230769 0.47850975240384613
1 0.50966615625 0.4782253149038462 0.507666201923077 0.4782253149038462 0.507666201923077 0.4847673870192307 0.50966615625 0.4847673870192307 0.50966615625 0.4782253149038462
1 0.50150634375 0.47865197115384617 0.49926639423076924 0.47865197115384617 0.49926639423076924 0.48490960576923076 0.50150634375 0.48490960576923076 0.50150634375 0.47865197115384617
1 0.49926639423076924 0.4813541322115385 0.4978264278846154 0.4813541322115385 0.4978264278846154 0.48490960576923076 0.49926639423076924 0.48490960576923076 0.49926639423076924 0.4813541322115385
1 0.49614646634615384 0.47779865865384613 0.49438650721153843 0.47779865865384613 0.49438650721153843 0.4839140745192308 0.49614646634615384 0.4839140745192308 0.49614646634615384 0.47779865865384613
1 0.49206656009615385 0.476803125 0.4899066105769231 0.476803125 0.4899066105769231 0.4839140745192308 0.49206656009615385 0.4839140745192308 0.49206656009615385 0.476803125
1 0.4885466394230769 0.4792208485576923 0.48670668269230766 0.4792208485576923 0.48670668269230766 0.4846251682692308 0.4885466394230769 0.4846251682692308 0.4885466394230769 0.4792208485576923
1 0.48814664903846156 0.48746954807692305 0.4863066923076923 0.48746954807692305 0.4863066923076923 0.4945804951923077 0.48814664903846156 0.4945804951923077 0.48814664903846156 0.48746954807692305
1 0.49358652403846154 0.4931583052884615 0.4953464855769231 0.4931583052884615 0.4953464855769231 0.48718511057692304 0.49358652403846154 0.48718511057692304 0.49358652403846154 0.4931583052884615
1 0.5068806995192308 0.4869006730769231 0.5055062524038462 0.4869006730769231 0.5055062524038462 0.49251365625 0.5068806995192308 0.49251365625 0.5068806995192308 0.4869006730769231
1 0.5099061514423077 0.4873273293269231 0.5078261995192308 0.4873273293269231 0.5078261995192308 0.4915938990384615 0.5099061514423077 0.4915938990384615 0.5099061514423077 0.4873273293269231
1 0.49358652403846154 0.4887495192307692 0.49166656971153844 0.4887495192307692 0.49166656971153844 0.4931583052884615 0.49358652403846154 0.4931583052884615 0.49358652403846154 0.4887495192307692
1 0.4857467043269231 0.4793630673076923 0.48398674519230767 0.4793630673076923 0.48398674519230767 0.4839140745192308 0.4857467043269231 0.4839140745192308 0.4857467043269231 0.4793630673076923
1 0.4831382980769231 0.47963011057692306 0.4813783389423077 0.47963011057692306 0.4813783389423077 0.4850344326923077 0.4831382980769231 0.4850344326923077 0.4831382980769231 0.47963011057692306
1 0.4804983581730769 0.47891901682692306 0.4792983870192308 0.47891901682692306 0.4792983870192308 0.4847499951923077 0.4804983581730769 0.4847499951923077 0.4804983581730769 0.47891901682692306
1 0.4786584014423077 0.4779234831730769 0.4769784399038462 0.4779234831730769 0.4769784399038462 0.48432333653846155 0.4786584014423077 0.48432333653846155 0.4786584014423077 0.4779234831730769
1 0.46288170432692305 0.49925632932692304 0.46017882451923076 0.49925632932692304 0.46017882451923076 0.5099227524038462 0.46288170432692305 0.5099227524038462 0.46288170432692305 0.49925632932692304
1 0.4769784399038462 0.48062564423076926 0.4752184807692308 0.48062564423076926 0.4752184807692308 0.48432333653846155 0.4769784399038462 0.48432333653846155 0.4769784399038462 0.48062564423076926
1 0.45921884615384617 0.5177447932692307 0.4566589038461538 0.5177447932692307 0.4566589038461538 0.5319666923076923 0.45921884615384617 0.5319666923076923 0.45921884615384617 0.5177447932692307
1 0.4566589038461538 0.5168914807692307 0.45385896875 0.5168914807692307 0.45385896875 0.5319666923076923 0.4566589038461538 0.5319666923076923 0.4566589038461538 0.5168914807692307
1 0.4532189831730769 0.5174603557692308 0.44937907211538464 0.5174603557692308 0.44937907211538464 0.5355221658653846 0.4532189831730769 0.5355221658653846 0.4532189831730769 0.5174603557692308
1 0.4468191298076923 0.5143315408653846 0.44153925 0.5143315408653846 0.44153925 0.52898009375 0.4468191298076923 0.52898009375 0.4468191298076923 0.5143315408653846
1 0.45185901442307697 0.4928564759615384 0.44937907211538464 0.4928564759615384 0.44937907211538464 0.5022429278846153 0.45185901442307697 0.5022429278846153 0.45185901442307697 0.4928564759615384
1 0.4575938822115385 0.4965186129807692 0.45303398798076927 0.4965186129807692 0.45303398798076927 0.5087494447115385 0.4575938822115385 0.5087494447115385 0.4575938822115385 0.4965186129807692
1 0.47231354567307693 0.4813011850961538 0.4708735793269231 0.4813011850961538 0.4708735793269231 0.4858521923076923 0.47231354567307693 0.4858521923076923 0.47231354567307693 0.4813011850961538
1 0.4665536778846154 0.4803056514423077 0.46463372115384616 0.4803056514423077 0.46463372115384616 0.4865632860576923 0.4665536778846154 0.4865632860576923 0.4665536778846154 0.4803056514423077
1 0.4609538052884616 0.47945233894230765 0.4591938461538462 0.47945233894230765 0.4591938461538462 0.48485665865384614 0.4609538052884616 0.48485665865384614 0.4609538052884616 0.47945233894230765
1 0.44287422115384617 0.49168316826923075 0.44111425961538464 0.49168316826923075 0.44111425961538464 0.5012118389423077 0.44287422115384617 0.5012118389423077 0.44287422115384617 0.49168316826923075
1 0.44111425961538464 0.4898343221153846 0.4391943052884616 0.4898343221153846 0.4391943052884616 0.5012118389423077 0.44111425961538464 0.5012118389423077 0.44111425961538464 0.4898343221153846
1 0.43799433173076924 0.4892654471153846 0.43575438221153845 0.4892654471153846 0.43575438221153845 0.49580751923076927 0.43799433173076924 0.49580751923076927 0.43799433173076924 0.4892654471153846
1 0.4298345192307692 0.48798547596153846 0.4280745576923077 0.48798547596153846 0.4280745576923077 0.49424311057692305 0.4298345192307692 0.49424311057692305 0.4298345192307692 0.48798547596153846
1 0.4498847716346154 0.4784279567307692 0.4486684519230769 0.4784279567307692 0.4486684519230769 0.48286449519230773 0.4498847716346154 0.48286449519230773 0.4498847716346154 0.4784279567307692
1 0.44797640624999996 0.4778314471153846 0.44638260817307696 0.4778314471153846 0.44638260817307696 0.48252895913461535 0.44797640624999996 0.48252895913461535 0.44797640624999996 0.4778314471153846
1 0.45982197355769233 0.4876186778846154 0.4582819110576923 0.4876186778846154 0.4582819110576923 0.4918128870192308 0.45982197355769233 0.4918128870192308 0.45982197355769233 0.4876186778846154
1 0.4654251730769231 0.4872691610576923 0.4630986971153846 0.4872691610576923 0.4630986971153846 0.4920458990384615 0.4654251730769231 0.4920458990384615 0.4654251730769231 0.4872691610576923
1 0.2687589375 0.5342476201923076 0.2633190625 0.5342476201923076 0.2633190625 0.5506312451923077 0.2687589375 0.5506312451923077 0.2687589375 0.5342476201923076
0 0.2676709639423077 0.5191155216346154 0.2624016634615385 0.5191155216346154 0.26203909134615383 0.5191155216346154 0.26203909134615383 0.532654766826923 0.2676709639423077 0.532654766826923 0.2676709639423077 0.5191155216346154
1 0.2579431850961539 0.5154747163461538 0.24898339182692306 0.5154747163461538 0.24898339182692306 0.5306068149038462 0.2579431850961539 0.5306068149038462 0.2579431850961539 0.5154747163461538
0 0.2235589375 0.531951076923077 0.2192179326923077 0.531951076923077 0.2192179326923077 0.545670795673077 0.2235589375 0.545670795673077 0.2235589375 0.531951076923077
1 0.29404696153846155 0.49546556009615383 0.26800093028846156 0.49546556009615383 0.26800093028846156 0.5108256826923077 0.29404696153846155 0.5108256826923077 0.29404696153846155 0.49546556009615383
0 0.2820095841346154 0.5122796754807692 0.27871713221153843 0.5122796754807692 0.27871713221153843 0.524806375 0.2820095841346154 0.524806375 0.2820095841346154 0.5122796754807692
0 0.28706360576923073 0.5133981298076923 0.28429542788461537 0.5133981298076923 0.28429542788461537 0.5220102379807693 0.28706360576923073 0.5220102379807693 0.28706360576923073 0.5133981298076923
0 0.29083839182692306 0.5126152115384616 0.28750399759615386 0.5126152115384616 0.28750399759615386 0.5274533870192308 0.29083839182692306 0.5274533870192308 0.29083839182692306 0.5126152115384616
0 0.28616185096153846 0.5196614807692308 0.2825338605769231 0.5196614807692308 0.2825338605769231 0.5323000288461539 0.28616185096153846 0.5323000288461539 0.28616185096153846 0.5196614807692308
1 0.2986979495192308 0.48455040384615383 0.29679799278846153 0.48455040384615383 0.29679799278846153 0.49219467307692305 0.2986979495192308 0.49219467307692305 0.2986979495192308 0.48455040384615383
1 0.27329852884615385 0.4904169350961538 0.2705985913461538 0.4904169350961538 0.2705985913461538 0.49546556009615383 0.27329852884615385 0.49546556009615383 0.27329852884615385 0.4904169350961538
1 0.2907981298076923 0.47299511057692306 0.28879817548076925 0.47299511057692306 0.28879817548076925 0.47886164423076927 0.2907981298076923 0.47886164423076927 0.2907981298076923 0.47299511057692306
1 0.32199741586538466 0.4713951490384615 0.3190974807692308 0.4713951490384615 0.3190974807692308 0.47957273798076927 0.32199741586538466 0.47957273798076927 0.32199741586538466 0.4713951490384615
1 0.3462968581730769 0.4726395649038461 0.34399691105769226 0.4726395649038461 0.34399691105769226 0.47850609615384615 0.3462968581730769 0.47850609615384615 0.3462968581730769 0.4726395649038461
1 0.29404696153846155 0.49546556009615383 0.33079721394230766 0.49546556009615383 0.33079721394230766 0.4898836129807692 0.29404696153846155 0.4898836129807692 0.29404696153846155 0.49546556009615383
1 0.2941980504807692 0.49546556009615383 0.2941980504807692 0.5138830649038462 0.3114774110576923 0.5138830649038462 0.31209764182692307 0.5138830649038462 0.31209764182692307 0.49546556009615383 0.2941980504807692 0.49546556009615383
1 0.31209764182692307 0.5041055096153846 0.33059721875000003 0.5041055096153846 0.33059721875000003 0.49546556009615383 0.31209764182692307 0.49546556009615383 0.31209764182692307 0.5041055096153846
1 0.26800093028846156 0.4886348365384615 0.2548701129807692 0.4886348365384615 0.2548701129807692 0.49800962019230766 0.26800093028846156 0.49800962019230766 0.26800093028846156 0.4886348365384615
1 0.24881556249999998 0.4917597644230769 0.23631584855769233 0.4917597644230769 0.23631584855769233 0.5021761923076923 0.24881556249999998 0.5021761923076923 0.24881556249999998 0.4917597644230769
0 0.3037175889423077 0.5161349350961538 0.3011576466346154 0.5161349350961538 0.3011576466346154 0.5289346418269231 0.3037175889423077 0.5289346418269231 0.3037175889423077 0.5161349350961538
0 0.3149173317307692 0.5134327740384615 0.3108374254807692 0.5134327740384615 0.3108374254807692 0.5268013581730769 0.3149173317307692 0.5268013581730769 0.3149173317307692 0.5134327740384615
0 0.3256370865384615 0.5060373894230769 0.32267715384615386 0.5060373894230769 0.32267715384615386 0.518126 0.3256370865384615 0.518126 0.3256370865384615 0.5060373894230769
0 0.3196372235576923 0.5107306153846154 0.31707728124999995 0.5107306153846154 0.31707728124999995 0.5225347884615384 0.3196372235576923 0.5225347884615384 0.3196372235576923 0.5107306153846154
0 0.31899723798076923 0.5300723942307692 0.3221971658653846 0.5300723942307692 0.3221971658653846 0.5155660600961538 0.31899723798076923 0.5155660600961538 0.31899723798076923 0.5300723942307692
0 0.3221971658653846 0.5115839278846154 0.3208371971153846 0.5115839278846154 0.3208371971153846 0.51798378125 0.3221971658653846 0.51798378125 0.3221971658653846 0.5115839278846154
0 0.3425966995192308 0.5044729807692307 0.3405167451923077 0.5044729807692307 0.3405167451923077 0.5142860889423078 0.3425966995192308 0.5142860889423078 0.3425966995192308 0.5044729807692307
1 0.3273170480769231 0.4808646322115384 0.3257170841346154 0.4808646322115384 0.3257170841346154 0.4882600192307692 0.3273170480769231 0.4882600192307692 0.3273170480769231 0.4808646322115384
1 0.33713642307692304 0.4797620793269231 0.3358052548076923 0.4797620793269231 0.3358052548076923 0.4862245096153846 0.33713642307692304 0.4862245096153846 0.33713642307692304 0.4797620793269231
1 0.3349860721153846 0.4803992211538462 0.33350130769230774 0.4803992211538462 0.33350130769230774 0.48631552884615387 0.3349860721153846 0.48631552884615387 0.3349860721153846 0.4803992211538462
1 0.3329893173076923 0.4818555432692308 0.3284838221153846 0.4818555432692308 0.3284838221153846 0.4890461322115385 0.3329893173076923 0.4890461322115385 0.3329893173076923 0.4818555432692308
1 0.3426146971153846 0.4929132740384615 0.3426146971153846 0.48995633413461537 0.3311973581730769 0.48995633413461537 0.3311973581730769 0.5020620120192307 0.3426146971153846 0.5020620120192307 0.3426146971153846 0.4929132740384615
1 0.3458402235576923 0.48868205288461536 0.3458402235576923 0.4813094206730769 0.34082273798076923 0.4813094206730769 0.34082273798076923 0.48868205288461536 0.3430974014423077 0.48868205288461536 0.3458402235576923 0.48868205288461536
1 0.40134606971153847 0.4886911490384615 0.40134606971153847 0.47113599519230764 0.3682218269230769 0.47113599519230764 0.3682218269230769 0.4886911490384615 0.39691908894230765 0.4886911490384615 0.40134606971153847 0.4886911490384615
1 0.42047063221153846 0.46913604086538463 0.40134606971153847 0.46913604086538463 0.40134606971153847 0.4822468533653846 0.42047063221153846 0.4822468533653846 0.42047063221153846 0.46913604086538463
1 0.3430974014423077 0.4978020528846154 0.3555971153846154 0.4978020528846154 0.3555971153846154 0.48868205288461536 0.3430974014423077 0.48868205288461536 0.3430974014423077 0.4978020528846154
1 0.3677218389423077 0.4822468533653846 0.3582220552884615 0.4822468533653846 0.3582220552884615 0.4935799278846154 0.3677218389423077 0.4935799278846154 0.3677218389423077 0.4822468533653846
1 0.4387202139423077 0.46913604086538463 0.42047063221153846 0.46913604086538463 0.42047063221153846 0.4764692067307692 0.4387202139423077 0.4764692067307692 0.4387202139423077 0.46913604086538463
1 0.45584482211538463 0.4642472644230769 0.43984518749999996 0.4642472644230769 0.43984518749999996 0.4733581682692308 0.45584482211538463 0.4733581682692308 0.45584482211538463 0.4642472644230769
1 0.4877190913461539 0.46313617788461536 0.4568447980769231 0.46313617788461536 0.4568447980769231 0.47313594951923077 0.4877190913461539 0.47313594951923077 0.4877190913461539 0.46313617788461536
1 0.5255932259615385 0.46313617788461536 0.4877190913461539 0.46313617788461536 0.4877190913461539 0.4740248197115384 0.5255932259615385 0.4740248197115384 0.5255932259615385 0.46313617788461536
1 0.33756044711538463 0.5202244927884615 0.33380053125 0.5202244927884615 0.33380053125 0.5384285192307693 0.33756044711538463 0.5384285192307693 0.33756044711538463 0.5202244927884615
1 0.34252033173076923 0.5220733389423077 0.33932040625 0.5220733389423077 0.33932040625 0.5391396153846154 0.34252033173076923 0.5391396153846154 0.34252033173076923 0.5220733389423077
1 0.34748021875 0.5125446682692307 0.34356031009615384 0.5125446682692307 0.34356031009615384 0.5232110913461538 0.34748021875 0.5232110913461538 0.34748021875 0.5125446682692307
1 0.3622798798076923 0.5182334278846153 0.35404006971153845 0.5182334278846153 0.35404006971153845 0.5345886081730769 0.3622798798076923 0.5345886081730769 0.3622798798076923 0.5182334278846153
1 0.36019992788461536 0.49618948798076923 0.3581199759615385 0.49618948798076923 0.3581199759615385 0.50415375 0.36019992788461536 0.50415375 0.36019992788461536 0.49618948798076923
1 0.3645198293269231 0.5067136899038461 0.36091991105769233 0.5067136899038461 0.36091991105769233 0.5188023028846154 0.3645198293269231 0.5188023028846154 0.3645198293269231 0.5067136899038461
1 0.36875973317307686 0.5084203197115384 0.3659597956730769 0.5084203197115384 0.3659597956730769 0.5197978365384615 0.36875973317307686 0.5197978365384615 0.36875973317307686 0.5084203197115384
1 0.3713196730769231 0.5031582163461539 0.36915972355769233 0.5031582163461539 0.36915972355769233 0.5159579230769231 0.3713196730769231 0.5159579230769231 0.3713196730769231 0.5031582163461539
1 0.37451960096153847 0.50415375 0.3725196466346154 0.50415375 0.3725196466346154 0.5180912091346154 0.37451960096153847 0.5180912091346154 0.37451960096153847 0.50415375
1 0.3777195264423077 0.50429596875 0.3751595865384615 0.50429596875 0.3751595865384615 0.5153890480769231 0.3777195264423077 0.5153890480769231 0.3777195264423077 0.50429596875
1 0.3834793942307692 0.5072825673076923 0.3834793942307692 0.4981805528846154 0.3810794495192308 0.4981805528846154 0.3810794495192308 0.5072825673076923 0.3817994326923077 0.5072825673076923 0.3834793942307692 0.5072825673076923
1 0.38579934134615385 0.4981805528846154 0.3834793942307692 0.4981805528846154 0.3834793942307692 0.5060025961538461 0.38579934134615385 0.5060025961538461 0.38579934134615385 0.4981805528846154
1 0.3817994326923077 0.5189445216346154 0.38371938942307693 0.5189445216346154 0.38371938942307693 0.5072825673076923 0.3817994326923077 0.5072825673076923 0.3817994326923077 0.5189445216346154
1 0.3817994326923077 0.5079936610576923 0.3795594855769231 0.5079936610576923 0.3795594855769231 0.5173801129807692 0.3817994326923077 0.5173801129807692 0.3817994326923077 0.5079936610576923
1 0.3875593028846154 0.5081358798076923 0.38491936298076923 0.5081358798076923 0.38491936298076923 0.5180912091346154 0.3875593028846154 0.5180912091346154 0.3875593028846154 0.5081358798076923
1 0.3810794495192308 0.5196556177884616 0.3780395192307692 0.5196556177884616 0.3780395192307692 0.5375752067307692 0.3810794495192308 0.5375752067307692 0.3810794495192308 0.5196556177884616
1 0.37739953365384615 0.5240644038461538 0.37483959375 0.5240644038461538 0.37483959375 0.5432639663461538 0.37739953365384615 0.5432639663461538 0.37739953365384615 0.5240644038461538
1 0.37355962259615383 0.5183756466346154 0.36963971153846154 0.5183756466346154 0.36963971153846154 0.5347308269230769 0.37355962259615383 0.5347308269230769 0.37355962259615383 0.5183756466346154
1 0.3972390817307693 0.4963317067307692 0.3989190432692308 0.4963317067307692 0.3989190432692308 0.4886911490384615 0.3972390817307693 0.4886911490384615 0.3972390817307693 0.4963317067307692
1 0.4034789375 0.4886911490384615 0.40134606971153847 0.4886911490384615 0.40134606971153847 0.4954783918269231 0.4034789375 0.4954783918269231 0.4034789375 0.4886911490384615
1 0.41203874278846153 0.4919229182692308 0.41027878125 0.4919229182692308 0.41027878125 0.5021626826923077 0.41203874278846153 0.5021626826923077 0.41203874278846153 0.4919229182692308
1 0.4152386682692307 0.4914962620192308 0.41203874278846153 0.4914962620192308 0.41203874278846153 0.5021626826923077 0.4152386682692307 0.5021626826923077 0.4152386682692307 0.4914962620192308
1 0.39811906009615383 0.5021626826923077 0.39555911778846153 0.5021626826923077 0.39555911778846153 0.5106958221153847 0.39811906009615383 0.5106958221153847 0.39811906009615383 0.5021626826923077
1 0.3970790841346154 0.5081358798076923 0.39387915625 0.5081358798076923 0.39387915625 0.5176645504807692 0.3970790841346154 0.5176645504807692 0.3970790841346154 0.5081358798076923
1 0.40523889663461543 0.49803833413461535 0.40211896874999997 0.49803833413461535 0.40211896874999997 0.5087047572115385 0.40523889663461543 0.5087047572115385 0.40523889663461543 0.49803833413461535
1 0.40795883653846154 0.5004560552884615 0.40603887980769227 0.5004560552884615 0.40603887980769227 0.5131135432692308 0.40795883653846154 0.5131135432692308 0.40795883653846154 0.5004560552884615
1 0.4017189783653846 0.5133979831730769 0.3994790288461539 0.5133979831730769 0.3994790288461539 0.5234955288461538 0.4017189783653846 0.5234955288461538 0.4017189783653846 0.5133979831730769
1 0.4041189230769231 0.5119757932692308 0.4021989663461539 0.5119757932692308 0.4021989663461539 0.5217889014423077 0.4041189230769231 0.5217889014423077 0.4041189230769231 0.5119757932692308
1 0.40691885817307694 0.5163845817307693 0.40483890624999996 0.5163845817307693 0.40483890624999996 0.5310331346153846 0.40691885817307694 0.5310331346153846 0.40691885817307694 0.5163845817307693
1 0.4104387788461539 0.5195133990384615 0.40835882692307696 0.5195133990384615 0.40835882692307696 0.536579673076923 0.4104387788461539 0.536579673076923 0.4104387788461539 0.5195133990384615
1 0.41307871874999996 0.5199400552884615 0.4109987644230769 0.5199400552884615 0.4109987644230769 0.5334508557692308 0.41307871874999996 0.5334508557692308 0.41307871874999996 0.5199400552884615
1 0.4191585793269231 0.5162423605769231 0.4156386586538462 0.5162423605769231 0.4156386586538462 0.5334508557692308 0.4191585793269231 0.5334508557692308 0.4191585793269231 0.5162423605769231
1 0.4317182908653846 0.5195133990384615 0.4276383846153846 0.5195133990384615 0.4276383846153846 0.5389973966346153 0.4317182908653846 0.5389973966346153 0.4317182908653846 0.5195133990384615
1 0.4241184639423077 0.5172378942307693 0.42123853125 0.5172378942307693 0.42123853125 0.5360107980769231 0.4241184639423077 0.5360107980769231 0.4241184639423077 0.5172378942307693
1 0.4317182908653846 0.5109802596153846 0.4289983533653846 0.5109802596153846 0.4289983533653846 0.5195133990384615 0.4317182908653846 0.5195133990384615 0.4317182908653846 0.5109802596153846
1 0.4282783701923077 0.5099847259615384 0.42475844951923075 0.5099847259615384 0.42475844951923075 0.5195133990384615 0.4282783701923077 0.5195133990384615 0.4282783701923077 0.5099847259615384
1 0.4249184471153846 0.5131135432692308 0.4224385048076923 0.5131135432692308 0.4224385048076923 0.5219311201923077 0.4249184471153846 0.5219311201923077 0.4249184471153846 0.5131135432692308
1 0.43091831009615383 0.49946052403846153 0.4257984278846154 0.49946052403846153 0.4257984278846154 0.5082780985576923 0.43091831009615383 0.5082780985576923 0.43091831009615383 0.49946052403846153