0 0.042684100961538456 0.41383089663461536 0.03948843990384616 0.41383089663461536 0.03948843990384616 0.42503092307692303 0.042684100961538456 0.42503092307692303 0.042684100961538456 0.41383089663461536
0 0.05446239182692308 0.43720486778846157 0.05227108173076923 0.43720486778846157 0.05227108173076923 0.44483387259615387 0.05446239182692308 0.44483387259615387 0.05446239182692308 0.43720486778846157
0 0.052362387019230766 0.43801646394230764 0.04852759375 0.43801646394230764 0.04852759375 0.4488918533653846 0.052362387019230766 0.4488918533653846 0.052362387019230766 0.43801646394230764
1 0.026249276442307692 0.4355816754807692 0.015931860576923078 0.4355816754807692 0.015931860576923078 0.4440222764423077 0.026249276442307692 0.4440222764423077 0.026249276442307692 0.4355816754807692
1 0.19633276201923078 0.5365771009615384 0.19313710096153847 0.5365771009615384 0.19313710096153847 0.547290170673077 0.19633276201923078 0.547290170673077 0.19633276201923078 0.5365771009615384
1 0.1951458028846154 0.55751628125 0.19322840624999998 0.55751628125 0.19322840624999998 0.5631974567307693 0.1951458028846154 0.5631974567307693 0.1951458028846154 0.55751628125
1 0.21988934375 0.5490756802884615 0.21733281490384615 0.5490756802884615 0.21733281490384615 0.5554061322115385 0.21988934375 0.5554061322115385 0.21988934375 0.5490756802884615
1 0.21422845913461538 0.5489133629807692 0.21139801682692308 0.5489133629807692 0.21139801682692308 0.5557307716346154 0.21422845913461538 0.5557307716346154 0.21422845913461538 0.5489133629807692
0 0.29182156009615384 0.4171180432692308 0.2897179014423077 0.4171180432692308 0.2897179014423077 0.4228524567307692 0.29182156009615384 0.4228524567307692 0.29182156009615384 0.4171180432692308
0 0.27574026682692304 0.4224369206730769 0.2731691298076923 0.4224369206730769 0.2731691298076923 0.43008280528846154 0.27574026682692304 0.43008280528846154 0.27574026682692304 0.4224369206730769
0 0.6770140288461538 0.4143371177884615 0.6740009783653846 0.4143371177884615 0.6740009783653846 0.4208298870192308 0.6770140288461538 0.4208298870192308 0.6770140288461538 0.4143371177884615
0 0.6590270288461538 0.42326467548076924 0.6559226730769231 0.42326467548076924 0.6559226730769231 0.4292704879807693 0.6590270288461538 0.4292704879807693 0.6590270288461538 0.42326467548076924
0 0.6799357764423076 0.4429053052884615 0.6769227259615385 0.4429053052884615 0.6769227259615385 0.45329373557692304 0.6799357764423076 0.45329373557692304 0.6799357764423076 0.4429053052884615
0 0.676202514423077 0.4419560625 0.6736781249999999 0.4419560625 0.6736781249999999 0.45134720432692305 0.676202514423077 0.45134720432692305 0.676202514423077 0.4419560625
0 0.6978872211538462 0.46840492067307693 0.6930937307692309 0.46840492067307693 0.6930937307692309 0.4819991586538462 0.6978872211538462 0.4819991586538462 0.6978872211538462 0.46840492067307693
0 0.6793980432692308 0.45866576682692306 0.6758599927884615 0.45866576682692306 0.6758599927884615 0.46414404086538463 0.6793980432692308 0.46414404086538463 0.6793980432692308 0.45866576682692306
0 0.7393393173076923 0.43165974038461535 0.7371421634615385 0.43165974038461535 0.7371421634615385 0.4413002043269231 0.7393393173076923 0.4413002043269231 0.7393393173076923 0.43165974038461535
0 0.73517875 0.4364799711538462 0.7329815961538462 0.4364799711538462 0.7329815961538462 0.4429623533653846 0.73517875 0.4429623533653846 0.73517875 0.4364799711538462
0 0.7381706177884616 0.4491123052884615 0.7363006995192307 0.4491123052884615 0.7363006995192307 0.45617643990384615 0.7381706177884616 0.45617643990384615 0.7381706177884616 0.4491123052884615
0 0.7721563725961539 0.42393074519230767 0.7696319831730769 0.42393074519230767 0.7696319831730769 0.43124420192307694 0.7721563725961539 0.43124420192307694 0.7721563725961539 0.42393074519230767
0 0.8063000048076923 0.4022741899038461 0.803446735576923 0.4022741899038461 0.803446735576923 0.41343363701923075 0.8063000048076923 0.41343363701923075 0.8063000048076923 0.4022741899038461
0 0.9124826610576923 0.3731298004807692 0.9102000456730769 0.3731298004807692 0.9102000456730769 0.3802312668269231 0.9124826610576923 0.3802312668269231 0.9124826610576923 0.3731298004807692
1 0.6838185192307692 0.5727227620192308 0.6838185192307692 0.5615633149038461 0.6803945961538461 0.5615633149038461 0.6803945961538461 0.5669048173076923 0.6803945961538461 0.5727227620192308 0.6838185192307692 0.5727227620192308
1 0.68781309375 0.505005201923077 0.6839611826923077 0.505005201923077 0.6839611826923077 0.5138820336538461 0.68781309375 0.5138820336538461 0.68781309375 0.505005201923077
1 0.6676975552884615 0.5077950625000001 0.6676975552884615 0.5017080913461538 0.6639883052884615 0.5017080913461538 0.6639883052884615 0.5077950625000001 0.6658694783653847 0.5077950625000001 0.6676975552884615 0.5077950625000001
1 0.7587168052884615 0.5841358341346153 0.7528676057692307 0.5841358341346153 0.7528676057692307 0.59554890625 0.7587168052884615 0.59554890625 0.7587168052884615 0.5841358341346153
1 0.7318960841346154 0.5719618894230769 0.7263322115384615 0.5719618894230769 0.7263322115384615 0.5826140913461538 0.7318960841346154 0.5826140913461538 0.7318960841346154 0.5719618894230769
1 0.7939546634615385 0.5855303149038462 0.7939546634615385 0.5798242283653846 0.7903880793269231 0.5798242283653846 0.7903880793269231 0.5892083100961538 0.7939546634615385 0.5892083100961538 0.7939546634615385 0.5855303149038462
1 0.819634076923077 0.5689184038461538 0.8157821658653847 0.5689184038461538 0.8157821658653847 0.5762734951923076 0.819634076923077 0.5762734951923076 0.819634076923077 0.5689184038461538
1 0.8446001730769231 0.5635923028846154 0.8400349423076924 0.5635923028846154 0.8400349423076924 0.5714546418269231 0.8446001730769231 0.5714546418269231 0.8446001730769231 0.5635923028846154
1 0.8534453028846154 0.5701865240384616 0.8497360552884616 0.5701865240384616 0.8497360552884616 0.5770343677884615 0.8534453028846154 0.5770343677884615 0.8534453028846154 0.5701865240384616
1 0.8691382764423078 0.5696792764423078 0.8659996826923078 0.5696792764423078 0.8659996826923078 0.5775416153846155 0.8691382764423078 0.5775416153846155 0.8691382764423078 0.5696792764423078
1 0.8523039951923077 0.5813459711538461 0.8488800745192309 0.5813459711538461 0.8488800745192309 0.5899691802884616 0.8523039951923077 0.5899691802884616 0.8523039951923077 0.5813459711538461
1 0.8565838990384615 0.5963097788461538 0.8513053509615385 0.5963097788461538 0.8513053509615385 0.6100054639423077 0.8565838990384615 0.6100054639423077 0.8565838990384615 0.5963097788461538
1 0.7807048004807692 0.47660725721153846 0.7755689182692307 0.47660725721153846 0.7755689182692307 0.4870058341346154 0.7807048004807692 0.4870058341346154 0.7807048004807692 0.47660725721153846
1 0.9486707764423077 0.3641114591346154 0.9324102163461538 0.3641114591346154 0.9324102163461538 0.3804742860576923 0.9486707764423077 0.3804742860576923 0.9486707764423077 0.3641114591346154
0 0.7337342379807693 0.4492821466346154 0.7355996009615384 0.4492821466346154 0.7355996009615384 0.43985715625000005 0.7337342379807693 0.43985715625000005 0.7337342379807693 0.4492821466346154
0 0.27712340865384616 0.4169431730769231 0.27461007932692305 0.4169431730769231 0.27461007932692305 0.42923056490384615 0.27712340865384616 0.42923056490384615 0.27712340865384616 0.4169431730769231
0 0.05657263701923077 0.4466090048076923 0.05981247596153846 0.4466090048076923 0.05981247596153846 0.43613679567307695 0.05657263701923077 0.43613679567307695 0.05657263701923077 0.4466090048076923
0 0.04194426923076923 0.42287199759615385 0.04528228605769231 0.42287199759615385 0.04528228605769231 0.41117803125 0.04194426923076923 0.41117803125 0.04194426923076923 0.42287199759615385