0 0.24436464423076923 0.7345003052884616 0.22872075721153845 0.7345003052884616 0.22872075721153845 0.7812739495192308 0.24436464423076923 0.7812739495192308 0.24436464423076923 0.7345003052884616
0 0.3055180264423077 0.7812739495192308 0.29414065144230767 0.7812739495192308 0.29414065144230767 0.8318400528846154 0.3055180264423077 0.8318400528846154 0.3055180264423077 0.7812739495192308
0 0.21663229807692305 0.7597833557692308 0.20383275240384616 0.7597833557692308 0.20383275240384616 0.8078211538461539 0.21663229807692305 0.8078211538461539 0.21663229807692305 0.7597833557692308
0 0.20383275240384616 0.7395569158653846 0.1945886370192308 0.7395569158653846 0.1945886370192308 0.8078211538461539 0.20383275240384616 0.8078211538461539 0.20383275240384616 0.7395569158653846
0 0.21663229807692305 0.5891227572115384 0.2045438389423077 0.5891227572115384 0.2045438389423077 0.6409530120192308 0.21663229807692305 0.6409530120192308 0.21663229807692305 0.5891227572115384
0 0.40073748557692307 0.32482324278846153 0.39921043990384614 0.32482324278846153 0.39921043990384614 0.3318815841346154 0.40073748557692307 0.3318815841346154 0.40073748557692307 0.32482324278846153
1 0.4378141418269231 0.3121182259615385 0.4237042451923077 0.3121182259615385 0.4237042451923077 0.3225428557692308 0.4378141418269231 0.3225428557692308 0.4378141418269231 0.3121182259615385
1 0.4227880168269231 0.32547478125 0.42065015384615384 0.32547478125 0.42065015384615384 0.3318815841346154 0.4227880168269231 0.3318815841346154 0.4227880168269231 0.32547478125
1 0.4328054350961539 0.3302527355769231 0.43091189903846155 0.3302527355769231 0.43091189903846155 0.33763684615384615 0.4328054350961539 0.33763684615384615 0.4328054350961539 0.3302527355769231
1 0.43091189903846155 0.32960119711538466 0.42840754326923075 0.32960119711538466 0.42840754326923075 0.33427056009615386 0.43091189903846155 0.33427056009615386 0.43091189903846155 0.32960119711538466
1 0.4320724519230769 0.3260177307692308 0.4307286514423077 0.3260177307692308 0.4307286514423077 0.3302527355769231 0.4320724519230769 0.3302527355769231 0.4320724519230769 0.3260177307692308
1 0.43445464423076924 0.3263435 0.4328054350961539 0.3263435 0.4328054350961539 0.33155581490384617 0.43445464423076924 0.33155581490384617 0.43445464423076924 0.3263435
1 0.4399132475961538 0.83942496875 0.42000284374999997 0.83942496875 0.42000284374999997 0.8760853942307693 0.4399132475961538 0.8760853942307693 0.4399132475961538 0.83942496875
1 0.7234013413461539 0.33146660576923076 0.7160715240384616 0.33146660576923076 0.7160715240384616 0.34042526923076927 0.7234013413461539 0.34042526923076927 0.7234013413461539 0.33146660576923076
1 0.7066038437500001 0.3544062163461538 0.6865231995192308 0.3544062163461538 0.6865231995192308 0.3636363557692308 0.7066038437500001 0.3636363557692308 0.7066038437500001 0.3544062163461538
1 0.6154825817307692 0.33415360336538463 0.614337298076923 0.33415360336538463 0.614337298076923 0.3383953966346154 0.6154825817307692 0.3383953966346154 0.6154825817307692 0.33415360336538463
1 0.618632110576923 0.3346626201923077 0.6169141850961538 0.3346626201923077 0.6169141850961538 0.3383953966346154 0.618632110576923 0.3383953966346154 0.618632110576923 0.3346626201923077
1 0.5077304543269231 0.4028706370192308 0.49952258653846154 0.4028706370192308 0.49952258653846154 0.41695338701923074 0.5077304543269231 0.41695338701923074 0.5077304543269231 0.4028706370192308
1 0.15050131490384616 0.03668807932692308 0.012550665865384615 0.03668807932692308 0.012550665865384615 0.09736740144230768 0.15050131490384616 0.09736740144230768 0.15050131490384616 0.03668807932692308
1 0.36081695913461537 0.6890671899038462 0.3538536346153846 0.6890671899038462 0.3538536346153846 0.7026409254807693 0.36081695913461537 0.7026409254807693 0.36081695913461537 0.6890671899038462
1 0.44936895673076926 0.3563959831730769 0.4392812524038462 0.3563959831730769 0.4392812524038462 0.36283645673076925 0.44936895673076926 0.36283645673076925 0.44936895673076926 0.3563959831730769
1 0.57796771875 0.34675640625 0.5676448942307692 0.34675640625 0.5676448942307692 0.35620372596153843 0.57796771875 0.35620372596153843 0.57796771875 0.34675640625
1 0.41991606249999996 0.3246668076923077 0.41820577163461536 0.3246668076923077 0.41820577163461536 0.3313559447115385 0.41991606249999996 0.3313559447115385 0.41991606249999996 0.3246668076923077
1 0.4155670384615385 0.32753358173076924 0.41361242067307696 0.32753358173076924 0.41361242067307696 0.33291963942307695 0.4155670384615385 0.33291963942307695 0.4155670384615385 0.32753358173076924
1 0.41986719711538456 0.31771705528846156 0.41786371394230765 0.31771705528846156 0.41786371394230765 0.3237980889423077 0.41986719711538456 0.3237980889423077 0.41986719711538456 0.31771705528846156
1 0.9846049927884616 0.7774814927884616 0.8964303485576923 0.7774814927884616 0.8964303485576923 0.8735570889423077 0.9846049927884616 0.8735570889423077 0.9846049927884616 0.7774814927884616