1 0.14307617067307693 0.03759033894230769 0.019302372596153847 0.03759033894230769 0.019302372596153847 0.09062211778846155 0.14307617067307693 0.09062211778846155 0.14307617067307693 0.03759033894230769
1 0.18982526682692308 0.37715203124999996 0.16222103846153846 0.37715203124999996 0.16222103846153846 0.4309753293269231 0.18982526682692308 0.4309753293269231 0.18982526682692308 0.37715203124999996
1 0.38160884615384616 0.16450611298076925 0.3707544206730769 0.16450611298076925 0.3707544206730769 0.1786155673076923 0.38160884615384616 0.1786155673076923 0.38160884615384616 0.16450611298076925
1 0.39468084134615383 0.11616048076923077 0.3905958413461538 0.11616048076923077 0.3905958413461538 0.12570511057692307 0.39468084134615383 0.12570511057692307 0.39468084134615383 0.11616048076923077
1 0.4066118365384615 0.10851358173076922 0.4022495264423077 0.10851358173076922 0.4022495264423077 0.12189930528846153 0.4066118365384615 0.12189930528846153 0.4066118365384615 0.10851358173076922
1 0.43367540384615383 0.10573140625 0.4293429711538461 0.10573140625 0.4293429711538461 0.11409748317307693 0.43367540384615383 0.11409748317307693 0.43367540384615383 0.10573140625
1 0.5321799567307692 0.2680096706730769 0.5242433870192308 0.2680096706730769 0.5242433870192308 0.28444303605769233 0.5321799567307692 0.28444303605769233 0.5321799567307692 0.2680096706730769
1 0.8477639014423077 0.3336472860576923 0.83954721875 0.3336472860576923 0.83954721875 0.3590443052884615 0.8477639014423077 0.3590443052884615 0.8477639014423077 0.3336472860576923
1 0.736028983173077 0.32010517307692304 0.7115919399038462 0.32010517307692304 0.7115919399038462 0.33761231009615383 0.736028983173077 0.33761231009615383 0.736028983173077 0.32010517307692304
1 0.8013160096153846 0.2620722596153846 0.7796144567307692 0.2620722596153846 0.7796144567307692 0.27666154086538464 0.8013160096153846 0.27666154086538464 0.8013160096153846 0.2620722596153846
1 0.7407255625 0.1478651057692308 0.7348898509615385 0.1478651057692308 0.7348898509615385 0.16363449759615384 0.7407255625 0.16363449759615384 0.7407255625 0.1478651057692308
1 0.5183515264423076 0.11385633173076924 0.5131227283653846 0.11385633173076924 0.5131227283653846 0.1262062548076923 0.5183515264423076 0.1262062548076923 0.5183515264423076 0.11385633173076924
1 0.5243272956730769 0.13019010096153846 0.5193225889423077 0.13019010096153846 0.5193225889423077 0.1422744326923077 0.5243272956730769 0.1422744326923077 0.5243272956730769 0.13019010096153846
1 0.4646742043269231 0.09305393990384615 0.4616265600961539 0.09305393990384615 0.4616265600961539 0.10187151923076923 0.4646742043269231 0.10187151923076923 0.4646742043269231 0.09305393990384615
1 0.4785379879807692 0.10633342548076923 0.4751915552884615 0.10633342548076923 0.4751915552884615 0.11440735336538463 0.4785379879807692 0.11440735336538463 0.4785379879807692 0.10633342548076923
1 0.38100357692307696 0.09896621394230769 0.3771193269230769 0.09896621394230769 0.3771193269230769 0.10308285576923078 0.38100357692307696 0.10308285576923078 0.38100357692307696 0.09896621394230769
1 0.5245947692307692 0.07496567548076924 0.5205097716346153 0.07496567548076924 0.5205097716346153 0.08077545192307692 0.5245947692307692 0.08077545192307692 0.5245947692307692 0.07496567548076924
1 0.6783991129807692 0.21781171153846154 0.6691786875 0.21781171153846154 0.6691786875 0.22714885096153845 0.6783991129807692 0.22714885096153845 0.6783991129807692 0.21781171153846154
1 0.6868025384615385 0.17921820192307691 0.6814336826923076 0.17921820192307691 0.6814336826923076 0.19249768990384614 0.6868025384615385 0.19249768990384614 0.6868025384615385 0.17921820192307691
1 0.580221920673077 0.14953874278846155 0.5724020673076923 0.14953874278846155 0.5724020673076923 0.16261073798076925 0.580221920673077 0.16261073798076925 0.580221920673077 0.14953874278846155
1 0.3807108221153846 0.04955482211538462 0.37893625721153845 0.04955482211538462 0.37893625721153845 0.05238324759615384 0.3807108221153846 0.05238324759615384 0.3807108221153846 0.04955482211538462
1 0.41537806730769233 0.050154326923076926 0.41537806730769233 0.04709473317307692 0.41365704567307693 0.04709473317307692 0.41365704567307693 0.04815079326923077 0.41365704567307693 0.050154326923076926 0.41537806730769233 0.050154326923076926
1 0.3336082355769231 0.057742153846153846 0.3336082355769231 0.055511199519230774 0.33109841105769233 0.055511199519230774 0.33109841105769233 0.057742153846153846 0.3324500048076923 0.057742153846153846 0.3336082355769231 0.057742153846153846
1 0.8003843461538461 0.4827728966346154 0.7803240865384615 0.4827728966346154 0.7803240865384615 0.5164092908653847 0.8003843461538461 0.5164092908653847 0.8003843461538461 0.4827728966346154
1 0.4324477764423077 0.12009444951923078 0.4248846947115385 0.12009444951923078 0.4248846947115385 0.12640220673076924 0.4324477764423077 0.12640220673076924 0.4324477764423077 0.12009444951923078
1 0.4400856586538462 0.04837022836538462 0.4379342668269231 0.04837022836538462 0.4379342668269231 0.05111922836538462 0.4400856586538462 0.05111922836538462 0.4400856586538462 0.04837022836538462
1 0.4128571105769231 0.049206879807692304 0.41110910576923076 0.049206879807692304 0.41110910576923076 0.05267301201923077 0.4128571105769231 0.05267301201923077 0.4128571105769231 0.049206879807692304
1 0.4217316009615385 0.05064114182692307 0.4196474399038461 0.05064114182692307 0.4196474399038461 0.05398775 0.4217316009615385 0.05398775 0.4217316009615385 0.05064114182692307
1 0.42724454086538466 0.05064114182692307 0.42448806971153846 0.05064114182692307 0.42448806971153846 0.053868228365384616 0.42724454086538466 0.053868228365384616 0.42724454086538466 0.05064114182692307
1 0.5837222884615385 0.1432794014423077 0.5702760913461539 0.1432794014423077 0.5702760913461539 0.15045070673076924 0.5837222884615385 0.15045070673076924 0.5837222884615385 0.1432794014423077