0 0.5002153870192307 0.80018971875 0.49493298557692306 0.80018971875 0.49493298557692306 0.8126508942307692 0.5002153870192307 0.8126508942307692 0.5002153870192307 0.80018971875
0 0.6708755480769231 0.8936961706730769 0.6666868221153847 0.8936961706730769 0.6666868221153847 0.9092913317307693 0.6708755480769231 0.9092913317307693 0.6708755480769231 0.8936961706730769
0 0.6382670408653847 0.8221694086538461 0.6326764110576922 0.8221694086538461 0.6326764110576922 0.8321128846153846 0.6382670408653847 0.8321128846153846 0.6382670408653847 0.8221694086538461
0 0.6662946225961538 0.8596447427884615 0.660970545673077 0.8596447427884615 0.660970545673077 0.8704984879807692 0.6662946225961538 0.8704984879807692 0.6662946225961538 0.8596447427884615
0 0.5264815793269231 0.7870510528846153 0.5224677572115385 0.7870510528846153 0.5224677572115385 0.7993364134615385 0.5264815793269231 0.7993364134615385 0.5264815793269231 0.7870510528846153
0 0.6039649495192307 0.8405190048076924 0.6039649495192307 0.8368964302884615 0.5999527451923077 0.8368964302884615 0.5999527451923077 0.85177375 0.6039649495192307 0.85177375 0.6039649495192307 0.8405190048076924
0 0.5299118990384616 0.8501395336538462 0.5262974735576923 0.8501395336538462 0.5262974735576923 0.865814548076923 0.5299118990384616 0.865814548076923 0.5299118990384616 0.8501395336538462
0 0.7062645432692308 0.7367862283653845 0.7028747067307692 0.7367862283653845 0.7028747067307692 0.7504816682692308 0.7062645432692308 0.7504816682692308 0.7062645432692308 0.7367862283653845
0 0.5695251466346154 0.7681198125 0.5662765504807692 0.7681198125 0.5662765504807692 0.7806599927884614 0.5695251466346154 0.7806599927884614 0.5695251466346154 0.7681198125
0 0.6189180841346154 0.714800516826923 0.6160742283653846 0.714800516826923 0.6160742283653846 0.7241326225961539 0.6189180841346154 0.7241326225961539 0.6189180841346154 0.714800516826923
0 0.6416160576923077 0.8588379759615384 0.6378980624999999 0.8588379759615384 0.6378980624999999 0.8747067764423077 0.6416160576923077 0.8747067764423077 0.6416160576923077 0.8588379759615384
0 0.54696903125 0.7785930216346154 0.5431143749999999 0.7785930216346154 0.5431143749999999 0.79139090625 0.54696903125 0.79139090625 0.54696903125 0.7785930216346154
0 0.45336899759615384 0.7326597427884616 0.44910359375000003 0.7326597427884616 0.44910359375000003 0.7436540384615384 0.45336899759615384 0.7436540384615384 0.45336899759615384 0.7326597427884616
0 0.38566527403846157 0.7045501298076923 0.3818863389423077 0.7045501298076923 0.3818863389423077 0.7185625697115385 0.38566527403846157 0.7185625697115385 0.38566527403846157 0.7045501298076923
0 0.6610718725961539 0.87895846875 0.6580226899038462 0.87895846875 0.6580226899038462 0.8919255576923076 0.6610718725961539 0.8919255576923076 0.6610718725961539 0.87895846875
0 0.6666989807692307 0.9170052427884615 0.6635563365384616 0.9170052427884615 0.6635563365384616 0.9326500793269231 0.6666989807692307 0.9326500793269231 0.6666989807692307 0.9170052427884615
0 0.6749713894230769 0.8955846995192308 0.6722218509615385 0.8955846995192308 0.6722218509615385 0.9109477572115385 0.6749713894230769 0.9109477572115385 0.6749713894230769 0.8955846995192308
0 0.6163575168269231 0.9019302379807693 0.6129773149038461 0.9019302379807693 0.6129773149038461 0.9163499615384616 0.6163575168269231 0.9163499615384616 0.6163575168269231 0.9019302379807693
0 0.6494392403846153 0.8934121875 0.645798110576923 0.8934121875 0.645798110576923 0.9104855865384616 0.6494392403846153 0.9104855865384616 0.6494392403846153 0.8934121875
0 0.6804729927884616 0.8470249591346154 0.6770068653846154 0.8470249591346154 0.6770068653846154 0.8567597283653845 0.6804729927884616 0.8567597283653845 0.6804729927884616 0.8470249591346154
0 0.5483415600961539 0.8101374302884616 0.544681358173077 0.8101374302884616 0.544681358173077 0.8234873461538462 0.5483415600961539 0.8234873461538462 0.5483415600961539 0.8101374302884616
0 0.30760552884615383 0.7195881057692308 0.30760552884615383 0.7183939615384615 0.30431897596153845 0.7183939615384615 0.30431897596153845 0.7294199615384614 0.30760552884615383 0.7294199615384614 0.30760552884615383 0.7195881057692308
0 0.49804782932692304 0.8455727475961539 0.4943709375 0.8455727475961539 0.4943709375 0.8579622067307693 0.49804782932692304 0.8579622067307693 0.49804782932692304 0.8455727475961539
0 0.6445772163461538 0.7931342235576923 0.6411137572115385 0.7931342235576923 0.6411137572115385 0.8115347980769231 0.6445772163461538 0.8115347980769231 0.6445772163461538 0.7931342235576923
0 0.6567521562499999 0.9049976778846154 0.6540716658653847 0.9049976778846154 0.6540716658653847 0.914684295673077 0.6567521562499999 0.914684295673077 0.6567521562499999 0.9049976778846154
0 0.43644752403846154 0.7740162307692308 0.4330898269230769 0.7740162307692308 0.4330898269230769 0.786227670673077 0.43644752403846154 0.786227670673077 0.43644752403846154 0.7740162307692308
0 0.48578825 0.7793807980769232 0.4819570528846154 0.7793807980769232 0.4819570528846154 0.7887274855769231 0.48578825 0.7887274855769231 0.48578825 0.7793807980769232
0 0.25482478125 0.6070148894230769 0.2518256177884615 0.6070148894230769 0.2518256177884615 0.6163990432692308 0.25482478125 0.6163990432692308 0.25482478125 0.6070148894230769
1 0.43635764182692305 0.7476298004807693 0.43435462740384617 0.7476298004807693 0.4303252692307692 0.7476298004807693 0.4303252692307692 0.764072502403846 0.43635764182692305 0.764072502403846 0.43635764182692305 0.7476298004807693
0 0.45716233173076926 0.7532726706730769 0.4535300745192308 0.7532726706730769 0.4535300745192308 0.7675147163461538 0.45716233173076926 0.7675147163461538 0.45716233173076926 0.7532726706730769
0 0.56082596875 0.8468987355769231 0.5566464903846154 0.8468987355769231 0.5566464903846154 0.8606501274038462 0.56082596875 0.8606501274038462 0.56082596875 0.8468987355769231
0 0.6191776274038462 0.8517306850961539 0.6191776274038462 0.8444093485576923 0.6157891274038462 0.8444093485576923 0.6157891274038462 0.8505534471153846 0.6157891274038462 0.8517306850961539 0.6191776274038462 0.8517306850961539
0 0.6090839375 0.8541552211538461 0.6054213533653846 0.8541552211538461 0.6054213533653846 0.8701733894230769 0.6090839375 0.8701733894230769 0.6090839375 0.8541552211538461
0 0.2822784182692308 0.639086108173077 0.27924974038461536 0.639086108173077 0.27924974038461536 0.6494981971153847 0.2822784182692308 0.6494981971153847 0.2822784182692308 0.639086108173077
0 0.45893664423076924 0.7413387716346154 0.4531733028846154 0.7413387716346154 0.4531733028846154 0.7521092740384615 0.45893664423076924 0.7521092740384615 0.45893664423076924 0.7413387716346154
0 0.29632155769230767 0.7037168701923077 0.29343030528846153 0.7037168701923077 0.29343030528846153 0.7161260817307693 0.29632155769230767 0.7161260817307693 0.29632155769230767 0.7037168701923077
0 0.4344954014423077 0.7978556322115384 0.43092570192307694 0.7978556322115384 0.43092570192307694 0.8137456274038463 0.4344954014423077 0.8137456274038463 0.4344954014423077 0.7978556322115384
0 0.5345292572115384 0.7998636875 0.5260826586538461 0.7998636875 0.5260826586538461 0.8084409927884615 0.5345292572115384 0.8084409927884615 0.5345292572115384 0.7998636875
0 0.3221957451923077 0.6958759302884616 0.31901252163461535 0.6958759302884616 0.31901252163461535 0.7100648245192308 0.3221957451923077 0.7100648245192308 0.3221957451923077 0.6958759302884616
0 0.5814271923076924 0.7830309567307693 0.5754438389423077 0.7830309567307693 0.5754438389423077 0.7899248774038461 0.5814271923076924 0.7899248774038461 0.5814271923076924 0.7830309567307693
1 0.2642193798076923 0.6444143509615384 0.2642193798076923 0.6363514375 0.2591495504807692 0.6363514375 0.2591495504807692 0.6444143509615384 0.2626592067307692 0.6444143509615384 0.2642193798076923 0.6444143509615384
0 0.8282828317307692 0.9687819591346154 0.823923110576923 0.9687819591346154 0.823923110576923 0.9900895865384616 0.8282828317307692 0.9900895865384616 0.8282828317307692 0.9687819591346154
0 0.8733696947115385 0.8765898798076923 0.8701443677884615 0.8765898798076923 0.8701443677884615 0.8914939879807692 0.8733696947115385 0.8914939879807692 0.8733696947115385 0.8765898798076923
0 0.8581041346153846 0.9524231802884615 0.8543562884615384 0.9524231802884615 0.8543562884615384 0.9665820649038461 0.8581041346153846 0.9665820649038461 0.8581041346153846 0.9524231802884615
0 0.8163455000000001 0.924476454326923 0.8116243365384614 0.924476454326923 0.8116243365384614 0.9339012163461539 0.8163455000000001 0.9339012163461539 0.8163455000000001 0.924476454326923
0 0.7661469927884615 0.9819357115384615 0.7617965697115385 0.9819357115384615 0.7617965697115385 0.9954058341346154 0.7661469927884615 0.9954058341346154 0.7661469927884615 0.9819357115384615
0 0.8151621826923077 0.9511762836538461 0.8111204158653845 0.9511762836538461 0.8111204158653845 0.963639153846154 0.8151621826923077 0.963639153846154 0.8151621826923077 0.9511762836538461
0 0.7682540408653846 0.7190990024038462 0.7646121490384614 0.7190990024038462 0.7646121490384614 0.731521266826923 0.7682540408653846 0.731521266826923 0.7682540408653846 0.7190990024038462
0 0.8212040889423077 0.9721011682692308 0.8176294326923077 0.9721011682692308 0.8176294326923077 0.9896664927884615 0.8212040889423077 0.9896664927884615 0.8212040889423077 0.9721011682692308
0 0.8645969399038461 0.9505251562500001 0.8614556322115384 0.9505251562500001 0.8614556322115384 0.9650745817307692 0.8645969399038461 0.9650745817307692 0.8645969399038461 0.9505251562500001
0 0.8310379038461538 0.7363615240384616 0.8276237475961538 0.7363615240384616 0.8276237475961538 0.7463427211538461 0.8310379038461538 0.7463427211538461 0.8310379038461538 0.7363615240384616
0 0.8987363822115384 0.8677204567307691 0.8946821201923078 0.8677204567307691 0.8946821201923078 0.8839352932692308 0.8987363822115384 0.8839352932692308 0.8987363822115384 0.8677204567307691
0 0.8099700937500001 0.879461076923077 0.8057280528846154 0.879461076923077 0.8057280528846154 0.8891114134615384 0.8099700937500001 0.8891114134615384 0.8099700937500001 0.879461076923077
0 0.8195368774038462 0.8794037716346155 0.815274048076923 0.8794037716346155 0.815274048076923 0.9004182596153847 0.8195368774038462 0.9004182596153847 0.8195368774038462 0.8794037716346155
0 0.7889499423076922 0.7841205913461539 0.7853833557692307 0.7841205913461539 0.7853833557692307 0.793251048076923 0.7889499423076922 0.793251048076923 0.7889499423076922 0.7841205913461539
0 0.7771943870192307 0.8916924014423077 0.7733139423076923 0.8916924014423077 0.7733139423076923 0.9085330240384616 0.7771943870192307 0.9085330240384616 0.7771943870192307 0.8916924014423077
0 0.7943139951923077 0.8590256538461538 0.7895205048076923 0.8590256538461538 0.7895205048076923 0.8776923677884615 0.7943139951923077 0.8776923677884615 0.7943139951923077 0.8590256538461538
0 0.7737704663461538 0.8543589759615385 0.76760740625 0.8543589759615385 0.76760740625 0.8697793028846154 0.7737704663461538 0.8697793028846154 0.7737704663461538 0.8543589759615385
0 0.18817288701923077 0.6325035865384615 0.18585460817307692 0.6325035865384615 0.18585460817307692 0.6416974519230769 0.18817288701923077 0.6416974519230769 0.18817288701923077 0.6325035865384615
0 0.2586129423076923 0.65120834375 0.2559380024038461 0.65120834375 0.2559380024038461 0.6616703269230769 0.2586129423076923 0.6616703269230769 0.2586129423076923 0.65120834375
0 0.14876212259615385 0.6084093245192308 0.14662217067307692 0.6084093245192308 0.14662217067307692 0.6166520985576922 0.14876212259615385 0.6166520985576922 0.14876212259615385 0.6084093245192308
0 0.16499008413461538 0.6195053677884614 0.16178015865384615 0.6195053677884614 0.16178015865384615 0.6252119038461538 0.16499008413461538 0.6252119038461538 0.16499008413461538 0.6195053677884614
0 0.17426320432692308 0.6255289326923077 0.17158826682692307 0.6255289326923077 0.17158826682692307 0.63123546875 0.17426320432692308 0.63123546875 0.17426320432692308 0.6255289326923077
0 0.1806830576923077 0.6325035865384615 0.17818644951923077 0.6325035865384615 0.17818644951923077 0.6388441826923077 0.1806830576923077 0.6388441826923077 0.1806830576923077 0.6325035865384615
0 0.1557169639423077 0.6176031875000001 0.15322035336538462 0.6176031875000001 0.15322035336538462 0.6223586346153845 0.1557169639423077 0.6223586346153845 0.1557169639423077 0.6176031875000001
0 0.15402089903846153 0.6096050817307692 0.1517382860576923 0.6096050817307692 0.1517382860576923 0.6164224903846154 0.15402089903846153 0.6164224903846154 0.15402089903846153 0.6096050817307692
0 0.09086557692307692 0.5642884879807692 0.08787078846153847 0.5642884879807692 0.08787078846153847 0.5762351850961539 0.09086557692307692 0.5762351850961539 0.09086557692307692 0.5642884879807692
0 0.09312993028846153 0.5615615264423077 0.08991600961538461 0.5615615264423077 0.08991600961538461 0.5742873557692307 0.09312993028846153 0.5742873557692307 0.09312993028846153 0.5615615264423077
0 0.03820109855769231 0.5324739158653846 0.03622891826923077 0.5324739158653846 0.03622891826923077 0.5410443725961538 0.03820109855769231 0.5410443725961538 0.03820109855769231 0.5324739158653846
0 0.05719244951923076 0.5153330048076923 0.054708966346153846 0.5153330048076923 0.054708966346153846 0.5240333149038462 0.05719244951923076 0.5240333149038462 0.05719244951923076 0.5153330048076923
0 0.024322802884615382 0.5257214350961539 0.02147409855769231 0.5257214350961539 0.02147409855769231 0.5318246394230769 0.024322802884615382 0.5318246394230769 0.024322802884615382 0.5257214350961539
0 0.19281528365384615 0.6012071538461539 0.18974744951923078 0.6012071538461539 0.18974744951923078 0.6096477548076923 0.19281528365384615 0.6096477548076923 0.19281528365384615 0.6012071538461539
0 0.2727202980769231 0.5891299423076923 0.27115100000000003 0.5891299423076923 0.27115100000000003 0.6000357692307692 0.2727202980769231 0.6000357692307692 0.2727202980769231 0.5891299423076923
0 0.3297913629807692 0.60395171875 0.3270522259615385 0.60395171875 0.3270522259615385 0.6110937668269231 0.3297913629807692 0.6110937668269231 0.3297913629807692 0.60395171875
0 0.3165430721153846 0.6993934254807692 0.3142056730769231 0.6993934254807692 0.3142056730769231 0.7116933293269232 0.3165430721153846 0.7116933293269232 0.3165430721153846 0.6993934254807692
0 0.31359795192307693 0.7001413942307693 0.3111670576923077 0.7001413942307693 0.3111670576923077 0.7088676754807692 0.31359795192307693 0.7088676754807692 0.31359795192307693 0.7001413942307693
0 0.2998073076923077 0.7068730961538462 0.2971894230769231 0.7068730961538462 0.2971894230769231 0.7164304543269231 0.2998073076923077 0.7164304543269231 0.2998073076923077 0.7068730961538462
0 0.2842869903846154 0.7109453629807692 0.28152886057692306 0.7109453629807692 0.28152886057692306 0.723910125 0.2842869903846154 0.723910125 0.2842869903846154 0.7109453629807692
0 0.4379505841346154 0.8344456995192308 0.43519245673076923 0.8344456995192308 0.43519245673076923 0.8453327740384615 0.4379505841346154 0.8453327740384615 0.4379505841346154 0.8344456995192308
0 0.42163555288461535 0.8345288076923078 0.41920466105769233 0.8345288076923078 0.41920466105769233 0.8461638509615385 0.42163555288461535 0.8461638509615385 0.42163555288461535 0.8345288076923078
0 0.4121457211538461 0.8184059591346154 0.40873312019230773 0.8184059591346154 0.40873312019230773 0.8249714495192308 0.4121457211538461 0.8249714495192308 0.4121457211538461 0.8184059591346154
0 0.6257382019230769 0.7906914591346154 0.6196207956730769 0.7906914591346154 0.6196207956730769 0.8080596177884616 0.6257382019230769 0.8080596177884616 0.6257382019230769 0.7906914591346154
0 0.605844076923077 0.840622889423077 0.6032145048076922 0.840622889423077 0.6032145048076922 0.8541552211538461 0.605844076923077 0.8541552211538461 0.605844076923077 0.840622889423077
0 0.595036326923077 0.85287428125 0.5912029975961539 0.85287428125 0.5912029975961539 0.8665039038461538 0.595036326923077 0.8665039038461538 0.595036326923077 0.85287428125
0 0.5906887692307692 0.8509628076923076 0.5879306418269231 0.8509628076923076 0.5879306418269231 0.8644262163461539 0.5906887692307692 0.8644262163461539 0.5906887692307692 0.8509628076923076
1 0.5759367019230769 0.8135257211538461 0.5619707524038462 0.8135257211538461 0.5619707524038462 0.8366919230769232 0.5759367019230769 0.8366919230769232 0.5759367019230769 0.8135257211538461
0 0.5451867716346154 0.8152463004807693 0.5421470336538461 0.8152463004807693 0.5421470336538461 0.8275435432692307 0.5451867716346154 0.8275435432692307 0.5451867716346154 0.8152463004807693
0 0.5051529711538462 0.80018971875 0.5002153870192307 0.80018971875 0.5002153870192307 0.8127503774038461 0.5051529711538462 0.8127503774038461 0.5051529711538462 0.80018971875
1 0.4590996201923077 0.6997513725961538 0.45049799759615383 0.6997513725961538 0.45049799759615383 0.7135472091346154 0.4590996201923077 0.7135472091346154 0.4590996201923077 0.6997513725961538
0 0.3101579110576923 0.7199072403846153 0.30722588221153846 0.7199072403846153 0.30722588221153846 0.7333639975961539 0.3101579110576923 0.7333639975961539 0.3101579110576923 0.7199072403846153
0 0.6633881923076923 0.9350730745192308 0.6596218774038461 0.9350730745192308 0.6596218774038461 0.9517107980769232 0.6633881923076923 0.9517107980769232 0.6633881923076923 0.9350730745192308
0 0.6369098629807692 0.9178266538461538 0.6330294206730769 0.9178266538461538 0.6330294206730769 0.9281745048076923 0.6369098629807692 0.9281745048076923 0.6369098629807692 0.9178266538461538
0 0.6298337596153847 0.9147831682692308 0.6253826610576922 0.9147831682692308 0.6253826610576922 0.9295948004807693 0.6298337596153847 0.9295948004807693 0.6298337596153847 0.9147831682692308
1 0.9877053341346154 0.6334091322115385 0.9856965745192308 0.6334091322115385 0.9856965745192308 0.6473690048076922 0.9877053341346154 0.6473690048076922 0.9877053341346154 0.6334091322115385
1 0.9721830937499999 0.6123069999999999 0.9676177283653846 0.6123069999999999 0.9676177283653846 0.6252929278846153 0.9721830937499999 0.6252929278846153 0.9721830937499999 0.6123069999999999
1 0.9993926706730769 0.5973731826923077 0.995557764423077 0.5973731826923077 0.995557764423077 0.6100344615384615 0.9993926706730769 0.6100344615384615 0.9993926706730769 0.5973731826923077
1 0.9562956225961539 0.5920381586538461 0.9562956225961539 0.5837379591346153 0.9535564038461538 0.5837379591346153 0.9535564038461538 0.5976978317307693 0.9562956225961539 0.5976978317307693 0.9562956225961539 0.5920381586538461
1 0.9610436033653845 0.5840626057692307 0.9584869975961539 0.5840626057692307 0.9584869975961539 0.5970485336538461 0.9610436033653845 0.5970485336538461 0.9610436033653845 0.5840626057692307
1 0.931277420673077 0.747685295673077 0.9272598990384615 0.747685295673077 0.9272598990384615 0.7619698173076923 0.931277420673077 0.7619698173076923 0.931277420673077 0.747685295673077
1 0.9228771490384615 0.7655409447115384 0.9194074711538461 0.7655409447115384 0.9194074711538461 0.7775529302884615 0.9228771490384615 0.7775529302884615 0.9228771490384615 0.7655409447115384
1 0.9579391538461538 0.879817110576923 0.9537390168269231 0.879817110576923 0.9537390168269231 0.8905305 0.9579391538461538 0.8905305 0.9579391538461538 0.879817110576923
0 0.7987170913461538 0.9056307259615385 0.8006116009615384 0.9056307259615385 0.8006116009615384 0.8900860384615386 0.7975435697115384 0.8900860384615386 0.7975435697115384 0.9042971538461538 0.7975435697115384 0.9056307259615385 0.7987170913461538 0.9056307259615385
0 0.8150390120192307 0.8936067740384614 0.8108664903846154 0.8936067740384614 0.8108664903846154 0.9128058245192308 0.8150390120192307 0.9128058245192308 0.8150390120192307 0.8936067740384614
0 0.7812293197115385 0.8552741225961539 0.7769340769230768 0.8552741225961539 0.7769340769230768 0.8667281033653846 0.7812293197115385 0.8667281033653846 0.7812293197115385 0.8552741225961539
0 0.759753108173077 0.8443655721153847 0.7546908581730769 0.8443655721153847 0.7546908581730769 0.8672735312500001 0.759753108173077 0.8672735312500001 0.759753108173077 0.8443655721153847
1 0.7752466610576924 0.7380071923076923 0.7537704495192308 0.7380071923076923 0.7537704495192308 0.7922772379807692 0.7752466610576924 0.7922772379807692 0.7752466610576924 0.7380071923076923
0 0.7223231394230769 0.6842825769230768 0.7191017091346155 0.6842825769230768 0.7191017091346155 0.6962819831730769 0.7223231394230769 0.6962819831730769 0.7223231394230769 0.6842825769230768
0 0.7672697836538462 0.6949184158653845 0.7638949495192308 0.6949184158653845 0.7638949495192308 0.7050088245192309 0.7672697836538462 0.7050088245192309 0.7672697836538462 0.6949184158653845
0 0.7261765865384615 0.7013871850961538 0.7213904591346154 0.7013871850961538 0.7213904591346154 0.71295025 0.7261765865384615 0.71295025 0.7261765865384615 0.7013871850961538
0 0.6877654639423076 0.848808079326923 0.6815066826923076 0.848808079326923 0.6815066826923076 0.8544805264423078 0.6877654639423076 0.8544805264423078 0.6877654639423076 0.848808079326923
0 0.6720571490384616 0.9192773221153847 0.6684982331730769 0.9192773221153847 0.6684982331730769 0.9365128341346154 0.6720571490384616 0.9365128341346154 0.6720571490384616 0.9192773221153847
0 0.46355382211538465 0.7903382427884615 0.4558223846153846 0.7903382427884615 0.4558223846153846 0.7979742283653847 0.46355382211538465 0.7979742283653847 0.46355382211538465 0.7903382427884615
1 0.28990331490384613 0.7471403774038462 0.2870807283653846 0.7471403774038462 0.2870807283653846 0.7563035600961538 0.28990331490384613 0.7563035600961538 0.28990331490384613 0.7471403774038462
1 0.18411763701923078 0.5117338341346154 0.17552715144230768 0.5117338341346154 0.17552715144230768 0.5276603197115385 0.18411763701923078 0.5276603197115385 0.18411763701923078 0.5117338341346154
1 0.20510296153846155 0.513042860576923 0.19086730288461537 0.513042860576923 0.19086730288461537 0.529623860576923 0.20510296153846155 0.529623860576923 0.20510296153846155 0.513042860576923
1 0.19148090865384615 0.5235150697115385 0.17969967307692308 0.5235150697115385 0.17969967307692308 0.5376961875 0.19148090865384615 0.5376961875 0.19148090865384615 0.5235150697115385
0 0.7050909639423076 0.6912378004807693 0.7018311802884616 0.6912378004807693 0.7018311802884616 0.7018054615384616 0.7050909639423076 0.7018054615384616 0.7050909639423076 0.6912378004807693
1 0.9652982692307692 0.7048734903846154 0.9480405985576923 0.7048734903846154 0.9480405985576923 0.7437352067307692 0.9652982692307692 0.7437352067307692 0.9652982692307692 0.7048734903846154
1 0.9996164951923077 0.71680471875 0.9888783894230768 0.71680471875 0.9888783894230768 0.7399853918269231 0.9996164951923077 0.7399853918269231 0.9996164951923077 0.71680471875
1 0.9535564038461538 0.6172641850961539 0.9814000673076924 0.6172641850961539 0.9814000673076924 0.5906745913461539 0.9535564038461538 0.5906745913461539 0.9535564038461538 0.6172641850961539
0 0.93442984375 0.42855476442307694 0.9062662860576923 0.42855476442307694 0.9062662860576923 0.46370927884615387 0.93442984375 0.46370927884615387 0.93442984375 0.42855476442307694
0 0.7809240336538461 0.7765396682692308 0.7773957980769232 0.7765396682692308 0.7773957980769232 0.7877209326923077 0.7809240336538461 0.7877209326923077 0.7809240336538461 0.7765396682692308