0 0.057142858173076926 0.8059712788461538 0.03333333413461538 0.8059712788461538 0.03333333413461538 0.8906273629807693 0.057142858173076926 0.8906273629807693 0.057142858173076926 0.8059712788461538
0 0.02925169951923077 0.8083900216346154 0.004761903846153846 0.8083900216346154 0.004761903846153846 0.8954648533653846 0.02925169951923077 0.8954648533653846 0.02925169951923077 0.8083900216346154
0 0.20612244951923075 0.8531368100961539 0.20612244951923075 0.83620559375 0.18775510096153847 0.83620559375 0.18775510096153847 0.9269085408653847 0.20612244951923075 0.9269085408653847 0.20612244951923075 0.8531368100961539
0 0.20612244951923075 0.9269085408653847 0.22244898076923075 0.9269085408653847 0.22244898076923075 0.8410430841346154 0.20612244951923075 0.8410430841346154 0.20612244951923075 0.9269085408653847
0 0.211564625 0.9498866201923076 0.2537414951923077 0.9498866201923076 0.2537414951923077 0.8591836730769231 0.211564625 0.8591836730769231 0.211564625 0.9498866201923076
0 0.11496598557692309 0.7321995456730769 0.10476190384615386 0.7321995456730769 0.10476190384615386 0.7866213149038461 0.11496598557692309 0.7866213149038461 0.11496598557692309 0.7321995456730769
0 0.14557823076923077 0.7346182908653845 0.1285714278846154 0.7346182908653845 0.1285714278846154 0.7636432355769232 0.14557823076923077 0.7636432355769232 0.14557823076923077 0.7346182908653845
0 0.06598639423076923 0.716477701923077 0.055102040865384616 0.716477701923077 0.055102040865384616 0.7539682548076924 0.06598639423076923 0.7539682548076924 0.06598639423076923 0.716477701923077
0 0.21700680288461538 0.7745275889423078 0.19047618990384615 0.7745275889423078 0.19047618990384615 0.8277399855769231 0.21700680288461538 0.8277399855769231 0.21700680288461538 0.7745275889423078
0 0.2557823125 0.70801209375 0.23945578125000003 0.70801209375 0.23945578125000003 0.7902494326923077 0.2557823125 0.7902494326923077 0.2557823125 0.70801209375
0 0.24489795913461537 0.8265306129807691 0.25850340144230766 0.8265306129807691 0.25850340144230766 0.7600151177884615 0.24489795913461537 0.7600151177884615 0.24489795913461537 0.8265306129807691
0 0.3006802716346154 0.7055933485576923 0.27959183653846154 0.7055933485576923 0.27959183653846154 0.7672713533653847 0.3006802716346154 0.7672713533653847 0.3006802716346154 0.7055933485576923
0 0.37210884375000003 0.8410430841346154 0.3877551009615384 0.8410430841346154 0.3877551009615384 0.7975056682692307 0.37210884375000003 0.7975056682692307 0.37210884375000003 0.8410430841346154
0 0.37074830048076923 0.8410430841346154 0.3877551009615384 0.8410430841346154 0.3877551009615384 0.780574451923077 0.37074830048076923 0.780574451923077 0.37074830048076923 0.8410430841346154
0 0.4870748293269231 0.83620559375 0.46462585096153847 0.83620559375 0.46462585096153847 0.9293272860576922 0.4870748293269231 0.9293272860576922 0.4870748293269231 0.83620559375
0 0.524489795673077 0.8386243389423077 0.5061224495192308 0.8386243389423077 0.5061224495192308 0.9281179134615385 0.524489795673077 0.9281179134615385 0.524489795673077 0.8386243389423077
0 0.5537414951923076 0.7527588822115384 0.5455782307692307 0.7527588822115384 0.5455782307692307 0.8156462572115385 0.5537414951923076 0.8156462572115385 0.5537414951923076 0.7527588822115384
0 0.5598639447115384 0.8265306129807691 0.5734693870192308 0.8265306129807691 0.5734693870192308 0.7237339374999999 0.5598639447115384 0.7237339374999999 0.5598639447115384 0.8265306129807691
0 0.5945578221153845 0.7382464086538462 0.5863945576923076 0.7382464086538462 0.5863945576923076 0.8216931201923077 0.5945578221153845 0.8216931201923077 0.5945578221153845 0.7382464086538462
0 0.5863945576923076 0.756387 0.5809523798076923 0.756387 0.5809523798076923 0.8083900216346154 0.5863945576923076 0.8083900216346154 0.5863945576923076 0.756387
0 0.5984807403846154 0.8174677019230769 0.6070405456730769 0.8174677019230769 0.6070405456730769 0.7643081490384614 0.5984807403846154 0.7643081490384614 0.5984807403846154 0.8174677019230769
0 0.6059905432692307 0.829885125 0.6215123197115384 0.829885125 0.6215123197115384 0.7492124591346154 0.6059905432692307 0.7492124591346154 0.6059905432692307 0.829885125
0 0.6397017043269231 0.7481238052884615 0.626549923076923 0.7481238052884615 0.626549923076923 0.8868243341346154 0.6397017043269231 0.8868243341346154 0.6397017043269231 0.7481238052884615
0 0.626549923076923 0.9010906730769231 0.6588720985576924 0.9010906730769231 0.6588720985576924 0.7572384110576924 0.626549923076923 0.7572384110576924 0.626549923076923 0.9010906730769231
0 0.7188353100961538 0.760012420673077 0.6974358004807691 0.760012420673077 0.6974358004807691 0.9609300432692307 0.7188353100961538 0.9609300432692307 0.7188353100961538 0.760012420673077
0 0.7368911466346154 0.9779703942307693 0.7756777596153845 0.9779703942307693 0.7756777596153845 0.7564458365384615 0.7368911466346154 0.7564458365384615 0.7368911466346154 0.9779703942307693
0 0.7692133245192309 0.7651641538461539 0.7692133245192309 0.968459502403846 0.794402329326923 0.968459502403846 0.794402329326923 0.7651641538461539 0.7935106826923076 0.7651641538461539 0.7692133245192309 0.7651641538461539
0 0.791727391826923 0.7968671322115385 0.8097832283653846 0.7968671322115385 0.8097832283653846 0.7619938581730769 0.791727391826923 0.7619938581730769 0.791727391826923 0.7968671322115385
0 0.8837720360576923 0.8863646418269231 0.8170055625000001 0.8863646418269231 0.8170055625000001 0.9961837572115384 0.8837720360576923 0.9961837572115384 0.8837720360576923 0.8863646418269231
0 0.926428391826923 0.8262557932692308 0.8794921322115384 0.8262557932692308 0.8794921322115384 0.9107125288461538 0.926428391826923 0.9107125288461538 0.926428391826923 0.8262557932692308
1 0.9110721033653846 0.8415340937500001 0.8965546754807693 0.8415340937500001 0.8965546754807693 0.8726993894230769 0.9110721033653846 0.8726993894230769 0.9110721033653846 0.8415340937500001
1 0 0 0 0.06583522355769231 0.12380952403846154 0.06583522355769231 0.12380952403846154 0 0 0
1 0.23393149759615386 0.73758525 0.22508610096153847 0.73758525 0.22508610096153847 0.7867897427884615 0.23393149759615386 0.7867897427884615 0.23393149759615386 0.73758525