1 0.9573836490384615 0.8889485192307693 0.8888122211538462 0.8889485192307693 0.8888122211538462 0.9421609158653846 0.9573836490384615 0.9421609158653846 0.9573836490384615 0.8889485192307693
0 0.8550707235576923 0.8463786033653846 0.8349346682692308 0.8463786033653846 0.8349346682692308 0.9886008269230769 0.8550707235576923 0.9886008269230769 0.8550707235576923 0.8463786033653846
0 0.8996965745192308 0.8173536610576922 0.8741183437500001 0.8173536610576922 0.8741183437500001 0.9760233509615385 0.8996965745192308 0.9760233509615385 0.8996965745192308 0.8173536610576922
0 0.9693564375 1 0.9693564375 0.8492810961538461 0.9437782067307693 0.8492810961538461 0.9437782067307693 1 0.9693564375 1
0 0.9388802475961538 0.681903923076923 0.9220094999999999 0.681903923076923 0.9220094999999999 0.8096136754807692 0.9388802475961538 0.8096136754807692 0.9388802475961538 0.681903923076923
0 0.7908530360576923 0.6422365024038462 0.7788802475961538 0.6422365024038462 0.7788802475961538 0.7322138269230769 0.7908530360576923 0.7322138269230769 0.7908530360576923 0.6422365024038462
0 0.7576557572115384 0.6441714975961539 0.7429618798076922 0.6441714975961539 0.7429618798076922 0.7389863124999999 0.7576557572115384 0.7389863124999999 0.7576557572115384 0.6441714975961539
0 0.5524856899038462 0.5261367283653846 0.5367033774038462 0.5261367283653846 0.5367033774038462 0.5996665841346154 0.5524856899038462 0.5996665841346154 0.5524856899038462 0.5261367283653846
0 0.5361591586538462 0.56290165625 0.5290843293269231 0.56290165625 0.5290843293269231 0.6103090649038462 0.5361591586538462 0.6103090649038462 0.5361591586538462 0.56290165625
0 0.5290843293269231 0.5387142043269231 0.5160231057692308 0.5387142043269231 0.5160231057692308 0.6103090649038462 0.5290843293269231 0.6103090649038462 0.5290843293269231 0.5387142043269231
0 0.5361591586538462 0.5087217620192308 0.5279958942307692 0.5087217620192308 0.5279958942307692 0.56290165625 0.5361591586538462 0.56290165625 0.5361591586538462 0.5087217620192308
0 0.3957509951923077 0.5716091394230769 0.3859550769230769 0.5716091394230769 0.3859550769230769 0.6490089879807692 0.3957509951923077 0.6490089879807692 0.3957509951923077 0.5716091394230769
0 0.3859550769230769 0.5706416418269231 0.3767033774038462 0.5706416418269231 0.3767033774038462 0.6354640144230769 0.3859550769230769 0.6354640144230769 0.3859550769230769 0.5706416418269231
0 0.48228160817307697 1 0.48228160817307697 0.9760233509615385 0.46377820673076925 0.9760233509615385 0.46377820673076925 1 0.48228160817307697 1
0 0.44092106249999996 0.48646930528846155 0.4300367091346154 0.48646930528846155 0.4300367091346154 0.5580641658653847 0.44092106249999996 0.5580641658653847 0.44092106249999996 0.48646930528846155
0 0.42513875 0.49324179326923073 0.4164312668269231 0.49324179326923073 0.4164312668269231 0.5570966682692308 0.42513875 0.5570966682692308 0.42513875 0.49324179326923073
0 0.3984720841346154 0.49711178605769235 0.38867616586538467 0.49711178605769235 0.38867616586538467 0.5483891850961539 0.3984720841346154 0.5483891850961539 0.3984720841346154 0.49711178605769235
0 0.3859550769230769 0.4913067956730769 0.37942446394230767 0.4913067956730769 0.37942446394230767 0.5551616730769231 0.3859550769230769 0.5551616730769231 0.3859550769230769 0.4913067956730769
0 0.3761591586538462 0.4980792836538462 0.36962854567307696 0.4980792836538462 0.36962854567307696 0.5590316658653847 0.3761591586538462 0.5590316658653847 0.3761591586538462 0.4980792836538462
0 0.3636421514423077 0.48646930528846155 0.3543904519230769 0.48646930528846155 0.3543904519230769 0.5309742187500001 0.3636421514423077 0.5309742187500001 0.3636421514423077 0.48646930528846155
0 0.33098909134615384 0.4429318918269231 0.32064895432692303 0.4429318918269231 0.32064895432692303 0.4913067956730769 0.33098909134615384 0.4913067956730769 0.33098909134615384 0.4429318918269231
0 0.3075877307692308 0.4922742932692307 0.29833602884615384 0.4922742932692307 0.29833602884615384 0.5183967427884615 0.3075877307692308 0.5183967427884615 0.3075877307692308 0.4922742932692307
0 0.2961591586538461 0.4835668125 0.2879958942307692 0.4835668125 0.2879958942307692 0.5251692307692308 0.2961591586538461 0.5251692307692308 0.2961591586538461 0.4835668125
0 0.3043224230769231 0.4642168509615385 0.29724759375 0.4642168509615385 0.29724759375 0.4922742932692307 0.3043224230769231 0.4922742932692307 0.3043224230769231 0.4642168509615385
0 0.29724759375 0.4303544158653846 0.2874516754807692 0.4303544158653846 0.2874516754807692 0.48453431009615383 0.29724759375 0.48453431009615383 0.29724759375 0.4303544158653846
0 0.2874516754807692 0.42841941826923075 0.27656732211538465 0.42841941826923075 0.27656732211538465 0.47389183173076926 0.2874516754807692 0.47389183173076926 0.2874516754807692 0.42841941826923075
0 0.21833602884615383 0.40616696394230767 0.20908432932692306 0.40616696394230767 0.20908432932692306 0.44970437740384617 0.21833602884615383 0.44970437740384617 0.21833602884615383 0.40616696394230767
0 0.18785983894230768 0.40519946394230766 0.1786081394230769 0.40519946394230766 0.1786081394230769 0.4458343846153846 0.18785983894230768 0.4458343846153846 0.18785983894230768 0.40519946394230766
0 0.1786081394230769 0.40810195913461544 0.1677237860576923 0.40810195913461544 0.1677237860576923 0.4458343846153846 0.1786081394230769 0.4458343846153846 0.1786081394230769 0.40810195913461544
0 0.1584720841346154 0.41874443990384613 0.1513972548076923 0.41874443990384613 0.1513972548076923 0.4535743701923077 0.1584720841346154 0.4535743701923077 0.1584720841346154 0.41874443990384613
0 0.4301090817307692 0.33559877403846156 0.4260075096153846 0.33559877403846156 0.4260075096153846 0.3600100673076923 0.4301090817307692 0.3600100673076923 0.4301090817307692 0.33559877403846156
0 0.41477276682692304 0.33781798317307693 0.41156284134615384 0.33781798317307693 0.41156284134615384 0.3549375913461539 0.41477276682692304 0.3549375913461539 0.41477276682692304 0.33781798317307693
0 0.4110278533653846 0.33750095192307694 0.4081745841346154 0.33750095192307694 0.4081745841346154 0.35747382932692306 0.4110278533653846 0.35747382932692306 0.4110278533653846 0.33750095192307694
0 0.4012197451923077 0.3397201610576923 0.3971181706730769 0.3397201610576923 0.3971181706730769 0.3600100673076923 0.4012197451923077 0.3600100673076923 0.4012197451923077 0.3397201610576923
0 0.3971181706730769 0.3422563990384615 0.3930165985576923 0.3422563990384615 0.3930165985576923 0.3600100673076923 0.3971181706730769 0.3600100673076923 0.3971181706730769 0.3422563990384615
0 0.39105497596153843 0.33908610096153846 0.38766672115384615 0.33908610096153846 0.38766672115384615 0.3587419471153846 0.39105497596153843 0.3587419471153846 0.39105497596153843 0.33908610096153846
0 0.38766672115384615 0.3397201610576923 0.38499178125 0.3397201610576923 0.38499178125 0.3587419471153846 0.38766672115384615 0.3587419471153846 0.38766672115384615 0.3397201610576923
0 0.38499178125 0.3387690721153846 0.38338681971153843 0.3387690721153846 0.38338681971153843 0.3587419471153846 0.38499178125 0.3587419471153846 0.38499178125 0.3387690721153846
0 0.38338681971153843 0.3397201610576923 0.38017689182692305 0.3397201610576923 0.38017689182692305 0.3587419471153846 0.38338681971153843 0.3587419471153846 0.38338681971153843 0.3397201610576923
0 0.38017689182692305 0.337183923076923 0.3758969903846153 0.337183923076923 0.3758969903846153 0.35557164903846156 0.38017689182692305 0.35557164903846156 0.38017689182692305 0.337183923076923
0 0.36983379567307695 0.32894114903846156 0.3660888822115385 0.32894114903846156 0.3660888822115385 0.34701184615384617 0.36983379567307695 0.34701184615384617 0.36983379567307695 0.32894114903846156
0 0.3523575288461539 0.34923105528846154 0.34843428605769233 0.34923105528846154 0.34843428605769233 0.36635066105769226 0.3523575288461539 0.36635066105769226 0.3523575288461539 0.34923105528846154
0 0.3580640649038462 0.3365498629807692 0.35431915144230774 0.3365498629807692 0.35431915144230774 0.35398650000000004 0.3580640649038462 0.35398650000000004 0.3580640649038462 0.3365498629807692
0 0.35592411298076926 0.3305262980769231 0.35289251682692313 0.3305262980769231 0.35289251682692313 0.34574372596153846 0.35592411298076926 0.34574372596153846 0.35592411298076926 0.3305262980769231
0 0.38909335576923076 0.29470193269230766 0.38677507451923077 0.29470193269230766 0.38677507451923077 0.30326173557692304 0.38909335576923076 0.30326173557692304 0.38909335576923076 0.29470193269230766
0 0.38677507451923077 0.29311678365384614 0.38534843990384615 0.29311678365384614 0.38534843990384615 0.30104252884615385 0.38677507451923077 0.30104252884615385 0.38677507451923077 0.29311678365384614
0 0.5604677668269231 0.28360588942307696 0.5590411322115385 0.28360588942307696 0.5590411322115385 0.2902635144230769 0.5604677668269231 0.2902635144230769 0.5604677668269231 0.28360588942307696
1 0.5535129254807692 0.2858250985576923 0.5517296322115385 0.2858250985576923 0.5517296322115385 0.2927997548076923 0.5535129254807692 0.2927997548076923 0.5535129254807692 0.2858250985576923
1 0.5517296322115385 0.28360588942307696 0.5497680120192308 0.28360588942307696 0.5497680120192308 0.2927997548076923 0.5517296322115385 0.2927997548076923 0.5517296322115385 0.28360588942307696
0 0.5347883533653847 0.2839229182692308 0.5328267307692308 0.2839229182692308 0.5328267307692308 0.2934338125 0.5347883533653847 0.2934338125 0.5347883533653847 0.2839229182692308
0 0.48057626201923076 0.2845569783653846 0.47825798076923076 0.2845569783653846 0.47825798076923076 0.29375084375 0.48057626201923076 0.29375084375 0.48057626201923076 0.2845569783653846
0 0.4525785697115384 0.28487400721153844 0.4495469711538461 0.28487400721153844 0.4495469711538461 0.29438490144230767 0.4525785697115384 0.29438490144230767 0.4525785697115384 0.28487400721153844
1 0.45240024038461535 0.29438490144230767 0.4495469711538461 0.29438490144230767 0.4495469711538461 0.3016765865384615 0.45240024038461535 0.3016765865384615 0.45240024038461535 0.29438490144230767
0 0.35431915144230774 0.29533599278846157 0.3523575288461539 0.29533599278846157 0.3523575288461539 0.30262767788461536 0.35431915144230774 0.30262767788461536 0.35431915144230774 0.29533599278846157
0 0.3523575288461539 0.29533599278846157 0.35039590625000006 0.29533599278846157 0.35039590625000006 0.30262767788461536 0.3523575288461539 0.30262767788461536 0.3523575288461539 0.29533599278846157
0 0.3263214591346154 0.29406787259615386 0.32364651923076926 0.29406787259615386 0.32364651923076926 0.3013595576923077 0.3263214591346154 0.3013595576923077 0.3263214591346154 0.29406787259615386
0 0.3211499110576923 0.30072549759615386 0.3182966418269231 0.30072549759615386 0.3182966418269231 0.30738312259615386 0.3211499110576923 0.30738312259615386 0.3211499110576923 0.30072549759615386
0 0.31526504567307695 0.30262767788461536 0.31294676442307695 0.30262767788461536 0.31294676442307695 0.30801718269230766 0.31526504567307695 0.30801718269230766 0.31526504567307695 0.30262767788461536
0 0.3182966418269231 0.2994573798076923 0.31687000721153846 0.2994573798076923 0.31687000721153846 0.3051639158653846 0.3182966418269231 0.3051639158653846 0.3182966418269231 0.2994573798076923
0 0.3009987043269231 0.30040846875 0.29850209615384615 0.30040846875 0.29850209615384615 0.30738312259615386 0.3009987043269231 0.30738312259615386 0.3009987043269231 0.30040846875
0 0.29850209615384615 0.29914034855769234 0.29582715625 0.29914034855769234 0.29582715625 0.30738312259615386 0.29850209615384615 0.30738312259615386 0.29850209615384615 0.29914034855769234
0 0.2886939855769231 0.3016765865384615 0.2860190480769231 0.3016765865384615 0.2860190480769231 0.31023639182692303 0.2886939855769231 0.31023639182692303 0.2886939855769231 0.3016765865384615
0 0.28227413221153846 0.3035787668269231 0.2795991947115385 0.3035787668269231 0.2795991947115385 0.3108704519230769 0.28227413221153846 0.3108704519230769 0.28227413221153846 0.3035787668269231
0 0.2760326105769231 0.3035787668269231 0.27407098798076923 0.3035787668269231 0.27407098798076923 0.3108704519230769 0.2760326105769231 0.3108704519230769 0.2760326105769231 0.3035787668269231
0 0.2669378173076923 0.30199361778846157 0.26479786778846154 0.30199361778846157 0.26479786778846154 0.3083342139423077 0.2669378173076923 0.3083342139423077 0.2669378173076923 0.30199361778846157
0 0.26961275721153843 0.2899464855769231 0.26800779326923074 0.2899464855769231 0.26800779326923074 0.29597005048076924 0.26961275721153843 0.29597005048076924 0.26961275721153843 0.2899464855769231
0 0.26479786778846154 0.31055342067307695 0.26479786778846154 0.30389579567307695 0.26301457451923077 0.30389579567307695 0.26301457451923077 0.31055342067307695 0.26370379807692307 0.31055342067307695 0.26479786778846154 0.31055342067307695
0 0.25873467307692305 0.3035787668269231 0.2562380625 0.3035787668269231 0.2562380625 0.3118215408653846 0.25873467307692305 0.3118215408653846 0.25873467307692305 0.3035787668269231
0 0.2551680865384615 0.3035787668269231 0.253563125 0.3035787668269231 0.253563125 0.31372371875 0.2551680865384615 0.31372371875 0.2551680865384615 0.3035787668269231
0 0.2514231730769231 0.30389579567307695 0.24928322115384616 0.30389579567307695 0.24928322115384616 0.31023639182692303 0.2514231730769231 0.31023639182692303 0.2514231730769231 0.30389579567307695
1 0.246251625 0.3035787668269231 0.24411167307692308 0.3035787668269231 0.24411167307692308 0.3127726298076923 0.246251625 0.3127726298076923 0.246251625 0.3035787668269231
0 0.25998297596153847 0.3267219399038461 0.25659472115384613 0.3267219399038461 0.25659472115384613 0.34289045913461536 0.25998297596153847 0.34289045913461536 0.25998297596153847 0.3267219399038461
0 0.3024253389423077 0.3302092668269231 0.2995720697115385 0.3302092668269231 0.2995720697115385 0.3451096658653846 0.3024253389423077 0.3451096658653846 0.3024253389423077 0.3302092668269231
0 0.32043659375 0.3317944158653846 0.31758332451923077 0.3317944158653846 0.31758332451923077 0.3451096658653846 0.32043659375 0.3451096658653846 0.32043659375 0.3317944158653846
0 0.3165133485576923 0.3352817427884615 0.31366008173076926 0.3352817427884615 0.31366008173076926 0.34923105528846154 0.3165133485576923 0.34923105528846154 0.3165133485576923 0.3352817427884615
0 0.32988804326923077 0.3368668918269231 0.32988804326923077 0.3305262980769231 0.3273914326923077 0.3305262980769231 0.3273914326923077 0.3485969951923077 0.32988804326923077 0.3485969951923077 0.32988804326923077 0.3368668918269231
0 0.32988804326923077 0.3504991730769231 0.33434627403846157 0.3504991730769231 0.33434627403846157 0.3368668918269231 0.32988804326923077 0.3368668918269231 0.32988804326923077 0.3504991730769231
0 0.3420144326923077 0.3298922379807693 0.33987448076923077 0.3298922379807693 0.33987448076923077 0.34954808413461536 0.3420144326923077 0.34954808413461536 0.3420144326923077 0.3298922379807693
0 0.3420144326923077 0.3504991730769231 0.34593767548076926 0.3504991730769231 0.34593767548076926 0.33242847596153846 0.3420144326923077 0.33242847596153846 0.3420144326923077 0.3504991730769231
0 0.3325629831730769 0.3682528413461539 0.33523792067307695 0.3682528413461539 0.33523792067307695 0.3504991730769231 0.3325629831730769 0.3504991730769231 0.3325629831730769 0.3682528413461539
0 0.33238465384615384 0.3504991730769231 0.32988804326923077 0.3504991730769231 0.32988804326923077 0.37110610817307693 0.33238465384615384 0.37110610817307693 0.33238465384615384 0.3504991730769231
0 0.3124117764423077 0.34574372596153846 0.3088451923076923 0.34574372596153846 0.3088451923076923 0.3596930360576923 0.3124117764423077 0.3596930360576923 0.3124117764423077 0.34574372596153846
0 0.3074185576923077 0.34574372596153846 0.30581359375 0.34574372596153846 0.30581359375 0.3587419471153846 0.3074185576923077 0.3587419471153846 0.3074185576923077 0.34574372596153846
0 0.30206868028846157 0.34796293509615384 0.29921541346153846 0.34796293509615384 0.29921541346153846 0.36096115625 0.30206868028846157 0.36096115625 0.30206868028846157 0.34796293509615384
0 0.2979671081730769 0.34891402403846156 0.29529216826923077 0.34891402403846156 0.29529216826923077 0.3596930360576923 0.2979671081730769 0.3596930360576923 0.2979671081730769 0.34891402403846156
0 0.2972537908653846 0.3327455048076923 0.2936872043269231 0.3327455048076923 0.2936872043269231 0.3463777860576923 0.2972537908653846 0.3463777860576923 0.2972537908653846 0.3327455048076923
0 0.2904772788461539 0.33591580288461537 0.2865540360576923 0.33591580288461537 0.2865540360576923 0.3504991730769231 0.2904772788461539 0.3504991730769231 0.2904772788461539 0.33591580288461537
0 0.2865540360576923 0.3349647139423077 0.2833441081730769 0.3349647139423077 0.2833441081730769 0.3504991730769231 0.2865540360576923 0.3504991730769231 0.2865540360576923 0.3349647139423077
0 0.2833441081730769 0.33147738701923074 0.27995585336538464 0.33147738701923074 0.27995585336538464 0.3504991730769231 0.2833441081730769 0.3504991730769231 0.2833441081730769 0.33147738701923074
0 0.2751409639423077 0.33750095192307694 0.2721093653846154 0.33750095192307694 0.2721093653846154 0.34923105528846154 0.2751409639423077 0.34923105528846154 0.2751409639423077 0.33750095192307694
0 0.26872111057692305 0.337183923076923 0.2658678413461538 0.337183923076923 0.2658678413461538 0.3501821442307692 0.26872111057692305 0.3501821442307692 0.26872111057692305 0.337183923076923
0 0.26408455048076923 0.33813501201923074 0.2614096105769231 0.33813501201923074 0.2614096105769231 0.34891402403846156 0.26408455048076923 0.34891402403846156 0.26408455048076923 0.33813501201923074
0 0.2526714783653846 0.3308433269230769 0.24946155048076923 0.3308433269230769 0.24946155048076923 0.3451096658653846 0.2526714783653846 0.3451096658653846 0.2526714783653846 0.3308433269230769
0 0.24375501442307693 0.33242847596153846 0.23911845432692308 0.33242847596153846 0.23911845432692308 0.34542669711538465 0.24375501442307693 0.34542669711538465 0.24375501442307693 0.33242847596153846
0 0.2250304447115385 0.3330625360576923 0.22092887019230767 0.3330625360576923 0.22092887019230767 0.34796293509615384 0.2250304447115385 0.34796293509615384 0.2250304447115385 0.3330625360576923
1 0.24411167307692308 0.3026714278846154 0.24153240865384615 0.3026714278846154 0.24153240865384615 0.3127726298076923 0.24411167307692308 0.3127726298076923 0.24411167307692308 0.3026714278846154
1 0.2393410985576923 0.3016975120192308 0.23751500721153845 0.3016975120192308 0.23751500721153845 0.3122482620192307 0.2393410985576923 0.3122482620192307 0.2393410985576923 0.3016975120192308
0 0.23678456971153847 0.30218446875 0.23514108894230767 0.30218446875 0.23514108894230767 0.3130598581730769 0.23678456971153847 0.3130598581730769 0.23678456971153847 0.30218446875
0 0.23514108894230767 0.30364534134615384 0.23313238701923078 0.30364534134615384 0.23313238701923078 0.3130598581730769 0.23514108894230767 0.3130598581730769 0.23514108894230767 0.30364534134615384
0 0.23313238701923078 0.3003989567307692 0.23075846875 0.3003989567307692 0.23075846875 0.3130598581730769 0.23313238701923078 0.3130598581730769 0.23313238701923078 0.3003989567307692
0 0.2281106346153846 0.30234678846153845 0.22646715384615385 0.30234678846153845 0.22646715384615385 0.31127434615384614 0.2281106346153846 0.31127434615384614 0.2281106346153846 0.30234678846153845
1 0.22372801682692306 0.3003989567307692 0.21742799999999998 0.3003989567307692 0.21742799999999998 0.31192362500000004 0.22372801682692306 0.31192362500000004 0.22372801682692306 0.3003989567307692
1 0.21560190865384615 0.29942504086538463 0.21085406971153847 0.29942504086538463 0.21085406971153847 0.31338449759615383 0.21560190865384615 0.31338449759615383 0.21560190865384615 0.29942504086538463
1 0.20628884134615386 0.30396998076923076 0.20382361778846156 0.30396998076923076 0.20245405048076923 0.30396998076923076 0.20245405048076923 0.3125729014423077 0.20628884134615386 0.3125729014423077 0.20628884134615386 0.30396998076923076
0 0.20017143509615384 0.30526853365384615 0.19770621153846155 0.30526853365384615 0.19770621153846155 0.3140337740384615 0.20017143509615384 0.3140337740384615 0.20017143509615384 0.30526853365384615
1 0.19295837259615387 0.3038076610576923 0.19094967307692307 0.3038076610576923 0.19094967307692307 0.3154946466346154 0.19295837259615387 0.3154946466346154 0.19295837259615387 0.3038076610576923
1 0.19597142548076923 0.3044569375 0.19387141826923077 0.3044569375 0.19387141826923077 0.3138714543269231 0.19597142548076923 0.3138714543269231 0.19597142548076923 0.3044569375
1 0.18848444951923077 0.30461925721153843 0.18647574759615385 0.30461925721153843 0.18647574759615385 0.31419609375 0.18848444951923077 0.31419609375 0.18848444951923077 0.30461925721153843
1 0.185014875 0.30526853365384615 0.18273226201923076 0.30526853365384615 0.18273226201923076 0.3148453701923077 0.185014875 0.3148453701923077 0.185014875 0.30526853365384615
0 0.16300789903846152 0.39884826201923074 0.1590818028846154 0.39884826201923074 0.1590818028846154 0.42757876923076926 0.16300789903846152 0.42757876923076926 0.16300789903846152 0.39884826201923074
0 0.17031226442307693 0.3824540168269231 0.1632818125 0.3824540168269231 0.1632818125 0.41751497596153847 0.17031226442307693 0.41751497596153847 0.17031226442307693 0.3824540168269231
0 0.1567991875 0.39560187740384617 0.15196004567307692 0.39560187740384617 0.15196004567307692 0.42173527644230774 0.1567991875 0.42173527644230774 0.1567991875 0.39560187740384617
0 0.1478513389423077 0.3957641971153846 0.1438339375 0.3957641971153846 0.1438339375 0.42855268509615385 0.1478513389423077 0.42855268509615385 0.1478513389423077 0.3957641971153846
0 0.1438339375 0.3944656418269231 0.14109480048076922 0.3944656418269231 0.14109480048076922 0.4241700649038461 0.1438339375 0.4241700649038461 0.1438339375 0.3944656418269231
0 0.13981653605769231 0.3895960649038462 0.13497739423076924 0.3895960649038462 0.13497739423076924 0.419625125 0.13981653605769231 0.419625125 0.13981653605769231 0.3895960649038462
0 0.12575563221153846 0.37725980288461536 0.12219475240384615 0.37725980288461536 0.12219475240384615 0.4004714543269231 0.12575563221153846 0.4004714543269231 0.12575563221153846 0.37725980288461536
0 0.1211904014423077 0.37498733173076926 0.11671647836538461 0.37498733173076926 0.11671647836538461 0.39836130288461535 0.1211904014423077 0.39836130288461535 0.1211904014423077 0.37498733173076926
0 0.11854256971153847 0.37693516346153844 0.11516430048076923 0.37693516346153844 0.11516430048076923 0.40128305048076923 0.11854256971153847 0.40128305048076923 0.11854256971153847 0.37693516346153844
0 0.11635125961538462 0.37904531490384613 0.11105559374999999 0.37904531490384613 0.11105559374999999 0.4115091634615385 0.11635125961538462 0.4115091634615385 0.11635125961538462 0.37904531490384613
0 0.11105559374999999 0.37807139903846154 0.10639906249999999 0.37807139903846154 0.10639906249999999 0.4097236514423077 0.11105559374999999 0.4097236514423077 0.11105559374999999 0.37807139903846154
0 0.105668625 0.3788829951923077 0.10064687259615385 0.3788829951923077 0.10064687259615385 0.41183380288461535 0.105668625 0.41183380288461535 0.105668625 0.3788829951923077
0 0.09370772596153845 0.37076703125 0.08923380048076922 0.37076703125 0.08923380048076922 0.3972250697115385 0.09370772596153845 0.3972250697115385 0.09370772596153845 0.37076703125
0 0.0854903125 0.3723902235576923 0.08119899759615384 0.3723902235576923 0.08119899759615384 0.3996598581730769 0.0854903125 0.3996598581730769 0.0854903125 0.3723902235576923
0 0.07106418990384615 0.3571322139423077 0.06485547836538462 0.3571322139423077 0.06485547836538462 0.38391489182692307 0.07106418990384615 0.38391489182692307 0.07106418990384615 0.3571322139423077
0 0.06467287019230769 0.36281338942307695 0.05992503125 0.36281338942307695 0.05992503125 0.38570040384615384 0.06467287019230769 0.38570040384615384 0.06467287019230769 0.36281338942307695
0 0.0595598125 0.3668713701923077 0.05526849759615385 0.3668713701923077 0.05526849759615385 0.38894678846153846 0.0595598125 0.38894678846153846 0.0595598125 0.3668713701923077
0 0.05554241105769231 0.3665467307692308 0.051616314903846154 0.3665467307692308 0.051616314903846154 0.3908946177884615 0.05554241105769231 0.3908946177884615 0.05554241105769231 0.3665467307692308
0 0.050611963942307686 0.36037860096153845 0.045772822115384616 0.36037860096153845 0.045772822115384616 0.3824540168269231 0.050611963942307686 0.3824540168269231 0.050611963942307686 0.36037860096153845
0 0.04677717307692308 0.36330034615384615 0.04330759855769231 0.36330034615384615 0.04330759855769231 0.3871612764423077 0.04677717307692308 0.3871612764423077 0.04677717307692308 0.36330034615384615
1 0.04330759855769231 0.36248875 0.03929019711538462 0.36248875 0.03929019711538462 0.38310329326923076 0.04330759855769231 0.38310329326923076 0.04330759855769231 0.36248875
1 0.030707567307692307 0.36459889903846154 0.023951028846153848 0.36459889903846154 0.023951028846153848 0.38699895673076923 0.030707567307692307 0.38699895673076923 0.030707567307692307 0.36459889903846154
0 0.023951028846153848 0.34998985096153845 0.020367627403846154 0.34998985096153845 0.020367627403846154 0.3694681610576923 0.023951028846153848 0.3694681610576923 0.023951028846153848 0.34998985096153845
0 0.013154564903846153 0.33635503365384617 0.00995890625 0.33635503365384617 0.00995890625 0.35047681009615383 0.013154564903846153 0.35047681009615383 0.013154564903846153 0.33635503365384617
0 0.007219766826923078 0.3386275048076923 0.003658889423076923 0.3386275048076923 0.003658889423076923 0.3546971081730769 0.007219766826923078 0.3546971081730769 0.007219766826923078 0.3386275048076923
0 0 0.3488536177884616 0.003658889423076923 0.3488536177884616 0.003658889423076923 0.33700431009615384 0 0.33700431009615384 0 0.3488536177884616
0 0 0.36102756009615383 0.001832798076923077 0.36102756009615383 0.001832798076923077 0.3488536177884616 0 0.3488536177884616 0 0.36102756009615383
0 0.017445879807692306 0.3470681057692308 0.013976305288461537 0.3470681057692308 0.013976305288461537 0.3670333725961538 0.017445879807692306 0.3670333725961538 0.017445879807692306 0.3470681057692308
1 0.03607201442307692 0.3542101514423077 0.03451983653846154 0.3542101514423077 0.031780699519230765 0.3542101514423077 0.031780699519230765 0.3746623774038461 0.03607201442307692 0.3746623774038461 0.03607201442307692 0.3542101514423077
1 0.045772822115384616 0.34869129807692306 0.03588940384615385 0.34869129807692306 0.03588940384615385 0.3665464158653846 0.045772822115384616 0.3665464158653846 0.045772822115384616 0.34869129807692306
1 0.034803735576923074 0.31740711778846153 0.034803735576923074 0.3082132548076923 0.0009211778846153847 0.3082132548076923 0.0009211778846153847 0.33199048798076924 0.034803735576923074 0.33199048798076924 0.034803735576923074 0.31740711778846153
1 0.07671111057692308 0.32596692307692304 0.07671111057692308 0.31645602884615387 0.03302044471153846 0.31645602884615387 0.03302044471153846 0.34372058894230767 0.07671111057692308 0.34372058894230767 0.07671111057692308 0.32596692307692304
1 0.008767665865384616 0.29172770673076925 0.005379411057692308 0.29172770673076925 0.005379411057692308 0.30028750961538464 0.008767665865384616 0.30028750961538464 0.008767665865384616 0.29172770673076925
1 0.024282310096153843 0.2936298846153846 0.018219115384615382 0.2936298846153846 0.018219115384615382 0.2999704807692308 0.024282310096153843 0.2999704807692308 0.024282310096153843 0.2936298846153846
1 0.03551705288461538 0.29045958653846154 0.0296321875 0.29045958653846154 0.0296321875 0.29743424278846153 0.03551705288461538 0.29743424278846153 0.03551705288461538 0.29045958653846154
1 0.06511970913461539 0.2901425576923077 0.062444769230769234 0.2901425576923077 0.062444769230769234 0.29711721153846155 0.06511970913461539 0.29711721153846155 0.06511970913461539 0.2901425576923077
1 0.07118290384615385 0.2901425576923077 0.06672467307692308 0.2901425576923077 0.06672467307692308 0.29521503365384616 0.07118290384615385 0.29521503365384616 0.07118290384615385 0.2901425576923077
1 0.09008580528846154 0.2888744375 0.08651921875 0.2888744375 0.08651921875 0.29521503365384616 0.09008580528846154 0.29521503365384616 0.09008580528846154 0.2888744375
1 0.09454403605769232 0.2879233485576923 0.09151243749999999 0.2879233485576923 0.09151243749999999 0.2936298846153846 0.09454403605769232 0.2936298846153846 0.09454403605769232 0.2879233485576923
1 0.11844015625 0.28697225961538464 0.11469524038461539 0.28697225961538464 0.11469524038461539 0.2948980048076923 0.11844015625 0.2948980048076923 0.11844015625 0.28697225961538464
1 0.12200674038461538 0.33351803125 0.12200674038461538 0.32596692307692304 0.07671111057692308 0.32596692307692304 0.07671111057692308 0.35640178125 0.12200674038461538 0.35640178125 0.12200674038461538 0.33351803125
0 0.11291194951923077 0.3640104951923077 0.1068487548076923 0.3640104951923077 0.1068487548076923 0.3839833725961539 0.11291194951923077 0.3839833725961539 0.11291194951923077 0.3640104951923077
0 0.1416229591346154 0.41949070673076927 0.13252816586538463 0.41949070673076927 0.13252816586538463 0.4397806129807692 0.1416229591346154 0.4397806129807692 0.1416229591346154 0.41949070673076927
0 0.15128697596153845 0.3918492620192308 0.1473426201923077 0.3918492620192308 0.1473426201923077 0.4165217860576923 0.15128697596153845 0.4165217860576923 0.15128697596153845 0.3918492620192308
1 0.1438339375 0.38925215384615386 0.14084173317307694 0.38925215384615386 0.14084173317307694 0.4139246778846154 0.1438339375 0.4139246778846154 0.1438339375 0.38925215384615386
1 0.21848175961538463 0.35333239423076923 0.21848175961538463 0.33351803125 0.11984339182692307 0.33351803125 0.11984339182692307 0.3855307307692308 0.21848175961538463 0.3855307307692308 0.21848175961538463 0.35333239423076923
1 0.2101225769230769 0.40831724519230767 0.2978940048076923 0.40831724519230767 0.2978940048076923 0.3468927259615385 0.2101225769230769 0.3468927259615385 0.2101225769230769 0.40831724519230767
0 0.27995585336538464 0.33520225480769233 0.27660594951923073 0.33520225480769233 0.27660594951923073 0.3504991730769231 0.27995585336538464 0.3504991730769231 0.27995585336538464 0.33520225480769233
0 0.1827601826923077 0.32133219951923075 0.17963942067307695 0.32133219951923075 0.17963942067307695 0.33351803125 0.1827601826923077 0.33351803125 0.1827601826923077 0.32133219951923075
0 0.17894571874999998 0.3055663100961538 0.17734788942307694 0.3055663100961538 0.17734788942307694 0.3153054639423077 0.17894571874999998 0.3153054639423077 0.17894571874999998 0.3055663100961538
0 0.17734788942307694 0.30536341105769227 0.17529353605769232 0.30536341105769227 0.17529353605769232 0.3153054639423077 0.17734788942307694 0.3153054639423077 0.17734788942307694 0.30536341105769227
0 0.1817989879807692 0.30495761298076923 0.18031528846153846 0.30495761298076923 0.18031528846153846 0.31489966586538465 0.1817989879807692 0.31489966586538465 0.1817989879807692 0.30495761298076923
0 0.17438049038461537 0.30658080528846154 0.17312505288461538 0.30658080528846154 0.17312505288461538 0.31591416105769227 0.17438049038461537 0.31591416105769227 0.17438049038461537 0.30658080528846154
0 0.17221200721153848 0.3067837043269231 0.1703859158653846 0.3067837043269231 0.1703859158653846 0.31713155528846154 0.17221200721153848 0.31713155528846154 0.17221200721153848 0.3067837043269231
0 0.16935873798076925 0.30698660336538464 0.16741851682692308 0.30698660336538464 0.16741851682692308 0.3161170600961538 0.16935873798076925 0.3161170600961538 0.16935873798076925 0.30698660336538464
0 0.16639133894230768 0.30536341105769227 0.16479350961538464 0.30536341105769227 0.16479350961538464 0.31672575721153845 0.16639133894230768 0.31672575721153845 0.16639133894230768 0.30536341105769227
0 0.16445111778846153 0.3047547139423077 0.16285328846153846 0.3047547139423077 0.16285328846153846 0.3185518485576923 0.16445111778846153 0.3185518485576923 0.16445111778846153 0.3047547139423077
0 0.15942936538461538 0.30617500721153845 0.1566902283653846 0.30617500721153845 0.1566902283653846 0.3173344543269231 0.15942936538461538 0.3173344543269231 0.15942936538461538 0.30617500721153845
0 0.15429348317307692 0.3088126947115385 0.15132608413461537 0.3088126947115385 0.15132608413461537 0.31692865625 0.15429348317307692 0.31692865625 0.15429348317307692 0.3088126947115385
0 0.1497282548076923 0.3067837043269231 0.1473315096153846 0.3067837043269231 0.1473315096153846 0.3173344543269231 0.1497282548076923 0.3173344543269231 0.1497282548076923 0.3067837043269231
1 0.1473315096153846 0.30820399759615386 0.14379345673076924 0.30820399759615386 0.14379345673076924 0.3173344543269231 0.1473315096153846 0.3173344543269231 0.1473315096153846 0.30820399759615386
1 0.14736004326923077 0.3116152379807692 0.07317507451923076 0.3116152379807692 0.07317507451923076 0.32144316105769233 0.14736004326923077 0.32144316105769233 0.14736004326923077 0.3116152379807692
0 0.4818872836538462 0.5087197451923077 0.4658655144230769 0.5087197451923077 0.4658655144230769 0.5731164206730769 0.4818872836538462 0.5731164206730769 0.4818872836538462 0.5087197451923077
0 0.8559607524038462 0.4988125649038461 0.8476015697115385 0.4988125649038461 0.8476015697115385 0.5297725048076922 0.8559607524038462 0.5297725048076922 0.8559607524038462 0.4988125649038461
0 0.9116886442307692 0.4944781730769231 0.9040260576923077 0.4944781730769231 0.9040260576923077 0.5365836923076923 0.9116886442307692 0.5365836923076923 0.9116886442307692 0.4944781730769231
0 0.6946981682692308 0.4585646442307692 0.6807661947115384 0.4585646442307692 0.6807661947115384 0.5334876971153846 0.6946981682692308 0.5334876971153846 0.6946981682692308 0.4585646442307692
0 0.6654421778846153 0.5568888894230769 0.6536000000000001 0.5568888894230769 0.6536000000000001 0.6089015865384615 0.6654421778846153 0.6089015865384615 0.6654421778846153 0.5568888894230769
1 0.6755428581730769 0.4485291009615385 0.6428027211538462 0.4485291009615385 0.6428027211538462 0.5228329567307692 0.6755428581730769 0.5228329567307692 0.6755428581730769 0.4485291009615385
1 0.6386231298076923 0.43986031730769226 0.6264326538461538 0.43986031730769226 0.6264326538461538 0.48382343028846153 0.6386231298076923 0.48382343028846153 0.6386231298076923 0.43986031730769226
1 0.5034829927884615 0.39342040865384614 0.41954285817307696 0.39342040865384614 0.41954285817307696 0.47763144471153846 0.5034829927884615 0.47763144471153846 0.5034829927884615 0.39342040865384614
1 0.41954285817307696 0.37732124038461534 0.3495346947115384 0.37732124038461534 0.3495346947115384 0.44914829807692314 0.41954285817307696 0.44914829807692314 0.41954285817307696 0.37732124038461534
0 0.8871346947115384 0.6407419495192308 0.8759891153846154 0.6407419495192308 0.8759891153846154 0.7001850336538461 0.8871346947115384 0.7001850336538461 0.8871346947115384 0.6407419495192308
0 0.7933712067307692 0.48257581730769233 0.7824872187499999 0.48257581730769233 0.7824872187499999 0.521476 0.7933712067307692 0.521476 0.7933712067307692 0.48257581730769233
1 0.7094665576923076 0.45712606730769234 0.6952946947115385 0.45712606730769234 0.6952946947115385 0.5014682451923077 0.7094665576923076 0.5014682451923077 0.7094665576923076 0.45712606730769234
1 0.748864329326923 0.4583857884615385 0.7130095216346154 0.4583857884615385 0.7130095216346154 0.5478259783653846 0.748864329326923 0.5478259783653846 0.748864329326923 0.4583857884615385
1 0.7794755504807692 0.4830763197115384 0.752690733173077 0.4830763197115384 0.752690733173077 0.5581556899038461 0.7794755504807692 0.5581556899038461 0.7794755504807692 0.4830763197115384
1 0.8084907355769231 0.48856618269230767 0.794673170673077 0.48856618269230767 0.794673170673077 0.5194293461538462 0.8084907355769231 0.5194293461538462 0.8084907355769231 0.48856618269230767
1 0.8440691370192308 0.5002545793269231 0.823803375 0.5002545793269231 0.823803375 0.5725625649038462 0.8440691370192308 0.5725625649038462 0.8440691370192308 0.5002545793269231
1 0.8651568653846154 0.4981886370192308 0.8574473725961538 0.4981886370192308 0.8574473725961538 0.5167317307692307 0.8651568653846154 0.5167317307692307 0.8651568653846154 0.4981886370192308
0 0.8667441129807693 0.5143130649038462 0.8462232596153847 0.5143130649038462 0.8462232596153847 0.5782061129807692 0.8667441129807693 0.5782061129807692 0.8667441129807693 0.5143130649038462
0 0.8883476995192308 0.5140409663461538 0.8724752139423076 0.5140409663461538 0.8724752139423076 0.5840814519230769 0.8883476995192308 0.5840814519230769 0.8883476995192308 0.5140409663461538
0 0.9018109663461539 0.49363348557692305 0.8891980096153845 0.49363348557692305 0.8891980096153845 0.5815620120192307 0.9018109663461539 0.5815620120192307 0.9018109663461539 0.49363348557692305
0 0.9124398629807692 0.534700389423077 0.9028029975961539 0.534700389423077 0.9028029975961539 0.5548559254807692 0.9124398629807692 0.5548559254807692 0.9124398629807692 0.534700389423077
0 0.9214735745192308 0.5180680432692307 0.9125169567307693 0.5180680432692307 0.9125169567307693 0.5497122331730769 0.9214735745192308 0.5497122331730769 0.9214735745192308 0.5180680432692307
0 1 0.5241147019230769 0.9842832620192308 0.5241147019230769 0.9842832620192308 0.5668444399038461 1 0.5668444399038461 1 0.5241147019230769
0 0.9326976874999999 0.5297582524038462 0.9249881947115385 0.5297582524038462 0.9249881947115385 0.5517277860576922 0.9326976874999999 0.5517277860576922 0.9326976874999999 0.5297582524038462
0 0.9775941442307693 0.5396344663461539 0.9579802884615384 0.5396344663461539 0.9579802884615384 0.6019150697115385 0.9775941442307693 0.6019150697115385 0.9775941442307693 0.5396344663461539
1 0.9570732884615385 0.5110136057692307 0.9350785600961539 0.5110136057692307 0.9350785600961539 0.5984886298076924 0.9570732884615385 0.5984886298076924 0.9570732884615385 0.5110136057692307
1 0.9813355144230769 0.5150447115384615 0.9599076610576923 0.5150447115384615 0.9599076610576923 0.5507200096153846 0.9813355144230769 0.5507200096153846 0.9813355144230769 0.5150447115384615
1 0.9405205552884616 0.5100058269230769 0.9268021923076923 0.5100058269230769 0.9268021923076923 0.5335878052884616 0.9405205552884616 0.5335878052884616 0.9405205552884616 0.5100058269230769
0 0.6136978245192307 0.45988759375000005 0.6136978245192307 0.4391021971153846 0.600766 0.4391021971153846 0.600766 0.5093316418269231 0.6136978245192307 0.5093316418269231 0.6136978245192307 0.45988759375000005
0 0.6136978245192307 0.4860268028846154 0.6227323846153846 0.4860268028846154 0.6227323846153846 0.45988759375000005 0.6136978245192307 0.45988759375000005 0.6136978245192307 0.4860268028846154
0 0.5787996153846154 0.4466605216346154 0.5648049038461539 0.4466605216346154 0.5648049038461539 0.5011434567307692 0.5787996153846154 0.5011434567307692 0.5787996153846154 0.4466605216346154
0 0.5286425649038462 0.4842620240384615 0.5286425649038462 0.41879684375 0.5204795721153845 0.41879684375 0.5204795721153845 0.45446732932692313 0.5204795721153845 0.4842620240384615 0.5286425649038462 0.4842620240384615
0 0.5446911322115384 0.42189440865384614 0.5446911322115384 0.4199756009615384 0.5390677379807692 0.4199756009615384 0.5390677379807692 0.4477096177884615 0.5446911322115384 0.4477096177884615 0.5446911322115384 0.42189440865384614
1 0.5446911322115384 0.4911790625 0.5616724230769231 0.4911790625 0.5616724230769231 0.4208866322115385 0.5446911322115384 0.4208866322115385 0.5446911322115384 0.4911790625
1 0.5922836418269231 0.4261774591346154 0.5656405432692307 0.4261774591346154 0.5656405432692307 0.44809660576923077 0.5922836418269231 0.44809660576923077 0.5922836418269231 0.4261774591346154
1 0.577686625 0.5020126634615385 0.5910081754807692 0.5020126634615385 0.5910081754807692 0.4438135528846154 0.577686625 0.4438135528846154 0.577686625 0.5020126634615385
1 0.6027708197115385 0.4342396730769231 0.5905830192307693 0.4342396730769231 0.5905830192307693 0.47555852163461537 0.6027708197115385 0.47555852163461537 0.6027708197115385 0.4342396730769231
1 0.6207239110576922 0.4342921081730769 0.6129736730769231 0.4342921081730769 0.6129736730769231 0.45988759375000005 0.6207239110576922 0.45988759375000005 0.6207239110576922 0.4342921081730769
1 0.5204795721153845 0.4229002956730769 0.5047241274038462 0.4229002956730769 0.5047241274038462 0.4507955552884615 0.5204795721153845 0.4507955552884615 0.5204795721153845 0.4229002956730769
0 0.9265268798076923 0.43390189182692307 0.9234881730769231 0.43390189182692307 0.9234881730769231 0.456757125 0.9265268798076923 0.456757125 0.9265268798076923 0.43390189182692307
0 0.9234881730769231 0.43099304326923077 0.9206832115384616 0.43099304326923077 0.9206832115384616 0.456757125 0.9234881730769231 0.456757125 0.9234881730769231 0.43099304326923077
1 0.1498598076923077 0.32441509134615387 0.12510135576923076 0.32441509134615387 0.12510135576923076 0.33351803125 0.1498598076923077 0.33351803125 0.1498598076923077 0.32441509134615387
1 0.17963942067307695 0.32109069471153845 0.15352495432692306 0.32109069471153845 0.15352495432692306 0.3306649591346154 0.17963942067307695 0.3306649591346154 0.17963942067307695 0.32109069471153845
1 0.20693140144230768 0.3190960552884615 0.18710968028846153 0.3190960552884615 0.18710968028846153 0.3274735360576923 0.20693140144230768 0.3274735360576923 0.20693140144230768 0.3190960552884615
1 0.22398556009615384 0.31803224759615384 0.2104469519230769 0.31803224759615384 0.2104469519230769 0.32667568028846156 0.22398556009615384 0.32667568028846156 0.22398556009615384 0.31803224759615384
1 0.24605124759615385 0.31444189903846154 0.23116625721153847 0.31444189903846154 0.23116625721153847 0.3217555721153846 0.24605124759615385 0.3217555721153846 0.24605124759615385 0.31444189903846154
1 0.26301457451923077 0.3190960552884615 0.26729414903846155 0.3190960552884615 0.26729414903846155 0.31055342067307695 0.26301457451923077 0.31055342067307695 0.26301457451923077 0.3190960552884615
1 0.253563125 0.3208247427884615 0.2592906610576923 0.3208247427884615 0.2592906610576923 0.31372371875 0.253563125 0.31372371875 0.253563125 0.3208247427884615
1 0.2795991947115385 0.31989391105769227 0.28247833413461537 0.31989391105769227 0.28247833413461537 0.3108704519230769 0.2795991947115385 0.3108704519230769 0.2795991947115385 0.31989391105769227
1 0.27407098798076923 0.3182981995192308 0.27634481971153846 0.3182981995192308 0.27634481971153846 0.3108704519230769 0.27407098798076923 0.3108704519230769 0.27407098798076923 0.3182981995192308
1 0.2863678798076923 0.3160376081730769 0.28950943509615384 0.3160376081730769 0.28950943509615384 0.31023639182692303 0.2863678798076923 0.31023639182692303 0.2863678798076923 0.3160376081730769
1 0.29582715625 0.31789927163461534 0.30117806971153843 0.31789927163461534 0.30117806971153843 0.30738312259615386 0.29582715625 0.30738312259615386 0.29582715625 0.31789927163461534
1 0.26800779326923074 0.3016762115384615 0.27088449759615385 0.3016762115384615 0.27088449759615385 0.29597005048076924 0.26800779326923074 0.29597005048076924 0.26800779326923074 0.3016762115384615
0 0.26450672115384616 0.29089414423076926 0.2628645432692308 0.29089414423076926 0.2628645432692308 0.29607939423076923 0.26450672115384616 0.29607939423076923 0.26450672115384616 0.29089414423076926
0 0.38076639423076925 0.2936716947115384 0.3789472860576923 0.2936716947115384 0.3789472860576923 0.3021821514423077 0.38076639423076925 0.3021821514423077 0.38076639423076925 0.2936716947115384
1 0.31556116586538463 0.3091072283653846 0.31331719951923076 0.3091072283653846 0.31331719951923076 0.3162879278846154 0.31556116586538463 0.3162879278846154 0.31556116586538463 0.3091072283653846
1 0.3206474951923077 0.3089742548076923 0.31840352644230774 0.3089742548076923 0.31840352644230774 0.3166868557692308 0.3206474951923077 0.3166868557692308 0.3206474951923077 0.3089742548076923
1 0.32700540384615384 0.3029903389423077 0.3243126418269231 0.3029903389423077 0.3243126418269231 0.3101710360576923 0.32700540384615384 0.3101710360576923 0.32700540384615384 0.3029903389423077
1 0.3545314158653846 0.3035222427884615 0.35004348076923075 0.3035222427884615 0.35004348076923075 0.31123484375 0.3545314158653846 0.31123484375 0.3545314158653846 0.3035222427884615