1 0.11632521394230769 0.97266909375 0.1115248701923077 0.97266909375 0.1115248701923077 0.9807106899038461 0.11632521394230769 0.9807106899038461 0.11632521394230769 0.97266909375
0 0.10010847836538463 0.7851412908653846 0.0928618076923077 0.7851412908653846 0.0928618076923077 0.7956446033653847 0.10010847836538463 0.7956446033653847 0.10010847836538463 0.7851412908653846
0 0.05608536778846154 0.7223121682692307 0.04976184134615384 0.7223121682692307 0.04976184134615384 0.7342925072115385 0.05608536778846154 0.7342925072115385 0.05608536778846154 0.7223121682692307
0 0.2682578485576923 0.6472994182692309 0.2639652355769231 0.6472994182692309 0.2639652355769231 0.6579668461538462 0.2682578485576923 0.6579668461538462 0.2682578485576923 0.6472994182692309
0 0.25062582451923077 0.6422939350961538 0.24721019471153843 0.6422939350961538 0.24721019471153843 0.6495149615384614 0.25062582451923077 0.6495149615384614 0.25062582451923077 0.6422939350961538
0 0.26802187019230767 0.5962205913461539 0.26396509134615387 0.5962205913461539 0.26396509134615387 0.606638 0.26802187019230767 0.606638 0.26802187019230767 0.5962205913461539
0 0.26892337740384614 0.5882071995192308 0.26441584375 0.5882071995192308 0.26441584375 0.5983040721153846 0.26892337740384614 0.5983040721153846 0.26892337740384614 0.5882071995192308
0 0.27907690625000003 0.56010634375 0.27357497596153846 0.56010634375 0.27357497596153846 0.5693623870192307 0.27907690625000003 0.5693623870192307 0.27907690625000003 0.56010634375
0 0.5909898173076923 0.29564478365384617 0.5873837908653846 0.29564478365384617 0.5873837908653846 0.3056454951923077 0.5909898173076923 0.3056454951923077 0.5909898173076923 0.29564478365384617
0 0.27555951682692303 0.31043408173076925 0.27256853605769227 0.31043408173076925 0.27256853605769227 0.31877108413461536 0.27555951682692303 0.31877108413461536 0.27555951682692303 0.31043408173076925
1 0.15034656971153845 0.7162564783653846 0.14251550480769232 0.7162564783653846 0.14251550480769232 0.7320142259615385 0.15034656971153845 0.7320142259615385 0.15034656971153845 0.7162564783653846
0 0.13762758173076922 0.8277034807692308 0.13294615625 0.8277034807692308 0.13294615625 0.8351692860576924 0.13762758173076922 0.8351692860576924 0.13762758173076922 0.8277034807692308
0 0.18273448076923077 0.7030078197115385 0.18000823557692308 0.7030078197115385 0.18000823557692308 0.7081482091346154 0.18273448076923077 0.7081482091346154 0.18273448076923077 0.7030078197115385
0 0.22526083173076922 0.6177080625 0.2210118341346154 0.6177080625 0.2210118341346154 0.6262180120192308 0.22526083173076922 0.6262180120192308 0.22526083173076922 0.6177080625
1 0.23485565625 0.6399042091346154 0.24939906250000002 0.6399042091346154 0.24939906250000002 0.6284301225961539 0.23485565625 0.6284301225961539 0.23485565625 0.6399042091346154