1 0.1442176875 0.03318216105769231 0.014965985576923078 0.03318216105769231 0.014965985576923078 0.10090702884615385 0.1442176875 0.10090702884615385 0.1442176875 0.03318216105769231
0 0.3799592932692307 0.7836685120192308 0.3721573870192308 0.7836685120192308 0.3721573870192308 0.8038791586538461 0.3799592932692307 0.8038791586538461 0.3799592932692307 0.7836685120192308
0 0.36836789182692303 0.7923868293269231 0.35900560576923074 0.7923868293269231 0.35900560576923074 0.8094271802884615 0.36836789182692303 0.8094271802884615 0.36836789182692303 0.7923868293269231
0 0.6470688245192308 0.5279612475961538 0.6427775096153846 0.5279612475961538 0.6427775096153846 0.5399728701923077 0.6470688245192308 0.5399728701923077 0.6470688245192308 0.5279612475961538
0 0.6118252596153846 0.5302337163461538 0.6074426394230769 0.5302337163461538 0.6074426394230769 0.5422453413461539 0.6118252596153846 0.5422453413461539 0.6118252596153846 0.5302337163461538
0 0.4290581514423077 0.4951972259615385 0.42392226923076926 0.4951972259615385 0.42392226923076926 0.5057479759615384 0.4290581514423077 0.5057479759615384 0.4290581514423077 0.4951972259615385
0 0.41159615144230766 0.5008783990384615 0.40520483173076927 0.5008783990384615 0.40520483173076927 0.5106175528846154 0.41159615144230766 0.5106175528846154 0.41159615144230766 0.5008783990384615
0 0.3965308966346154 0.5043276826923078 0.38979718509615385 0.5043276826923078 0.38979718509615385 0.5146755336538461 0.3965308966346154 0.5146755336538461 0.3965308966346154 0.5043276826923078
0 0.38511782451923077 0.5229943966346154 0.37507432211538466 0.5229943966346154 0.37507432211538466 0.5455161923076923 0.38511782451923077 0.5455161923076923 0.38511782451923077 0.5229943966346154
0 0.5399646778846153 0.4525583197115385 0.5346915024038462 0.4525583197115385 0.5346915024038462 0.4759946610576923 0.5399646778846153 0.4759946610576923 0.5399646778846153 0.4525583197115385
0 0.33090572596153844 0.42804518990384616 0.32528799519230767 0.42804518990384616 0.32528799519230767 0.45218062499999995 0.33090572596153844 0.45218062499999995 0.33090572596153844 0.42804518990384616
1 0.33887003125 0.3565002644230769 0.32988166105769234 0.3565002644230769 0.32988166105769234 0.3751428076923077 0.33887003125 0.3751428076923077 0.33887003125 0.3565002644230769