0 0.3890373221153846 0.5319473822115385 0.38541889182692307 0.5319473822115385 0.38541889182692307 0.5463773365384615 0.3890373221153846 0.5463773365384615 0.3890373221153846 0.5319473822115385
0 0.09336973798076922 0.5278803509615385 0.08902829567307692 0.5278803509615385 0.08902829567307692 0.5404968822115385 0.09336973798076922 0.5404968822115385 0.09336973798076922 0.5278803509615385
0 0.31859137259615383 0.8359927692307692 0.3158819206730769 0.8359927692307692 0.3158819206730769 0.83986940625 0.31859137259615383 0.83986940625 0.31859137259615383 0.8359927692307692
0 0.41037038221153843 0.5344985408653846 0.40661163221153845 0.5344985408653846 0.40661163221153845 0.5470924663461538 0.41037038221153843 0.5470924663461538 0.41037038221153843 0.5344985408653846
0 0.08618152884615383 0.5314478557692308 0.08273976682692306 0.5314478557692308 0.08273976682692306 0.540460826923077 0.08618152884615383 0.540460826923077 0.08618152884615383 0.5314478557692308
0 0.06832810336538461 0.5323905673076923 0.06453235576923076 0.5323905673076923 0.06453235576923076 0.5420725504807693 0.06832810336538461 0.5420725504807693 0.06832810336538461 0.5323905673076923
0 0.06074909855769231 0.5238995576923077 0.05779320673076923 0.5238995576923077 0.05779320673076923 0.5338237620192308 0.06074909855769231 0.5338237620192308 0.06074909855769231 0.5238995576923077
0 0.09971173557692309 0.5297385889423076 0.09971173557692309 0.5380329278846154 0.10272274038461539 0.5297385889423076 0.09971173557692309 0.5297385889423076
0 0.4750139879807692 0.5068569038461539 0.47120825480769235 0.5068569038461539 0.47120825480769235 0.5167621177884615 0.4750139879807692 0.5167621177884615 0.4750139879807692 0.5068569038461539
0 0.04946305048076923 0.5307836466346154 0.04486136538461538 0.5307836466346154 0.04486136538461538 0.5484720865384616 0.04946305048076923 0.5484720865384616 0.04946305048076923 0.5307836466346154
0 0.5075499230769231 0.5222750072115384 0.5050476706730769 0.5222750072115384 0.5050476706730769 0.5350662788461539 0.5075499230769231 0.5350662788461539 0.5075499230769231 0.5222750072115384
0 0.33179213221153847 0.5293963966346154 0.32874686057692304 0.5293963966346154 0.32874686057692304 0.5429809014423077 0.33179213221153847 0.5429809014423077 0.33179213221153847 0.5293963966346154
0 0.43963324278846155 0.5282293245192308 0.43709157211538463 0.5282293245192308 0.43709157211538463 0.5399235480769231 0.43963324278846155 0.5399235480769231 0.43963324278846155 0.5282293245192308
0 0.4212796201923077 0.5271675961538461 0.41872987740384615 0.5271675961538461 0.41872987740384615 0.539434079326923 0.4212796201923077 0.539434079326923 0.4212796201923077 0.5271675961538461
0 0.16631005528846154 0.5312658245192308 0.16321074278846154 0.5312658245192308 0.16321074278846154 0.5395394783653846 0.16631005528846154 0.5395394783653846 0.16631005528846154 0.5312658245192308
0 0.3588943798076923 0.53406609375 0.35484526923076926 0.53406609375 0.35484526923076926 0.5510007499999999 0.3588943798076923 0.5510007499999999 0.3588943798076923 0.53406609375
0 0.43300590625 0.523484125 0.4306664783653846 0.523484125 0.4306664783653846 0.53385071875 0.43300590625 0.53385071875 0.43300590625 0.523484125
0 0.4817195576923077 0.5187540697115385 0.47889210336538457 0.5187540697115385 0.47889210336538457 0.5294621225961539 0.4817195576923077 0.5294621225961539 0.4817195576923077 0.5187540697115385
0 0.2645492067307692 0.5051399519230769 0.2615638581730769 0.5051399519230769 0.2615638581730769 0.5158923100961539 0.2645492067307692 0.5158923100961539 0.2645492067307692 0.5051399519230769
0 0.45084994711538456 0.5280588798076923 0.44822912259615383 0.5280588798076923 0.44822912259615383 0.5418163149038462 0.45084994711538456 0.5418163149038462 0.45084994711538456 0.5280588798076923
0 0.0983621201923077 0.5304382331730769 0.09568123076923077 0.5304382331730769 0.09568123076923077 0.5389520721153847 0.0983621201923077 0.5389520721153847 0.0983621201923077 0.5304382331730769
0 0.07330325480769231 0.5318279134615385 0.0702777860576923 0.5318279134615385 0.0702777860576923 0.5441701250000001 0.07330325480769231 0.5441701250000001 0.07330325480769231 0.5318279134615385
0 0.37919397355769235 0.5334023365384616 0.37646500240384617 0.5334023365384616 0.37646500240384617 0.5453203557692308 0.37919397355769235 0.5453203557692308 0.37919397355769235 0.5334023365384616
0 0.38386300480769225 0.5155154759615385 0.3818334567307692 0.5155154759615385 0.3818334567307692 0.5252343076923076 0.38386300480769225 0.5252343076923076 0.38386300480769225 0.5155154759615385
0 0.014944411057692307 0.5410646802884616 0.011754235576923077 0.5410646802884616 0.011754235576923077 0.5516281682692308 0.014944411057692307 0.5516281682692308 0.014944411057692307 0.5410646802884616
0 0.41725463942307695 0.5295229302884615 0.41446380528846155 0.5295229302884615 0.41446380528846155 0.5424775288461539 0.41725463942307695 0.5424775288461539 0.41725463942307695 0.5295229302884615
0 0.44371837019230764 0.5313542692307692 0.4404567403846154 0.5313542692307692 0.4404567403846154 0.5483565168269231 0.44371837019230764 0.5483565168269231 0.44371837019230764 0.5313542692307692
0 0.3448912307692308 0.5247867716346154 0.3421608605769231 0.5247867716346154 0.3421608605769231 0.5482176033653846 0.3448912307692308 0.5482176033653846 0.3448912307692308 0.5247867716346154
0 0.3030836730769231 0.5465704471153846 0.2996178317307692 0.5465704471153846 0.2996178317307692 0.5597208100961539 0.3030836730769231 0.5597208100961539 0.3030836730769231 0.5465704471153846
0 0.4481534326923077 0.5319907860576923 0.44496014903846154 0.5319907860576923 0.44496014903846154 0.5480465360576923 0.4481534326923077 0.5480465360576923 0.4481534326923077 0.5319907860576923
0 0.3955986009615385 0.5208573317307692 0.3955986009615385 0.5150404759615385 0.39267737019230775 0.5150404759615385 0.39267737019230775 0.5315995384615385 0.3955986009615385 0.5315995384615385 0.3955986009615385 0.5208573317307692
0 0.5153648052884615 0.5269731875 0.512405173076923 0.5269731875 0.512405173076923 0.540861625 0.5153648052884615 0.540861625 0.5153648052884615 0.5269731875
0 0.4892571754807692 0.5178765769230769 0.4869788485576923 0.5178765769230769 0.4869788485576923 0.5296550048076922 0.4892571754807692 0.5296550048076922 0.4892571754807692 0.5178765769230769
0 0.4958799038461539 0.5137402572115385 0.49344352163461536 0.5137402572115385 0.49344352163461536 0.5237274158653846 0.4958799038461539 0.5237274158653846 0.4958799038461539 0.5137402572115385
0 0.34187561778846154 0.5240497740384615 0.33881940865384613 0.5240497740384615 0.33881940865384613 0.5380833389423076 0.34187561778846154 0.5380833389423076 0.34187561778846154 0.5240497740384615
0 0.15973501201923077 0.5309521153846154 0.1563176466346154 0.5309521153846154 0.1563176466346154 0.5416478461538461 0.15973501201923077 0.5416478461538461 0.15973501201923077 0.5309521153846154
0 0.46761445913461536 0.5303226610576923 0.4644820216346154 0.5303226610576923 0.4644820216346154 0.5439201634615385 0.46761445913461536 0.5439201634615385 0.46761445913461536 0.5303226610576923
0 0.4544841442307692 0.5314711971153846 0.4514009158653846 0.5314711971153846 0.4514009158653846 0.5457014302884615 0.4544841442307692 0.5457014302884615 0.4544841442307692 0.5314711971153846
0 0.4955710408653846 0.5264085552884615 0.49323072355769226 0.5264085552884615 0.49323072355769226 0.5412211105769231 0.4955710408653846 0.5412211105769231 0.4955710408653846 0.5264085552884615
0 0.10116467548076923 0.5300204230769231 0.09839692067307691 0.5300204230769231 0.09839692067307691 0.5381171899038462 0.10116467548076923 0.5381171899038462 0.10116467548076923 0.5300204230769231
0 0.37193215625000003 0.5358805913461538 0.36938527403846155 0.5358805913461538 0.36938527403846155 0.551583579326923 0.37193215625000003 0.551583579326923 0.37193215625000003 0.5358805913461538
0 0.5031332331730769 0.5237774302884616 0.5001711850961539 0.5237774302884616 0.5001711850961539 0.5356263894230769 0.5031332331730769 0.5356263894230769 0.5031332331730769 0.5237774302884616
0 0.059036146634615386 0.5351836033653846 0.05566318509615385 0.5351836033653846 0.05566318509615385 0.5466723413461538 0.059036146634615386 0.5466723413461538 0.059036146634615386 0.5351836033653846
0 0.36831334375 0.5264468725961539 0.36528549278846156 0.5264468725961539 0.36528549278846156 0.5394788942307692 0.36831334375 0.5394788942307692 0.36831334375 0.5264468725961539
0 0.40904712740384613 0.5110621706730769 0.40681921634615387 0.5110621706730769 0.40681921634615387 0.52184934375 0.40904712740384613 0.52184934375 0.40904712740384613 0.5110621706730769
0 0.3638169927884615 0.5139161298076923 0.36138455048076923 0.5139161298076923 0.36138455048076923 0.5246701850961538 0.3638169927884615 0.5246701850961538 0.3638169927884615 0.5139161298076923
0 0.31063890384615384 0.5250826225961538 0.30806646394230774 0.5250826225961538 0.30806646394230774 0.5383618389423077 0.31063890384615384 0.5383618389423077 0.31063890384615384 0.5250826225961538
0 0.009960894230769231 0.5356099447115384 0.005965673076923078 0.5356099447115384 0.005965673076923078 0.547339545673077 0.009960894230769231 0.547339545673077 0.009960894230769231 0.5356099447115384
0 0.2707075432692308 0.5048344927884615 0.26717087500000003 0.5048344927884615 0.26717087500000003 0.5147835625 0.2707075432692308 0.5147835625 0.2707075432692308 0.5048344927884615
0 0.41482896874999997 0.5298724711538462 0.41230789903846154 0.5298724711538462 0.41230789903846154 0.5429565985576923 0.41482896874999997 0.5429565985576923 0.41482896874999997 0.5298724711538462
0 0.11585933413461538 0.5281262427884615 0.11287169471153846 0.5281262427884615 0.11287169471153846 0.5409825072115384 0.11585933413461538 0.5409825072115384 0.11585933413461538 0.5281262427884615
0 0.04214007932692308 0.5303807572115384 0.03683499519230769 0.5303807572115384 0.03683499519230769 0.5459700408653846 0.04214007932692308 0.5459700408653846 0.04214007932692308 0.5303807572115384
0 0.16160502403846153 0.5328469158653847 0.1585602596153846 0.5328469158653847 0.1585602596153846 0.5409041225961538 0.16160502403846153 0.5409041225961538 0.16160502403846153 0.5328469158653847
0 0.3715730360576923 0.5214155961538461 0.36954495192307696 0.5214155961538461 0.36954495192307696 0.5303430072115385 0.3715730360576923 0.5303430072115385 0.3715730360576923 0.5214155961538461
0 0.4069798798076923 0.5154142596153846 0.4033380504807692 0.5154142596153846 0.4033380504807692 0.5317913485576923 0.4069798798076923 0.5317913485576923 0.4069798798076923 0.5154142596153846
0 0.06437023557692308 0.8484286850961538 0.06164174038461538 0.8484286850961538 0.06164174038461538 0.8515666826923076 0.06437023557692308 0.8515666826923076 0.06437023557692308 0.8484286850961538
0 0.2413110576923077 0.9072763509615385 0.23957699038461538 0.9072763509615385 0.23957699038461538 0.910602201923077 0.2413110576923077 0.910602201923077 0.2413110576923077 0.9072763509615385
0 0.42907543269230775 0.5307649399038461 0.42648334374999997 0.5307649399038461 0.42648334374999997 0.5431122379807692 0.42907543269230775 0.5431122379807692 0.42907543269230775 0.5307649399038461
0 0.3857928269230769 0.5133388389423077 0.38364661538461536 0.5133388389423077 0.38364661538461536 0.5249205985576924 0.3857928269230769 0.5249205985576924 0.3857928269230769 0.5133388389423077
0 0.4665160504807692 0.51727334375 0.4642471322115385 0.51727334375 0.4642471322115385 0.5279695288461539 0.4665160504807692 0.5279695288461539 0.4665160504807692 0.51727334375
0 0.5163266177884616 0.4873701298076923 0.5143730480769231 0.4873701298076923 0.5143730480769231 0.49299395673076923 0.5163266177884616 0.49299395673076923 0.5163266177884616 0.4873701298076923
0 0.4878101346153846 0.516785798076923 0.4854918173076923 0.516785798076923 0.4854918173076923 0.5282215264423077 0.4878101346153846 0.5282215264423077 0.4878101346153846 0.516785798076923
0 0.5113035528846154 0.5241234687499999 0.5086855240384616 0.5241234687499999 0.5086855240384616 0.5362586129807693 0.5113035528846154 0.5362586129807693 0.5113035528846154 0.5241234687499999
0 0.08183626442307693 0.5347003509615385 0.07915920432692307 0.5347003509615385 0.07915920432692307 0.5434942740384615 0.08183626442307693 0.5434942740384615 0.08183626442307693 0.5347003509615385
0 0.10403041105769231 0.5295105552884615 0.10105418269230769 0.5295105552884615 0.10105418269230769 0.5372046009615384 0.10403041105769231 0.5372046009615384 0.10403041105769231 0.5295105552884615
0 0.07067079567307692 0.5463281129807692 0.06722359615384615 0.5463281129807692 0.06722359615384615 0.5590350697115385 0.07067079567307692 0.5590350697115385 0.07067079567307692 0.5463281129807692
0 0.38813209615384614 0.5115141682692308 0.38581224999999997 0.5115141682692308 0.38581224999999997 0.5239345961538462 0.38813209615384614 0.5239345961538462 0.38813209615384614 0.5115141682692308
0 0.32317819471153847 0.5257124711538462 0.3207973798076923 0.5257124711538462 0.3207973798076923 0.5374779038461539 0.32317819471153847 0.5374779038461539 0.32317819471153847 0.5257124711538462
0 0.31266870432692306 0.5335786610576924 0.30986941586538463 0.5335786610576924 0.30986941586538463 0.5454636754807692 0.31266870432692306 0.5454636754807692 0.31266870432692306 0.5335786610576924
0 0.10755951442307692 0.5302083341346153 0.10513075961538461 0.5302083341346153 0.10513075961538461 0.5382488100961539 0.10755951442307692 0.5382488100961539 0.10755951442307692 0.5302083341346153
0 0.42731816105769227 0.5111965600961539 0.42476911538461537 0.5111965600961539 0.42476911538461537 0.5211388485576923 0.42731816105769227 0.5211388485576923 0.42731816105769227 0.5111965600961539
0 0.30022951682692306 0.5310434975961539 0.2977643966346154 0.5310434975961539 0.2977643966346154 0.5441140625 0.30022951682692306 0.5441140625 0.30022951682692306 0.5310434975961539
0 0.381929875 0.5169911129807692 0.37958688701923077 0.5169911129807692 0.37958688701923077 0.5302452379807693 0.381929875 0.5302452379807693 0.381929875 0.5169911129807692
0 0.034660896634615385 0.5342754783653846 0.030085403846153845 0.5342754783653846 0.030085403846153845 0.5436518341346154 0.034660896634615385 0.5436518341346154 0.034660896634615385 0.5342754783653846
0 0.5104794182692308 0.5125779326923077 0.5084145865384616 0.5125779326923077 0.5084145865384616 0.5226020528846154 0.5104794182692308 0.5226020528846154 0.5104794182692308 0.5125779326923077
0 0.40760199278846154 0.5124105384615384 0.4045695625 0.5124105384615384 0.4045695625 0.5267784399038461 0.40760199278846154 0.5267784399038461 0.40760199278846154 0.5124105384615384
0 0.3791356730769231 0.5159908149038461 0.3761481298076923 0.5159908149038461 0.3761481298076923 0.530271233173077 0.3791356730769231 0.530271233173077 0.3791356730769231 0.5159908149038461
0 0.4195848461538461 0.5270252932692308 0.41713104326923073 0.5270252932692308 0.41713104326923073 0.5376807884615384 0.4195848461538461 0.5376807884615384 0.4195848461538461 0.5270252932692308
0 0.4363428125 0.5248419302884615 0.43416462019230767 0.5248419302884615 0.43416462019230767 0.5365655408653847 0.4363428125 0.5365655408653847 0.4363428125 0.5248419302884615
0 0.4775510793269231 0.5156669326923077 0.47515290625 0.5156669326923077 0.47515290625 0.5271285432692308 0.4775510793269231 0.5271285432692308 0.4775510793269231 0.5156669326923077
0 0.4993604663461539 0.4876488028846154 0.4971513125 0.4876488028846154 0.4971513125 0.4935062548076923 0.4993604663461539 0.4935062548076923 0.4993604663461539 0.4876488028846154
0 0.24502827403846156 0.5369580865384616 0.24253066346153848 0.5369580865384616 0.24253066346153848 0.5470405288461538 0.24502827403846156 0.5470405288461538 0.24502827403846156 0.5369580865384616
0 0.7669956201923077 0.50685215625 0.7635393774038461 0.50685215625 0.7635393774038461 0.5188168557692308 0.7669956201923077 0.5188168557692308 0.7669956201923077 0.50685215625
0 0.7217278798076923 0.50761571875 0.7187690745192307 0.50761571875 0.7187690745192307 0.5204785384615385 0.7217278798076923 0.5204785384615385 0.7217278798076923 0.50761571875
0 0.6531714110576924 0.5224701490384616 0.6502510072115384 0.5224701490384616 0.6502510072115384 0.5335063221153846 0.6531714110576924 0.5335063221153846 0.6531714110576924 0.5224701490384616
0 0.6911905937499999 0.5073573918269231 0.6882822668269231 0.5073573918269231 0.6882822668269231 0.5192989206730769 0.6911905937499999 0.5192989206730769 0.6911905937499999 0.5073573918269231
0 0.5169927908653846 0.5109256322115384 0.5145372379807692 0.5109256322115384 0.5145372379807692 0.5210270649038462 0.5169927908653846 0.5210270649038462 0.5169927908653846 0.5109256322115384
0 0.7593360889423076 0.5084950192307692 0.7559202836538461 0.5084950192307692 0.7559202836538461 0.519938545673077 0.7593360889423076 0.519938545673077 0.7593360889423076 0.5084950192307692
0 0.6039878846153847 0.5188712788461538 0.6018606826923076 0.5188712788461538 0.6018606826923076 0.5297236682692308 0.6039878846153847 0.5297236682692308 0.6039878846153847 0.5188712788461538
0 0.6973203028846153 0.85696309375 0.6934391658653846 0.85696309375 0.6934391658653846 0.8614972139423076 0.6973203028846153 0.8614972139423076 0.6973203028846153 0.85696309375
0 0.6205765408653845 0.5251703894230769 0.6182987211538461 0.5251703894230769 0.6182987211538461 0.5351048798076923 0.6205765408653845 0.5351048798076923 0.6205765408653845 0.5251703894230769
0 0.6313484182692307 0.5347015072115384 0.6313484182692307 0.5261162644230769 0.6284170793269231 0.5261162644230769 0.6284170793269231 0.5356790048076923 0.6313484182692307 0.5356790048076923 0.6313484182692307 0.5347015072115384
0 0.5327143990384615 0.5211161850961539 0.5298682524038462 0.5211161850961539 0.5298682524038462 0.5368001875 0.5327143990384615 0.5368001875 0.5327143990384615 0.5211161850961539
0 0.6487056730769231 0.52070871875 0.6464070624999999 0.52070871875 0.6464070624999999 0.5324600216346154 0.6487056730769231 0.5324600216346154 0.6487056730769231 0.52070871875
0 0.5236736923076923 0.5111308341346154 0.5208558725961538 0.5111308341346154 0.5208558725961538 0.5201209735576924 0.5236736923076923 0.5201209735576924 0.5236736923076923 0.5111308341346154
0 0.7347253173076923 0.5079275625 0.7321643822115385 0.5079275625 0.7321643822115385 0.5193271201923078 0.7347253173076923 0.5193271201923078 0.7347253173076923 0.5079275625
0 0.5681475312500001 0.5232212764423078 0.5650035216346153 0.5232212764423078 0.5650035216346153 0.5372481730769231 0.5681475312500001 0.5372481730769231 0.5681475312500001 0.5232212764423078
0 0.5829641971153846 0.5214205144230769 0.5806449879807692 0.5214205144230769 0.5806449879807692 0.5331193701923077 0.5829641971153846 0.5331193701923077 0.5829641971153846 0.5214205144230769
0 0.8063487379807692 0.8677826490384616 0.8039205552884615 0.8677826490384616 0.8039205552884615 0.8714096057692308 0.8063487379807692 0.8714096057692308 0.8063487379807692 0.8677826490384616
0 0.7334423076923078 0.5250968269230769 0.7334423076923078 0.5183093605769231 0.7306305576923078 0.5183093605769231 0.7306305576923078 0.5295663918269231 0.7334423076923078 0.5295663918269231 0.7334423076923078 0.5250968269230769
0 0.5786168413461539 0.5073710697115384 0.5766531634615385 0.5073710697115384 0.5766531634615385 0.5166516899038461 0.5786168413461539 0.5166516899038461 0.5786168413461539 0.5073710697115384
0 0.6781403870192307 0.5254644326923077 0.6754499447115384 0.5254644326923077 0.6754499447115384 0.5368641033653846 0.6781403870192307 0.5368641033653846 0.6781403870192307 0.5254644326923077
0 0.6556950889423077 0.5016076538461538 0.6523537307692308 0.5016076538461538 0.6523537307692308 0.5151749783653846 0.6556950889423077 0.5151749783653846 0.6556950889423077 0.5016076538461538
0 0.5383232740384616 0.5241364086538461 0.5351228701923076 0.5241364086538461 0.5351228701923076 0.5349039158653845 0.5383232740384616 0.5349039158653845 0.5383232740384616 0.5241364086538461
0 0.7800860721153846 0.5065030697115385 0.7775920240384615 0.5065030697115385 0.7775920240384615 0.5158935552884615 0.7800860721153846 0.5158935552884615 0.7800860721153846 0.5065030697115385
0 0.6649676009615385 0.5012726394230769 0.6613410937499999 0.5012726394230769 0.6613410937499999 0.5097530216346153 0.6649676009615385 0.5097530216346153 0.6649676009615385 0.5012726394230769
0 0.6432011923076922 0.5263991730769231 0.64107271875 0.5263991730769231 0.64107271875 0.5375317620192308 0.6432011923076922 0.5375317620192308 0.6432011923076922 0.5263991730769231
0 0.5909385048076923 0.5198718028846154 0.588420360576923 0.5198718028846154 0.588420360576923 0.5311834278846154 0.5909385048076923 0.5311834278846154 0.5909385048076923 0.5198718028846154
0 0.7475144711538462 0.5110743197115385 0.7449765528846153 0.5110743197115385 0.7449765528846153 0.5240999014423077 0.7475144711538462 0.5240999014423077 0.7475144711538462 0.5110743197115385
0 0.5632576634615385 0.5270570552884615 0.5601135264423077 0.5270570552884615 0.5601135264423077 0.5427498701923077 0.5632576634615385 0.5427498701923077 0.5632576634615385 0.5270570552884615
0 0.6761339831730768 0.5027254447115385 0.6736765552884615 0.5027254447115385 0.6736765552884615 0.5146000600961538 0.6761339831730768 0.5146000600961538 0.6761339831730768 0.5027254447115385
0 0.6586638125 0.5034350360576924 0.6559740697115385 0.5034350360576924 0.6559740697115385 0.5134646947115384 0.6586638125 0.5134646947115384 0.6586638125 0.5034350360576924
0 0.5116424879807693 0.4876443942307693 0.5089553509615384 0.4876443942307693 0.5089553509615384 0.49348692788461535 0.5116424879807693 0.49348692788461535 0.5116424879807693 0.4876443942307693
0 0.6057583485576923 0.7097210913461538 0.60392646875 0.7097210913461538 0.60392646875 0.7129004591346154 0.6057583485576923 0.7129004591346154 0.6057583485576923 0.7097210913461538
0 0.6836938221153847 0.5035910721153847 0.6815786370192308 0.5035910721153847 0.6815786370192308 0.5124983605769231 0.6836938221153847 0.5124983605769231 0.6836938221153847 0.5035910721153847
0 0.8073763533653846 0.8677385697115384 0.8048783629807693 0.8677385697115384 0.8048783629807693 0.8714634086538461 0.8073763533653846 0.8714634086538461 0.8073763533653846 0.8677385697115384
0 0.6297739663461539 0.52587771875 0.6269693365384617 0.52587771875 0.6269693365384617 0.5371201682692308 0.6297739663461539 0.5371201682692308 0.6297739663461539 0.52587771875
0 0.5257777211538461 0.5268139302884616 0.5232746754807692 0.5268139302884616 0.5232746754807692 0.5411118677884615 0.5257777211538461 0.5411118677884615 0.5257777211538461 0.5268139302884616
0 0.7074081418269231 0.5120266394230769 0.704676310096154 0.5120266394230769 0.704676310096154 0.5292012548076923 0.7074081418269231 0.5292012548076923 0.7074081418269231 0.5120266394230769
0 0.5725434615384615 0.5258397427884616 0.5700534182692307 0.5258397427884616 0.5700534182692307 0.5394603028846153 0.5725434615384615 0.5394603028846153 0.5725434615384615 0.5258397427884616
0 0.7014284759615385 0.5034563990384615 0.6994178125 0.5034563990384615 0.6994178125 0.5105587427884616 0.7014284759615385 0.5105587427884616 0.7014284759615385 0.5034563990384615
0 0.6365960432692308 0.5178768028846154 0.6340159735576923 0.5178768028846154 0.6340159735576923 0.5290914471153847 0.6365960432692308 0.5290914471153847 0.6365960432692308 0.5178768028846154
0 0.5937164302884615 0.4969672860576923 0.5912928269230769 0.4969672860576923 0.5912928269230769 0.5068444711538461 0.5937164302884615 0.5068444711538461 0.5937164302884615 0.4969672860576923
0 0.7130812331730769 0.5030598389423078 0.7103144951923077 0.5030598389423078 0.7103144951923077 0.5123923413461539 0.7130812331730769 0.5123923413461539 0.7130812331730769 0.5030598389423078
0 0.5730904254807693 0.49427659855769235 0.5709439591346154 0.49427659855769235 0.5709439591346154 0.5021582716346153 0.5730904254807693 0.5021582716346153 0.5730904254807693 0.49427659855769235
0 0.5140677139423077 0.4877965841346154 0.5114027668269231 0.4877965841346154 0.5114027668269231 0.49358712740384614 0.5140677139423077 0.49358712740384614 0.5140677139423077 0.4877965841346154
0 0.7422766995192307 0.5091489447115385 0.7397029879807693 0.5091489447115385 0.7397029879807693 0.5195597331730769 0.7422766995192307 0.5195597331730769 0.7422766995192307 0.5091489447115385
0 0.6806521105769231 0.5155854951923077 0.6786141706730769 0.5155854951923077 0.6786141706730769 0.5252315384615385 0.6806521105769231 0.5252315384615385 0.6806521105769231 0.5155854951923077
0 0.5346181225961538 0.5240958894230769 0.5323409086538462 0.5240958894230769 0.5323409086538462 0.5368997091346154 0.5346181225961538 0.5368997091346154 0.5346181225961538 0.5240958894230769
0 0.6176743197115384 0.5184359519230769 0.6155562716346155 0.5184359519230769 0.6155562716346155 0.5282888341346154 0.6176743197115384 0.5282888341346154 0.6176743197115384 0.5184359519230769
0 0.5599484134615385 0.4920778629807692 0.5573106129807692 0.4920778629807692 0.5573106129807692 0.5032467307692308 0.5599484134615385 0.5032467307692308 0.5599484134615385 0.4920778629807692
0 0.6654972067307692 0.51416959375 0.6633464182692308 0.51416959375 0.6633464182692308 0.5249868317307692 0.6654972067307692 0.5249868317307692 0.6654972067307692 0.51416959375
0 0.7343137115384616 0.7148094471153846 0.7314224254807692 0.7148094471153846 0.7314224254807692 0.7179882475961539 0.7343137115384616 0.7179882475961539 0.7343137115384616 0.7148094471153846
0 0.9556986490384615 0.9154620697115384 0.9527758293269231 0.9154620697115384 0.9527758293269231 0.9229719927884615 0.9556986490384615 0.9229719927884615 0.9556986490384615 0.9154620697115384
0 0.6894358317307692 0.5064355913461539 0.6872158052884616 0.5064355913461539 0.6872158052884616 0.5176380288461538 0.6894358317307692 0.5176380288461538 0.6894358317307692 0.5064355913461539
0 0.6726720817307693 0.5127582139423077 0.67020746875 0.5127582139423077 0.67020746875 0.5230595913461539 0.6726720817307693 0.5230595913461539 0.6726720817307693 0.5127582139423077
0 0.7165561033653846 0.5192574951923077 0.7140295673076923 0.5192574951923077 0.7140295673076923 0.5325650817307692 0.7165561033653846 0.5325650817307692 0.7165561033653846 0.5192574951923077
0 0.7038663221153846 0.5116103557692308 0.701386514423077 0.5116103557692308 0.701386514423077 0.52808634375 0.7038663221153846 0.52808634375 0.7038663221153846 0.5116103557692308
0 0.5481189735576923 0.5264097427884615 0.5457871129807692 0.5264097427884615 0.5457871129807692 0.5422632860576923 0.5481189735576923 0.5422632860576923 0.5481189735576923 0.5264097427884615
0 0.5818639110576923 0.5196788076923077 0.5787415192307692 0.5196788076923077 0.5787415192307692 0.5308048389423077 0.5818639110576923 0.5308048389423077 0.5818639110576923 0.5196788076923077
0 0.7378667836538462 0.5099633100961538 0.7351584110576923 0.5099633100961538 0.7351584110576923 0.5192910649038461 0.7378667836538462 0.5192910649038461 0.7378667836538462 0.5099633100961538
0 0.5533674230769231 0.5023041899038462 0.5509864182692308 0.5023041899038462 0.5509864182692308 0.5113367139423077 0.5533674230769231 0.5113367139423077 0.5533674230769231 0.5023041899038462
0 0.7244389855769231 0.5048564206730769 0.7220025384615384 0.5048564206730769 0.7220025384615384 0.5170665048076923 0.7244389855769231 0.5170665048076923 0.7244389855769231 0.5048564206730769
0 0.621133295673077 0.4994340697115385 0.6189178461538462 0.4994340697115385 0.6189178461538462 0.5123492211538462 0.621133295673077 0.5123492211538462 0.621133295673077 0.4994340697115385
0 0.784022204326923 0.5088005913461539 0.7819832475961538 0.5088005913461539 0.7819832475961538 0.5185396538461539 0.784022204326923 0.5185396538461539 0.784022204326923 0.5088005913461539
0 0.7914122259615385 0.5061234639423077 0.7873293557692308 0.5061234639423077 0.7873293557692308 0.5234897764423077 0.7914122259615385 0.5234897764423077 0.7914122259615385 0.5061234639423077
0 0.5444574350961539 0.5175728125 0.5415207548076924 0.5175728125 0.5415207548076924 0.5271468557692308 0.5444574350961539 0.5271468557692308 0.5444574350961539 0.5175728125
0 0.7720970793269231 0.5118099639423077 0.76942259375 0.5118099639423077 0.76942259375 0.5224878389423077 0.7720970793269231 0.5224878389423077 0.7720970793269231 0.5118099639423077
0 0.5529580432692307 0.5296837139423076 0.550408045673077 0.5296837139423076 0.550408045673077 0.5459261850961539 0.5529580432692307 0.5459261850961539 0.5529580432692307 0.5296837139423076
0 0.7305671682692307 0.5078235769230769 0.7282577524038462 0.5078235769230769 0.7282577524038462 0.5187376802884616 0.7305671682692307 0.5187376802884616 0.7305671682692307 0.5078235769230769
0 0.5568251298076923 0.5241348822115385 0.5543944038461539 0.5241348822115385 0.5543944038461539 0.5384216298076923 0.5568251298076923 0.5384216298076923 0.5568251298076923 0.5241348822115385
0 0.6435412091346154 0.5078386658653846 0.6414573028846154 0.5078386658653846 0.6414573028846154 0.5170921610576923 0.6435412091346154 0.5170921610576923 0.6435412091346154 0.5078386658653846
0 0.6012607572115385 0.5167911105769231 0.5988368990384616 0.5167911105769231 0.5988368990384616 0.5280045120192308 0.6012607572115385 0.5280045120192308 0.6012607572115385 0.5167911105769231
0 0.7325042716346153 0.5076579350961539 0.7301553076923077 0.5076579350961539 0.7301553076923077 0.5183462067307693 0.7325042716346153 0.5183462067307693 0.7325042716346153 0.5076579350961539
0 0.6988545096153846 0.504208375 0.6965316129807693 0.504208375 0.6965316129807693 0.5178235096153846 0.6988545096153846 0.5178235096153846 0.6988545096153846 0.504208375
0 0.5105366081730769 0.4873810384615384 0.5080101658653846 0.4873810384615384 0.5080101658653846 0.4935159759615385 0.5105366081730769 0.4935159759615385 0.5105366081730769 0.4873810384615384
0 0.7547042211538462 0.510027173076923 0.7520659134615385 0.510027173076923 0.7520659134615385 0.5189479110576923 0.7547042211538462 0.5189479110576923 0.7547042211538462 0.510027173076923
0 0.6028795889423078 0.49608487740384616 0.6008345288461538 0.49608487740384616 0.6008345288461538 0.5070316442307692 0.6028795889423078 0.5070316442307692 0.6028795889423078 0.49608487740384616
0 0.6012866346153847 0.521765983173077 0.5974224735576923 0.521765983173077 0.5974224735576923 0.5414777403846154 0.6012866346153847 0.5414777403846154 0.6012866346153847 0.521765983173077
0 0.687595875 0.764235829326923 0.68387190625 0.764235829326923 0.68387190625 0.7674165504807693 0.687595875 0.7674165504807693 0.687595875 0.764235829326923
0 0.6843650817307693 0.5249522451923077 0.6821966802884615 0.5249522451923077 0.6821966802884615 0.5357130817307693 0.6843650817307693 0.5357130817307693 0.6843650817307693 0.5249522451923077
0 0.7260239927884615 0.5075607307692308 0.7232678725961539 0.5075607307692308 0.7232678725961539 0.5207963173076923 0.7260239927884615 0.5207963173076923 0.7260239927884615 0.5075607307692308
0 0.507800610576923 0.4873538557692308 0.5043937043269231 0.4873538557692308 0.5043937043269231 0.49311817307692307 0.507800610576923 0.49311817307692307 0.507800610576923 0.4873538557692308
0 0.6041848509615385 0.4959589639423077 0.6019789375 0.4959589639423077 0.6019789375 0.5075976899038461 0.6041848509615385 0.5075976899038461 0.6041848509615385 0.4959589639423077
0 0.5501022331730769 0.5231984447115384 0.5471858341346154 0.5231984447115384 0.5471858341346154 0.5366982908653847 0.5501022331730769 0.5366982908653847 0.5501022331730769 0.5231984447115384
0 0.5863000240384616 0.5267292740384616 0.583513641826923 0.5267292740384616 0.583513641826923 0.5393606105769231 0.5863000240384616 0.5393606105769231 0.5863000240384616 0.5267292740384616
0 0.5036999711538461 0.5252817788461539 0.4998279879807692 0.5252817788461539 0.4998279879807692 0.5447735817307693 0.5036999711538461 0.5447735817307693 0.5036999711538461 0.5252817788461539
0 0.6632763557692307 0.5150051538461539 0.6610693605769231 0.5150051538461539 0.6610693605769231 0.5249949134615385 0.6632763557692307 0.5249949134615385 0.6632763557692307 0.5150051538461539
0 0.7290335985576923 0.5071963269230769 0.7265916826923077 0.5071963269230769 0.7265916826923077 0.5195322115384615 0.7290335985576923 0.5195322115384615 0.7290335985576923 0.5071963269230769
0 0.7735640216346155 0.5066759471153847 0.7716601057692307 0.5066759471153847 0.7716601057692307 0.5148458413461539 0.7735640216346155 0.5148458413461539 0.7735640216346155 0.5066759471153847
0 0.57805125 0.5249041514423077 0.5752407716346154 0.5249041514423077 0.5752407716346154 0.5362051490384615 0.57805125 0.5362051490384615 0.57805125 0.5249041514423077
0 0.6127555841346154 0.4973154134615384 0.609648641826923 0.4973154134615384 0.609648641826923 0.5123475817307692 0.6127555841346154 0.5123475817307692 0.6127555841346154 0.4973154134615384
0 0.6254163100961538 0.4997095745192308 0.6228878028846154 0.4997095745192308 0.6228878028846154 0.5154168581730769 0.6254163100961538 0.5154168581730769 0.6254163100961538 0.4997095745192308
0 0.7893408461538461 0.5064076177884616 0.7866559975961539 0.5064076177884616 0.7866559975961539 0.5160498149038462 0.7893408461538461 0.5160498149038462 0.7893408461538461 0.5064076177884616
0 0.5968719495192307 0.5052378894230769 0.5946079254807692 0.5052378894230769 0.5946079254807692 0.51439440625 0.5968719495192307 0.51439440625 0.5968719495192307 0.5052378894230769
0 0.712152735576923 0.5155424903846154 0.7088537211538462 0.5155424903846154 0.7088537211538462 0.5341387716346154 0.712152735576923 0.5341387716346154 0.712152735576923 0.5155424903846154
0 0.6153886802884615 0.5237370817307693 0.612622641826923 0.5237370817307693 0.612622641826923 0.5361971826923078 0.6153886802884615 0.5361971826923078 0.6153886802884615 0.5237370817307693
0 0.5862546298076923 0.4969718653846154 0.5838686634615384 0.4969718653846154 0.5838686634615384 0.5090854230769231 0.5862546298076923 0.5090854230769231 0.5862546298076923 0.4969718653846154
0 0.7022832860576924 0.5125380913461538 0.6997260408653846 0.5125380913461538 0.6997260408653846 0.5267704711538461 0.7022832860576924 0.5267704711538461 0.7022832860576924 0.5125380913461538
0 0.6193236033653846 0.5017294423076923 0.6167395913461539 0.5017294423076923 0.6167395913461539 0.5145597091346154 0.6193236033653846 0.5145597091346154 0.6193236033653846 0.5017294423076923
0 0.5865002956730769 0.5195914375 0.5838410048076923 0.5195914375 0.5838410048076923 0.5333581418269231 0.5865002956730769 0.5333581418269231 0.5865002956730769 0.5195914375
0 0.6694756826923077 0.5194950817307692 0.6670158389423076 0.5194950817307692 0.6670158389423076 0.5349853509615385 0.6694756826923077 0.5349853509615385 0.6694756826923077 0.5194950817307692
0 0.02230005528846154 0.9787310552884616 0.018735002403846155 0.9787310552884616 0.018735002403846155 0.9825988774038461 0.02230005528846154 0.9825988774038461 0.02230005528846154 0.9787310552884616
0 0.5945866274038462 0.9636849855769231 0.5912618629807692 0.9636849855769231 0.5912618629807692 0.96767046875 0.5945866274038462 0.96767046875 0.5945866274038462 0.9636849855769231
0 0.5147823341346154 0.958880389423077 0.5115353581730769 0.958880389423077 0.5115353581730769 0.9637699831730769 0.5147823341346154 0.9637699831730769 0.5147823341346154 0.958880389423077
0 0.5157047596153845 0.9597309254807692 0.5127786947115385 0.9597309254807692 0.5127786947115385 0.9639450649038461 0.5157047596153845 0.9639450649038461 0.5157047596153845 0.9597309254807692
0 0.5922278725961538 0.9616339783653847 0.5897848774038461 0.9616339783653847 0.5897848774038461 0.9648556177884615 0.5922278725961538 0.9648556177884615 0.5922278725961538 0.9616339783653847
0 0.5916621514423077 0.9609368221153846 0.5894091298076923 0.9609368221153846 0.5894091298076923 0.963872951923077 0.5916621514423077 0.963872951923077 0.5916621514423077 0.9609368221153846
0 0.9427720384615385 0.9150440360576924 0.9405064254807692 0.9150440360576924 0.9405064254807692 0.9224308149038462 0.9427720384615385 0.9224308149038462 0.9427720384615385 0.9150440360576924
0 0.5127288822115385 0.9603662572115385 0.5109895697115385 0.9603662572115385 0.5109895697115385 0.96390878125 0.5127288822115385 0.96390878125 0.5127288822115385 0.9603662572115385
1 0.9585034014423077 0.8839758125 0.8857142860576922 0.8839758125 0.8857142860576922 0.9335600913461538 0.9585034014423077 0.9335600913461538 0.9585034014423077 0.8839758125
0 0.7517498942307692 0.506632358173077 0.7474849735576924 0.506632358173077 0.7474849735576924 0.5224857932692308 0.7517498942307692 0.5224857932692308 0.7517498942307692 0.506632358173077
0 0.6965316129807693 0.5056679879807692 0.6940359423076923 0.5056679879807692 0.6940359423076923 0.5178235096153846 0.6965316129807693 0.5178235096153846 0.6965316129807693 0.5056679879807692
0 0.6945898269230769 0.5100006057692308 0.6927066177884615 0.5100006057692308 0.6927066177884615 0.5168934038461539 0.6945898269230769 0.5168934038461539 0.6945898269230769 0.5100006057692308
0 0.6817950697115385 0.5265433197115384 0.6789702548076922 0.5265433197115384 0.6789702548076922 0.5347162091346154 0.6817950697115385 0.5347162091346154 0.6817950697115385 0.5265433197115384
0 0.6854669879807692 0.5024246274038462 0.6837831754807693 0.5024246274038462 0.6837831754807693 0.5133743293269231 0.6854669879807692 0.5133743293269231 0.6854669879807692 0.5024246274038462
0 0.6858214735576923 0.5133743293269231 0.6837831754807693 0.5133743293269231 0.6837831754807693 0.5238513822115385 0.6858214735576923 0.5238513822115385 0.6858214735576923 0.5133743293269231
0 0.6898537620192309 0.5183371442307693 0.6873280432692308 0.5183371442307693 0.6873280432692308 0.5244815817307692 0.6898537620192309 0.5244815817307692 0.6898537620192309 0.5183371442307693
1 0.683384377403846 0.5137682019230769 0.6806371057692308 0.5137682019230769 0.6806371057692308 0.5230636346153846 0.683384377403846 0.5230636346153846 0.683384377403846 0.5137682019230769
0 0.6736765552884615 0.5026643461538461 0.6715870408653846 0.5026643461538461 0.6715870408653846 0.5146000600961538 0.6736765552884615 0.5146000600961538 0.6736765552884615 0.5026643461538461
0 0.6454436394230769 0.5263991730769231 0.6432011923076922 0.5263991730769231 0.6432011923076922 0.5369314014423077 0.6454436394230769 0.5369314014423077 0.6454436394230769 0.5263991730769231
0 0.6404586706730769 0.5059138100961539 0.6379661850961539 0.5059138100961539 0.6379661850961539 0.5192070649038462 0.6404586706730769 0.5192070649038462 0.6404586706730769 0.5059138100961539
1 0.6372461346153847 0.49724857692307695 0.6307102836538461 0.49724857692307695 0.6307102836538461 0.5140866995192307 0.6372461346153847 0.5140866995192307 0.6372461346153847 0.49724857692307695
0 0.62898509375 0.5008642740384615 0.6263264423076923 0.5008642740384615 0.6263264423076923 0.5138463677884615 0.62898509375 0.5138463677884615 0.62898509375 0.5008642740384615
0 0.6159898293269231 0.501258641826923 0.6135527331730769 0.501258641826923 0.6135527331730769 0.5126809927884616 0.6159898293269231 0.5126809927884616 0.6159898293269231 0.501258641826923
0 0.6065073076923077 0.49889539423076923 0.6045133197115384 0.49889539423076923 0.6045133197115384 0.5062214567307692 0.6065073076923077 0.5062214567307692 0.6065073076923077 0.49889539423076923
0 0.6003481009615385 0.5065365552884615 0.5972463413461538 0.5065365552884615 0.5972463413461538 0.5123658918269232 0.6003481009615385 0.5123658918269232 0.6003481009615385 0.5065365552884615
0 0.5977780721153846 0.49472032932692306 0.5959170168269231 0.49472032932692306 0.5959170168269231 0.4996043701923077 0.5977780721153846 0.4996043701923077 0.5977780721153846 0.49472032932692306
0 0.5901566057692308 0.49708357451923074 0.5877195096153847 0.49708357451923074 0.5877195096153847 0.5035431105769231 0.5901566057692308 0.5035431105769231 0.5901566057692308 0.49708357451923074
0 0.5953409759615385 0.5254425168269231 0.5927266370192308 0.5254425168269231 0.5927266370192308 0.5380464903846154 0.5953409759615385 0.5380464903846154 0.5953409759615385 0.5254425168269231
0 0.5916840024038461 0.5329182740384616 0.5890253509615385 0.5329182740384616 0.5890253509615385 0.5460145889423077 0.5916840024038461 0.5460145889423077 0.5916840024038461 0.5329182740384616
0 0.5804955120192308 0.49540175721153845 0.5782245817307692 0.49540175721153845 0.5782245817307692 0.49953743509615384 0.5804955120192308 0.49953743509615384 0.5804955120192308 0.49540175721153845
0 0.5826002788461538 0.4963864423076923 0.5811601754807693 0.4963864423076923 0.5811601754807693 0.5029838341346153 0.5826002788461538 0.5029838341346153 0.5826002788461538 0.4963864423076923
0 0.5752407716346154 0.5199204254807692 0.5737381081730769 0.5199204254807692 0.5737381081730769 0.52829025 0.5752407716346154 0.52829025 0.5752407716346154 0.5199204254807692
0 0.5616634038461539 0.49520481971153846 0.5594478605769231 0.49520481971153846 0.5594478605769231 0.5014083389423077 0.5616634038461539 0.5014083389423077 0.5616634038461539 0.49520481971153846
0 0.5417789110576924 0.49874968750000004 0.5396187572115385 0.49874968750000004 0.5396187572115385 0.5079072620192308 0.5417789110576924 0.5079072620192308 0.5417789110576924 0.49874968750000004
0 0.5420558533653846 0.5184433966346154 0.5396187572115385 0.5184433966346154 0.5396187572115385 0.5288810625 0.5420558533653846 0.5288810625 0.5420558533653846 0.5184433966346154
0 0.5232746754807692 0.52630709375 0.5210537235576923 0.52630709375 0.5210537235576923 0.5396988173076923 0.5232746754807692 0.5396988173076923 0.5232746754807692 0.52630709375
0 0.5289410552884616 0.5268139302884616 0.5257777211538461 0.5268139302884616 0.5257777211538461 0.5415894134615384 0.5289410552884616 0.5415894134615384 0.5289410552884616 0.5268139302884616
0 0.5319729254807692 0.49466616105769234 0.5306989903846154 0.49466616105769234 0.5306989903846154 0.5016574278846154 0.5319729254807692 0.5016574278846154 0.5319729254807692 0.49466616105769234
0 0.525437076923077 0.4952569735576923 0.5241631394230769 0.4952569735576923 0.5241631394230769 0.5010666177884615 0.525437076923077 0.5010666177884615 0.525437076923077 0.4952569735576923
1 0.5412228149038462 0.48944732932692303 0.5350746850961539 0.48944732932692303 0.5350746850961539 0.4963401274038462 0.5412228149038462 0.4963401274038462 0.5412228149038462 0.48944732932692303
1 0.5225568701923077 0.48905345432692304 0.5191781706730769 0.48905345432692304 0.5191781706730769 0.5014604927884615 0.5225568701923077 0.5014604927884615 0.5225568701923077 0.48905345432692304
0 0.5181811754807693 0.48806876923076925 0.5169626274038461 0.48806876923076925 0.5169626274038461 0.49358300721153847 0.5181811754807693 0.49358300721153847 0.5181811754807693 0.48806876923076925
0 0.49436409615384613 0.48609939903846155 0.49259166105769225 0.48609939903846155 0.49259166105769225 0.4923029158653846 0.49436409615384613 0.4923029158653846 0.49436409615384613 0.48609939903846155
0 0.4903761201923077 0.4856070552884616 0.4890467932692308 0.4856070552884616 0.4890467932692308 0.49062895192307693 0.4903761201923077 0.49062895192307693 0.4903761201923077 0.4856070552884616
0 0.48732974759615383 0.48806876923076925 0.4857788677884616 0.48806876923076925 0.4857788677884616 0.49309066586538464 0.48732974759615383 0.49309066586538464 0.48732974759615383 0.48806876923076925
0 0.48478187500000003 0.48944732932692303 0.48317560576923074 0.48944732932692303 0.48317560576923074 0.49249985336538465 0.48478187500000003 0.49249985336538465 0.48478187500000003 0.48944732932692303
0 0.5004124639423077 0.521055733173077 0.5026169903846154 0.521055733173077 0.5026169903846154 0.5112088774038461 0.5004124639423077 0.5112088774038461 0.5004124639423077 0.521055733173077
0 0.5036999711538461 0.5436050288461538 0.5073250192307692 0.5436050288461538 0.5073250192307692 0.5298194326923077 0.5036999711538461 0.5298194326923077 0.5036999711538461 0.5436050288461538
1 0.49907212259615386 0.5020513028846154 0.49907212259615386 0.49594625240384616 0.4897114567307692 0.49594625240384616 0.4897114567307692 0.5020513028846154 0.4972443004807693 0.5020513028846154 0.49907212259615386 0.5020513028846154
1 0.49691196875000004 0.5099287860576923 0.50278315625 0.5099287860576923 0.50278315625 0.5031344567307692 0.49691196875000004 0.5031344567307692 0.49691196875000004 0.5099287860576923
0 0.4864040048076923 0.527701576923077 0.48402894471153846 0.527701576923077 0.48402894471153846 0.5438346634615384 0.4864040048076923 0.5438346634615384 0.4864040048076923 0.527701576923077
0 0.46579489423076925 0.5071403052884615 0.4630254663461538 0.5071403052884615 0.4630254663461538 0.5154485889423077 0.46579489423076925 0.5154485889423077 0.46579489423076925 0.5071403052884615
0 0.4645832692307692 0.49590873557692305 0.4627658317307692 0.49590873557692305 0.4627658317307692 0.50252459375 0.4645832692307692 0.50252459375 0.4645832692307692 0.49590873557692305
0 0.45324592307692313 0.5034477355769231 0.45108230769230767 0.5034477355769231 0.45108230769230767 0.5122175889423077 0.45324592307692313 0.5122175889423077 0.45324592307692313 0.5034477355769231
1 0.45740006490384616 0.5069864471153847 0.4517746634615385 0.5069864471153847 0.4517746634615385 0.5223721586538461 0.45740006490384616 0.5223721586538461 0.45740006490384616 0.5069864471153847
0 0.44658198798076926 0.5026784495192308 0.44415873798076927 0.5026784495192308 0.44415873798076927 0.5106790192307693 0.44658198798076926 0.5106790192307693 0.44658198798076926 0.5026784495192308
0 0.4432932908653846 0.50144759375 0.4417354879807692 0.50144759375 0.4417354879807692 0.5096020192307692 0.4432932908653846 0.5096020192307692 0.4432932908653846 0.50144759375
0 0.4595362980769231 0.4976692235576923 0.45807403846153844 0.4976692235576923 0.45807403846153844 0.5023957139423076 0.4595362980769231 0.5023957139423076 0.4595362980769231 0.4976692235576923
1 0.4559914302884615 0.4867982956730769 0.4436730144230769 0.4867982956730769 0.4436730144230769 0.4923913100961539 0.4559914302884615 0.4923913100961539 0.4559914302884615 0.4867982956730769
1 0.4339292620192308 0.5113278846153846 0.4303400841346154 0.5113278846153846 0.4303400841346154 0.5173935480769231 0.4339292620192308 0.5173935480769231 0.4339292620192308 0.5113278846153846
0 0.4327328701923077 0.49809371153846155 0.43104905769230767 0.49809371153846155 0.43104905769230767 0.5044744735576923 0.4327328701923077 0.5044744735576923 0.4327328701923077 0.49809371153846155
0 0.4251114038461538 0.49801493750000003 0.4235162139423077 0.49801493750000003 0.4235162139423077 0.5037655 0.4251114038461538 0.5037655 0.4251114038461538 0.49801493750000003
0 0.4197941033653846 0.5022687788461538 0.41780011538461537 0.5022687788461538 0.41780011538461537 0.5109340120192308 0.4197941033653846 0.5109340120192308 0.4197941033653846 0.5022687788461538
0 0.4174013173076923 0.5044744735576923 0.4154516394230769 0.5044744735576923 0.4154516394230769 0.5122731826923077 0.4174013173076923 0.5122731826923077 0.4174013173076923 0.5044744735576923
0 0.4245104375 0.5240575600961539 0.4224333677884615 0.5240575600961539 0.4224333677884615 0.5357507019230769 0.4245104375 0.5357507019230769 0.4245104375 0.5240575600961539
0 0.4047782644230769 0.4989480817307692 0.40318584375 0.4989480817307692 0.40318584375 0.5048561947115384 0.4047782644230769 0.5048561947115384 0.4047782644230769 0.4989480817307692
0 0.3986855240384616 0.4988249951923077 0.3968161586538462 0.4988249951923077 0.3968161586538462 0.5048561947115384 0.3986855240384616 0.5048561947115384 0.3986855240384616 0.4988249951923077
0 0.3964699807692308 0.5341505865384616 0.39273125240384615 0.5341505865384616 0.39273125240384615 0.5529826971153846 0.3964699807692308 0.5529826971153846 0.3964699807692308 0.5341505865384616
0 0.3949467956730769 0.5305811009615384 0.39716233894230774 0.5305811009615384 0.39716233894230774 0.5209804182692308 0.3949467956730769 0.5209804182692308 0.3949467956730769 0.5305811009615384
0 0.3706791778846154 0.5057912548076924 0.3692944639423077 0.5057912548076924 0.3692944639423077 0.5131763942307692 0.3706791778846154 0.5131763942307692 0.3706791778846154 0.5057912548076924
1 0.4819113629807692 0.48707303124999995 0.47723795192307694 0.48707303124999995 0.47723795192307694 0.4932273173076923 0.4819113629807692 0.4932273173076923 0.4819113629807692 0.48707303124999995
1 0.4666795072115385 0.48876545913461544 0.46503516105769227 0.48876545913461544 0.46503516105769227 0.4929196009615385 0.4666795072115385 0.4929196009615385 0.4666795072115385 0.48876545913461544
1 0.4696220264423077 0.48691917548076924 0.4681507668269231 0.48691917548076924 0.4681507668269231 0.49153488701923076 0.4696220264423077 0.49153488701923076 0.4696220264423077 0.48691917548076924
1 0.4607944735576923 0.4872268894230769 0.4594963052884615 0.4872268894230769 0.4594963052884615 0.4930734591346154 0.4607944735576923 0.4930734591346154 0.4607944735576923 0.4872268894230769
1 0.3366892860576923 0.5064093173076923 0.30761029326923073 0.5064093173076923 0.30761029326923073 0.5193333149038462 0.3366892860576923 0.5193333149038462 0.3366892860576923 0.5064093173076923
1 0.3636912091346154 0.4987780048076923 0.3297657163461538 0.4987780048076923 0.3297657163461538 0.5104711442307692 0.3636912091346154 0.5104711442307692 0.3636912091346154 0.4987780048076923
1 0.30806646394230774 0.5135206706730769 0.27289704567307693 0.5135206706730769 0.27289704567307693 0.5295218100961538 0.30806646394230774 0.5295218100961538 0.30806646394230774 0.5135206706730769
1 0.29461974759615384 0.5224443822115384 0.24667402644230768 0.5224443822115384 0.24667402644230768 0.5427535216346153 0.29461974759615384 0.5427535216346153 0.29461974759615384 0.5224443822115384
0 0.2844940264423077 0.5042892451923077 0.28284967788461535 0.5042892451923077 0.28284967788461535 0.5116743846153846 0.2844940264423077 0.5116743846153846 0.2844940264423077 0.5042892451923077
1 0.2815515096153846 0.5025968149038461 0.27116615384615383 0.5025968149038461 0.27116615384615383 0.5135206706730769 0.2815515096153846 0.5135206706730769 0.2815515096153846 0.5025968149038461
0 0.29288885576923074 0.5022891009615384 0.2911579615384615 0.5022891009615384 0.2911579615384615 0.5107512427884615 0.29288885576923074 0.5107512427884615 0.29288885576923074 0.5022891009615384
0 0.3066494495192308 0.49705795913461537 0.3045723798076923 0.49705795913461537 0.3045723798076923 0.5053662427884615 0.3066494495192308 0.5053662427884615 0.3066494495192308 0.49705795913461537
0 0.3092457884615385 0.49813495913461536 0.30725526201923076 0.49813495913461536 0.30725526201923076 0.5052123870192308 0.3092457884615385 0.5052123870192308 0.3092457884615385 0.49813495913461536
0 0.3337379158653846 0.49213453125 0.33200702403846155 0.49213453125 0.33200702403846155 0.4987780048076923 0.3337379158653846 0.4987780048076923 0.3337379158653846 0.49213453125
0 0.3363342548076923 0.49244224759615385 0.33468990625 0.49244224759615385 0.33468990625 0.4987780048076923 0.3363342548076923 0.4987780048076923 0.3363342548076923 0.49244224759615385
0 0.3388440480769231 0.49151910576923075 0.33737279086538463 0.49151910576923075 0.33737279086538463 0.4972118173076923 0.3388440480769231 0.4972118173076923 0.3388440480769231 0.49151910576923075
1 0.3440367259615385 0.49074981971153847 0.340055673076923 0.49074981971153847 0.340055673076923 0.4972118173076923 0.3440367259615385 0.4972118173076923 0.3440367259615385 0.49074981971153847
0 0.34820554086538463 0.49125608173076923 0.3467654375 0.49125608173076923 0.3467654375 0.49657338221153846 0.34820554086538463 0.49657338221153846 0.34820554086538463 0.49125608173076923
0 0.3495348653846154 0.48968058413461535 0.3483717067307692 0.48968058413461535 0.3483717067307692 0.4950963533653846 0.3495348653846154 0.4950963533653846 0.3495348653846154 0.48968058413461535
1 0.3582308677884616 0.48830202403846157 0.3499779735576923 0.48830202403846157 0.3499779735576923 0.49480094711538464 0.3582308677884616 0.49480094711538464 0.3582308677884616 0.48830202403846157
0 0.36792386778846153 0.48544643509615387 0.366428375 0.48544643509615387 0.366428375 0.49125608173076923 0.36792386778846153 0.49125608173076923 0.36792386778846153 0.48544643509615387
0 0.20679323798076923 0.5187739639423077 0.2046296201923077 0.5187739639423077 0.2046296201923077 0.529351639423077 0.20679323798076923 0.529351639423077 0.20679323798076923 0.5187739639423077
0 0.19272973557692305 0.5230050336538462 0.19089066346153846 0.5230050336538462 0.19089066346153846 0.5314671754807693 0.19272973557692305 0.5314671754807693 0.19272973557692305 0.5230050336538462
0 0.19089066346153846 0.5201202139423077 0.18699615384615387 0.5201202139423077 0.18699615384615387 0.5314671754807693 0.19089066346153846 0.5314671754807693 0.19089066346153846 0.5201202139423077
0 0.1734735576923077 0.5251205697115384 0.1704444951923077 0.5251205697115384 0.1704444951923077 0.5328134254807693 0.1734735576923077 0.5328134254807693 0.1734735576923077 0.5251205697115384
0 0.17076903846153846 0.5301209254807693 0.1671990721153846 0.5301209254807693 0.1671990721153846 0.5374291370192308 0.17076903846153846 0.5374291370192308 0.17076903846153846 0.5301209254807693
0 0.15259466826923077 0.5547380625 0.14826743509615387 0.5547380625 0.14826743509615387 0.5637771682692307 0.15259466826923077 0.5637771682692307 0.15259466826923077 0.5547380625
0 0.1432911201923077 0.5443527091346154 0.1396129735576923 0.5443527091346154 0.1396129735576923 0.5620462740384615 0.1432911201923077 0.5620462740384615 0.1432911201923077 0.5443527091346154
0 0.15302738942307692 0.5243512836538462 0.15075559375 0.5243512836538462 0.15075559375 0.5380061009615384 0.15302738942307692 0.5380061009615384 0.15302738942307692 0.5243512836538462
0 0.15075559375 0.5266591418269231 0.14826743509615387 0.5266591418269231 0.14826743509615387 0.5380061009615384 0.15075559375 0.5380061009615384 0.15075559375 0.5266591418269231
0 0.14826743509615387 0.5258898557692308 0.14469747115384615 0.5258898557692308 0.14469747115384615 0.5380061009615384 0.14826743509615387 0.5380061009615384 0.14826743509615387 0.5258898557692308
0 0.14469747115384615 0.5262744975961539 0.14026205769230768 0.5262744975961539 0.14026205769230768 0.5362752091346153 0.14469747115384615 0.5362752091346153 0.14469747115384615 0.5262744975961539
0 0.1387475264423077 0.5268514615384615 0.13496119951923077 0.5268514615384615 0.13496119951923077 0.5387753870192308 0.1387475264423077 0.5387753870192308 0.1387475264423077 0.5268514615384615
0 0.13496119951923077 0.5272361057692307 0.1321485 0.5272361057692307 0.1321485 0.53512128125 0.13496119951923077 0.53512128125 0.13496119951923077 0.5272361057692307
0 0.1319321394230769 0.5278130697115384 0.12998488461538463 0.5278130697115384 0.12998488461538463 0.5385830673076923 0.1319321394230769 0.5385830673076923 0.1319321394230769 0.5278130697115384
1 0.12717218509615386 0.5268514615384615 0.119058625 0.5268514615384615 0.119058625 0.5393523509615384 0.12717218509615386 0.5393523509615384 0.12717218509615386 0.5268514615384615
1 0.13863934615384615 0.5487761009615384 0.13863934615384615 0.5397369951923077 0.11689500961538461 0.5397369951923077 0.11689500961538461 0.5487761009615384 0.13279758413461537 0.5487761009615384 0.13863934615384615 0.5487761009615384
0 0.13279758413461537 0.5685852019230769 0.13744935817307694 0.5685852019230769 0.13744935817307694 0.5487761009615384 0.13279758413461537 0.5487761009615384 0.13279758413461537 0.5685852019230769
0 0.12403494230769231 0.5682005600961538 0.12944398076923075 0.5682005600961538 0.12944398076923075 0.5487761009615384 0.12403494230769231 0.5487761009615384 0.12403494230769231 0.5682005600961538
0 0.09212161298076924 0.5520455625 0.08833528605769231 0.5520455625 0.08833528605769231 0.5749318076923077 0.09212161298076924 0.5749318076923077 0.09212161298076924 0.5520455625
0 0.11711137259615384 0.5506993149038462 0.11386594951923076 0.5506993149038462 0.11386594951923076 0.5732009158653846 0.11711137259615384 0.5732009158653846 0.11711137259615384 0.5506993149038462
0 0.10618511298076923 0.5518532427884616 0.10185788221153845 0.5518532427884616 0.10185788221153845 0.5741625216346153 0.10618511298076923 0.5741625216346153 0.10618511298076923 0.5518532427884616
1 0.12403494230769231 0.5460836009615385 0.09428522836538462 0.5460836009615385 0.09428522836538462 0.565892701923077 0.12403494230769231 0.565892701923077 0.12403494230769231 0.5460836009615385
0 0.06334514423076923 0.5619296947115384 0.05926023798076923 0.5619296947115384 0.05926023798076923 0.5870391754807692 0.06334514423076923 0.5870391754807692 0.06334514423076923 0.5619296947115384
0 0.07788464182692308 0.5579909519230769 0.07324585096153846 0.5579909519230769 0.07324585096153846 0.5815003197115385 0.07788464182692308 0.5815003197115385 0.07788464182692308 0.5579909519230769
0 0.07283043509615385 0.5605757524038462 0.06784546634615385 0.5605757524038462 0.06784546634615385 0.5826080889423078 0.07283043509615385 0.5826080889423078 0.07283043509615385 0.5605757524038462
1 0.08820076201923076 0.5462978125 0.07739999278846153 0.5462978125 0.07739999278846153 0.5787924350961539 0.08820076201923076 0.5787924350961539 0.08820076201923076 0.5462978125
0 0.014603213942307692 0.5688224927884615 0.010449072115384615 0.5688224927884615 0.010449072115384615 0.5972552860576923 0.014603213942307692 0.5972552860576923 0.014603213942307692 0.5688224927884615
0 0.0165418125 0.5721458076923077 0.013703149038461539 0.5721458076923077 0.013703149038461539 0.6015632860576923 0.0165418125 0.6015632860576923 0.0165418125 0.5721458076923077
0 0.022219141826923076 0.5717765504807693 0.01730340625 0.5717765504807693 0.01730340625 0.5951628317307692 0.022219141826923076 0.5951628317307692 0.022219141826923076 0.5717765504807693
0 0.02858882451923077 0.5704226081730769 0.023811562499999998 0.5704226081730769 0.023811562499999998 0.5898701442307692 0.02858882451923077 0.5898701442307692 0.02858882451923077 0.5704226081730769
0 0.03433538701923077 0.5679608942307692 0.03052742548076923 0.5679608942307692 0.03052742548076923 0.5909779158653846 0.03433538701923077 0.5909779158653846 0.03433538701923077 0.5679608942307692
0 0.04340526442307692 0.5635298100961539 0.04340526442307692 0.5630374663461539 0.03800487980769231 0.5630374663461539 0.03800487980769231 0.5864237451923077 0.04340526442307692 0.5864237451923077 0.04340526442307692 0.5635298100961539
0 0 0.6070216081730769 0.005295338942307692 0.6070216081730769 0.005295338942307692 0.5656616923076924 0 0.5656616923076924 0 0.6070216081730769
1 0.05873664423076923 0.5616337620192308 0.04445678125 0.5616337620192308 0.04445678125 0.5891357187499999 0.05873664423076923 0.5891357187499999 0.05873664423076923 0.5616337620192308
0 0.025200603365384617 0.5366319807692308 0.02152245673076923 0.5366319807692308 0.02152245673076923 0.548171264423077 0.025200603365384617 0.548171264423077 0.025200603365384617 0.5366319807692308
1 0.3883259302884615 0.4921739254807692 0.3715362716346154 0.4921739254807692 0.3715362716346154 0.5003283509615385 0.3883259302884615 0.5003283509615385 0.3883259302884615 0.4921739254807692