1 0.9573243269230769 0.8867133774038461 0.8882955264423077 0.8867133774038461 0.8882955264423077 0.9359040817307692 0.9573243269230769 0.9359040817307692 0.9573243269230769 0.8867133774038461
1 0.2911307956730769 0.4901951658653846 0.28796431490384616 0.4901951658653846 0.28796431490384616 0.49922984375 0.2911307956730769 0.49922984375 0.2911307956730769 0.4901951658653846
1 0.27924671875 0.49843169711538465 0.27924671875 0.49554647596153845 0.2770966394230769 0.49554647596153845 0.2770966394230769 0.49916034615384614 0.27924671875 0.49916034615384614 0.27924671875 0.49843169711538465
1 0.27428199038461537 0.49255808173076926 0.27178007932692305 0.49255808173076926 0.27178007932692305 0.4990213509615385 0.27428199038461537 0.4990213509615385 0.27428199038461537 0.49255808173076926
1 0.2683790456730769 0.49255808173076926 0.26630714903846153 0.49255808173076926 0.26630714903846153 0.5002028100961539 0.2683790456730769 0.5002028100961539 0.2683790456730769 0.49255808173076926
1 0.26243700721153845 0.49339205288461535 0.2603651105769231 0.49339205288461535 0.2603651105769231 0.5017317548076923 0.26243700721153845 0.5017317548076923 0.26243700721153845 0.49339205288461535
1 0.2590359711538462 0.49651943990384617 0.2561822283653846 0.49651943990384617 0.2561822283653846 0.5081950240384615 0.2590359711538462 0.5081950240384615 0.2590359711538462 0.49651943990384617
1 0.2546576274038462 0.49749240625 0.2519602548076923 0.49749240625 0.2519602548076923 0.5047896466346153 0.2546576274038462 0.5047896466346153 0.2546576274038462 0.49749240625
1 0.2499665456730769 0.49742290865384614 0.2476991875 0.49742290865384614 0.2476991875 0.5067355769230769 0.2499665456730769 0.5067355769230769 0.2499665456730769 0.49742290865384614
1 0.24105348798076923 0.4968669278846154 0.238043375 0.4968669278846154 0.238043375 0.5067355769230769 0.24105348798076923 0.5067355769230769 0.24105348798076923 0.4968669278846154
1 0.23378230769230768 0.5064575865384615 0.23159313701923076 0.5064575865384615 0.23159313701923076 0.5147972908653846 0.23378230769230768 0.5147972908653846 0.23378230769230768 0.5064575865384615
1 0.23839520673076922 0.5024962283653847 0.23839520673076922 0.4945735096153846 0.23554146394230768 0.4945735096153846 0.23554146394230768 0.5024962283653847 0.23710569711538462 0.5024962283653847 0.23839520673076922 0.5024962283653847
1 0.2353069110576923 0.4954074807692308 0.2334304783653846 0.4954074807692308 0.2334304783653846 0.5034691947115385 0.2353069110576923 0.5034691947115385 0.2353069110576923 0.4954074807692308
1 0.2334304783653846 0.5021487403846154 0.2334304783653846 0.4946430072115385 0.23010762740384616 0.4946430072115385 0.23010762740384616 0.5021487403846154 0.23234420673076925 0.5021487403846154 0.2334304783653846 0.5021487403846154
1 0.23010762740384616 0.49422602403846155 0.22791845432692306 0.49422602403846155 0.22791845432692306 0.5028437163461539 0.23010762740384616 0.5028437163461539 0.23010762740384616 0.49422602403846155
1 0.22561200721153846 0.49554647596153845 0.22275826442307695 0.49554647596153845 0.22275826442307695 0.5041641682692307 0.22561200721153846 0.5041641682692307 0.22561200721153846 0.49554647596153845
1 0.22772299278846153 0.49332255528846153 0.22549472836538462 0.49332255528846153 0.22549472836538462 0.5050676370192307 0.22772299278846153 0.5050676370192307 0.22772299278846153 0.49332255528846153
1 0.21568254807692308 0.5006197932692308 0.21357156009615386 0.5006197932692308 0.21357156009615386 0.5066660793269231 0.21568254807692308 0.5066660793269231 0.21568254807692308 0.5006197932692308
1 0.21169512740384616 0.5051371346153846 0.20938867788461538 0.5051371346153846 0.20938867788461538 0.5136158317307692 0.21169512740384616 0.5136158317307692 0.21169512740384616 0.5051371346153846
1 0.20813772355769228 0.49346155048076923 0.20579218028846155 0.49346155048076923 0.20579218028846155 0.498395875 0.20813772355769228 0.498395875 0.20813772355769228 0.49346155048076923
1 0.20567490384615386 0.4924885841346154 0.2034075480769231 0.4924885841346154 0.2034075480769231 0.49971632692307694 0.20567490384615386 0.49971632692307694 0.20567490384615386 0.4924885841346154
1 0.20305571634615383 0.4926970769230769 0.2007492668269231 0.4926970769230769 0.2007492668269231 0.4990908485576923 0.20305571634615383 0.4990908485576923 0.20305571634615383 0.4926970769230769
1 0.19848191105769233 0.49589396394230767 0.19582362980769233 0.49589396394230767 0.19582362980769233 0.4999943173076923 0.19848191105769233 0.4999943173076923 0.19848191105769233 0.49589396394230767
1 0.20555762740384614 0.5004113028846153 0.2041503028846154 0.5004113028846153 0.2041503028846154 0.5070830649038461 0.20555762740384614 0.5070830649038461 0.20555762740384614 0.5004113028846153
1 0.2080986298076923 0.5046799855769231 0.2080986298076923 0.49957733173076924 0.20598764423076923 0.49957733173076924 0.20598764423076923 0.5049981394230769 0.2080986298076923 0.5049981394230769 0.2080986298076923 0.5046799855769231
1 0.19269624278846154 0.4919326057692308 0.1901161466346154 0.4919326057692308 0.1901161466346154 0.49610245673076925 0.19269624278846154 0.49610245673076925 0.19269624278846154 0.4919326057692308
1 0.19038979326923075 0.5134073389423077 0.18710603605769233 0.5134073389423077 0.18710603605769233 0.5236234759615385 0.19038979326923075 0.5236234759615385 0.19038979326923075 0.5134073389423077
1 0.18800515865384615 0.49644994471153847 0.18503413942307695 0.49644994471153847 0.18503413942307695 0.5038166802884615 0.18800515865384615 0.5038166802884615 0.18800515865384615 0.49644994471153847
1 0.18683238942307692 0.5069440697115385 0.18550324759615386 0.5069440697115385 0.18550324759615386 0.5112529158653847 0.18683238942307692 0.5112529158653847 0.18683238942307692 0.5069440697115385
1 0.18909974519230768 0.5061795961538461 0.18710603605769233 0.5061795961538461 0.18710603605769233 0.5106274375000001 0.18909974519230768 0.5106274375000001 0.18909974519230768 0.5061795961538461
1 0.18495595432692308 0.5031217067307693 0.18304043028846154 0.5031217067307693 0.18304043028846154 0.5102104519230769 0.18495595432692308 0.5102104519230769 0.18495595432692308 0.5031217067307693
1 0.18476049278846154 0.4906121514423077 0.1825713221153846 0.4906121514423077 0.1825713221153846 0.4965889399038461 0.18476049278846154 0.4965889399038461 0.18476049278846154 0.4906121514423077
1 0.18175038221153847 0.4930445649038461 0.17999122596153846 0.4930445649038461 0.17999122596153846 0.49943833653846154 0.18175038221153847 0.49943833653846154 0.18175038221153847 0.4930445649038461
1 0.17952211778846155 0.5007587908653846 0.17952211778846155 0.4929750673076923 0.17756750000000002 0.4929750673076923 0.17756750000000002 0.5007587908653846 0.1777787860576923 0.5007587908653846 0.17952211778846155 0.5007587908653846
1 0.1772547620192308 0.49526848557692305 0.1754956057692308 0.49526848557692305 0.1754956057692308 0.5031912019230769 0.1772547620192308 0.5031912019230769 0.1772547620192308 0.49526848557692305
1 0.1748310360576923 0.49200210096153846 0.17283732451923078 0.49200210096153846 0.17283732451923078 0.4966584350961538 0.1748310360576923 0.4966584350961538 0.1748310360576923 0.49200210096153846
1 0.1800303173076923 0.5020097451923077 0.17811479326923077 0.5020097451923077 0.17811479326923077 0.50889 0.1800303173076923 0.50889 0.1800303173076923 0.5020097451923077
1 0.18186765865384616 0.5143803052884615 0.17944393269230768 0.5143803052884615 0.17944393269230768 0.5218860360576923 0.18186765865384616 0.5218860360576923 0.18186765865384616 0.5143803052884615
1 0.17791933173076924 0.5146582932692307 0.17588652884615386 0.5146582932692307 0.17588652884615386 0.5252219182692308 0.17791933173076924 0.5252219182692308 0.17791933173076924 0.5146582932692307
1 0.17944393269230768 0.50889 0.1772938533653846 0.50889 0.1772938533653846 0.5143803052884615 0.17944393269230768 0.5143803052884615 0.17944393269230768 0.50889
1 0.17588652884615386 0.5065965817307693 0.17307187980769229 0.5065965817307693 0.17307187980769229 0.5146582932692307 0.17588652884615386 0.5146582932692307 0.17588652884615386 0.5065965817307693
1 0.1706481514423077 0.4926970769230769 0.16884990384615386 0.4926970769230769 0.16884990384615386 0.49971632692307694 0.1706481514423077 0.49971632692307694 0.1706481514423077 0.4926970769230769
1 0.16877171875 0.49401753125 0.16697347115384617 0.49401753125 0.16697347115384617 0.5011757740384616 0.16877171875 0.5011757740384616 0.16877171875 0.49401753125
1 0.17209456971153847 0.5024962283653847 0.16986630528846153 0.5024962283653847 0.16986630528846153 0.5145192980769231 0.17209456971153847 0.5145192980769231 0.17209456971153847 0.5024962283653847
1 0.16986630528846153 0.5049286418269231 0.16752076442307692 0.5049286418269231 0.16752076442307692 0.5112529158653847 0.16986630528846153 0.5112529158653847 0.16986630528846153 0.5049286418269231
1 0.16787259615384614 0.5146582932692307 0.16466702163461538 0.5146582932692307 0.16466702163461538 0.5260558870192308 0.16787259615384614 0.5260558870192308 0.16787259615384614 0.5146582932692307
1 0.1645106514423077 0.49123762980769226 0.16181328125 0.49123762980769226 0.16181328125 0.49825687980769234 0.1645106514423077 0.49825687980769234 0.1645106514423077 0.49123762980769226
1 0.15365596634615383 0.5141897115384615 0.15052857692307692 0.5141897115384615 0.15052857692307692 0.5269598822115384 0.15365596634615383 0.5269598822115384 0.15365596634615383 0.5141897115384615
1 0.14980146153846155 0.4966415889423077 0.14742464423076923 0.4966415889423077 0.14742464423076923 0.5028685649038461 0.14980146153846155 0.5028685649038461 0.14980146153846155 0.4966415889423077
1 0.14448489903846154 0.5021457908653846 0.14276483653846153 0.5021457908653846 0.14276483653846153 0.5069828197115385 0.14448489903846154 0.5069828197115385 0.14448489903846154 0.5021457908653846
1 0.14670534615384614 0.4996994783653846 0.1452354735576923 0.4996994783653846 0.1452354735576923 0.5053704759615385 0.14670534615384614 0.5053704759615385 0.14670534615384614 0.4996994783653846
1 0.1483315889423077 0.49291651923076923 0.1466740721153846 0.49291651923076923 0.1466740721153846 0.4990323028846154 0.1483315889423077 0.4990323028846154 0.1483315889423077 0.49291651923076923
1 0.14622998317307692 0.5183581730769231 0.14390320673076923 0.5183581730769231 0.14390320673076923 0.5260084615384616 0.14622998317307692 0.5260084615384616 0.14622998317307692 0.5183581730769231
1 0.14340282451923075 0.5192477427884615 0.14072577884615384 0.5192477427884615 0.14072577884615384 0.5260529399038462 0.14340282451923075 0.5260529399038462 0.14340282451923075 0.5192477427884615
1 0.13686814423076923 0.5135051610576923 0.1335452956730769 0.5135051610576923 0.1335452956730769 0.5257541009615385 0.13686814423076923 0.5257541009615385 0.13686814423076923 0.5135051610576923
1 0.12743772596153846 0.5253414591346154 0.12497490625 0.5253414591346154 0.12497490625 0.5349321177884615 0.12743772596153846 0.5349321177884615 0.12743772596153846 0.5253414591346154
1 0.12814138701923078 0.5170712548076923 0.12567856971153846 0.5170712548076923 0.12567856971153846 0.5263144230769231 0.12814138701923078 0.5263144230769231 0.12814138701923078 0.5170712548076923
1 0.13111240625 0.5151948197115385 0.12841503365384616 0.5151948197115385 0.12841503365384616 0.5261754278846154 0.13111240625 0.5261754278846154 0.13111240625 0.5151948197115385
1 0.1370235985576923 0.4984628581730769 0.13520971394230769 0.4984628581730769 0.13520971394230769 0.5054682067307692 0.1370235985576923 0.5054682067307692 0.1370235985576923 0.4984628581730769
1 0.13871238701923078 0.4961833389423077 0.13680468028846154 0.4961833389423077 0.13680468028846154 0.5041894519230768 0.13871238701923078 0.5041894519230768 0.13871238701923078 0.4961833389423077
1 0.14318455288461537 0.49173549759615387 0.14102665625 0.49173549759615387 0.14102665625 0.49607214182692305 0.14318455288461537 0.49607214182692305 0.14318455288461537 0.49173549759615387
1 0.13417767548076923 0.49479338701923076 0.13198850240384616 0.49479338701923076 0.13198850240384616 0.4994636201923077 0.13417767548076923 0.4994636201923077 0.13417767548076923 0.49479338701923076
1 0.13155066826923079 0.49223587980769234 0.12976805769230768 0.49223587980769234 0.12976805769230768 0.4959053485576923 0.13155066826923079 0.4959053485576923 0.13155066826923079 0.49223587980769234
1 0.12864219711538463 0.4964613293269231 0.1262028341346154 0.4964613293269231 0.1262028341346154 0.50235471875 0.12864219711538463 0.50235471875 0.12864219711538463 0.4964613293269231
1 0.12864219711538463 0.49145750721153847 0.1260464639423077 0.49145750721153847 0.1260464639423077 0.4964613293269231 0.12864219711538463 0.4964613293269231 0.12864219711538463 0.49145750721153847
1 0.11966659134615384 0.49023435096153845 0.11694576442307693 0.49023435096153845 0.11694576442307693 0.49451539903846153 0.11966659134615384 0.49451539903846153 0.11966659134615384 0.49023435096153845
1 0.11435003125 0.49156870192307695 0.11209831249999999 0.49156870192307695 0.11209831249999999 0.4973508966346154 0.11435003125 0.4973508966346154 0.11435003125 0.49156870192307695
1 0.11062843990384616 0.4889222379807692 0.10895215865384615 0.4889222379807692 0.10895215865384615 0.49350351442307694 0.11062843990384616 0.49350351442307694 0.11062843990384616 0.4889222379807692
1 0.10562461778846154 0.49021211057692304 0.10369814663461539 0.49021211057692304 0.10369814663461539 0.49546056490384616 0.10562461778846154 0.49546056490384616 0.10562461778846154 0.49021211057692304
1 0.10354803124999999 0.4926584230769231 0.10134635096153846 0.4926584230769231 0.10134635096153846 0.49617221875 0.10354803124999999 0.49617221875 0.10354803124999999 0.4926584230769231
1 0.0981978076923077 0.48826045673076923 0.09659502163461539 0.48826045673076923 0.09659502163461539 0.4923608125 0.0981978076923077 0.4923608125 0.0981978076923077 0.48826045673076923
1 0.09969553365384616 0.5002433509615385 0.09691020432692307 0.5002433509615385 0.09691020432692307 0.5081486947115385 0.09969553365384616 0.5081486947115385 0.09969553365384616 0.5002433509615385
1 0.09436920192307692 0.49442293269230764 0.09148613942307691 0.49442293269230764 0.09148613942307691 0.49937463221153844 0.09436920192307692 0.49937463221153844 0.09436920192307692 0.49442293269230764
1 0.09148613942307691 0.49164303125000003 0.08757690384615385 0.49164303125000003 0.08757690384615385 0.49937463221153844 0.09148613942307691 0.49937463221153844 0.09148613942307691 0.49164303125000003
1 0.0856222860576923 0.49676847596153845 0.0856222860576923 0.4914692884615385 0.08288582211538462 0.4914692884615385 0.08288582211538462 0.49676847596153845 0.0836996658653846 0.49676847596153845 0.0856222860576923 0.49676847596153845
1 0.08166418509615385 0.4906005697115384 0.07990502884615386 0.4906005697115384 0.07990502884615386 0.4961603701923077 0.08166418509615385 0.4961603701923077 0.08166418509615385 0.4906005697115384
1 0.079416375 0.4897318509615385 0.07716856490384615 0.4897318509615385 0.07716856490384615 0.4956391394230769 0.079416375 0.4956391394230769 0.079416375 0.4897318509615385
1 0.09883014182692308 0.5139733533653846 0.0973153125 0.5139733533653846 0.0973153125 0.5193594110576923 0.09883014182692308 0.5193594110576923 0.09883014182692308 0.5139733533653846
1 0.100833625 0.5138864807692308 0.09883014182692308 0.5138864807692308 0.09883014182692308 0.5186644350961539 0.100833625 0.5186644350961539 0.100833625 0.5138864807692308
1 0.1077236514423077 0.5139733533653846 0.10474286057692309 0.5139733533653846 0.10474286057692309 0.5240504951923077 0.1077236514423077 0.5240504951923077 0.1077236514423077 0.5139733533653846
1 0.0851478173076923 0.5211837211538461 0.08202042788461537 0.5211837211538461 0.08202042788461537 0.5307396322115385 0.0851478173076923 0.5307396322115385 0.0851478173076923 0.5211837211538461
1 0.0807987908653846 0.5222261850961538 0.07747594230769231 0.5222261850961538 0.07747594230769231 0.5314346057692307 0.0807987908653846 0.5314346057692307 0.0807987908653846 0.5222261850961538
1 0.08309546875 0.5147552019230769 0.0805544639423077 0.5147552019230769 0.0805544639423077 0.5211837211538461 0.08309546875 0.5211837211538461 0.08309546875 0.5147552019230769
1 0.0796260216346154 0.5153633028846154 0.07718275 0.5153633028846154 0.07718275 0.5215312091346154 0.0796260216346154 0.5215312091346154 0.0796260216346154 0.5153633028846154
1 0.07757367307692307 0.5231817764423077 0.07439741826923077 0.5231817764423077 0.07439741826923077 0.5343013798076923 0.07757367307692307 0.5343013798076923 0.07757367307692307 0.5231817764423077
1 0.06946200721153846 0.5316952211538462 0.07298031971153845 0.5316952211538462 0.07298031971153845 0.5189250528846154 0.06946200721153846 0.5189250528846154 0.06946200721153846 0.5316952211538462
1 0.06438000240384616 0.5230949038461539 0.06130147836538462 0.5230949038461539 0.06130147836538462 0.5350832259615385 0.06438000240384616 0.5350832259615385 0.06438000240384616 0.5230949038461539
1 0.06345155769230769 0.5163188942307693 0.06007984375 0.5163188942307693 0.06007984375 0.5264829062499999 0.06345155769230769 0.5264829062499999 0.06345155769230769 0.5163188942307693
1 0.05568195192307693 0.5375156394230769 0.05568195192307693 0.5250929567307693 0.05299435336538461 0.5250929567307693 0.05299435336538461 0.5371944951923078 0.05299435336538461 0.5375156394230769 0.05568195192307693 0.5375156394230769
1 0.05568195192307693 0.5395136947115384 0.05866274519230769 0.5395136947115384 0.05866274519230769 0.5286547067307692 0.05568195192307693 0.5286547067307692 0.05568195192307693 0.5395136947115384
1 0.059933245192307694 0.5242242379807692 0.05719678125 0.5242242379807692 0.05719678125 0.5300446562500001 0.059933245192307694 0.5300446562500001 0.059933245192307694 0.5242242379807692
1 0.07116848076923077 0.48933295192307696 0.06927494471153847 0.48933295192307696 0.06927494471153847 0.49584834615384615 0.07116848076923077 0.49584834615384615 0.07116848076923077 0.48933295192307696
1 0.06762573557692307 0.48770410576923073 0.06579328125 0.48770410576923073 0.06579328125 0.49335077884615386 0.06762573557692307 0.49335077884615386 0.06762573557692307 0.48770410576923073
1 0.05498180288461539 0.4912875697115385 0.05498180288461539 0.4991060408653846 0.05681425721153846 0.4991060408653846 0.05681425721153846 0.4979005480769231 0.05681425721153846 0.4912875697115385 0.05498180288461539 0.4912875697115385
1 0.03135535817307693 0.536678139423077 0.03433615144230769 0.536678139423077 0.03433615144230769 0.5235604831730769 0.03135535817307693 0.5235604831730769 0.03135535817307693 0.536678139423077
1 0.03203947596153846 0.5177400649038462 0.029351875000000003 0.5177400649038462 0.029351875000000003 0.5260797668269231 0.03203947596153846 0.5260797668269231 0.03203947596153846 0.5177400649038462
1 0.028081375 0.5176531947115385 0.02422100480769231 0.5176531947115385 0.02422100480769231 0.5273828461538461 0.028081375 0.5273828461538461 0.028081375 0.5176531947115385
1 0.018796939903846153 0.526166639423077 0.014545646634615385 0.526166639423077 0.014545646634615385 0.5413692235576923 0.018796939903846153 0.5413692235576923 0.018796939903846153 0.526166639423077
1 0.018796939903846153 0.5403267596153847 0.023097098557692305 0.5403267596153847 0.023097098557692305 0.5272959759615385 0.018796939903846153 0.5272959759615385 0.018796939903846153 0.5403267596153847
1 0.029547336538461536 0.5284253100961538 0.02539377403846154 0.5284253100961538 0.02539377403846154 0.5421510697115385 0.029547336538461536 0.5421510697115385 0.029547336538461536 0.5284253100961538
1 0.03717034855769231 0.5344194711538461 0.03976021634615385 0.5344194711538461 0.03976021634615385 0.5213886850961539 0.03717034855769231 0.5213886850961539 0.03717034855769231 0.5344194711538461
1 0.04713889903846154 0.5211280697115385 0.04376718269230769 0.5211280697115385 0.04376718269230769 0.533116391826923 0.04713889903846154 0.533116391826923 0.04713889903846154 0.5211280697115385
1 0.04884918990384615 0.5184350408653846 0.044695625 0.5184350408653846 0.044695625 0.5317264423076924 0.04884918990384615 0.5317264423076924 0.04884918990384615 0.5184350408653846
1 0.005342144230769231 0.5201534759615385 0.00018836778846153846 0.5201534759615385 0.00018836778846153846 0.541192764423077 0.005342144230769231 0.541192764423077 0.005342144230769231 0.5201534759615385
1 0.005239069711538462 0.49924502403846155 0.005239069711538462 0.49097673076923076 0.002246060096153846 0.49097673076923076 0.002246060096153846 0.49977251201923073 0.005239069711538462 0.49977251201923073 0.005239069711538462 0.49924502403846155
1 0.007743423076923077 0.4844613389423077 0.005727723557692308 0.4844613389423077 0.005727723557692308 0.4928227596153846 0.007743423076923077 0.4928227596153846 0.007743423076923077 0.4844613389423077
1 0.01763867548076923 0.4861987764423077 0.015867302884615384 0.4861987764423077 0.015867302884615384 0.49108532211538464 0.01763867548076923 0.49108532211538464 0.01763867548076923 0.4861987764423077
1 0.004445004807692308 0.4858730072115385 0.003993276442307693 0.4858730072115385 0.0026736322115384617 0.4858730072115385 0.0026736322115384617 0.49097673076923076 0.004445004807692308 0.49097673076923076 0.004445004807692308 0.4858730072115385
1 0.0015741610576923077 0.48522146875000005 0.0010835456730769232 0.48522146875000005 0.00004711538461538461 0.48522146875000005 0.00004711538461538461 0.4899994230769231 0.0015741610576923077 0.4899994230769231 0.0015741610576923077 0.48522146875000005
1 0.009897625 0.47052600000000006 0.007708454326923076 0.47052600000000006 0.007708454326923076 0.47358389182692306 0.009897625 0.47358389182692306 0.009897625 0.47052600000000006
1 0.012086798076923077 0.46980322596153845 0.010366733173076922 0.46980322596153845 0.010366733173076922 0.47330590144230766 0.012086798076923077 0.47330590144230766 0.012086798076923077 0.46980322596153845
1 0.07120910576923077 0.4677333100961538 0.06588277403846153 0.4677333100961538 0.06588277403846153 0.4723375192307693 0.07120910576923077 0.4723375192307693 0.07120910576923077 0.4677333100961538
1 0.03619471153846154 0.5023013052884615 0.034662293269230766 0.5023013052884615 0.034662293269230766 0.5059707740384616 0.03619471153846154 0.5059707740384616 0.03619471153846154 0.5023013052884615
1 0.051049807692307686 0.507916704326923 0.04861044471153846 0.507916704326923 0.04861044471153846 0.5144772692307693 0.051049807692307686 0.5144772692307693 0.051049807692307686 0.507916704326923
1 0.058584860576923074 0.4992816370192308 0.056931064903846154 0.4992816370192308 0.053581038461538465 0.4992816370192308 0.053581038461538465 0.505008233173077 0.058584860576923074 0.505008233173077 0.058584860576923074 0.4992816370192308
1 0.06759576923076924 0.4960662908653846 0.06600080288461538 0.4960662908653846 0.06600080288461538 0.5024600625 0.06759576923076924 0.5024600625 0.06759576923076924 0.4960662908653846
1 0.07150500480769231 0.4988461923076923 0.06965984615384616 0.4988461923076923 0.06965984615384616 0.5046839831730769 0.07150500480769231 0.5046839831730769 0.07150500480769231 0.4988461923076923
1 0.07949645432692308 0.4988874230769231 0.07751994471153846 0.4988874230769231 0.07751994471153846 0.5045806610576923 0.07949645432692308 0.5045806610576923 0.07949645432692308 0.4988874230769231
1 0.08187326923076924 0.4990653365384615 0.080046875 0.4990653365384615 0.080046875 0.5059594927884615 0.08187326923076924 0.5059594927884615 0.08187326923076924 0.4990653365384615
1 0.08557609855769231 0.4979088990384615 0.08339943509615384 0.4979088990384615 0.08339943509615384 0.504491704326923 0.08557609855769231 0.504491704326923 0.08557609855769231 0.4979088990384615
1 0.09135551201923077 0.5002662548076923 0.08785283653846153 0.5002662548076923 0.08785283653846153 0.5057815769230769 0.09135551201923077 0.5057815769230769 0.09135551201923077 0.5002662548076923
1 0.013197473557692307 0.5083820360576923 0.010265545673076923 0.5083820360576923 0.010265545673076923 0.5158182716346154 0.013197473557692307 0.5158182716346154 0.013197473557692307 0.5083820360576923
1 0.006160848557692307 0.5017797716346154 0.003815307692307692 0.5017797716346154 0.003815307692307692 0.5081735432692308 0.006160848557692307 0.5081735432692308 0.006160848557692307 0.5017797716346154
1 0.0035025697115384615 0.5018492692307692 0.00107884375 0.5018492692307692 0.00107884375 0.5077565576923078 0.0035025697115384615 0.5077565576923078 0.0035025697115384615 0.5018492692307692
1 0.01827948076923077 0.5018492692307692 0.016403048076923075 0.5018492692307692 0.016403048076923075 0.5063666081730769 0.01827948076923077 0.5063666081730769 0.01827948076923077 0.5018492692307692
1 0.021445961538461535 0.501988264423077 0.01960862019230769 0.501988264423077 0.01960862019230769 0.5062971105769231 0.021445961538461535 0.5062971105769231 0.021445961538461535 0.501988264423077
1 0.02367422596153846 0.5001118317307692 0.022032346153846156 0.5001118317307692 0.022032346153846156 0.5064361057692308 0.02367422596153846 0.5064361057692308 0.02367422596153846 0.5001118317307692
1 0.030828127403846155 0.49274509375 0.028951694711538464 0.49274509375 0.028951694711538464 0.49886087500000004 0.030828127403846155 0.49886087500000004 0.030828127403846155 0.49274509375
1 0.030515387019230768 0.4958029831730769 0.032352728365384616 0.4958029831730769 0.032352728365384616 0.49100765384615386 0.030515387019230768 0.49100765384615386 0.030515387019230768 0.4958029831730769
1 0.018684437499999998 0.5425386466346154 0.014408711538461537 0.5425386466346154 0.014408711538461537 0.5585013605769231 0.018684437499999998 0.5585013605769231 0.018684437499999998 0.5425386466346154
1 0.01923417548076923 0.5575240504807693 0.02338773798076923 0.5575240504807693 0.02338773798076923 0.5422128774038462 0.01923417548076923 0.5422128774038462 0.01923417548076923 0.5575240504807693
1 0.03047322596153846 0.5434073677884615 0.025220192307692308 0.5434073677884615 0.025220192307692308 0.5595872572115385 0.03047322596153846 0.5595872572115385 0.03047322596153846 0.5434073677884615
1 0.12522285817307693 0.5522048629807692 0.12797495913461537 0.5522048629807692 0.12797495913461537 0.5369154086538461 0.12522285817307693 0.5369154086538461 0.12522285817307693 0.5522048629807692
1 0.13706310817307693 0.5288462043269231 0.13385753365384614 0.5288462043269231 0.13385753365384614 0.5361434447115385 0.13706310817307693 0.5361434447115385 0.13706310817307693 0.5288462043269231
1 0.13112106971153847 0.5291241947115385 0.1285800673076923 0.5291241947115385 0.1285800673076923 0.5358654543269231 0.13112106971153847 0.5358654543269231 0.13112106971153847 0.5291241947115385
1 0.15394551923076924 0.5291529423076923 0.15126347115384614 0.5291529423076923 0.15126347115384614 0.5399700913461538 0.15394551923076924 0.5399700913461538 0.15394551923076924 0.5291529423076923
1 0.16763240144230768 0.528815391826923 0.16516176682692307 0.528815391826923 0.16516176682692307 0.5394902115384616 0.16763240144230768 0.5394902115384616 0.16763240144230768 0.528815391826923
1 0.17891561778846155 0.5285292043269231 0.17614006009615385 0.5285292043269231 0.17614006009615385 0.5408997620192307 0.17891561778846155 0.5408997620192307 0.17891561778846155 0.5285292043269231
1 0.1825902980769231 0.5259577956730769 0.17977564903846155 0.5259577956730769 0.17977564903846155 0.5352009663461538 0.1825902980769231 0.5352009663461538 0.1825902980769231 0.5259577956730769
1 0.19072150961538462 0.524984829326923 0.1868513653846154 0.524984829326923 0.1868513653846154 0.5371468966346155 0.19072150961538462 0.5371468966346155 0.19072150961538462 0.524984829326923
1 0.20618368990384614 0.5203791249999999 0.20364268749999997 0.5203791249999999 0.20364268749999997 0.5275373701923077 0.20618368990384614 0.5275373701923077 0.20618368990384614 0.5203791249999999
1 0.21568313221153845 0.50724409375 0.2131812235576923 0.50724409375 0.2131812235576923 0.5160702788461539 0.21568313221153845 0.5160702788461539 0.21568313221153845 0.50724409375
1 0.23407990384615385 0.5173137692307692 0.231421625 0.5173137692307692 0.231421625 0.526973923076923 0.23407990384615385 0.526973923076923 0.23407990384615385 0.5173137692307692
1 0.24072560576923077 0.5075841153846153 0.23798913942307692 0.5075841153846153 0.23798913942307692 0.5157848221153846 0.24072560576923077 0.5157848221153846 0.24072560576923077 0.5075841153846153
1 0.2503625048076923 0.5072784759615385 0.24786059375 0.5072784759615385 0.24786059375 0.51624365625 0.2503625048076923 0.51624365625 0.2503625048076923 0.5072784759615385
1 0.25438901923076923 0.5059580240384615 0.25235621634615385 0.5059580240384615 0.25235621634615385 0.5145757163461538 0.25438901923076923 0.5145757163461538 0.25438901923076923 0.5059580240384615
1 0.25872826923076925 0.5089464182692308 0.2565000048076923 0.5089464182692308 0.2565000048076923 0.5201355192307692 0.25872826923076925 0.5201355192307692 0.25872826923076925 0.5089464182692308
1 0.2682277139423077 0.5011626947115384 0.2664294639423077 0.5011626947115384 0.2664294639423077 0.5062360144230769 0.2682277139423077 0.5062360144230769 0.2682277139423077 0.5011626947115384
1 0.27422793269230766 0.5003824759615385 0.27183352403846156 0.5003824759615385 0.27183352403846156 0.5055079182692308 0.27422793269230766 0.5055079182692308 0.27422793269230766 0.5003824759615385
1 0.2794076682692308 0.49916034615384614 0.2770966394230769 0.49916034615384614 0.2770966394230769 0.5031623774038462 0.2794076682692308 0.5031623774038462 0.2794076682692308 0.49916034615384614
1 0.29113537500000003 0.5002956057692308 0.2882523149038462 0.5002956057692308 0.2882523149038462 0.5052473028846154 0.29113537500000003 0.5052473028846154 0.29113537500000003 0.5002956057692308
1 0.26497571634615386 0.4970797163461539 0.2628647307692308 0.4970797163461539 0.2628647307692308 0.5041684639423077 0.26497571634615386 0.5041684639423077 0.26497571634615386 0.4970797163461539
1 0.03156751923076923 0.5505819927884615 0.0351674375 0.5505819927884615 0.0351674375 0.5430443870192307 0.03156751923076923 0.5430443870192307 0.03156751923076923 0.5505819927884615
1 0.038287365384615385 0.5508664302884616 0.049167117788461535 0.5508664302884616 0.049167117788461535 0.5429021682692308 0.038287365384615385 0.5429021682692308 0.038287365384615385 0.5508664302884616
1 0.053807009615384614 0.5545641225961538 0.05924688701923077 0.5545641225961538 0.05924688701923077 0.5431866057692308 0.053807009615384614 0.5431866057692308 0.053807009615384614 0.5545641225961538
1 0.06108684375 0.5490175841346153 0.06484675721153846 0.5490175841346153 0.06484675721153846 0.5419066346153846 0.06108684375 0.5419066346153846 0.06108684375 0.5490175841346153
1 0.06772669230769231 0.5485909278846154 0.07292657211538461 0.5485909278846154 0.07292657211538461 0.5420488557692308 0.06772669230769231 0.5420488557692308 0.06772669230769231 0.5485909278846154
1 0.07484652884615385 0.5500131177884615 0.07764646394230769 0.5500131177884615 0.07764646394230769 0.5370711899038462 0.07484652884615385 0.5370711899038462 0.07484652884615385 0.5500131177884615
1 0.07844644711538461 0.5460309855769231 0.08148637740384615 0.5460309855769231 0.08148637740384615 0.5362178774038461 0.07844644711538461 0.5362178774038461 0.07844644711538461 0.5460309855769231
1 0.0895661923076923 0.5434710432692308 0.09164614423076924 0.5434710432692308 0.09164614423076924 0.53465346875 0.0895661923076923 0.53465346875 0.0895661923076923 0.5434710432692308
1 0.14188499519230768 0.5424755120192308 0.14644488942307693 0.5424755120192308 0.14644488942307693 0.5312402139423077 0.14188499519230768 0.5312402139423077 0.14188499519230768 0.5424755120192308
1 0.010039052884615384 0.5066533966346154 0.0129061875 0.5066533966346154 0.0129061875 0.49893488942307695 0.010039052884615384 0.49893488942307695 0.010039052884615384 0.5066533966346154
1 0.007967552884615385 0.4768534879807692 0.009930442307692309 0.4768534879807692 0.009930442307692309 0.47390076682692306 0.007967552884615385 0.47390076682692306 0.007967552884615385 0.4768534879807692
1 0.010433745192307692 0.47697279086538463 0.012329528846153846 0.47697279086538463 0.012329528846153846 0.4737218125 0.010433745192307692 0.4737218125 0.010433745192307692 0.47697279086538463
1 0.01644483173076923 0.5002702764423077 0.0185419375 0.5002702764423077 0.0185419375 0.49234788221153847 0.01644483173076923 0.49234788221153847 0.01644483173076923 0.5002702764423077
1 0.01966912980769231 0.4995246394230769 0.02145166826923077 0.4995246394230769 0.02145166826923077 0.4934197355769231 0.01966912980769231 0.4934197355769231 0.01966912980769231 0.4995246394230769
1 0.023653627403846154 0.49397896394230767 0.02223808173076923 0.49397896394230767 0.02223808173076923 0.49924502403846155 0.023653627403846154 0.49924502403846155 0.023653627403846154 0.49397896394230767
1 0.025480074519230768 0.4929088581730769 0.027325526442307693 0.4929088581730769 0.027325526442307693 0.48597443509615385 0.025480074519230768 0.48597443509615385 0.025480074519230768 0.4929088581730769
1 0.029003209134615383 0.49231234855769235 0.030534093749999998 0.49231234855769235 0.030534093749999998 0.48567618028846155 0.029003209134615383 0.48567618028846155 0.029003209134615383 0.49231234855769235
1 0.032106923076923075 0.4848932620192308 0.030534093749999998 0.4848932620192308 0.030534093749999998 0.49015000240384615 0.032106923076923075 0.49015000240384615 0.032106923076923075 0.4848932620192308
1 0.034936048076923076 0.5007403774038461 0.03632865625 0.5007403774038461 0.03632865625 0.4957160649038462 0.034936048076923076 0.4957160649038462 0.034936048076923076 0.5007403774038461
1 0.048780211538461536 0.5057646899038462 0.051073918269230766 0.5057646899038462 0.051073918269230766 0.49877434134615384 0.048780211538461536 0.49877434134615384 0.048780211538461536 0.5057646899038462
1 0.053449543269230765 0.4981918125 0.05498180288461539 0.4981918125 0.05498180288461539 0.4933131322115385 0.053449543269230765 0.4933131322115385 0.053449543269230765 0.4981918125
1 0.09434435576923078 0.5066649519230769 0.0971754471153846 0.5066649519230769 0.0971754471153846 0.4993017860576923 0.09434435576923078 0.4993017860576923 0.09434435576923078 0.5066649519230769
1 0.1025230625 0.5072241802884615 0.10480366346153845 0.5072241802884615 0.10480366346153845 0.5003270384615385 0.1025230625 0.5003270384615385 0.1025230625 0.5072241802884615
1 0.10766096634615385 0.5001872307692308 0.10933864903846155 0.5001872307692308 0.10933864903846155 0.49333668990384616 0.10766096634615385 0.49333668990384616 0.10766096634615385 0.5001872307692308
1 0.1078444639423077 0.5087620552884615 0.10936486298076924 0.5087620552884615 0.10936486298076924 0.5017717091346154 0.1078444639423077 0.5017717091346154 0.1078444639423077 0.5087620552884615
1 0.11222216826923076 0.5039620192307692 0.11387363701923078 0.5039620192307692 0.11387363701923078 0.4987425600961538 0.11222216826923076 0.4987425600961538 0.11222216826923076 0.5039620192307692
1 0.11699307932692307 0.4988357644230769 0.11950960336538462 0.4988357644230769 0.11950960336538462 0.4952007836538461 0.11699307932692307 0.4952007836538461 0.11699307932692307 0.4988357644230769
1 0.12624655048076924 0.5118844110576923 0.12860579326923077 0.5118844110576923 0.12860579326923077 0.5033561875 0.12624655048076924 0.5033561875 0.12624655048076924 0.5118844110576923
1 0.12380866826923077 0.5005134471153846 0.12540770913461538 0.5005134471153846 0.12540770913461538 0.49631923798076927 0.12380866826923077 0.49631923798076927 0.12380866826923077 0.5005134471153846
1 0.13995636778846154 0.48867645913461544 0.1381214014423077 0.48867645913461544 0.1381214014423077 0.49510757932692306 0.13995636778846154 0.49510757932692306 0.13995636778846154 0.48867645913461544
1 0.1517001514423077 0.4981367307692308 0.15371861298076922 0.4981367307692308 0.15371861298076922 0.49161240625 0.1517001514423077 0.49161240625 0.1517001514423077 0.4981367307692308
1 0.1987498245192308 0.5002527668269231 0.2004537235576923 0.5002527668269231 0.2004537235576923 0.4940546586538461 0.1987498245192308 0.4940546586538461 0.1987498245192308 0.5002527668269231
1 0.2090256346153846 0.5037013365384616 0.21114895192307692 0.5037013365384616 0.21114895192307692 0.49974013942307693 0.2090256346153846 0.49974013942307693 0.2090256346153846 0.5037013365384616
1 0.20077709375 0.5064639807692308 0.20228438701923077 0.5064639807692308 0.20228438701923077 0.5005221850961539 0.20077709375 0.5005221850961539 0.20077709375 0.5064639807692308
1 0.19517389423076922 0.5083863245192307 0.19704162740384618 0.5083863245192307 0.19704162740384618 0.5013959783653846 0.19517389423076922 0.5013959783653846 0.19517389423076922 0.5083863245192307
1 0.19009497115384616 0.5073960264423077 0.19179886778846156 0.5073960264423077 0.19179886778846156 0.4994736322115385 0.19009497115384616 0.4994736322115385 0.19009497115384616 0.5073960264423077
1 0.22000528846153847 0.5029423822115384 0.22210443990384615 0.5029423822115384 0.22210443990384615 0.4947505721153846 0.22000528846153847 0.4947505721153846 0.22000528846153847 0.5029423822115384
1 0.2196468966346154 0.5103150144230769 0.22189964423076924 0.5103150144230769 0.22189964423076924 0.5041256442307692 0.2196468966346154 0.5041256442307692 0.2196468966346154 0.5103150144230769
1 0.26028223076923074 0.4914231466346154 0.2582342764423077 0.4914231466346154 0.2582342764423077 0.5030737259615384 0.26028223076923074 0.5030737259615384 0.26028223076923074 0.4914231466346154
1 0.20920259855769233 0.5066289326923077 0.20674505528846154 0.5066289326923077 0.20674505528846154 0.5169142091346154 0.20920259855769233 0.5169142091346154 0.20920259855769233 0.5066289326923077
1 0.20336593269230768 0.5193717524038461 0.20587467548076924 0.5193717524038461 0.20587467548076924 0.5083583149038462 0.20336593269230768 0.5083583149038462 0.20336593269230768 0.5193717524038461
1 0.0005871129807692308 0.520416389423077 0.006270182692307692 0.520416389423077 0.006270182692307692 0.5108592740384615 0.0005871129807692308 0.5108592740384615 0.0005871129807692308 0.520416389423077
1 0.04132796394230769 0.5386844951923077 0.04410662740384615 0.5386844951923077 0.04410662740384615 0.531228125 0.04132796394230769 0.531228125 0.04132796394230769 0.5386844951923077
1 0.04025319951923077 0.5299232620192308 0.042664867788461534 0.5299232620192308 0.042664867788461534 0.5210688221153846 0.04025319951923077 0.5210688221153846 0.04025319951923077 0.5299232620192308
1 0.07017496875 0.5197271778846153 0.06725999278846154 0.5197271778846153 0.06725999278846154 0.5327758245192308 0.07017496875 0.5327758245192308 0.07017496875 0.5197271778846153
1 0.08894765384615384 0.5330804879807692 0.09119155528846154 0.5330804879807692 0.09119155528846154 0.5201436850961538 0.08894765384615384 0.5201436850961538 0.08894765384615384 0.5330804879807692
1 0.0915900048076923 0.5175339567307693 0.08949289903846153 0.5175339567307693 0.08949289903846153 0.5302843485576922 0.0915900048076923 0.5302843485576922 0.0915900048076923 0.5175339567307693
1 0.09708179567307693 0.5133065432692308 0.0951524591346154 0.5133065432692308 0.0951524591346154 0.5192716394230769 0.09708179567307693 0.5192716394230769 0.09708179567307693 0.5133065432692308
1 0.09805956971153845 0.5251240168269231 0.09992599278846154 0.5251240168269231 0.09992599278846154 0.52024009375 0.09805956971153845 0.52024009375 0.09805956971153845 0.5251240168269231
1 0.10817154326923076 0.5246906153846154 0.11016379326923077 0.5246906153846154 0.11016379326923077 0.5193779519230769 0.10817154326923076 0.5193779519230769 0.10817154326923076 0.5246906153846154
1 0.10578608653846154 0.5310285288461538 0.11032107451923076 0.5310285288461538 0.11032107451923076 0.5255294567307692 0.10578608653846154 0.5255294567307692 0.10578608653846154 0.5310285288461538
1 0.1443214471153846 0.5184605096153846 0.14264376442307694 0.5184605096153846 0.14264376442307694 0.526737079326923 0.1443214471153846 0.526737079326923 0.1443214471153846 0.5184605096153846
1 0.2830881298076923 0.4979112211538462 0.2847592596153846 0.4979112211538462 0.2847592596153846 0.49284321875000003 0.2830881298076923 0.49284321875000003 0.2830881298076923 0.4979112211538462