1 0.0002860961538461538 0.05877678125 0.10471104326923077 0.05877678125 0.10471104326923077 0.0011337860576923077 0.0002860961538461538 0.0011337860576923077 0.0002860961538461538 0.05877678125
0 0 0.7801619086538462 0.021743276442307693 0.7801619086538462 0.021743276442307693 0.5368745625 0 0.5368745625 0 0.7801619086538462
0 0.0393858485576923 0.5207684326923077 0.021743276442307693 0.5207684326923077 0.021743276442307693 0.6597897716346155 0.0393858485576923 0.6597897716346155 0.0393858485576923 0.5207684326923077
0 0.14238031730769232 0.64707440625 0.09374403846153846 0.64707440625 0.09374403846153846 0.7411681177884616 0.14238031730769232 0.7411681177884616 0.14238031730769232 0.64707440625
0 0.07896242548076923 0.607232923076923 0.0651344639423077 0.607232923076923 0.0651344639423077 0.6521605528846154 0.07896242548076923 0.6521605528846154 0.07896242548076923 0.607232923076923
0 0.08897577644230768 0.6199482908653846 0.07037955288461538 0.6199482908653846 0.07037955288461538 0.6521605528846154 0.08897577644230768 0.6521605528846154 0.08897577644230768 0.6199482908653846
0 0.5066755673076924 0.7632080865384616 0.44468815625 0.7632080865384616 0.44468815625 0.8708648557692308 0.5066755673076924 0.8708648557692308 0.5066755673076924 0.7632080865384616
0 0.5987030336538461 0.7581219399038462 0.5133511346153846 0.7581219399038462 0.5133511346153846 0.8852756057692308 0.5987030336538461 0.8852756057692308 0.5987030336538461 0.7581219399038462
0 0.8366393293269231 0.7886388197115385 0.78514209375 0.7886388197115385 0.78514209375 0.9191832499999999 0.8366393293269231 0.9191832499999999 0.8366393293269231 0.7886388197115385
0 0.9134083533653846 0.6953927980769231 0.8476063317307693 0.6953927980769231 0.8476063317307693 0.9132494110576924 0.9134083533653846 0.9132494110576924 0.9134083533653846 0.6953927980769231
0 0.8976730889423077 0.82339415625 0.9424947548076923 0.82339415625 0.9424947548076923 0.7454065745192308 0.8976730889423077 0.7454065745192308 0.8976730889423077 0.82339415625
0 0.8958291105769232 0.7003254447115383 0.8758615673076923 0.7003254447115383 0.8758615673076923 0.7207139567307692 0.8958291105769232 0.7207139567307692 0.8958291105769232 0.7003254447115383
0 0.9107791682692308 0.6985050408653847 0.8854357475961538 0.6985050408653847 0.8854357475961538 0.7472918365384615 0.9107791682692308 0.7472918365384615 0.9107791682692308 0.6985050408653847
0 0.7296173942307692 0.7219106105769231 0.6770795336538461 0.7219106105769231 0.6770795336538461 0.8604491057692307 0.7296173942307692 0.8604491057692307 0.7296173942307692 0.7219106105769231
0 0.7272736995192308 0.8837124639423077 0.7774678629807692 0.8837124639423077 0.7774678629807692 0.7576736802884615 0.7272736995192308 0.7576736802884615 0.7272736995192308 0.8837124639423077
0 0.7913347307692308 0.7215633966346153 0.7491481971153846 0.7215633966346153 0.7491481971153846 0.8285053942307693 0.7913347307692308 0.8285053942307693 0.7913347307692308 0.7215633966346153
0 0.8155529278846154 0.7205217548076923 0.78514209375 0.7205217548076923 0.78514209375 0.7944783942307693 0.8155529278846154 0.7944783942307693 0.8155529278846154 0.7205217548076923
0 0.9854091177884615 0.6886112692307692 0.92818996875 0.6886112692307692 0.92818996875 0.7903342019230769 0.9854091177884615 0.7903342019230769 0.9854091177884615 0.6886112692307692
0 0.9973297740384616 0.6436836418269232 0.9725348076923077 0.6436836418269232 0.9725348076923077 0.7903342019230769 0.9973297740384616 0.7903342019230769 0.9973297740384616 0.6436836418269232
0 0.4814037764423077 0.57332528125 0.4651916850961539 0.57332528125 0.4651916850961539 0.6504651706730769 0.4814037764423077 0.6504651706730769 0.4814037764423077 0.57332528125
0 0.44468815625 0.7038697091346153 0.3869921802884615 0.7038697091346153 0.3869921802884615 0.8013541850961539 0.44468815625 0.8013541850961539 0.44468815625 0.7038697091346153
0 0.3658607668269231 0.5655170288461538 0.35238451201923077 0.5655170288461538 0.35238451201923077 0.5922525264423076 0.3658607668269231 0.5922525264423076 0.3658607668269231 0.5655170288461538
1 0.40882853365384614 0.5630865288461538 0.40101621153846156 0.5630865288461538 0.40101621153846156 0.5787111706730769 0.40882853365384614 0.5787111706730769 0.40882853365384614 0.5630865288461538
1 0.4494526033653846 0.5682947427884616 0.43792943028846154 0.5682947427884616 0.43792943028846154 0.6026689567307693 0.4494526033653846 0.6026689567307693 0.4494526033653846 0.5682947427884616
1 0.40160213701923075 0.5655170288461538 0.39281327403846156 0.5655170288461538 0.39281327403846156 0.5950302427884615 0.40160213701923075 0.5950302427884615 0.40160213701923075 0.5655170288461538
1 0.39281327403846156 0.556836670673077 0.38578218509615386 0.556836670673077 0.38578218509615386 0.5776695288461539 0.39281327403846156 0.5776695288461539 0.39281327403846156 0.556836670673077
1 0.38578218509615386 0.5571838846153846 0.37757924759615386 0.5571838846153846 0.37757924759615386 0.5776695288461539 0.38578218509615386 0.5776695288461539 0.38578218509615386 0.5571838846153846
1 0.37757924759615386 0.561697670673077 0.37191531490384616 0.561697670673077 0.37191531490384616 0.5776695288461539 0.37757924759615386 0.5776695288461539 0.37757924759615386 0.561697670673077
1 0.5092168605769231 0.6061410985576923 0.4988655360576923 0.6061410985576923 0.4988655360576923 0.623154596153846 0.5092168605769231 0.623154596153846 0.5092168605769231 0.6061410985576923
1 0.5060919326923077 0.5856554567307692 0.5023810793269231 0.5856554567307692 0.5023810793269231 0.5950302427884615 0.5060919326923077 0.5950302427884615 0.5060919326923077 0.5856554567307692
1 0.9064164783653846 0.6733880937500001 0.8915730697115385 0.6733880937500001 0.8915730697115385 0.6894988365384616 0.9064164783653846 0.6894988365384616 0.9064164783653846 0.6733880937500001
1 0.8681361057692307 0.6703326081730769 0.8564176225961538 0.6703326081730769 0.8564176225961538 0.6892210649038462 0.8681361057692307 0.6892210649038462 0.8681361057692307 0.6703326081730769
1 0.8907918365384616 0.6206115240384615 0.8779796298076923 0.6206115240384615 0.8779796298076923 0.6578328942307692 0.8907918365384616 0.6578328942307692 0.8907918365384616 0.6206115240384615
1 0.8726672524038462 0.6200559807692307 0.8611050168269231 0.6200559807692307 0.8611050168269231 0.6564440384615384 0.8726672524038462 0.6564440384615384 0.8726672524038462 0.6200559807692307
1 0.8553238990384616 0.6342223245192307 0.8404804879807692 0.6342223245192307 0.8404804879807692 0.6608883798076923 0.8553238990384616 0.6608883798076923 0.8553238990384616 0.6342223245192307
1 0.8243871057692308 0.6292224375 0.8036063317307692 0.6292224375 0.8036063317307692 0.7258868918269231 0.8243871057692308 0.7258868918269231 0.8243871057692308 0.6292224375
1 0.7134521466346153 0.6125561538461539 0.7134521466346153 0.6014452956730769 0.6975150096153846 0.6014452956730769 0.6975150096153846 0.704776264423077 0.7134521466346153 0.704776264423077 0.7134521466346153 0.6125561538461539
1 0.723295670673077 0.6625550072115385 0.723295670673077 0.6589439807692308 0.709545985576923 0.6589439807692308 0.709545985576923 0.701165235576923 0.723295670673077 0.701165235576923 0.723295670673077 0.6625550072115385
1 0.723295670673077 0.7086650649038462 0.7465763870192308 0.7086650649038462 0.7465763870192308 0.6589439807692308 0.723295670673077 0.6589439807692308 0.723295670673077 0.7086650649038462
1 0.6947025745192307 0.6439443245192307 0.6765779903846153 0.6439443245192307 0.6765779903846153 0.6933876370192308 0.6947025745192307 0.6933876370192308 0.6947025745192307 0.6439443245192307
1 0.6798591634615385 0.6578328942307692 0.6711093653846153 0.6578328942307692 0.6711093653846153 0.6911654639423077 0.6798591634615385 0.6911654639423077 0.6798591634615385 0.6578328942307692
1 0.6561097091346154 0.6561662668269231 0.6476724014423076 0.6561662668269231 0.6476724014423076 0.6756102668269232 0.6561097091346154 0.6756102668269232 0.6561097091346154 0.6561662668269231
1 0.6582971586538461 0.5975564951923077 0.6423600240384615 0.5975564951923077 0.6423600240384615 0.6603328365384615 0.6582971586538461 0.6603328365384615 0.6582971586538461 0.5975564951923077
1 0.6997024615384616 0.6125561538461539 0.6928276177884616 0.6125561538461539 0.6928276177884616 0.6239447812500001 0.6997024615384616 0.6239447812500001 0.6997024615384616 0.6125561538461539
1 0.7197020024038461 0.6120006105769231 0.7148583629807692 0.6120006105769231 0.7148583629807692 0.6233892379807693 0.7197020024038461 0.6233892379807693 0.7197020024038461 0.6120006105769231
1 0.7486075913461538 0.6047785528846154 0.7414202548076924 0.6047785528846154 0.7414202548076924 0.6250558677884615 0.7486075913461538 0.6250558677884615 0.7486075913461538 0.6047785528846154
1 0.7392328052884616 0.5933899254807693 0.7337641802884616 0.5933899254807693 0.7337641802884616 0.61422278125 0.7392328052884616 0.61422278125 0.7392328052884616 0.5933899254807693
1 0.7337641802884616 0.5986675817307693 0.7297017740384616 0.5986675817307693 0.7297017740384616 0.6114450673076923 0.7337641802884616 0.6114450673076923 0.7337641802884616 0.5986675817307693
1 0.7589198557692308 0.640333295673077 0.7486075913461538 0.640333295673077 0.7486075913461538 0.6814434663461538 0.7589198557692308 0.6814434663461538 0.7589198557692308 0.640333295673077
1 0.7718883076923077 0.6419999230769231 0.7603260721153846 0.6419999230769231 0.7603260721153846 0.6678326658653847 0.7718883076923077 0.6678326658653847 0.7718883076923077 0.6419999230769231
1 0.7664196826923076 0.6103339807692307 0.7586073629807693 0.6103339807692307 0.7586073629807693 0.6419999230769231 0.7664196826923076 0.6419999230769231 0.7664196826923076 0.6103339807692307
1 0.7664196826923076 0.6347778677884615 0.7729820336538461 0.6347778677884615 0.7729820336538461 0.6122783822115385 0.7664196826923076 0.6122783822115385 0.7664196826923076 0.6347778677884615
1 0.7729820336538461 0.6072784951923077 0.7679821466346154 0.6072784951923077 0.7679821466346154 0.6228336947115385 0.7729820336538461 0.6228336947115385 0.7729820336538461 0.6072784951923077
1 0.780481860576923 0.6095006682692308 0.77579446875 0.6095006682692308 0.77579446875 0.6306112956730769 0.780481860576923 0.6306112956730769 0.780481860576923 0.6095006682692308
1 0.7937628076923077 0.5981120384615385 0.7886066754807692 0.5981120384615385 0.7886066754807692 0.6150560961538462 0.7937628076923077 0.6150560961538462 0.7937628076923077 0.5981120384615385
1 0.7978252139423077 0.6203337524038461 0.7887629230769231 0.6203337524038461 0.7887629230769231 0.6475553509615384 0.7978252139423077 0.6475553509615384 0.7978252139423077 0.6203337524038461
1 0.8175122644230769 0.6047785528846154 0.8079812331730769 0.6047785528846154 0.8079812331730769 0.6170004951923077 0.8175122644230769 0.6170004951923077 0.8175122644230769 0.6047785528846154
1 0.8243871057692308 0.6192226682692308 0.8164185384615384 0.6192226682692308 0.8164185384615384 0.6292224375 0.8243871057692308 0.6292224375 0.8243871057692308 0.6192226682692308
1 0.8451678798076923 0.6222781538461538 0.8384492860576922 0.6222781538461538 0.8384492860576922 0.6303335240384615 0.8451678798076923 0.6303335240384615 0.8451678798076923 0.6222781538461538
1 0.822824641826923 0.6458887235576923 0.8336056466346153 0.6458887235576923 0.8336056466346153 0.6328334663461538 0.822824641826923 0.6328334663461538 0.822824641826923 0.6458887235576923
1 0.8018876201923076 0.5856123245192307 0.796887735576923 0.5856123245192307 0.796887735576923 0.5978342668269231 0.8018876201923076 0.5978342668269231 0.8018876201923076 0.5856123245192307
1 0.8093874495192307 0.5900566682692308 0.8053250432692308 0.5900566682692308 0.8053250432692308 0.597000954326923 0.8093874495192307 0.597000954326923 0.8093874495192307 0.5900566682692308
1 0.814699829326923 0.5906122115384616 0.8111061610576923 0.5906122115384616 0.8111061610576923 0.5989453533653847 0.814699829326923 0.5989453533653847 0.814699829326923 0.5906122115384616
1 0.7825130649038462 0.59394546875 0.7775131802884616 0.59394546875 0.7775131802884616 0.6072784951923077 0.7825130649038462 0.6072784951923077 0.7825130649038462 0.59394546875
1 0.7720445552884615 0.597000954326923 0.768919625 0.597000954326923 0.768919625 0.6072784951923077 0.7720445552884615 0.6072784951923077 0.7720445552884615 0.597000954326923
1 0.780481860576923 0.6136672379807693 0.785950485576923 0.6136672379807693 0.785950485576923 0.5972787259615384 0.780481860576923 0.5972787259615384 0.780481860576923 0.6136672379807693
1 0.7100147235576924 0.5875567259615384 0.7009524326923077 0.5875567259615384 0.7009524326923077 0.6014452956730769 0.7100147235576924 0.6014452956730769 0.7100147235576924 0.5875567259615384
1 0.7009524326923077 0.5864456394230769 0.6962650384615384 0.5864456394230769 0.6962650384615384 0.6014452956730769 0.7009524326923077 0.6014452956730769 0.7009524326923077 0.5864456394230769
1 0.6948588221153845 0.5847790120192308 0.6887652115384615 0.5847790120192308 0.6887652115384615 0.6006119831730768 0.6948588221153845 0.6006119831730768 0.6948588221153845 0.5847790120192308
1 0.6148520408653846 0.6293716754807692 0.6087521802884616 0.6293716754807692 0.6087521802884616 0.6425269302884615 0.6148520408653846 0.6425269302884615 0.6148520408653846 0.6293716754807692
1 0.6077522019230769 0.5971946346153846 0.5952524879807692 0.5971946346153846 0.5952524879807692 0.6350604350961538 0.6077522019230769 0.6350604350961538 0.6077522019230769 0.5971946346153846
1 0.614652045673077 0.5920391971153847 0.6091521706730769 0.5920391971153847 0.6091521706730769 0.6107054350961538 0.614652045673077 0.6107054350961538 0.614652045673077 0.5920391971153847
1 0.6231518509615385 0.5737285048076923 0.6164520048076922 0.5737285048076923 0.6164520048076922 0.5986168245192307 0.6231518509615385 0.5986168245192307 0.6231518509615385 0.5737285048076923
1 0.6663508629807692 0.5680397451923077 0.6611509807692308 0.5680397451923077 0.6611509807692308 0.5747951466346154 0.6663508629807692 0.5747951466346154 0.6663508629807692 0.5680397451923077
1 0.5916525721153846 0.5938169326923076 0.5833527620192307 0.5938169326923076 0.5833527620192307 0.6300827692307693 0.5916525721153846 0.6300827692307693 0.5916525721153846 0.5938169326923076
1 0.5833527620192307 0.5927502908653847 0.5764529182692308 0.5927502908653847 0.5764529182692308 0.6267050697115385 0.5833527620192307 0.6267050697115385 0.5833527620192307 0.5927502908653847
1 0.5707530504807692 0.592572516826923 0.5662531514423077 0.592572516826923 0.5662531514423077 0.6094610192307692 0.5707530504807692 0.6094610192307692 0.5707530504807692 0.592572516826923
1 0.5679531129807692 0.585283795673077 0.5589533197115385 0.585283795673077 0.5589533197115385 0.6190608004807692 0.5679531129807692 0.6190608004807692 0.5679531129807692 0.585283795673077
1 0.5679531129807692 0.5765728846153846 0.5618532548076923 0.5765728846153846 0.5618532548076923 0.5879504014423077 0.5679531129807692 0.5879504014423077 0.5679531129807692 0.5765728846153846
1 0.5499535264423077 0.5760395625 0.5429536850961538 0.5760395625 0.5429536850961538 0.5920391971153847 0.5499535264423077 0.5920391971153847 0.5499535264423077 0.5760395625
1 0.5331539110576923 0.5760395625 0.5263540673076923 0.5760395625 0.5263540673076923 0.5936391610576923 0.5331539110576923 0.5936391610576923 0.5331539110576923 0.5760395625
1 0.5208541923076923 0.5794172620192307 0.5172542740384615 0.5794172620192307 0.5172542740384615 0.5872393052884616 0.5208541923076923 0.5872393052884616 0.5208541923076923 0.5794172620192307
1 0.5117543990384615 0.5692841610576923 0.5075544951923077 0.5692841610576923 0.5075544951923077 0.580839451923077 0.5117543990384615 0.580839451923077 0.5117543990384615 0.5692841610576923
1 0.49075487980769233 0.5653731394230769 0.48665497355769227 0.5653731394230769 0.48665497355769227 0.5737285048076923 0.49075487980769233 0.5737285048076923 0.49075487980769233 0.5653731394230769
1 0.5073545 0.5559511322115385 0.5042545721153846 0.5559511322115385 0.5042545721153846 0.5632398557692307 0.5073545 0.5632398557692307 0.5073545 0.5559511322115385
1 0.5249540985576924 0.5582621923076924 0.521754170673077 0.5582621923076924 0.521754170673077 0.5627065336538462 0.5249540985576924 0.5627065336538462 0.5249540985576924 0.5582621923076924
1 0.6410598870192307 0.5842393245192308 0.6382599519230769 0.5842393245192308 0.6382599519230769 0.5900703028846154 0.6410598870192307 0.5900703028846154 0.6410598870192307 0.5842393245192308
1 0.6499396850961539 0.5863726081730769 0.6465797620192307 0.5863726081730769 0.6465797620192307 0.5929146826923077 0.6499396850961539 0.5929146826923077 0.6499396850961539 0.5863726081730769
1 0.36911717307692304 0.5537896610576923 0.36348530048076927 0.5537896610576923 0.36348530048076927 0.5680115576923077 0.36911717307692304 0.5680115576923077 0.36911717307692304 0.5537896610576923
1 0.4047003581730769 0.5554962884615384 0.40073244711538464 0.5554962884615384 0.40073244711538464 0.5640294278846154 0.4047003581730769 0.5640294278846154 0.4047003581730769 0.5554962884615384
1 0.39350061298076927 0.5506039567307692 0.39164465624999995 0.5506039567307692 0.39164465624999995 0.5558376129807692 0.39350061298076927 0.5558376129807692 0.39350061298076927 0.5506039567307692
1 0.3967005408653846 0.524890766826923 0.39401260096153845 0.524890766826923 0.39401260096153845 0.537178485576923 0.3967005408653846 0.537178485576923 0.3967005408653846 0.524890766826923
1 0.40105243990384615 0.5271662692307693 0.39868449519230764 0.5271662692307693 0.39868449519230764 0.5366096105769231 0.40105243990384615 0.5366096105769231 0.40105243990384615 0.5271662692307693
1 0.4049563509615384 0.5244356658653846 0.40284439903846153 0.5244356658653846 0.40284439903846153 0.5352443076923077 0.4049563509615384 0.5352443076923077 0.4049563509615384 0.5244356658653846
1 0.4073242980769231 0.52580096875 0.4049563509615384 0.52580096875 0.4049563509615384 0.5374060360576923 0.4073242980769231 0.5374060360576923 0.4073242980769231 0.52580096875
1 0.41142020432692306 0.5253458677884615 0.4087470769230769 0.5253458677884615 0.4084122716346154 0.5253458677884615 0.4084122716346154 0.5347892067307692 0.41142020432692306 0.5347892067307692 0.41142020432692306 0.5253458677884615
1 0.4156441057692308 0.5223877139423077 0.412700173076923 0.5223877139423077 0.412700173076923 0.5333101298076923 0.4156441057692308 0.5333101298076923 0.4156441057692308 0.5223877139423077
1 0.4297877836538462 0.5573166923076923 0.4178840552884615 0.5573166923076923 0.4178840552884615 0.5713110384615384 0.4297877836538462 0.5713110384615384 0.4297877836538462 0.5573166923076923
1 0.3623333269230769 0.55037640625 0.3511335841346154 0.55037640625 0.3511335841346154 0.5631192259615385 0.3623333269230769 0.5631192259615385 0.3623333269230769 0.55037640625
1 0.3436457548076923 0.5481009014423077 0.3365419182692308 0.5481009014423077 0.3365419182692308 0.5649396274038462 0.3436457548076923 0.5649396274038462 0.3436457548076923 0.5481009014423077
1 0.3348139567307692 0.5482146778846154 0.3301420625 0.5482146778846154 0.3301420625 0.5614125961538462 0.3348139567307692 0.5614125961538462 0.3348139567307692 0.5482146778846154
1 0.43884915865384616 0.56649028125 0.4359820240384616 0.56649028125 0.4359820240384616 0.5726796514423077 0.43884915865384616 0.5726796514423077 0.43884915865384616 0.56649028125
1 0.4329612932692308 0.5561139855769232 0.43060614903846156 0.5561139855769232 0.43060614903846156 0.560482951923077 0.4329612932692308 0.560482951923077 0.4329612932692308 0.5561139855769232
1 0.4148369086538462 0.5596637716346154 0.41094579807692305 0.5596637716346154 0.41094579807692305 0.56649028125 0.4148369086538462 0.56649028125 0.4148369086538462 0.5596637716346154
1 0.3174283100961538 0.5408338028846154 0.31192443509615386 0.5408338028846154 0.31192443509615386 0.5560796778846154 0.3174283100961538 0.5560796778846154 0.3174283100961538 0.5408338028846154
1 0.3734270264423077 0.5508460192307691 0.3707390889423077 0.5508460192307691 0.3707390889423077 0.5573312043269231 0.3734270264423077 0.5573312043269231 0.3734270264423077 0.5508460192307691
0 0.1088163389423077 0.5142174855769232 0.1020164951923077 0.5142174855769232 0.1020164951923077 0.5263060985576924 0.1088163389423077 0.5263060985576924 0.1088163389423077 0.5142174855769232
1 0.08231694471153846 0.5151063557692308 0.07151719230769231 0.5151063557692308 0.07151719230769231 0.5243505865384616 0.08231694471153846 0.5243505865384616 0.08231694471153846 0.5151063557692308
0 0.13828270432692308 0.5183772475961539 0.13626424038461538 0.5183772475961539 0.13626424038461538 0.5231306826923077 0.13828270432692308 0.5231306826923077 0.13828270432692308 0.5183772475961539
0 0.13547782692307692 0.5195423052884616 0.13267294951923075 0.5195423052884616 0.13267294951923075 0.524435548076923 0.13547782692307692 0.524435548076923 0.13547782692307692 0.5195423052884616
0 0.1238126875 0.5174918028846154 0.12111266346153847 0.5174918028846154 0.12111266346153847 0.5225714567307692 0.1238126875 0.5225714567307692 0.1238126875 0.5174918028846154
0 0.11843885817307692 0.5221054326923077 0.12045731971153846 0.5221054326923077 0.12045731971153846 0.5181908389423077 0.11843885817307692 0.5181908389423077 0.11843885817307692 0.5221054326923077
1 0.3695797427884615 0.5168577379807693 0.32958065865384617 0.5168577379807693 0.32958065865384617 0.5383612451923077 0.3695797427884615 0.5383612451923077 0.3695797427884615 0.5168577379807693
0 0.36874776201923076 0.60264421875 0.3803954951923077 0.60264421875 0.3803954951923077 0.5749968509615384 0.36874776201923076 0.5749968509615384 0.36874776201923076 0.60264421875
0 0.3904688653846154 0.5857827379807692 0.3824818485576923 0.5857827379807692 0.3824818485576923 0.5988896370192308 0.3904688653846154 0.5988896370192308 0.3904688653846154 0.5857827379807692
0 0.4262568461538461 0.586966 0.41734825 0.586966 0.41734825 0.6029855432692307 0.4262568461538461 0.6029855432692307 0.4262568461538461 0.586966
1 0.3828402403846154 0.5493746802884615 0.3797171105769231 0.5493746802884615 0.3797171105769231 0.5555640504807692 0.3828402403846154 0.5555640504807692 0.3828402403846154 0.5493746802884615
1 0.36573983173076924 0.5483734591346153 0.3632822884615384 0.5483734591346153 0.3632822884615384 0.5590228149038462 0.36573983173076924 0.5590228149038462 0.36573983173076924 0.5483734591346153
1 0.32657333653846154 0.54574496875 0.32198592067307696 0.54574496875 0.32198592067307696 0.5568130168269231 0.32657333653846154 0.5568130168269231 0.32657333653846154 0.54574496875
1 0.2963820528846154 0.5399510817307692 0.2930791129807692 0.5399510817307692 0.2930791129807692 0.5512754447115384 0.2963820528846154 0.5512754447115384 0.2963820528846154 0.5399510817307692
1 0.2969325432692308 0.5534657524038461 0.29984227403846153 0.5534657524038461 0.29984227403846153 0.5417685721153845 0.2969325432692308 0.5417685721153845 0.2969325432692308 0.5534657524038461
1 0.8073808341346154 0.62037825 0.8023409495192309 0.62037825 0.8023409495192309 0.6282002932692308 0.8073808341346154 0.6282002932692308 0.8073808341346154 0.62037825
1 0.7614618846153847 0.5913655817307693 0.7570619855769232 0.5913655817307693 0.7570619855769232 0.6004675961538462 0.7614618846153847 0.6004675961538462 0.7614618846153847 0.5913655817307693
1 0.7630618485576923 0.6006098149038461 0.7661817764423078 0.6006098149038461 0.7661817764423078 0.5927877716346154 0.7630618485576923 0.5927877716346154 0.7630618485576923 0.6006098149038461
1 0.7181028774038462 0.5934988653846154 0.7146629543269231 0.5934988653846154 0.7146629543269231 0.6021742235576923 0.7181028774038462 0.6021742235576923 0.7181028774038462 0.5934988653846154
1 0.46650244711538463 0.57155321875 0.4631261081730769 0.57155321875 0.4631261081730769 0.5788604591346154 0.46650244711538463 0.5788604591346154 0.46650244711538463 0.57155321875
0 0.01679108653846154 0.5452621850961539 0.008681192307692308 0.5452621850961539 0.008681192307692308 0.5610632812499999 0.01679108653846154 0.5610632812499999 0.01679108653846154 0.5452621850961539
1 0.6673978004807692 0.5786718629807692 0.6703559639423078 0.5786718629807692 0.6703559639423078 0.5744646995192307 0.6673978004807692 0.5744646995192307 0.6673978004807692 0.5786718629807692
1 0.6333785048076923 0.5826629182692308 0.63066775 0.5826629182692308 0.63066775 0.5875585288461539 0.6333785048076923 0.5875585288461539 0.6333785048076923 0.5826629182692308
1 0.47508741586538467 0.5519826033653846 0.4729790528846154 0.5519826033653846 0.4729790528846154 0.5557308052884615 0.47508741586538467 0.5557308052884615 0.47508741586538467 0.5519826033653846