1 0.4874456899038462 0.9658205649038462 0.4935802163461539 0.9658205649038462 0.4935802163461539 0.9424871730769231 0.4874456899038462 0.9424871730769231 0.4874456899038462 0.9658205649038462
1 0.48573373076923076 0.9480668966346154 0.48016985576923077 0.9480668966346154 0.48016985576923077 0.9724147836538461 0.48573373076923076 0.9724147836538461 0.48573373076923076 0.9480668966346154
1 0.47132472596153846 0.8778130961538462 0.4654755264423077 0.8778130961538462 0.4654755264423077 0.9031754807692308 0.47132472596153846 0.9031754807692308 0.47132472596153846 0.8778130961538462
1 0.4437906899038462 0.868175391826923 0.43879747115384615 0.868175391826923 0.43879747115384615 0.888972545673077 0.4437906899038462 0.888972545673077 0.4437906899038462 0.868175391826923
1 0.40327428365384616 0.898863875 0.3972824206730769 0.898863875 0.3972824206730769 0.921943641826923 0.40327428365384616 0.921943641826923 0.40327428365384616 0.898863875
1 0.39927970913461536 0.9214363942307693 0.39485714182692305 0.9214363942307693 0.39485714182692305 0.9346248341346153 0.39927970913461536 0.9346248341346153 0.39927970913461536 0.9214363942307693
1 0.5156930432692307 0.9206755240384615 0.5111278149038462 0.9206755240384615 0.5111278149038462 0.9320885961538461 0.5156930432692307 0.9320885961538461 0.5156930432692307 0.9206755240384615
1 0.5427990889423077 0.888972545673077 0.5375205432692307 0.888972545673077 0.5375205432692307 0.9102769471153846 0.5427990889423077 0.9102769471153846 0.5427990889423077 0.888972545673077
1 0.5663385504807692 0.8828855745192308 0.5616306586538461 0.8828855745192308 0.5616306586538461 0.9003856177884615 0.5663385504807692 0.9003856177884615 0.5663385504807692 0.8828855745192308
1 0.5612026682692307 0.93259584375 0.5577787475961539 0.93259584375 0.5577787475961539 0.942233548076923 0.5612026682692307 0.942233548076923 0.5612026682692307 0.93259584375
1 0.5686211658653846 0.9414726778846153 0.5738997115384615 0.9414726778846153 0.5738997115384615 0.928791485576923 0.5686211658653846 0.928791485576923 0.5686211658653846 0.9414726778846153
1 0.56533990625 0.9074870841346154 0.5609173413461538 0.9074870841346154 0.5609173413461538 0.9206755240384615 0.56533990625 0.9206755240384615 0.56533990625 0.9074870841346154
1 0.5894500216346154 0.7999505841346154 0.5830301682692307 0.7999505841346154 0.5830301682692307 0.8149143894230769 0.5894500216346154 0.8149143894230769 0.5894500216346154 0.7999505841346154
1 0.44607330528846156 0.7811824206730769 0.4399387764423077 0.7811824206730769 0.4399387764423077 0.7986824639423078 0.44607330528846156 0.7986824639423078 0.44607330528846156 0.7811824206730769
1 0.3751238100961538 0.9436588365384615 0.3659287067307692 0.9436588365384615 0.3659287067307692 0.9634731971153846 0.3751238100961538 0.9634731971153846 0.3751238100961538 0.9436588365384615
1 0.629903673076923 0.7923382620192307 0.6260027211538461 0.7923382620192307 0.6260027211538461 0.8017500841346153 0.629903673076923 0.8017500841346153 0.629903673076923 0.7923382620192307
1 0.5465904759615385 0.7165483293269231 0.5424108846153847 0.7165483293269231 0.5424108846153847 0.7328951778846153 0.5465904759615385 0.7328951778846153 0.5465904759615385 0.7165483293269231
1 0.6730927884615384 0.6006343149038462 0.6792228581730769 0.6006343149038462 0.6792228581730769 0.5803245961538461 0.6730927884615384 0.5803245961538461 0.6730927884615384 0.6006343149038462
1 0.6636190480769231 0.5699220552884615 0.6711423125 0.5699220552884615 0.6711423125 0.5501076947115384 0.6636190480769231 0.5501076947115384 0.6636190480769231 0.5699220552884615
1 0.660554014423077 0.5738849278846154 0.6652908846153847 0.5738849278846154 0.6652908846153847 0.5629870288461538 0.660554014423077 0.5629870288461538 0.660554014423077 0.5738849278846154
1 0.6566530625 0.5956807259615384 0.6616685721153845 0.5956807259615384 0.6616685721153845 0.5832967499999999 0.6566530625 0.5832967499999999 0.6566530625 0.5956807259615384
1 0.603734423076923 0.8203105673076923 0.595932516826923 0.8203105673076923 0.595932516826923 0.8321991826923077 0.603734423076923 0.8321991826923077 0.603734423076923 0.8203105673076923
1 0.6789670745192308 0.9030355240384615 0.6711651706730769 0.9030355240384615 0.6711651706730769 0.918887014423077 0.6789670745192308 0.918887014423077 0.6789670745192308 0.9030355240384615
1 0.6363352379807693 0.78266328125 0.6310410889423077 0.78266328125 0.6310410889423077 0.7925704615384616 0.6363352379807693 0.7925704615384616 0.6363352379807693 0.78266328125
1 0.6276974158653845 0.8148616177884616 0.6343847620192308 0.8148616177884616 0.6343847620192308 0.8059451538461538 0.6276974158653845 0.8059451538461538 0.6276974158653845 0.8148616177884616
1 0.7020941490384616 0.6038386682692308 0.6942922451923077 0.6038386682692308 0.6942922451923077 0.6142412091346153 0.7020941490384616 0.6142412091346153 0.7020941490384616 0.6038386682692308
1 0.6260255793269232 0.5944268485576922 0.6302051706730769 0.5944268485576922 0.6302051706730769 0.5830335913461538 0.6260255793269232 0.5830335913461538 0.6260255793269232 0.5944268485576922
1 0.6260255793269232 0.5820428725961538 0.621845985576923 0.5820428725961538 0.621845985576923 0.5944268485576922 0.6260255793269232 0.5944268485576922 0.6260255793269232 0.5820428725961538
0 0.621845985576923 0.5840243076923077 0.6171091153846154 0.5840243076923077 0.6171091153846154 0.5944268485576922 0.621845985576923 0.5944268485576922 0.621845985576923 0.5840243076923077
0 0.6059635384615384 0.5894732572115384 0.6015053052884615 0.5894732572115384 0.6015053052884615 0.6078015408653846 0.6059635384615384 0.6078015408653846 0.6059635384615384 0.5894732572115384
0 0.6232391826923076 0.5518259711538461 0.6293692524038461 0.5518259711538461 0.6293692524038461 0.5443955865384615 0.6232391826923076 0.5443955865384615 0.6232391826923076 0.5518259711538461
0 0.6118149663461538 0.530030173076923 0.6070780961538461 0.530030173076923 0.6070780961538461 0.5453863028846154 0.6118149663461538 0.5453863028846154 0.6118149663461538 0.530030173076923
0 0.5797714278846153 0.5835289495192307 0.5747559182692308 0.5835289495192307 0.5747559182692308 0.6018572331730769 0.5797714278846153 0.6018572331730769 0.5797714278846153 0.5835289495192307
0 0.8411974951923077 0.41385145192307693 0.8385225576923077 0.41385145192307693 0.8385225576923077 0.42138091105769226 0.8411974951923077 0.42138091105769226 0.8411974951923077 0.41385145192307693
0 0.8556867475961538 0.43208066586538457 0.852565985576923 0.43208066586538457 0.852565985576923 0.44000640865384616 0.8556867475961538 0.44000640865384616 0.8556867475961538 0.43208066586538457
0 0.8543492788461537 0.4693316658653846 0.8563554831730769 0.4693316658653846 0.8563554831730769 0.46299106971153847 0.8543492788461537 0.46299106971153847 0.8543492788461537 0.4693316658653846
0 0.868169795673077 0.4574430480769231 0.8641573870192307 0.4574430480769231 0.8641573870192307 0.4665576538461539 0.868169795673077 0.4665576538461539 0.868169795673077 0.4574430480769231
0 0.8712905576923077 0.4661613677884615 0.8735196730769231 0.4661613677884615 0.8735196730769231 0.4586319086538462 0.8712905576923077 0.4586319086538462 0.8712905576923077 0.4661613677884615
0 0.8235707644230769 0.4106365721153846 0.8214308124999999 0.4106365721153846 0.8214308124999999 0.41856231730769233 0.8235707644230769 0.41856231730769233 0.8235707644230769 0.4106365721153846
0 0.8253540576923076 0.43853519471153846 0.8282073245192307 0.43853519471153846 0.8282073245192307 0.4296583581730769 0.8253540576923076 0.4296583581730769 0.8253540576923076 0.43853519471153846
0 0.7918281586538461 0.38654231009615386 0.78915321875 0.38654231009615386 0.78915321875 0.39415102403846153 0.7918281586538461 0.39415102403846153 0.7918281586538461 0.38654231009615386
0 0.7411826514423077 0.3897126081730769 0.7376160649038461 0.3897126081730769 0.7376160649038461 0.3973213221153846 0.7411826514423077 0.3973213221153846 0.7411826514423077 0.3897126081730769
0 0.7579456009615384 0.42236667307692305 0.7534873677884615 0.42236667307692305 0.7534873677884615 0.4283902403846154 0.7579456009615384 0.4283902403846154 0.7579456009615384 0.42236667307692305
0 0.7484941490384615 0.4359989567307692 0.7424309543269231 0.4359989567307692 0.7424309543269231 0.44233955048076923 0.7484941490384615 0.44233955048076923 0.7484941490384615 0.4359989567307692
0 0.7413609807692307 0.44392469951923075 0.7320878581730769 0.44392469951923075 0.7320878581730769 0.45533777163461536 0.7413609807692307 0.45533777163461536 0.7413609807692307 0.44392469951923075
0 0.73725940625 0.43536489423076924 0.7304828942307692 0.43536489423076924 0.7304828942307692 0.4398033125 0.73725940625 0.4398033125 0.73725940625 0.43536489423076924
0 0.7921848173076923 0.4724573798076923 0.78915321875 0.4724573798076923 0.78915321875 0.4864066899038461 0.7921848173076923 0.4864066899038461 0.7921848173076923 0.4724573798076923
0 0.8171509110576923 0.4794320360576923 0.8105527283653846 0.4794320360576923 0.8105527283653846 0.49021104807692306 0.8171509110576923 0.49021104807692306 0.8171509110576923 0.4794320360576923
0 0.8189342043269231 0.4664338149038461 0.81643759375 0.4664338149038461 0.81643759375 0.4746765889423077 0.8189342043269231 0.4746765889423077 0.8189342043269231 0.4664338149038461
0 0.8075211322115384 0.47023817067307694 0.8048461923076923 0.47023817067307694 0.8048461923076923 0.4765787668269231 0.8075211322115384 0.4765787668269231 0.8075211322115384 0.47023817067307694
0 0.8035978894230769 0.46231242788461535 0.7952164134615385 0.46231242788461535 0.7952164134615385 0.4711892620192308 0.8035978894230769 0.4711892620192308 0.8035978894230769 0.46231242788461535
0 0.7921848173076923 0.4619953966346154 0.7895098774038461 0.4619953966346154 0.7895098774038461 0.4724573798076923 0.7921848173076923 0.4724573798076923 0.7921848173076923 0.4619953966346154
0 0.7575889423076922 0.4743595576923077 0.7550923317307692 0.4743595576923077 0.7522390649038461 0.4743595576923077 0.7522390649038461 0.48355342307692306 0.7575889423076922 0.48355342307692306 0.7575889423076922 0.4743595576923077
0 0.7550923317307692 0.4677019326923077 0.7486724783653845 0.4677019326923077 0.7486724783653845 0.4743595576923077 0.7550923317307692 0.4743595576923077 0.7550923317307692 0.4677019326923077
0 0.74457090625 0.4629464855769231 0.7508124302884615 0.4629464855769231 0.7508124302884615 0.4581910408653846 0.74457090625 0.4581910408653846 0.74457090625 0.4629464855769231
0 0.7754218677884614 0.41983043509615386 0.7695370024038461 0.41983043509615386 0.7695370024038461 0.42743915144230765 0.7754218677884614 0.42743915144230765 0.7754218677884614 0.41983043509615386
0 0.8788528317307692 0.4407544014423077 0.8715413341346154 0.4407544014423077 0.8715413341346154 0.4512163846153846 0.8788528317307692 0.4512163846153846 0.8788528317307692 0.4407544014423077
0 0.8292773004807692 0.4746765889423077 0.8260673749999999 0.4746765889423077 0.8260673749999999 0.4829193629807692 0.8292773004807692 0.4829193629807692 0.8292773004807692 0.4746765889423077
0 0.7766701706730769 0.39415102403846153 0.7693586730769231 0.39415102403846153 0.7693586730769231 0.40017458894230773 0.7766701706730769 0.40017458894230773 0.7766701706730769 0.39415102403846153
0 0.7690020144230769 0.44487578846153847 0.7609771971153846 0.44487578846153847 0.7609771971153846 0.45216747355769227 0.7690020144230769 0.45216747355769227 0.7690020144230769 0.44487578846153847
0 0.7668620625 0.47023817067307694 0.7636521370192307 0.47023817067307694 0.7636521370192307 0.4772128269230769 0.7668620625 0.4772128269230769 0.7668620625 0.47023817067307694
0 0.8116227043269231 0.44836311778846155 0.8087694375 0.44836311778846155 0.8087694375 0.4562888605769231 0.8116227043269231 0.4562888605769231 0.8116227043269231 0.44836311778846155
0 0.8230357764423076 0.43885222355769227 0.8182208870192308 0.43885222355769227 0.8182208870192308 0.4480460865384615 0.8230357764423076 0.4480460865384615 0.8230357764423076 0.43885222355769227
0 0.7307825985576923 0.48604667307692306 0.7269306875 0.48604667307692306 0.7269306875 0.49923511057692305 0.7307825985576923 0.49923511057692305 0.7307825985576923 0.48604667307692306
0 0.7233641009615385 0.46271328125 0.7277866658653847 0.46271328125 0.7277866658653847 0.45738718028846154 0.7233641009615385 0.45738718028846154 0.7233641009615385 0.46271328125
0 0.7255040528846154 0.4502857139423077 0.7203681706730769 0.4502857139423077 0.7203681706730769 0.45434369471153846 0.7255040528846154 0.45434369471153846 0.7255040528846154 0.4502857139423077
0 0.7073858004807693 0.45966979326923074 0.7036765528846154 0.45966979326923074 0.7036765528846154 0.46880025240384615 0.7073858004807693 0.46880025240384615 0.7073858004807693 0.45966979326923074
0 0.7009659471153846 0.49111914903846154 0.69269146875 0.49111914903846154 0.69269146875 0.5050684591346154 0.7009659471153846 0.5050684591346154 0.7009659471153846 0.49111914903846154
0 0.6832756850961539 0.4901046538461538 0.6794237740384615 0.4901046538461538 0.6794237740384615 0.5027858461538461 0.6832756850961539 0.5027858461538461 0.6832756850961539 0.4901046538461538
0 0.6762851778846154 0.4779307091346154 0.6724332668269231 0.4779307091346154 0.6724332668269231 0.4916263966346154 0.6762851778846154 0.4916263966346154 0.6762851778846154 0.4779307091346154
0 0.6700079879807692 0.4784379567307692 0.6668693942307692 0.4784379567307692 0.6668693942307692 0.49035827884615385 0.6700079879807692 0.49035827884615385 0.6700079879807692 0.4784379567307692
0 0.6631601466346153 0.48452493028846155 0.6580242644230769 0.48452493028846155 0.6580242644230769 0.4959380024038461 0.6631601466346153 0.4959380024038461 0.6631601466346153 0.48452493028846155
0 0.6598788870192307 0.48807566346153847 0.6548856682692308 0.48807566346153847 0.6548856682692308 0.4987278629807692 0.6598788870192307 0.4987278629807692 0.6598788870192307 0.48807566346153847
0 0.6548856682692308 0.49035827884615385 0.6497497860576923 0.49035827884615385 0.6497497860576923 0.4987278629807692 0.6548856682692308 0.4987278629807692 0.6548856682692308 0.49035827884615385
0 0.645897875 0.4934017644230769 0.641903298076923 0.4934017644230769 0.641903298076923 0.5078583221153846 0.645897875 0.5078583221153846 0.645897875 0.4934017644230769
0 0.6513190841346154 0.4934017644230769 0.6478951610576923 0.4934017644230769 0.6478951610576923 0.5088728173076923 0.6513190841346154 0.5088728173076923 0.6513190841346154 0.4934017644230769
0 0.7011086105769231 0.45764080528846157 0.6975420264423077 0.45764080528846157 0.6975420264423077 0.46322052884615383 0.7011086105769231 0.46322052884615383 0.7011086105769231 0.45764080528846157
0 0.6584522548076923 0.43177117307692303 0.6597362235576922 0.43177117307692303 0.6597362235576922 0.42365521153846153 0.6563123028846154 0.42365521153846153 0.6563123028846154 0.43177117307692303 0.6573109471153846 0.43177117307692303 0.6584522548076923 0.43177117307692303
0 0.6584522548076923 0.4365900264423077 0.6627321562499999 0.4365900264423077 0.6627321562499999 0.43177117307692303 0.6584522548076923 0.43177117307692303 0.6584522548076923 0.4365900264423077
0 0.6544576778846154 0.4505393365384615 0.64718184375 0.4505393365384615 0.64718184375 0.45738718028846154 0.6544576778846154 0.45738718028846154 0.6544576778846154 0.4505393365384615
0 0.6227864038461538 0.47235098557692307 0.6189344927884615 0.47235098557692307 0.6189344927884615 0.4837640576923077 0.6227864038461538 0.4837640576923077 0.6227864038461538 0.47235098557692307
0 0.7012406850961538 0.3910485 0.6991863317307693 0.3910485 0.6991863317307693 0.3983528677884615 0.7012406850961538 0.3983528677884615 0.7012406850961538 0.3910485
0 0.6947352355769231 0.39855576682692306 0.6924526201923077 0.39855576682692306 0.6924526201923077 0.4084978197115384 0.6947352355769231 0.4084978197115384 0.6947352355769231 0.39855576682692306
0 0.7023819927884615 0.4003818581730769 0.6995287259615384 0.4003818581730769 0.6995287259615384 0.40870071874999997 0.7023819927884615 0.40870071874999997 0.7023819927884615 0.4003818581730769
0 0.6864732403846154 0.44470896153846157 0.6776851754807692 0.44470896153846157 0.6776851754807692 0.4499843365384616 0.6864732403846154 0.4499843365384616 0.6864732403846154 0.44470896153846157
0 0.34082503365384614 0.8599121995192308 0.33497360576923074 0.8599121995192308 0.33497360576923074 0.8926058942307692 0.34082503365384614 0.8926058942307692 0.34082503365384614 0.8599121995192308
0 0.37454040865384614 0.8262277860576923 0.3711967355769231 0.8262277860576923 0.3711967355769231 0.8450514278846154 0.37454040865384614 0.8450514278846154 0.37454040865384614 0.8262277860576923
0 0.3879151009615385 0.8381164014423077 0.38206367307692307 0.8381164014423077 0.38206367307692307 0.8628843533653847 0.3879151009615385 0.8628843533653847 0.3879151009615385 0.8381164014423077
0 0.26113414903846155 0.878240483173077 0.2563972788461539 0.878240483173077 0.2563972788461539 0.8995409230769231 0.26113414903846155 0.8995409230769231 0.26113414903846155 0.878240483173077
0 0.2605768701923077 0.9054852307692307 0.2563972788461539 0.9054852307692307 0.2563972788461539 0.924804233173077 0.2605768701923077 0.924804233173077 0.2605768701923077 0.9054852307692307
0 0.2463662572115385 0.8638750721153846 0.24051482932692309 0.8638750721153846 0.24051482932692309 0.8836894326923077 0.2463662572115385 0.8836894326923077 0.2463662572115385 0.8638750721153846
0 0.25444680288461535 0.8168159639423076 0.2511031298076923 0.8168159639423076 0.2511031298076923 0.8321720937499999 0.25444680288461535 0.8321720937499999 0.25444680288461535 0.8168159639423076
0 0.2658710192307692 0.7999737572115385 0.2608555096153846 0.7999737572115385 0.2608555096153846 0.8222649134615385 0.2658710192307692 0.8222649134615385 0.2658710192307692 0.7999737572115385
0 0.2488740144230769 0.763812548076923 0.23940027163461539 0.763812548076923 0.23940027163461539 0.7915526538461539 0.2488740144230769 0.7915526538461539 0.2488740144230769 0.763812548076923
0 0.2171091153846154 0.7519239302884616 0.20735673557692308 0.7519239302884616 0.20735673557692308 0.7633171875 0.2171091153846154 0.7633171875 0.2171091153846154 0.7519239302884616
0 0.20540625721153846 0.7326049278846154 0.19760435336538462 0.7326049278846154 0.19760435336538462 0.7435028269230769 0.20540625721153846 0.7435028269230769 0.20540625721153846 0.7326049278846154
0 0.19760435336538462 0.7335956466346154 0.18980244951923078 0.7335956466346154 0.18980244951923078 0.7509332115384615 0.19760435336538462 0.7509332115384615 0.19760435336538462 0.7335956466346154
0 0.19258884375 0.7742150865384616 0.18645877644230768 0.7742150865384616 0.18645877644230768 0.7900665769230769 0.19258884375 0.7900665769230769 0.19258884375 0.7742150865384616
0 0.17893550961538462 0.7524192908653846 0.17001904807692308 0.7524192908653846 0.17001904807692308 0.7672800600961539 0.17893550961538462 0.7672800600961539 0.17893550961538462 0.7524192908653846
0 0.16082394471153846 0.7930387307692308 0.1527434014423077 0.7930387307692308 0.1527434014423077 0.8227602716346154 0.16082394471153846 0.8227602716346154 0.16082394471153846 0.7930387307692308
0 0.3193697956730769 0.7009019495192308 0.3163047620192308 0.7009019495192308 0.3163047620192308 0.7182395168269231 0.3193697956730769 0.7182395168269231 0.3193697956730769 0.7009019495192308
0 0.3163047620192308 0.6850504615384616 0.3101746947115384 0.6850504615384616 0.3101746947115384 0.7053601802884616 0.3163047620192308 0.7053601802884616 0.3163047620192308 0.6850504615384616
0 0.3101746947115384 0.6711804086538462 0.3054378221153846 0.6711804086538462 0.3054378221153846 0.7053601802884616 0.3101746947115384 0.7053601802884616 0.3101746947115384 0.6711804086538462
0 0.31546884375 0.6553289182692308 0.30933877644230773 0.6553289182692308 0.30933877644230773 0.6696943317307693 0.31546884375 0.6696943317307693 0.31546884375 0.6553289182692308
0 0.32132027163461535 0.6350191995192307 0.31714068028846154 0.6350191995192307 0.31714068028846154 0.6627593052884616 0.32132027163461535 0.6627593052884616 0.32132027163461535 0.6350191995192307
0 0.35029877644230767 0.6048022980769231 0.34166095192307694 0.6048022980769231 0.34166095192307694 0.6127280432692308 0.35029877644230767 0.6127280432692308 0.35029877644230767 0.6048022980769231
0 0.3700821778846154 0.6057930168269231 0.3628375504807692 0.6057930168269231 0.3628375504807692 0.6132234014423077 0.3700821778846154 0.6132234014423077 0.3700821778846154 0.6057930168269231
0 0.38094911538461534 0.63056096875 0.3675744206730769 0.63056096875 0.3675744206730769 0.6424495841346154 0.38094911538461534 0.6424495841346154 0.38094911538461534 0.63056096875
0 0.3472337427884616 0.6607778677884616 0.34277550961538467 0.6607778677884616 0.34277550961538467 0.6721711250000001 0.3472337427884616 0.6721711250000001 0.3472337427884616 0.6607778677884616
0 0.38847237980769234 0.6781154350961539 0.3837355096153846 0.6781154350961539 0.3837355096153846 0.6974344375 0.38847237980769234 0.6974344375 0.38847237980769234 0.6781154350961539
0 0.40296163221153847 0.67514328125 0.40073251682692307 0.67514328125 0.40073251682692307 0.6969390769230769 0.40296163221153847 0.6969390769230769 0.40296163221153847 0.67514328125
0 0.40296163221153847 0.6964437187500001 0.4076985048076923 0.6964437187500001 0.4076985048076923 0.6761339975961539 0.40296163221153847 0.6761339975961539 0.40296163221153847 0.6964437187500001
0 0.4127140144230769 0.6617685865384615 0.4085344230769231 0.6617685865384615 0.4085344230769231 0.6781154350961539 0.4127140144230769 0.6781154350961539 0.4127140144230769 0.6617685865384615
0 0.4266459855769231 0.6682082548076923 0.42135183653846153 0.6682082548076923 0.42135183653846153 0.6791061538461538 0.4266459855769231 0.6791061538461538 0.4266459855769231 0.6682082548076923
0 0.44447891105769227 0.6929762067307692 0.43974204086538465 0.6929762067307692 0.43974204086538465 0.7043694639423077 0.44447891105769227 0.7043694639423077 0.44447891105769227 0.6929762067307692
0 0.44893714182692307 0.6429449447115385 0.44197115625000005 0.6429449447115385 0.44197115625000005 0.6607778677884616 0.44893714182692307 0.6607778677884616 0.44893714182692307 0.6429449447115385
0 0.40268299278846154 0.654338201923077 0.39906068028846153 0.654338201923077 0.39906068028846153 0.6691989711538462 0.40268299278846154 0.6691989711538462 0.40268299278846154 0.654338201923077
0 0.2903912932692308 0.7202209519230769 0.2842612235576923 0.7202209519230769 0.2842612235576923 0.7385492379807693 0.2903912932692308 0.7385492379807693 0.2903912932692308 0.7202209519230769
0 0.26029823076923075 0.6919854879807693 0.25166040865384615 0.6919854879807693 0.25166040865384615 0.7117998485576924 0.26029823076923075 0.7117998485576924 0.26029823076923075 0.6919854879807693
0 0.23605659855769232 0.6984251538461539 0.23076244951923078 0.6984251538461539 0.23076244951923078 0.7122952067307692 0.23605659855769232 0.7122952067307692 0.23605659855769232 0.6984251538461539
0 0.23327020432692308 0.7127905673076923 0.22825469471153845 0.7127905673076923 0.22825469471153845 0.7256699014423076 0.23327020432692308 0.7256699014423076 0.23327020432692308 0.7127905673076923
0 0.23800707451923075 0.7202209519230769 0.2310410889423077 0.7202209519230769 0.2310410889423077 0.7350817235576923 0.23800707451923075 0.7350817235576923 0.23800707451923075 0.7202209519230769
0 0.2488740144230769 0.7147720024038461 0.23940027163461539 0.7147720024038461 0.23940027163461539 0.7301281322115384 0.2488740144230769 0.7301281322115384 0.2488740144230769 0.7147720024038461
0 0.19231020432692308 0.695453 0.18590149519230767 0.695453 0.18590149519230767 0.7083323341346154 0.19231020432692308 0.7083323341346154 0.19231020432692308 0.695453
0 0.19871891105769232 0.6900040528846154 0.19203156490384615 0.6900040528846154 0.19203156490384615 0.7048648221153846 0.19871891105769232 0.7048648221153846 0.19871891105769232 0.6900040528846154
0 0.23912163221153845 0.6721711250000001 0.2321556466346154 0.6721711250000001 0.2321556466346154 0.6860411778846154 0.23912163221153845 0.6860411778846154 0.23912163221153845 0.6721711250000001
0 0.2488740144230769 0.6687036129807692 0.2382857139423077 0.6687036129807692 0.2382857139423077 0.6875272572115385 0.2488740144230769 0.6875272572115385 0.2488740144230769 0.6687036129807692
0 0.2600195913461538 0.67316184375 0.2550040817307692 0.67316184375 0.2550040817307692 0.6850504615384616 0.2600195913461538 0.6850504615384616 0.2600195913461538 0.67316184375
0 0.26810013701923074 0.6791061538461538 0.2622487067307692 0.6791061538461538 0.2622487067307692 0.6904994110576923 0.26810013701923074 0.6904994110576923 0.26810013701923074 0.6791061538461538
0 0.2750661225961539 0.6701896899038461 0.2678214951923077 0.6701896899038461 0.2678214951923077 0.6835643846153846 0.2750661225961539 0.6835643846153846 0.2750661225961539 0.6701896899038461
0 0.2881621778846154 0.6756386394230769 0.2786884350961538 0.6756386394230769 0.2786884350961538 0.6875272572115385 0.2881621778846154 0.6875272572115385 0.2881621778846154 0.6756386394230769
0 0.19258884375 0.5998487067307692 0.18924517067307692 0.5998487067307692 0.18924517067307692 0.6147094783653846 0.19258884375 0.6147094783653846 0.19258884375 0.5998487067307692
0 0.15831618990384613 0.5869693725961539 0.15218612259615386 0.5869693725961539 0.15218612259615386 0.6082698100961539 0.15831618990384613 0.6082698100961539 0.15831618990384613 0.5869693725961539
0 0.2733942860576923 0.6087651706730769 0.2694933341346154 0.6087651706730769 0.2694933341346154 0.6196630697115384 0.2733942860576923 0.6196630697115384 0.2733942860576923 0.6087651706730769
0 0.2803602716346154 0.6097558870192308 0.2756234014423077 0.6097558870192308 0.2756234014423077 0.630065608173077 0.2803602716346154 0.630065608173077 0.2803602716346154 0.6097558870192308
0 0.2650351009615385 0.6132234014423077 0.2597409519230769 0.6132234014423077 0.2597409519230769 0.6340284807692308 0.2650351009615385 0.6340284807692308 0.2650351009615385 0.6132234014423077
0 0.2694933341346154 0.5939043990384616 0.2616914278846154 0.5939043990384616 0.2616914278846154 0.6087651706730769 0.2694933341346154 0.6087651706730769 0.2694933341346154 0.5939043990384616
0 0.2594623125 0.5978672716346154 0.2536108846153846 0.5978672716346154 0.2536108846153846 0.6077744519230769 0.2594623125 0.6077744519230769 0.2594623125 0.5978672716346154
0 0.2466448990384615 0.6013347836538462 0.24051482932692309 0.6013347836538462 0.24051482932692309 0.6117373245192308 0.2466448990384615 0.6117373245192308 0.2466448990384615 0.6013347836538462
0 0.24135074759615385 0.6013347836538462 0.23243428605769229 0.6013347836538462 0.23243428605769229 0.6157001971153846 0.24135074759615385 0.6157001971153846 0.24135074759615385 0.6013347836538462
0 0.28899809615384614 0.6018301442307693 0.28899809615384614 0.5904368870192308 0.2795243533653846 0.5904368870192308 0.2795243533653846 0.6018301442307693 0.2828680264423077 0.6018301442307693 0.28899809615384614 0.6018301442307693
0 0.29011265384615387 0.6107466057692308 0.28565442307692307 0.6107466057692308 0.28565442307692307 0.6181769927884615 0.29011265384615387 0.6181769927884615 0.29011265384615387 0.6107466057692308
0 0.2968 0.6018301442307693 0.28899809615384614 0.6018301442307693 0.28899809615384614 0.6127280432692308 0.2968 0.6127280432692308 0.2968 0.6018301442307693
0 0.3098960552884616 0.5983626298076923 0.30348734615384615 0.5983626298076923 0.30348734615384615 0.6142141201923077 0.3098960552884616 0.6142141201923077 0.3098960552884616 0.5983626298076923
0 0.31574748317307694 0.5919229639423077 0.3098960552884616 0.5919229639423077 0.3098960552884616 0.6092605288461539 0.31574748317307694 0.6092605288461539 0.31574748317307694 0.5919229639423077
0 0.31574748317307694 0.5825111418269231 0.304044625 0.5825111418269231 0.304044625 0.5919229639423077 0.31574748317307694 0.5919229639423077 0.31574748317307694 0.5825111418269231
0 0.34082503365384614 0.6176816322115385 0.33720272115384614 0.6176816322115385 0.33720272115384614 0.62857953125 0.34082503365384614 0.62857953125 0.34082503365384614 0.6176816322115385
0 0.33580952403846154 0.6211491466346154 0.33023673557692307 0.6211491466346154 0.33023673557692307 0.6320470432692308 0.33580952403846154 0.6320470432692308 0.33580952403846154 0.6211491466346154
0 0.33580952403846154 0.6087651706730769 0.32661442307692307 0.6087651706730769 0.32661442307692307 0.6211491466346154 0.33580952403846154 0.6211491466346154 0.33580952403846154 0.6087651706730769
0 0.3366454423076923 0.5899415264423077 0.3249425841346154 0.5899415264423077 0.3249425841346154 0.6023255024038462 0.3366454423076923 0.6023255024038462 0.3366454423076923 0.5899415264423077
0 0.06428286298076923 0.9476846346153847 0.05786300961538461 0.9476846346153847 0.05786300961538461 0.9651212716346154 0.06428286298076923 0.9651212716346154 0.06428286298076923 0.9476846346153847
0 0.07355598317307692 0.939758889423077 0.06321288701923077 0.939758889423077 0.06321288701923077 0.9600487956730769 0.07355598317307692 0.9600487956730769 0.07355598317307692 0.939758889423077
0 0.05697136298076923 0.8728656057692308 0.05001652163461538 0.8728656057692308 0.05001652163461538 0.8912533341346154 0.05697136298076923 0.8912533341346154 0.05697136298076923 0.8728656057692308
0 0.063747875 0.8709634278846153 0.05786300961538461 0.8709634278846153 0.05786300961538461 0.8887170961538462 0.063747875 0.8887170961538462 0.063747875 0.8709634278846153
0 0.08282910576923076 0.8671590697115386 0.07462595913461538 0.8671590697115386 0.07462595913461538 0.8874489759615384 0.08282910576923076 0.8874489759615384 0.08282910576923076 0.8671590697115386
0 0.11617667548076924 0.8097766802884615 0.10957849278846155 0.8097766802884615 0.10957849278846155 0.8246770793269231 0.11617667548076924 0.8246770793269231 0.11617667548076924 0.8097766802884615
0 0.12241819951923076 0.8043871730769231 0.11510669951923076 0.8043871730769231 0.11510669951923076 0.82150678125 0.12241819951923076 0.82150678125 0.12241819951923076 0.8043871730769231
0 0.09424217788461539 0.7466877548076922 0.08728733653846153 0.7466877548076922 0.08728733653846153 0.7596859735576923 0.09424217788461539 0.7596859735576923 0.09424217788461539 0.7466877548076922
0 0.05679303365384615 0.7206913100961538 0.049838192307692306 0.7206913100961538 0.049838192307692306 0.7501750817307692 0.05679303365384615 0.7501750817307692 0.05679303365384615 0.7206913100961538
0 0.08122414182692307 0.7197402211538461 0.07070271634615385 0.7197402211538461 0.07070271634615385 0.7359087403846154 0.08122414182692307 0.7359087403846154 0.08122414182692307 0.7197402211538461
0 0.03744431009615385 0.720849826923077 0.03187152163461538 0.720849826923077 0.03187152163461538 0.7500760096153846 0.03744431009615385 0.7500760096153846 0.03744431009615385 0.720849826923077
0 0.15029328846153847 0.7267941346153847 0.14388458173076923 0.7267941346153847 0.14388458173076923 0.7530481634615385 0.15029328846153847 0.7530481634615385 0.15029328846153847 0.7267941346153847
0 0.14081954807692307 0.7233266201923076 0.12800213221153847 0.7233266201923076 0.12800213221153847 0.7352152379807693 0.14081954807692307 0.7352152379807693 0.14081954807692307 0.7233266201923076
0 0.14917873076923077 0.6931097211538462 0.13162444711538462 0.6931097211538462 0.13162444711538462 0.7089612091346154 0.14917873076923077 0.7089612091346154 0.14917873076923077 0.6931097211538462
0 0.33887791105769227 0.5696329278846154 0.33129891826923075 0.5696329278846154 0.33129891826923075 0.5795401081730769 0.33887791105769227 0.5795401081730769 0.33887791105769227 0.5696329278846154
0 0.3457881682692308 0.58271040625 0.3350884134615385 0.58271040625 0.3350884134615385 0.5926175889423078 0.3457881682692308 0.5926175889423078 0.3457881682692308 0.58271040625
0 0.3765499639423077 0.5791438221153846 0.3654043870192308 0.5791438221153846 0.3654043870192308 0.589843576923077 0.3765499639423077 0.589843576923077 0.3765499639423077 0.5791438221153846
0 0.3776645216346154 0.5450631201923077 0.37164591105769235 0.5450631201923077 0.37164591105769235 0.5577443125 0.3776645216346154 0.5577443125 0.3776645216346154 0.5450631201923077
0 0.38881010096153845 0.5426853966346153 0.37944781490384616 0.5426853966346153 0.37944781490384616 0.5553665889423077 0.38881010096153845 0.5553665889423077 0.38881010096153845 0.5426853966346153
0 0.40954087499999997 0.5514037163461538 0.4057513798076923 0.5514037163461538 0.4057513798076923 0.56606634375 0.40954087499999997 0.56606634375 0.40954087499999997 0.5514037163461538
0 0.41734278125 0.5553665889423077 0.41199290384615384 0.5553665889423077 0.41199290384615384 0.5728032259615385 0.41734278125 0.5728032259615385 0.41734278125 0.5553665889423077
0 0.41466784134615386 0.5767660985576923 0.4077575841346154 0.5767660985576923 0.4077575841346154 0.5874658533653846 0.41466784134615386 0.5874658533653846 0.41466784134615386 0.5767660985576923
0 0.40530555528846157 0.56606634375 0.39728074038461536 0.56606634375 0.39728074038461536 0.5771623870192307 0.40530555528846157 0.5771623870192307 0.40530555528846157 0.56606634375
0 0.4046368221153846 0.5942027379807693 0.3934912427884615 0.5942027379807693 0.3934912427884615 0.6037136298076923 0.4046368221153846 0.6037136298076923 0.4046368221153846 0.5942027379807693
0 0.4353986177884615 0.5819178317307693 0.4269279783653846 0.5819178317307693 0.4269279783653846 0.5961841730769231 0.4353986177884615 0.5961841730769231 0.4353986177884615 0.5819178317307693
0 0.4322778557692307 0.5656700552884616 0.42291556971153843 0.5656700552884616 0.42291556971153843 0.5819178317307693 0.4322778557692307 0.5819178317307693 0.4322778557692307 0.5656700552884616
0 0.4507795168269231 0.5537814399038461 0.4398568485576923 0.5537814399038461 0.4398568485576923 0.5636886201923077 0.4507795168269231 0.5636886201923077 0.4507795168269231 0.5537814399038461
0 0.4659375024038462 0.5605183221153847 0.4547919230769231 0.5605183221153847 0.4547919230769231 0.5704255048076923 0.4659375024038462 0.5704255048076923 0.4659375024038462 0.5605183221153847
0 0.48243295673076925 0.5763698125000001 0.4775289038461539 0.5763698125000001 0.4775289038461539 0.5914287259615384 0.48243295673076925 0.5914287259615384 0.48243295673076925 0.5763698125000001
0 0.5013804399038462 0.5763698125000001 0.49090359855769233 0.5763698125000001 0.49090359855769233 0.5866732788461538 0.5013804399038462 0.5866732788461538 0.5013804399038462 0.5763698125000001
0 0.47775181490384616 0.5379299519230769 0.4672749711538462 0.5379299519230769 0.4672749711538462 0.5450631201923077 0.47775181490384616 0.5450631201923077 0.47775181490384616 0.5379299519230769
0 0.4641542091346154 0.5414965360576923 0.4547919230769231 0.5414965360576923 0.4547919230769231 0.5541777259615385 0.4641542091346154 0.5541777259615385 0.4641542091346154 0.5414965360576923
0 0.44320052163461543 0.5391188125 0.43272368028846153 0.5391188125 0.43272368028846153 0.5482334182692308 0.44320052163461543 0.5482334182692308 0.44320052163461543 0.5391188125
0 0.42224683653846157 0.5228710360576924 0.40263061778846154 0.5228710360576924 0.40263061778846154 0.5323819302884615 0.42224683653846157 0.5323819302884615 0.42224683653846157 0.5228710360576924
0 0.38256857692307694 0.5117749927884615 0.3616148894230769 0.5117749927884615 0.3616148894230769 0.5236636105769231 0.38256857692307694 0.5236636105769231 0.38256857692307694 0.5117749927884615
0 0.34601107932692304 0.5288153437499999 0.33776335336538466 0.5288153437499999 0.33776335336538466 0.5395151009615384 0.34601107932692304 0.5395151009615384 0.34601107932692304 0.5288153437499999
0 0.3529213389423077 0.5082084086538461 0.3486860192307692 0.5082084086538461 0.3486860192307692 0.521682173076923 0.3529213389423077 0.521682173076923 0.3529213389423077 0.5082084086538461
0 0.3625065360576923 0.5311930673076923 0.3551504543269231 0.5311930673076923 0.3551504543269231 0.5430816850961538 0.3625065360576923 0.5430816850961538 0.3625065360576923 0.5311930673076923
0 0.4021847956730769 0.5002826634615385 0.3928225096153846 0.5002826634615385 0.3928225096153846 0.5137564302884615 0.4021847956730769 0.5137564302884615 0.4021847956730769 0.5002826634615385
0 0.42492177403846154 0.4947346442307692 0.4193489855769231 0.4947346442307692 0.4193489855769231 0.5042455360576923 0.42492177403846154 0.5042455360576923 0.42492177403846154 0.4947346442307692
0 0.4498878701923077 0.5177193028846154 0.4367360865384615 0.5177193028846154 0.4367360865384615 0.5327782163461539 0.4498878701923077 0.5327782163461539 0.4498878701923077 0.5177193028846154
0 0.5020491754807692 0.5113787067307692 0.49558474038461536 0.5113787067307692 0.49558474038461536 0.5276264831730769 0.5020491754807692 0.5276264831730769 0.5020491754807692 0.5113787067307692
0 0.5089594326923077 0.48443117548076925 0.4998200600961538 0.48443117548076925 0.4998200600961538 0.49790493990384616 0.5089594326923077 0.49790493990384616 0.5089594326923077 0.48443117548076925
0 0.5232257740384616 0.47769429326923074 0.5180988076923077 0.47769429326923074 0.5180988076923077 0.4856200360576923 0.5232257740384616 0.4856200360576923 0.5232257740384616 0.47769429326923074
0 0.5363775552884615 0.47967572836538463 0.5308047668269231 0.47967572836538463 0.5308047668269231 0.4879977596153846 0.5363775552884615 0.4879977596153846 0.5363775552884615 0.47967572836538463
0 0.5468543990384616 0.48046830288461534 0.53927540625 0.48046830288461534 0.53927540625 0.4899791971153846 0.5468543990384616 0.4899791971153846 0.5468543990384616 0.48046830288461534
0 0.53927540625 0.46422052644230766 0.5310276802884615 0.46422052644230766 0.5310276802884615 0.48046830288461534 0.53927540625 0.48046830288461534 0.53927540625 0.46422052644230766
0 0.5439565504807692 0.5113787067307692 0.5379379375 0.5113787067307692 0.5379379375 0.5228710360576924 0.5439565504807692 0.5228710360576924 0.5439565504807692 0.5113787067307692
0 0.5546563052884615 0.48839404807692305 0.5504209855769231 0.48839404807692305 0.5504209855769231 0.5018678125 0.5546563052884615 0.5018678125 0.5546563052884615 0.48839404807692305
0 0.5319193245192307 0.49354578125 0.5243403317307692 0.49354578125 0.5243403317307692 0.5018678125 0.5319193245192307 0.5018678125 0.5319193245192307 0.49354578125
0 0.5158696923076923 0.5105861322115385 0.5073990528846154 0.5105861322115385 0.5073990528846154 0.5197007379807692 0.5158696923076923 0.5197007379807692 0.5158696923076923 0.5105861322115385
0 0.4904577740384616 0.5129638557692308 0.4864453653846154 0.5129638557692308 0.4864453653846154 0.5244561850961539 0.4904577740384616 0.5244561850961539 0.4904577740384616 0.5129638557692308
0 0.5047241129807692 0.5498185673076923 0.49848259134615386 0.5498185673076923 0.49848259134615386 0.5664626298076922 0.5047241129807692 0.5664626298076922 0.5047241129807692 0.5498185673076923
0 0.5606749182692308 0.5046418245192308 0.5559937740384615 0.5046418245192308 0.5559937740384615 0.5200970264423077 0.5606749182692308 0.5200970264423077 0.5606749182692308 0.5046418245192308
0 0.5504209855769231 0.49354578125 0.5432878149038461 0.49354578125 0.5432878149038461 0.5018678125 0.5504209855769231 0.5018678125 0.5504209855769231 0.49354578125
0 0.5691455552884616 0.46461681490384615 0.563572766826923 0.46461681490384615 0.563572766826923 0.47769429326923074 0.5691455552884616 0.47769429326923074 0.5691455552884616 0.46461681490384615
0 0.5709288485576923 0.5062269711538462 0.5655789711538461 0.5062269711538462 0.5655789711538461 0.5220784615384615 0.5709288485576923 0.5220784615384615 0.5709288485576923 0.5062269711538462
0 0.5961178557692308 0.47373142067307694 0.5887617740384615 0.47373142067307694 0.5887617740384615 0.4868088990384616 0.5961178557692308 0.4868088990384616 0.5961178557692308 0.47373142067307694
0 0.61395078125 0.4864126105769231 0.6054801418269231 0.4864126105769231 0.6054801418269231 0.4943383557692308 0.61395078125 0.4943383557692308 0.61395078125 0.4864126105769231
0 0.6322295288461538 0.4408395817307692 0.6253192716346153 0.4408395817307692 0.6253192716346153 0.44678388942307695 0.6322295288461538 0.44678388942307695 0.6322295288461538 0.4408395817307692
0 0.6155111610576923 0.4606539423076923 0.608155079326923 0.4606539423076923 0.608155079326923 0.4693722596153846 0.6155111610576923 0.4693722596153846 0.6155111610576923 0.4606539423076923
0 0.41880128365384617 0.5405739302884616 0.4116681129807693 0.5405739302884616 0.4116681129807693 0.5492922475961538 0.41880128365384617 0.5492922475961538 0.41880128365384617 0.5405739302884616
0 0.43819459134615385 0.55761428125 0.4323988894230769 0.55761428125 0.4323988894230769 0.5683140360576924 0.43819459134615385 0.5683140360576924 0.43819459134615385 0.55761428125
0 0.3994079783653846 0.5809952259615385 0.3887082235576923 0.5809952259615385 0.3887082235576923 0.5901098317307693 0.3994079783653846 0.5901098317307693 0.3994079783653846 0.5809952259615385
0 0.4270490120192308 0.5893172572115385 0.419247108173077 0.5893172572115385 0.419247108173077 0.600017014423077 0.4270490120192308 0.600017014423077 0.4270490120192308 0.5893172572115385
0 0.13836756490384616 0.6059091153846153 0.13502389182692306 0.6059091153846153 0.13502389182692306 0.6229494663461538 0.13836756490384616 0.6229494663461538 0.13836756490384616 0.6059091153846153
0 0.14750693750000002 0.6082868389423077 0.14260288461538462 0.6082868389423077 0.14260288461538462 0.6281011995192307 0.14750693750000002 0.6281011995192307 0.14750693750000002 0.6082868389423077
0 0.14661529326923078 0.5904539134615384 0.1423799735576923 0.5904539134615384 0.1423799735576923 0.5991722331730769 0.14661529326923078 0.5991722331730769 0.14661529326923078 0.5904539134615384
0 0.12098046153846154 0.5587509350961539 0.11719096634615384 0.5587509350961539 0.11719096634615384 0.5690544038461538 0.12098046153846154 0.5690544038461538 0.12098046153846154 0.5587509350961539
0 0.09378525240384615 0.5773764350961538 0.09066449038461538 0.5773764350961538 0.09066449038461538 0.5888687644230769 0.09378525240384615 0.5888687644230769 0.09378525240384615 0.5773764350961538
0 0.22351978125 0.5452771706730769 0.21348876201923075 0.5452771706730769 0.21348876201923075 0.5599397980769231 0.22351978125 0.5599397980769231 0.22351978125 0.5452771706730769
0 0.24714840865384616 0.5417105841346154 0.24112979567307694 0.5417105841346154 0.24112979567307694 0.5571657860576923 0.24714840865384616 0.5571657860576923 0.24714840865384616 0.5417105841346154
0 0.2694395649038462 0.54844746875 0.26208348317307695 0.54844746875 0.26208348317307695 0.5599397980769231 0.2694395649038462 0.5599397980769231 0.2694395649038462 0.54844746875
0 0.27523526442307694 0.5314071177884615 0.27189159134615387 0.5314071177884615 0.27189159134615387 0.5440883076923076 0.27523526442307694 0.5440883076923076 0.27523526442307694 0.5314071177884615
0 0.2973035096153846 0.5246702331730769 0.28994742788461536 0.5246702331730769 0.28994742788461536 0.5413142980769231 0.2973035096153846 0.5413142980769231 0.2973035096153846 0.5246702331730769
0 0.28526628605769233 0.5012892884615385 0.28147678846153845 0.5012892884615385 0.28147678846153845 0.5131779038461539 0.28526628605769233 0.5131779038461539 0.28526628605769233 0.5012892884615385
0 0.3028763004807692 0.4977227019230769 0.29774933413461535 0.4977227019230769 0.29774933413461535 0.5096113197115385 0.3028763004807692 0.5096113197115385 0.3028763004807692 0.4977227019230769
0 0.32360707451923076 0.4897969591346154 0.3207092235576923 0.4897969591346154 0.3207092235576923 0.5020818629807692 0.32360707451923076 0.5020818629807692 0.32360707451923076 0.4897969591346154
0 0.2219594014423077 0.5155556274038461 0.21794699278846152 0.5155556274038461 0.21794699278846152 0.522688798076923 0.2219594014423077 0.522688798076923 0.2219594014423077 0.5155556274038461
0 0.21393458413461539 0.5127816177884615 0.20992217788461537 0.5127816177884615 0.20992217788461537 0.5250665216346154 0.21393458413461539 0.5250665216346154 0.21393458413461539 0.5127816177884615
0 0.17626253125000002 0.5310108293269231 0.16868353846153847 0.5310108293269231 0.16868353846153847 0.5413142980769231 0.17626253125000002 0.5413142980769231 0.17626253125000002 0.5310108293269231
0 0.18607063942307692 0.5171407764423077 0.1784916466346154 0.5171407764423077 0.1784916466346154 0.52784053125 0.18607063942307692 0.52784053125 0.18607063942307692 0.5171407764423077
0 0.16311074759615385 0.5123853317307693 0.15285681730769232 0.5123853317307693 0.15285681730769232 0.5250665216346154 0.16311074759615385 0.5250665216346154 0.16311074759615385 0.5123853317307693
0 0.14327162019230769 0.5274442451923077 0.14059668028846153 0.5274442451923077 0.14059668028846153 0.5341811274038462 0.14327162019230769 0.5341811274038462 0.14327162019230769 0.5274442451923077
0 0.16377948317307695 0.5456734567307693 0.16043581009615385 0.5456734567307693 0.16043581009615385 0.5539954879807693 0.16377948317307695 0.5539954879807693 0.16377948317307695 0.5456734567307693
0 0.16779189182692308 0.5757912860576924 0.16266492548076925 0.5757912860576924 0.16266492548076925 0.5912464879807693 0.16779189182692308 0.5912464879807693 0.16779189182692308 0.5757912860576924
0 0.11607640865384615 0.56707296875 0.11005779567307691 0.56707296875 0.11005779567307691 0.5773764350961538 0.11607640865384615 0.5773764350961538 0.11607640865384615 0.56707296875
0 0.10247880288461539 0.6007573822115385 0.09467689903846153 0.6007573822115385 0.09467689903846153 0.6205717427884616 0.10247880288461539 0.6205717427884616 0.10247880288461539 0.6007573822115385
0 0.08754372836538461 0.5365588509615384 0.08375423076923078 0.5365588509615384 0.08375423076923078 0.54646603125 0.08754372836538461 0.54646603125 0.08754372836538461 0.5365588509615384
0 0.17046682932692309 0.5004967139423078 0.16623150961538463 0.5004967139423078 0.16623150961538463 0.5119890432692308 0.17046682932692309 0.5119890432692308 0.17046682932692309 0.5004967139423078
0 0.299532625 0.48226749999999996 0.29663477644230773 0.48226749999999996 0.29663477644230773 0.4941561177884616 0.299532625 0.4941561177884616 0.299532625 0.48226749999999996
0 0.2957431298076923 0.48504151201923074 0.29150781009615384 0.48504151201923074 0.29150781009615384 0.5004967139423078 0.2957431298076923 0.5004967139423078 0.2957431298076923 0.48504151201923074
0 0.2732290625 0.49019324519230767 0.26921665384615384 0.49019324519230767 0.26921665384615384 0.5012892884615385 0.2732290625 0.5012892884615385 0.2732290625 0.49019324519230767
0 0.2634209519230769 0.48860809615384615 0.2587398100961539 0.48860809615384615 0.2587398100961539 0.49970413942307695 0.2634209519230769 0.49970413942307695 0.2634209519230769 0.48860809615384615
0 0.2429130889423077 0.5211036490384615 0.23734030048076923 0.5211036490384615 0.23734030048076923 0.5302182548076924 0.2429130889423077 0.5302182548076924 0.2429130889423077 0.5211036490384615
0 0.22730927884615384 0.5385402860576923 0.22285104807692308 0.5385402860576923 0.22285104807692308 0.5500326177884616 0.22730927884615384 0.5500326177884616 0.22730927884615384 0.5385402860576923
0 0.21103673557692307 0.52784053125 0.20457230048076921 0.52784053125 0.20457230048076921 0.5397291490384615 0.21103673557692307 0.5397291490384615 0.21103673557692307 0.52784053125
0 0.25628778125 0.5337848413461539 0.25004625721153845 0.5337848413461539 0.25004625721153845 0.5476548942307692 0.25628778125 0.5476548942307692 0.25628778125 0.5337848413461539
0 0.020190475961538463 0.68231534375 0.008696598557692307 0.68231534375 0.008696598557692307 0.6990337115384615 0.020190475961538463 0.6990337115384615 0.020190475961538463 0.68231534375
0 0.034470747596153845 0.6699313677884615 0.04248163221153846 0.6699313677884615 0.04248163221153846 0.6501170072115384 0.034470747596153845 0.6501170072115384 0.034470747596153845 0.6699313677884615
0 0.05118911538461538 0.633398639423077 0.04213333413461539 0.633398639423077 0.04213333413461539 0.6575473918269231 0.05118911538461538 0.6575473918269231 0.05118911538461538 0.633398639423077
0 0.07731156490384615 0.6637393798076924 0.07139047596153845 0.6637393798076924 0.07139047596153845 0.6810769471153846 0.07731156490384615 0.6810769471153846 0.07731156490384615 0.6637393798076924
0 0.07940136057692307 0.628445048076923 0.07139047596153845 0.628445048076923 0.07139047596153845 0.6519746033653846 0.07940136057692307 0.6519746033653846 0.07940136057692307 0.628445048076923
0 0.09228843509615385 0.6018195 0.08462585096153846 0.6018195 0.08462585096153846 0.6241106562500001 0.09228843509615385 0.6241106562500001 0.09228843509615385 0.6018195
0 0.1170176875 0.6494978076923077 0.10761360576923076 0.6494978076923077 0.10761360576923076 0.6594049879807693 0.1170176875 0.6594049879807693 0.1170176875 0.6494978076923077
0 0.06790748317307692 0.5609523798076923 0.060941495192307696 0.5609523798076923 0.060941495192307696 0.5702403629807692 0.06790748317307692 0.5702403629807692 0.06790748317307692 0.5609523798076923
0 0.05432381009615384 0.5690019639423076 0.04805442307692308 0.5690019639423076 0.04805442307692308 0.5844819350961539 0.05432381009615384 0.5844819350961539 0.05432381009615384 0.5690019639423076
0 0.05327891105769231 0.5343268341346155 0.045964624999999995 0.5343268341346155 0.045964624999999995 0.54856840625 0.05327891105769231 0.54856840625 0.05327891105769231 0.5343268341346155
0 0.03586394471153846 0.5380420264423077 0.030639456730769232 0.5380420264423077 0.030639456730769232 0.5498068028846154 0.03586394471153846 0.5498068028846154 0.03586394471153846 0.5380420264423077
0 0.03272925240384615 0.633398639423077 0.026808163461538463 0.633398639423077 0.026808163461538463 0.6470210120192307 0.03272925240384615 0.6470210120192307 0.03272925240384615 0.633398639423077
0 0.4633589110576923 0.45628940384615385 0.46029387740384614 0.45628940384615385 0.46029387740384614 0.4671873028846154 0.4633589110576923 0.4671873028846154 0.4633589110576923 0.45628940384615385
0 0.5138542572115384 0.5457028701923077 0.5098418509615384 0.5457028701923077 0.5098418509615384 0.5587803485576923 0.5138542572115384 0.5587803485576923 0.5138542572115384 0.5457028701923077
0 0.4879965168269231 0.5476843052884616 0.4828695504807692 0.5476843052884616 0.4828695504807692 0.5567989110576923 0.4879965168269231 0.5567989110576923 0.4879965168269231 0.5476843052884616
0 0.49200892548076924 0.5476843052884616 0.4879965168269231 0.5476843052884616 0.4879965168269231 0.5556100504807693 0.49200892548076924 0.5556100504807693 0.49200892548076924 0.5476843052884616
0 0.6054709110576924 0.5195479110576924 0.600566858173077 0.5195479110576924 0.600566858173077 0.5314365288461539 0.6054709110576924 0.5314365288461539 0.6054709110576924 0.5195479110576924
0 0.5854088701923077 0.5005261249999999 0.5780527884615384 0.5005261249999999 0.5780527884615384 0.50884815625 0.5854088701923077 0.50884815625 0.5854088701923077 0.5005261249999999
0 0.5811735504807692 0.4858634975961538 0.5735945576923077 0.4858634975961538 0.5735945576923077 0.49497810576923074 0.5811735504807692 0.49497810576923074 0.5811735504807692 0.4858634975961538
0 0.40239847596153844 0.46525656249999997 0.3948194831730769 0.46525656249999997 0.3948194831730769 0.47437116826923076 0.40239847596153844 0.47437116826923076 0.40239847596153844 0.46525656249999997
0 0.4166648173076923 0.45693453125 0.41176076201923073 0.45693453125 0.41176076201923073 0.46644542307692305 0.4166648173076923 0.46644542307692305 0.4166648173076923 0.45693453125
0 0.38211352403846155 0.43315729807692305 0.37676364663461537 0.43315729807692305 0.37676364663461537 0.4458384879807692 0.38211352403846155 0.4458384879807692 0.38211352403846155 0.43315729807692305
0 0.16819047596153844 0.9356402115384616 0.17820408173076924 0.9356402115384616 0.17820408173076924 0.9186122451923077 0.16819047596153844 0.9186122451923077 0.16819047596153844 0.9356402115384616
0 0.17297959134615384 0.9186122451923077 0.16819047596153844 0.9186122451923077 0.16819047596153844 0.9279002259615384 0.17297959134615384 0.9279002259615384 0.17297959134615384 0.9186122451923077
0 0.2147755096153846 0.6748027211538462 0.22304762019230767 0.6748027211538462 0.22304762019230767 0.66009675 0.2147755096153846 0.66009675 0.2147755096153846 0.6748027211538462
0 0.045964624999999995 0.5171198798076924 0.04063673557692308 0.5171198798076924 0.04063673557692308 0.5343268341346155 0.045964624999999995 0.5343268341346155 0.045964624999999995 0.5171198798076924
0 0.026356461538461537 0.5034975048076923 0.022525170673076925 0.5034975048076923 0.022525170673076925 0.5208350721153846 0.026356461538461537 0.5208350721153846 0.026356461538461537 0.5034975048076923
0 0.018345576923076923 0.5121662884615384 0.0138176875 0.5121662884615384 0.0138176875 0.5264078605769231 0.018345576923076923 0.5264078605769231 0.018345576923076923 0.5121662884615384
0 0.04446802644230769 0.5524142091346154 0.03819863942307693 0.5524142091346154 0.03819863942307693 0.5685133798076923 0.04446802644230769 0.5685133798076923 0.04446802644230769 0.5524142091346154
0 0.2751954278846154 0.4621845625 0.27140593269230767 0.4621845625 0.27140593269230767 0.4736768918269231 0.2751954278846154 0.4736768918269231 0.2751954278846154 0.4621845625
0 0.2680622572115384 0.45663654086538463 0.2640498509615385 0.45663654086538463 0.2640498509615385 0.4697140192307692 0.2680622572115384 0.4697140192307692 0.2680622572115384 0.45663654086538463
0 0.35009371394230765 0.4760546153846154 0.3469729519230769 0.4760546153846154 0.3469729519230769 0.4879432331730769 0.35009371394230765 0.4879432331730769 0.35009371394230765 0.4760546153846154
0 0.33070040865384615 0.47407317788461534 0.32646508894230764 0.47407317788461534 0.32646508894230764 0.48913209375 0.33070040865384615 0.48913209375 0.33070040865384615 0.47407317788461534