0 0.3034013605769231 0.596145125 0.2619047620192308 0.596145125 0.2619047620192308 0.7110355240384615 0.3034013605769231 0.7110355240384615 0.3034013605769231 0.596145125
0 0.03877550961538461 0.61186696875 0.002721088942307692 0.61186696875 0.002721088942307692 0.6820105817307692 0.03877550961538461 0.6820105817307692 0.03877550961538461 0.61186696875
0 0.23537414903846152 0.5102796682692308 0.21224489903846155 0.5102796682692308 0.21224489903846155 0.6287981850961538 0.23537414903846152 0.6287981850961538 0.23537414903846152 0.5102796682692308
0 0.7918367355769231 0.5683295528846154 0.7748299326923077 0.5683295528846154 0.7748299326923077 0.6517762668269231 0.7918367355769231 0.6517762668269231 0.7918367355769231 0.5683295528846154
0 0.8170068028846154 0.47762660576923077 0.7925170072115384 0.47762660576923077 0.7925170072115384 0.6566137572115385 0.8170068028846154 0.6566137572115385 0.8170068028846154 0.47762660576923077
0 0.8795918365384616 0.5356764927884615 0.8551020408653845 0.5356764927884615 0.8551020408653845 0.6687074831730769 0.8795918365384616 0.6687074831730769 0.8795918365384616 0.5356764927884615
0 0.8993197283653847 0.4873015865384615 0.868707483173077 0.4873015865384615 0.868707483173077 0.6650793653846154 0.8993197283653847 0.6650793653846154 0.8993197283653847 0.4873015865384615
0 0.2053344230769231 0.52255721875 0.19112381009615384 0.52255721875 0.19112381009615384 0.5844770961538461 0.2053344230769231 0.5844770961538461 0.2053344230769231 0.52255721875
0 0.19251700721153847 0.5552509158653847 0.1780277548076923 0.5552509158653847 0.1780277548076923 0.5948796370192307 0.19251700721153847 0.5948796370192307 0.19251700721153847 0.5552509158653847
0 0.28307482932692307 0.5304829639423077 0.2716506129807692 0.5304829639423077 0.2716506129807692 0.5621859399038461 0.28307482932692307 0.5621859399038461 0.28307482932692307 0.5304829639423077
0 0.3301648990384616 0.5294922451923078 0.32319891105769233 0.5294922451923078 0.32319891105769233 0.5631766586538461 0.3301648990384616 0.5631766586538461 0.3301648990384616 0.5294922451923078
0 0.3360163269230769 0.5488112475961539 0.32793578125 0.5488112475961539 0.32793578125 0.5725884807692307 0.3360163269230769 0.5725884807692307 0.3360163269230769 0.5488112475961539
0 0.05535738701923077 0.5463116201923077 0.04621801442307692 0.5463116201923077 0.04621801442307692 0.5926772235576923 0.05535738701923077 0.5926772235576923 0.05535738701923077 0.5463116201923077
0 0.5559782307692308 0.5715164927884615 0.5359161899038462 0.5715164927884615 0.5359161899038462 0.6180802427884615 0.5559782307692308 0.6180802427884615 0.5559782307692308 0.5715164927884615
0 0.4383923798076923 0.5660675432692307 0.42167401442307695 0.5660675432692307 0.42167401442307695 0.5804329567307692 0.4383923798076923 0.5804329567307692 0.4383923798076923 0.5660675432692307
0 0.9843537427884615 0.5235827668269231 0.9496598629807692 0.5235827668269231 0.9496598629807692 0.6215419495192307 0.9843537427884615 0.6215419495192307 0.9843537427884615 0.5235827668269231
1 0 0 0 0.0652305360576923 0.12040816346153846 0.0652305360576923 0.12040816346153846 0 0 0
0 0.6953686298076923 0.6270474086538461 0.7212173389423077 0.6270474086538461 0.7212173389423077 0.5222211201923077 0.6953686298076923 0.5222211201923077 0.6953686298076923 0.6270474086538461
0 1 0.5365463894230769 0.9435104927884616 0.5365463894230769 0.9435104927884616 0.7283098341346155 1 0.7283098341346155 1 0.5365463894230769
0 0.5108614447115385 0.5504607379807692 0.4944239759615385 0.5504607379807692 0.4944239759615385 0.5761123461538461 0.5108614447115385 0.5761123461538461 0.5108614447115385 0.5504607379807692
0 0.3759446033653846 0.6397891778846153 0.42227407692307695 0.6397891778846153 0.42227407692307695 0.568290016826923 0.3759446033653846 0.568290016826923 0.3759446033653846 0.6397891778846153
0 0.40468374278846153 0.5784202860576924 0.3809822115384615 0.5784202860576924 0.3809822115384615 0.6311270625 0.40468374278846153 0.6311270625 0.40468374278846153 0.5784202860576924
0 0.36871852644230774 0.5097014447115384 0.3417136442307692 0.5097014447115384 0.3417136442307692 0.6173172259615385 0.36871852644230774 0.6173172259615385 0.36871852644230774 0.5097014447115384
0 0.21686123317307693 0.7376732692307691 0.27105680769230767 0.7376732692307691 0.27105680769230767 0.5874167524038462 0.21686123317307693 0.5874167524038462 0.21686123317307693 0.7376732692307691
0 0.2354425721153846 0.7833237235576923 0.2714943245192308 0.7833237235576923 0.2714943245192308 0.5108798389423077 0.2354425721153846 0.5108798389423077 0.2354425721153846 0.7833237235576923
0 0.2459658701923077 0.5078843149038461 0.23019237740384615 0.5078843149038461 0.23019237740384615 0.6200513798076923 0.2459658701923077 0.6200513798076923 0.2459658701923077 0.5078843149038461
0 0.1879095048076923 0.56073790625 0.1737051009615385 0.56073790625 0.1737051009615385 0.5896605649038462 0.1879095048076923 0.5896605649038462 0.1879095048076923 0.56073790625
0 0.1377966610576923 0.6252266249999999 0.17182116105769232 0.6252266249999999 0.17182116105769232 0.5090955432692308 0.1377966610576923 0.5090955432692308 0.1377966610576923 0.6252266249999999