1 0.14353741586538463 0.03197278846153846 0.01632653125 0.03197278846153846 0.01632653125 0.09848828365384615 0.14353741586538463 0.09848828365384615 0.14353741586538463 0.03197278846153846
1 0.1935712644230769 0.20331980048076922 0.1935712644230769 0.1898460360576923 0.18354024519230772 0.1898460360576923 0.18354024519230772 0.20331980048076922 0.18869104807692308 0.20331980048076922 0.1935712644230769 0.20331980048076922
1 0.3511697427884615 0.12247720673076924 0.33578884375 0.12247720673076924 0.33578884375 0.13832869471153847 0.3511697427884615 0.13832869471153847 0.3511697427884615 0.12247720673076924
1 0.5655079182692307 0.3302122091346154 0.555712 0.3302122091346154 0.555712 0.37181462740384613 0.5655079182692307 0.37181462740384613 0.5655079182692307 0.3302122091346154
1 0.39026982211538463 0.3137647403846154 0.3826507764423077 0.3137647403846154 0.3826507764423077 0.32634221634615385 0.39026982211538463 0.32634221634615385 0.39026982211538463 0.3137647403846154
1 0.40931744230769235 0.2537798581730769 0.4011541778846154 0.2537798581730769 0.4011541778846154 0.2682923293269231 0.40931744230769235 0.2682923293269231 0.40931744230769235 0.2537798581730769
1 0.5372085985576923 0.24894236778846152 0.5268684615384616 0.24894236778846152 0.5268684615384616 0.27022732692307694 0.5372085985576923 0.27022732692307694 0.5372085985576923 0.24894236778846152
1 0.5627868293269231 0.18702248798076923 0.5578888701923077 0.18702248798076923 0.5578888701923077 0.20250245913461537 0.5627868293269231 0.20250245913461537 0.5627868293269231 0.18702248798076923
1 0.5165283269230769 0.1812175 0.5083650625 0.1812175 0.5083650625 0.19476247355769233 0.5165283269230769 0.19476247355769233 0.5165283269230769 0.1812175
1 0.5301337692307693 0.19089248076923077 0.5225147211538462 0.19089248076923077 0.5225147211538462 0.1995999639423077 0.5301337692307693 0.1995999639423077 0.5301337692307693 0.19089248076923077
1 0.67210884375 0.8857898701923077 0.6578231298076923 0.8857898701923077 0.6578231298076923 0.972864701923077 0.67210884375 0.972864701923077 0.67210884375 0.8857898701923077
1 0.7963134399038462 0.33490641346153843 0.7825036225961538 0.33490641346153843 0.7825036225961538 0.3519499350961538 0.7963134399038462 0.3519499350961538 0.7963134399038462 0.33490641346153843
1 0.928163264423077 0.37011337980769227 0.9206802716346154 0.37011337980769227 0.9206802716346154 0.39430083173076924 0.928163264423077 0.39430083173076924 0.928163264423077 0.37011337980769227
1 0.4075570072115384 0.11564423317307693 0.4024439519230769 0.11564423317307693 0.4024439519230769 0.1310645625 0.4075570072115384 0.1310645625 0.4075570072115384 0.11564423317307693
1 0.48333980528846154 0.17570235576923077 0.4805093653846154 0.17570235576923077 0.4805093653846154 0.18398063701923076 0.48333980528846154 0.18398063701923076 0.48333980528846154 0.17570235576923077
1 0.53693559375 0.1542762139423077 0.525248608173077 0.1542762139423077 0.525248608173077 0.15979506971153848 0.53693559375 0.15979506971153848 0.53693559375 0.1542762139423077
1 0.19628434134615386 0.09834634375 0.19177239663461537 0.09834634375 0.19177239663461537 0.10636757932692308 0.19628434134615386 0.10636757932692308 0.19628434134615386 0.09834634375
1 0.2671863317307692 0.1196599110576923 0.2634478629807692 0.1196599110576923 0.2634478629807692 0.12768114903846153 0.2671863317307692 0.12768114903846153 0.2671863317307692 0.1196599110576923
1 0.2570022283653846 0.10613840144230768 0.2532637596153846 0.10613840144230768 0.2532637596153846 0.11461799278846155 0.2570022283653846 0.11461799278846155 0.2570022283653846 0.10613840144230768
1 0.2727391802884615 0.08248806009615385 0.26764616826923077 0.08248806009615385 0.26764616826923077 0.09193596875 0.2727391802884615 0.09193596875 0.2727391802884615 0.08248806009615385
1 0.2948827139423077 0.11476841105769231 0.28779678365384614 0.11476841105769231 0.28779678365384614 0.12421631730769231 0.2948827139423077 0.12421631730769231 0.2948827139423077 0.11476841105769231
1 0.34780575721153845 0.10059654807692307 0.34249131009615386 0.10059654807692307 0.34249131009615386 0.11398108413461538 0.34780575721153845 0.11398108413461538 0.34780575721153845 0.10059654807692307
1 0.17434868990384617 0.10935538461538462 0.17434868990384617 0.10179706009615384 0.16995541346153847 0.10179706009615384 0.16995541346153847 0.10935538461538462 0.17265465384615386 0.10935538461538462 0.17434868990384617 0.10935538461538462
1 0.14416262740384617 0.10381261298076924 0.1410448173076923 0.10381261298076924 0.1410448173076923 0.11011121874999999 0.14416262740384617 0.11011121874999999 0.14416262740384617 0.10381261298076924
1 0.27000875240384614 0.1111189951923077 0.26604063221153845 0.1111189951923077 0.26604063221153845 0.11666176682692307 0.27000875240384614 0.11666176682692307 0.27000875240384614 0.1111189951923077
1 0.39281929807692306 0.2602951466346154 0.3883912019230769 0.2602951466346154 0.3883912019230769 0.2660397043269231 0.39281929807692306 0.2660397043269231 0.39281929807692306 0.2602951466346154
1 0.8577211826923077 0.3509794278846154 0.8504750360576924 0.3509794278846154 0.8504750360576924 0.3630303701923077 0.8577211826923077 0.3630303701923077 0.8577211826923077 0.3509794278846154
1 0.4663077451923077 0.17192229807692308 0.46247803846153845 0.17192229807692308 0.46247803846153845 0.1789434230769231 0.4663077451923077 0.1789434230769231 0.4663077451923077 0.17192229807692308
1 0.5008173245192308 0.20843252884615385 0.4960301923076923 0.20843252884615385 0.4960301923076923 0.21800679326923078 0.5008173245192308 0.21800679326923078 0.5008173245192308 0.20843252884615385
1 0.4809009375 0.19018261538461537 0.47551541346153847 0.19018261538461537 0.47551541346153847 0.19762926442307693 0.4809009375 0.19762926442307693 0.4809009375 0.19018261538461537
1 0.4565897427884615 0.16617565625000003 0.45314899278846155 0.16617565625000003 0.45314899278846155 0.17495206490384613 0.4565897427884615 0.17495206490384613 0.4565897427884615 0.16617565625000003
1 0.4488854519230769 0.13864964423076923 0.4427519375 0.13864964423076923 0.4427519375 0.1532769951923077 0.4488854519230769 0.1532769951923077 0.4488854519230769 0.13864964423076923
1 0.4244261971153846 0.16378209134615382 0.42016265865384617 0.16378209134615382 0.42016265865384617 0.17295742788461538 0.4244261971153846 0.17295742788461538 0.4244261971153846 0.16378209134615382
1 0.30718567788461537 0.11426635576923078 0.30396932211538463 0.11426635576923078 0.30396932211538463 0.12158003125 0.30718567788461537 0.12158003125 0.30718567788461537 0.11426635576923078