1 0.29487096634615384 0.4331827596153846 0.28485159615384614 0.4331827596153846 0.28485159615384614 0.4572085360576923 0.29487096634615384 0.4572085360576923 0.29487096634615384 0.4331827596153846
0 0.37587715384615383 0.4137111057692308 0.3475433076923077 0.4137111057692308 0.3475433076923077 0.4386316346153846 0.37587715384615383 0.4386316346153846 0.37587715384615383 0.4137111057692308
0 0.4171849206730769 0.403106625 0.39705297596153843 0.403106625 0.39705297596153843 0.42511092067307693 0.4171849206730769 0.42511092067307693 0.4171849206730769 0.403106625
1 0.4279219567307692 0.39594860096153844 0.41957092788461536 0.39594860096153844 0.41957092788461536 0.4221946899038462 0.4279219567307692 0.4221946899038462 0.4279219567307692 0.39594860096153844
0 0.5233917235576923 0.33050516105769234 0.5166727259615385 0.33050516105769234 0.5166727259615385 0.3409569375 0.5233917235576923 0.3409569375 0.5233917235576923 0.33050516105769234
0 0.5322485865384615 0.3387851394230769 0.527972860576923 0.3387851394230769 0.527972860576923 0.3557523076923077 0.5322485865384615 0.3557523076923077 0.5322485865384615 0.3387851394230769
0 0.5379750048076923 0.34882970432692306 0.5300343701923077 0.34882970432692306 0.5300343701923077 0.36308212500000003 0.5379750048076923 0.36308212500000003 0.5379750048076923 0.34882970432692306
1 0.6643918485576923 0.2638885625 0.6608246706730768 0.2638885625 0.6608246706730768 0.2713595480769231 0.6643918485576923 0.2713595480769231 0.6643918485576923 0.2638885625
0 0.2829699375 0.7070499879807692 0.2689894230769231 0.7070499879807692 0.2689894230769231 0.7779674519230769 0.2829699375 0.7779674519230769 0.2829699375 0.7070499879807692
0 0.29732326923076924 0.6901490985576924 0.28278353125 0.6901490985576924 0.28278353125 0.7640490721153845 0.29732326923076924 0.7640490721153845 0.29732326923076924 0.6901490985576924
0 0.30832127403846155 0.6855096370192307 0.29900093028846153 0.6855096370192307 0.29900093028846153 0.7541073701923077 0.30832127403846155 0.7541073701923077 0.30832127403846155 0.6855096370192307
0 0.3172688052884615 0.6566787067307692 0.3064572043269231 0.6566787067307692 0.3064572043269231 0.6967768990384615 0.3172688052884615 0.6967768990384615 0.3172688052884615 0.6566787067307692
0 0.33423183173076926 0.6974396778846154 0.31931928125 0.6974396778846154 0.31931928125 0.7501306923076924 0.33423183173076926 0.7501306923076924 0.33423183173076926 0.6974396778846154
0 0.3243522668269231 0.803815875 0.3461618701923077 0.803815875 0.3461618701923077 0.7312414591346154 0.3243522668269231 0.7312414591346154 0.3243522668269231 0.803815875
0 0.3538045528846154 0.6881607572115385 0.3392648173076923 0.6881607572115385 0.3392648173076923 0.753113201923077 0.3538045528846154 0.753113201923077 0.3538045528846154 0.6881607572115385
0 0.3728180552884615 0.6901490985576924 0.3573462836538462 0.6901490985576924 0.3573462836538462 0.7806185721153847 0.3728180552884615 0.7806185721153847 0.3728180552884615 0.6901490985576924
0 0.3899674879807692 0.6914746586538462 0.3728180552884615 0.6914746586538462 0.3728180552884615 0.7743221610576924 0.3899674879807692 0.7743221610576924 0.3899674879807692 0.6914746586538462
0 0.3392648173076923 0.6725854278846154 0.3256571153846154 0.6725854278846154 0.3256571153846154 0.6984338485576923 0.3392648173076923 0.6984338485576923 0.3392648173076923 0.6725854278846154
0 0.31391348076923076 0.5638895024038462 0.2997465576923077 0.5638895024038462 0.2997465576923077 0.61691190625 0.31391348076923076 0.61691190625 0.31391348076923076 0.5638895024038462
0 0.3396041009615385 0.5691055408653847 0.3243336490384615 0.5691055408653847 0.3243336490384615 0.6441004254807693 0.3396041009615385 0.6441004254807693 0.3396041009615385 0.5691055408653847
0 0.351856625 0.59414271875 0.34393433173076926 0.59414271875 0.34393433173076926 0.6256247692307693 0.351856625 0.6256247692307693 0.351856625 0.59414271875
0 0.36700218509615384 0.6098837451923077 0.35931290144230765 0.6098837451923077 0.35931290144230765 0.662077673076923 0.36700218509615384 0.662077673076923 0.36700218509615384 0.6098837451923077
0 0.3947302091346154 0.6256247692307693 0.3756235024038462 0.6256247692307693 0.3756235024038462 0.6861034471153846 0.3947302091346154 0.6861034471153846 0.3947302091346154 0.6256247692307693
0 0.4858915528846154 0.6053466850961539 0.46710173798076926 0.6053466850961539 0.46710173798076926 0.68885696875 0.4858915528846154 0.68885696875 0.4858915528846154 0.6053466850961539
0 0.5081112524038461 0.6159511658653846 0.4958829615384615 0.6159511658653846 0.4958829615384615 0.6742758076923077 0.5081112524038461 0.6742758076923077 0.5081112524038461 0.6159511658653846
0 0.4870845552884615 0.6864709615384614 0.5015497307692308 0.6864709615384614 0.5015497307692308 0.6257603100961538 0.4870845552884615 0.6257603100961538 0.4870845552884615 0.6864709615384614
0 0.49379520432692303 0.5804261562499999 0.4844002980769231 0.5804261562499999 0.4844002980769231 0.6175418389423076 0.49379520432692303 0.6175418389423076 0.49379520432692303 0.5804261562499999
0 0.5046813653846154 0.5642543221153846 0.49394432932692306 0.5642543221153846 0.49394432932692306 0.6159511658653846 0.5046813653846154 0.6159511658653846 0.5046813653846154 0.5642543221153846
0 0.4659087355769231 0.5382733461538461 0.4559173245192308 0.5382733461538461 0.4559173245192308 0.567965891826923 0.4659087355769231 0.567965891826923 0.4659087355769231 0.5382733461538461
0 0.45621557692307696 0.5276688653846153 0.44219777884615385 0.5276688653846153 0.44219777884615385 0.5817517163461539 0.45621557692307696 0.5817517163461539 0.45621557692307696 0.5276688653846153
0 0.4447329110576923 0.5260781947115385 0.4331011225961538 0.5260781947115385 0.4331011225961538 0.5695565649038461 0.4447329110576923 0.5695565649038461 0.4447329110576923 0.5260781947115385
0 0.4411538990384616 0.5154737139423077 0.42668872596153845 0.5154737139423077 0.42668872596153845 0.5541800673076923 0.4411538990384616 0.5541800673076923 0.4411538990384616 0.5154737139423077
0 0.4314607427884616 0.5517940576923077 0.4183376971153846 0.5517940576923077 0.4183376971153846 0.5804261562499999 0.4314607427884616 0.5804261562499999 0.4314607427884616 0.5517940576923077
1 0.4729307548076923 0.56424371875 0.4569731346153846 0.56424371875 0.4569731346153846 0.6207104567307693 0.4729307548076923 0.6207104567307693 0.4729307548076923 0.56424371875
0 0.45264178365384616 0.6123749375 0.43362828124999997 0.6123749375 0.43362828124999997 0.6879318605769231 0.45264178365384616 0.6879318605769231 0.45264178365384616 0.6123749375
0 0.4141053076923077 0.5244196802884615 0.40113138701923073 0.5244196802884615 0.40113138701923073 0.5564982331730769 0.4141053076923077 0.5564982331730769 0.4141053076923077 0.5244196802884615
0 0.40777761298076926 0.5678556322115385 0.39479772836538457 0.5678556322115385 0.39479772836538457 0.5990752211538461 0.40777761298076926 0.5990752211538461 0.40777761298076926 0.5678556322115385
0 0.39836257451923074 0.5120700985576924 0.3867121442307692 0.5120700985576924 0.3867121442307692 0.5563935144230769 0.39836257451923074 0.5563935144230769 0.39836257451923074 0.5120700985576924
0 0.3881101947115385 0.5058565360576923 0.3771587908653846 0.5058565360576923 0.3771587908653846 0.5563935144230769 0.3881101947115385 0.5563935144230769 0.3881101947115385 0.5058565360576923
0 0.35930041105769234 0.5592492211538461 0.35930041105769234 0.545073889423077 0.34665456730769234 0.545073889423077 0.34665456730769234 0.5923698725961539 0.35930041105769234 0.5923698725961539 0.35930041105769234 0.5592492211538461
0 0.37170765384615384 0.52025940625 0.36097061778846157 0.52025940625 0.36097061778846157 0.56182896875 0.37170765384615384 0.56182896875 0.37170765384615384 0.52025940625
0 0.39307747596153847 0.5880507692307693 0.38281763942307695 0.5880507692307693 0.38281763942307695 0.6190158533653847 0.39307747596153847 0.6190158533653847 0.39307747596153847 0.5880507692307693
0 0.585430875 0.6522355240384615 0.5730814182692308 0.6522355240384615 0.5730814182692308 0.7201704759615384 0.585430875 0.7201704759615384 0.585430875 0.6522355240384615
0 0.5982463485576923 0.6443650120192307 0.5842658317307692 0.6443650120192307 0.5842658317307692 0.7114714903846154 0.5982463485576923 0.7114714903846154 0.5982463485576923 0.6443650120192307
0 0.644988278846154 0.6878463100961538 0.6327599879807693 0.6878463100961538 0.6327599879807693 0.7785146177884615 0.644988278846154 0.7785146177884615 0.644988278846154 0.6878463100961538
0 0.6639272187499999 0.7000414639423076 0.6473742884615384 0.7000414639423076 0.6473742884615384 0.7798401778846155 0.6639272187499999 0.7798401778846155 0.6639272187499999 0.7000414639423076
0 0.6587078269230768 0.6676977980769231 0.64543565625 0.6676977980769231 0.64543565625 0.7090552716346153 0.6587078269230768 0.7090552716346153 0.6587078269230768 0.6676977980769231
0 0.6843574134615384 0.6907625432692307 0.6658658509615385 0.6907625432692307 0.6658658509615385 0.7801052908653846 0.6843574134615384 0.7801052908653846 0.6843574134615384 0.6907625432692307
0 0.6736203774038461 0.6780371658653847 0.6658658509615385 0.6780371658653847 0.6658658509615385 0.6984507908653845 0.6736203774038461 0.6984507908653845 0.6736203774038461 0.6780371658653847
0 0.6959892043269231 0.6751209326923077 0.6815240288461539 0.6751209326923077 0.6815240288461539 0.7549196490384615 0.6959892043269231 0.7549196490384615 0.6959892043269231 0.6751209326923077
0 0.7086648701923076 0.7117063918269231 0.6995682139423077 0.7117063918269231 0.6995682139423077 0.7968073461538462 0.7086648701923076 0.7968073461538462 0.7086648701923076 0.7117063918269231
0 0.7098578750000001 0.6703489182692308 0.7016559711538461 0.6703489182692308 0.7016559711538461 0.6971252307692308 0.7098578750000001 0.6971252307692308 0.7098578750000001 0.6703489182692308
0 0.7104543774038461 0.7607521129807692 0.7214896634615384 0.7607521129807692 0.7214896634615384 0.6737953725961539 0.7104543774038461 0.6737953725961539 0.7104543774038461 0.7607521129807692
0 0.732674076923077 0.6859905264423076 0.7214896634615384 0.6859905264423076 0.7214896634615384 0.7209853125 0.732674076923077 0.7209853125 0.732674076923077 0.6859905264423076
0 0.7176124014423078 0.78540753125 0.7331214543269231 0.78540753125 0.7331214543269231 0.7026925817307692 0.7176124014423078 0.7026925817307692 0.7176124014423078 0.78540753125
1 0.1519234879807692 0.01962201923076923 0.01610609375 0.01962201923076923 0.01610609375 0.09926363221153847 0.1519234879807692 0.09926363221153847 0.1519234879807692 0.01962201923076923
1 0.41189187019230766 0.6014333149038461 0.39525240625 0.6014333149038461 0.39525240625 0.6635287788461538 0.41189187019230766 0.6635287788461538 0.41189187019230766 0.6014333149038461
1 0.43362828124999997 0.5817174326923077 0.43362828124999997 0.5770425 0.4091161274038461 0.5770425 0.4091161274038461 0.6669051177884615 0.43362828124999997 0.6669051177884615 0.43362828124999997 0.5817174326923077
1 0.4569731346153846 0.5804261562499999 0.4314607427884616 0.5804261562499999 0.4314607427884616 0.6123642211538461 0.4569731346153846 0.6123642211538461 0.4569731346153846 0.5804261562499999
1 0.46710173798076926 0.6160652115384615 0.4542949807692308 0.6160652115384615 0.4542949807692308 0.6524258100961539 0.46710173798076926 0.6524258100961539 0.46710173798076926 0.6160652115384615
1 0.3801369591346154 0.55858434375 0.3603152403846154 0.55858434375 0.3603152403846154 0.6240084855769231 0.3801369591346154 0.6240084855769231 0.3801369591346154 0.55858434375