1 0.22374315625 0.8267834423076923 0.024639125 0.8267834423076923 0.024639125 0.898840139423077 0.22374315625 0.898840139423077 0.22374315625 0.8267834423076923
0 0.5735973822115384 1 0.5735973822115384 0.9329722596153847 0.5472872067307692 0.9329722596153847 0.5472872067307692 1 0.5735973822115384 1
0 0.6418616225961539 1 0.6418616225961539 0.9582553100961538 0.6055962451923077 0.9582553100961538 0.6055962451923077 1 0.6418616225961539 1
0 0.4093365576923077 1 0.4093365576923077 0.953198701923077 0.38800398317307694 0.953198701923077 0.38800398317307694 1 0.4093365576923077 1
0 0.4470241057692308 1 0.4470241057692308 0.9355005649038461 0.41786958653846157 0.9355005649038461 0.41786958653846157 1 0.4470241057692308 1
0 0.4683566802884615 1 0.4683566802884615 0.92538734375 0.4498684495192308 0.92538734375 0.4498684495192308 1 0.4683566802884615 1
0 0.48613382692307694 1 0.48613382692307694 0.9418213269230769 0.4683566802884615 0.9418213269230769 0.4683566802884615 1 0.48613382692307694 1
0 0.5117329158653846 1 0.5117329158653846 0.9291798028846153 0.48613382692307694 0.9291798028846153 0.48613382692307694 1 0.5117329158653846 1
1 0.2719807139423077 0.30902087019230773 0.2612150456730769 0.30902087019230773 0.2612150456730769 0.3440411081730769 0.2719807139423077 0.3440411081730769 0.2719807139423077 0.30902087019230773
1 0.7353272139423077 1 0.7353272139423077 0.9858131418269231 0.7232778725961538 0.9858131418269231 0.7232778725961538 1 0.7353272139423077 1
0 0.3138487115384615 0.933443875 0.29657401442307696 0.933443875 0.29657401442307696 0.9790855576923078 0.3138487115384615 0.9790855576923078 0.3138487115384615 0.933443875