1 0.15537159375 0.02835634375 0.010589153846153847 0.02835634375 0.010589153846153847 0.09270409615384614 0.15537159375 0.09270409615384614 0.15537159375 0.02835634375
1 0.4961894543269231 0.31341820673076926 0.4854644639423077 0.31341820673076926 0.4854644639423077 0.3324848557692308 0.4961894543269231 0.3324848557692308 0.4961894543269231 0.31341820673076926
1 0.48325637740384614 0.2909868557692308 0.47537035576923076 0.2909868557692308 0.47537035576923076 0.30668880048076924 0.48325637740384614 0.30668880048076924 0.48325637740384614 0.2909868557692308
1 0.5110151754807692 0.3038848822115385 0.4993438629807692 0.3038848822115385 0.4993438629807692 0.31790447836538466 0.5110151754807692 0.31790447836538466 0.5110151754807692 0.3038848822115385
1 0.8000745072115384 0.14285385336538461 0.7519483822115384 0.14285385336538461 0.7519483822115384 0.16343470913461539 0.8000745072115384 0.16343470913461539 0.8000745072115384 0.14285385336538461
1 0.17373189182692308 0.5396617740384616 0.1527586658653846 0.5396617740384616 0.1527586658653846 0.5836165 0.17373189182692308 0.5836165 0.17373189182692308 0.5396617740384616
1 0.07163448798076923 0.8654396370192308 0.05842987980769231 0.8654396370192308 0.05842987980769231 0.8813482163461538 0.07163448798076923 0.8813482163461538 0.07163448798076923 0.8654396370192308
1 0.534573045673077 0.25930238221153845 0.5214775697115385 0.25930238221153845 0.5214775697115385 0.27152482692307695 0.534573045673077 0.27152482692307695 0.534573045673077 0.25930238221153845
1 0.5302842764423077 0.2905274879807692 0.5238238413461539 0.2905274879807692 0.5238238413461539 0.30697928846153844 0.5302842764423077 0.30697928846153844 0.5302842764423077 0.2905274879807692
1 0.5783883293269231 0.37728744951923077 0.5707056490384615 0.37728744951923077 0.5707056490384615 0.3924976033653846 0.5783883293269231 0.3924976033653846 0.5783883293269231 0.37728744951923077
1 0.629702139423077 0.2154398076923077 0.6196622740384616 0.2154398076923077 0.6196622740384616 0.22126001923076924 0.629702139423077 0.22126001923076924 0.629702139423077 0.2154398076923077
1 0.65763915625 0.23309445192307693 0.6490179663461538 0.23309445192307693 0.6490179663461538 0.24182476923076923 0.65763915625 0.24182476923076923 0.65763915625 0.23309445192307693
1 0.691469139423077 0.22223005528846154 0.6865583365384615 0.22223005528846154 0.6865583365384615 0.22979633173076924 0.691469139423077 0.22979633173076924 0.691469139423077 0.22223005528846154
1 0.6851396586538462 0.20438140625 0.6825205625 0.20438140625 0.6825205625 0.2136937451923077 0.6851396586538462 0.2136937451923077 0.6851396586538462 0.20438140625
1 0.7449423365384615 0.19332300240384617 0.7392676298076922 0.19332300240384617 0.7392676298076922 0.19856119471153846 0.7449423365384615 0.19856119471153846 0.7449423365384615 0.19332300240384617
1 0.4195297403846154 0.3694107620192308 0.4085461033653846 0.3694107620192308 0.4085461033653846 0.3931948774038462 0.4195297403846154 0.3931948774038462 0.4195297403846154 0.3694107620192308