0 0.9800433629807692 0.32571272355769226 0.977011766826923 0.32571272355769226 0.977011766826923 0.3399790625 0.9800433629807692 0.3399790625 0.9800433629807692 0.32571272355769226
0 0.9698785961538461 0.31525074038461537 0.9675603149038461 0.31525074038461537 0.9675603149038461 0.3279319302884615 0.9698785961538461 0.3279319302884615 0.9698785961538461 0.31525074038461537
0 0.930111173076923 0.21697150721153846 0.9272579038461538 0.21697150721153846 0.9272579038461538 0.22616537259615385 0.930111173076923 0.22616537259615385 0.930111173076923 0.21697150721153846
0 0.9060367235576923 0.1478590168269231 0.9060367235576923 0.14120139182692307 0.9042534302884615 0.14120139182692307 0.9042534302884615 0.1478590168269231 0.9050788461538463 0.1478590168269231 0.9060367235576923 0.1478590168269231
0 0.9014001634615384 0.1465908966346154 0.9014001634615384 0.13961624278846155 0.8996168701923076 0.13961624278846155 0.8996168701923076 0.1465908966346154 0.9007105865384616 0.1465908966346154 0.9014001634615384 0.1465908966346154
0 0.8996168701923076 0.1415184206730769 0.8967636033653845 0.1415184206730769 0.8967636033653845 0.1465908966346154 0.8996168701923076 0.1465908966346154 0.8996168701923076 0.1415184206730769
0 0.908654954326923 0.1278106875 0.9069201658653847 0.1278106875 0.9069201658653847 0.13592664903846152 0.908654954326923 0.13592664903846152 0.908654954326923 0.1278106875
0 0.9102071322115385 0.12407734375 0.9083810408653845 0.12407734375 0.9083810408653845 0.13089475240384615 0.9102071322115385 0.13089475240384615 0.9102071322115385 0.12407734375
0 0.9049114663461538 0.13560201201923078 0.9049114663461538 0.1294338798076923 0.902902766826923 0.1294338798076923 0.902902766826923 0.1347054735576923 0.902902766826923 0.13560201201923078 0.9049114663461538 0.13560201201923078
0 0.9017158052884615 0.12375270673076924 0.8997071057692309 0.12375270673076924 0.8997071057692309 0.12910924038461538 0.9017158052884615 0.12910924038461538 0.9017158052884615 0.12375270673076924
0 0.9009853701923076 0.13446577644230767 0.9009853701923076 0.1294338798076923 0.8990679735576923 0.1294338798076923 0.8990679735576923 0.13446577644230767 0.9000523557692308 0.13446577644230767 0.9009853701923076 0.13446577644230767
0 0.9015331971153846 0.15280785096153846 0.8997984110576923 0.15280785096153846 0.8997984110576923 0.15816438701923077 0.9015331971153846 0.15816438701923077 0.9015331971153846 0.15280785096153846
0 0.8940640408653846 0.16242984375 0.8913114399038461 0.16242984375 0.8913114399038461 0.17200410817307693 0.8940640408653846 0.17200410817307693 0.8940640408653846 0.16242984375
0 0.8940640408653846 0.17306791586538461 0.8960985721153846 0.17306791586538461 0.8960985721153846 0.16423831490384616 0.8940640408653846 0.16423831490384616 0.8940640408653846 0.17306791586538461
0 0.9208995961538461 0.2092087235576923 0.9183863509615384 0.2092087235576923 0.9183863509615384 0.2198467956730769 0.9208995961538461 0.2198467956730769 0.9208995961538461 0.2092087235576923
0 0.9208995961538461 0.2255323798076923 0.92397653125 0.2255323798076923 0.92397653125 0.21446878605769232 0.9208995961538461 0.21446878605769232 0.9208995961538461 0.2255323798076923
0 0.9266073004807692 0.21255776201923077 0.9243707524038461 0.21255776201923077 0.9243707524038461 0.22524855528846155 0.9266073004807692 0.22524855528846155 0.9266073004807692 0.21255776201923077