0 0.24239508173076924 0.8744608221153847 0.23623412740384617 0.8744608221153847 0.23623412740384617 0.9114265528846153 0.24239508173076924 0.9114265528846153 0.24239508173076924 0.8744608221153847
0 0.4133615817307692 0.9237484639423077 0.40103967307692306 0.9237484639423077 0.40103967307692306 0.9880962139423077 0.4133615817307692 0.9880962139423077 0.4133615817307692 0.9237484639423077
0 0.4195225384615385 0.9155338557692307 0.4133615817307692 0.9155338557692307 0.4133615817307692 0.9880962139423077 0.4195225384615385 0.9880962139423077 0.4195225384615385 0.9155338557692307
0 0.4372352836538462 0.8991046442307693 0.4287639711538462 0.8991046442307693 0.4287639711538462 0.9429158798076924 0.4372352836538462 0.9429158798076924 0.4372352836538462 0.8991046442307693
0 0.6097420216346154 0.9210102620192308 0.5850982019230769 0.9210102620192308 0.5850982019230769 0.9853580120192308 0.6097420216346154 0.9853580120192308 0.6097420216346154 0.9210102620192308
0 0.9385829927884616 0.7608254326923076 0.9293415600961539 0.7608254326923076 0.9293415600961539 0.7923147572115384 0.9385829927884616 0.7923147572115384 0.9385829927884616 0.7608254326923076
0 0.9493646634615385 0.6923703774038461 0.9439738269230769 0.6923703774038461 0.9439738269230769 0.7142759951923078 0.9493646634615385 0.7142759951923078 0.9493646634615385 0.6923703774038461
0 0.9555256177884615 0.6910012764423077 0.9493646634615385 0.6910012764423077 0.9493646634615385 0.7142759951923078 0.9555256177884615 0.7142759951923078 0.9555256177884615 0.6910012764423077
0 0.9686176466346154 0.6937394783653846 0.9632268125000001 0.6937394783653846 0.9632268125000001 0.7142759951923078 0.9686176466346154 0.7142759951923078 0.9686176466346154 0.6937394783653846
0 0.9747786033653847 0.695108579326923 0.9686176466346154 0.695108579326923 0.9686176466346154 0.7142759951923078 0.9747786033653847 0.7142759951923078 0.9747786033653847 0.695108579326923
0 0.9397658894230769 0.7362963966346154 0.9306969639423077 0.7362963966346154 0.9306969639423077 0.7559238317307693 0.9397658894230769 0.7559238317307693 0.9397658894230769 0.7362963966346154
0 0.7039738221153846 0.7629336274038461 0.6972707043269231 0.7629336274038461 0.6972707043269231 0.8021884951923077 0.7039738221153846 0.8021884951923077 0.7039738221153846 0.7629336274038461
0 0.6598120961538462 0.7629336274038461 0.653897579326923 0.7629336274038461 0.653897579326923 0.8056933942307692 0.6598120961538462 0.8056933942307692 0.6598120961538462 0.7629336274038461
0 0.7516842572115384 0.75872775 0.7461640408653847 0.75872775 0.7461640408653847 0.79447771875 0.7516842572115384 0.79447771875 0.7516842572115384 0.75872775
0 0.6921447884615385 0.7510169711538462 0.6854416682692308 0.7510169711538462 0.6854416682692308 0.7678404855769231 0.6921447884615385 0.7678404855769231 0.6921447884615385 0.7510169711538462
0 0.49105121875 0.7650365673076922 0.48277089423076924 0.7650365673076922 0.48277089423076924 0.7909728197115384 0.49105121875 0.7909728197115384 0.49105121875 0.7650365673076922
0 0.45122680528846154 0.7643355889423076 0.44255218269230767 0.7643355889423076 0.44255218269230767 0.7881688990384615 0.45122680528846154 0.7881688990384615 0.45122680528846154 0.7643355889423076
0 0.4531983125 0.7348944375 0.4472837956730769 0.7348944375 0.4472837956730769 0.75872775 0.4531983125 0.75872775 0.4531983125 0.7348944375
0 0.45990143028846153 0.7278846394230769 0.4531983125 0.7278846394230769 0.4531983125 0.75872775 0.45990143028846153 0.75872775 0.45990143028846153 0.7278846394230769
0 0.6582348918269231 0.6886297740384616 0.652320375 0.6886297740384616 0.652320375 0.7047523076923077 0.6582348918269231 0.7047523076923077 0.6582348918269231 0.6886297740384616
0 0.6629665048076923 0.6886297740384616 0.6582348918269231 0.6886297740384616 0.6582348918269231 0.7047523076923077 0.6629665048076923 0.7047523076923077 0.6629665048076923 0.6886297740384616
0 0.671246829326923 0.6935366322115384 0.666909516826923 0.6935366322115384 0.666909516826923 0.715967983173077 0.671246829326923 0.715967983173077 0.671246829326923 0.6935366322115384
0 0.6744012379807691 0.6809189951923076 0.6684867211538462 0.6809189951923076 0.6684867211538462 0.6977425096153845 0.6744012379807691 0.6977425096153845 0.6744012379807691 0.6809189951923076
0 0.6874131754807693 0.6774140961538462 0.6811043581730769 0.6774140961538462 0.6811043581730769 0.694237610576923 0.6874131754807693 0.694237610576923 0.6874131754807693 0.6774140961538462
0 0.4387164182692308 0.5881792596153846 0.43548630288461543 0.5881792596153846 0.43548630288461543 0.6025353269230769 0.4387164182692308 0.6025353269230769 0.4387164182692308 0.5881792596153846
0 0.4417446490384615 0.5860258509615385 0.4387164182692308 0.5860258509615385 0.4387164182692308 0.6025353269230769 0.4417446490384615 0.6025353269230769 0.4417446490384615 0.5860258509615385
0 0.44860864423076924 0.5842313437500001 0.44618605769230774 0.5842313437500001 0.44618605769230774 0.5993052115384615 0.44860864423076924 0.5993052115384615 0.44860864423076924 0.5842313437500001
0 0.4580971057692308 0.5763355072115385 0.4548669903846154 0.5763355072115385 0.4548669903846154 0.5885381610576923 0.4580971057692308 0.5885381610576923 0.4580971057692308 0.5763355072115385
0 0.4811116730769231 0.5910504735576922 0.4780834423076923 0.5910504735576922 0.4780834423076923 0.6028942283653846 0.4811116730769231 0.6028942283653846 0.4811116730769231 0.5910504735576922
0 0.48898507932692303 0.5784889158653846 0.48434178846153847 0.5784889158653846 0.48434178846153847 0.5871025552884616 0.48898507932692303 0.5871025552884616 0.48898507932692303 0.5784889158653846
1 0.47707403125 0.5196290480769231 0.43286183413461543 0.5196290480769231 0.43286183413461543 0.5458288677884615 0.47707403125 0.5458288677884615 0.47707403125 0.5196290480769231
1 0.6527115192307692 0.6326830649038461 0.6262649543269231 0.6326830649038461 0.6262649543269231 0.6592417860576922 0.6527115192307692 0.6592417860576922 0.6527115192307692 0.6326830649038461
0 0.9369616177884615 0.5652095552884615 0.9343371490384615 0.5652095552884615 0.9343371490384615 0.5738231947115385 0.9369616177884615 0.5738231947115385 0.9369616177884615 0.5652095552884615
0 0.9458444326923078 0.5591082283653847 0.9432199639423077 0.5591082283653847 0.9432199639423077 0.5723875889423077 0.9458444326923078 0.5723875889423077 0.9458444326923078 0.5591082283653847
1 0.9579573629807693 0.5867436538461539 0.9527084254807693 0.5867436538461539 0.9527084254807693 0.5989463100961538 0.9579573629807693 0.5989463100961538 0.9579573629807693 0.5867436538461539
0 0.4718081538461538 0.7330559663461538 0.4662152932692308 0.7330559663461538 0.4662152932692308 0.7670072019230769 0.4718081538461538 0.7670072019230769 0.4718081538461538 0.7330559663461538
0 0.4682614615384615 0.8834114447115385 0.4583034423076923 0.8834114447115385 0.4583034423076923 0.9302156490384615 0.4682614615384615 0.9302156490384615 0.4682614615384615 0.8834114447115385
0 0.47017121875 0.9163926442307692 0.4632142475961538 0.9163926442307692 0.4632142475961538 0.9510714086538462 0.47017121875 0.9510714086538462 0.47017121875 0.9163926442307692
0 0.4531198173076923 0.9045097139423077 0.44520796634615384 0.9045097139423077 0.44520796634615384 0.9551940600961538 0.4531198173076923 0.9551940600961538 0.4531198173076923 0.9045097139423077
0 0.33345307451923073 0.8396385985576923 0.3256776346153846 0.8396385985576923 0.3256776346153846 0.8944455961538461 0.33345307451923073 0.8944455961538461 0.33345307451923073 0.8396385985576923
0 0.32717815624999996 0.840366125 0.3204940072115384 0.840366125 0.3204940072115384 0.8912929807692307 0.32717815624999996 0.8912929807692307 0.32717815624999996 0.840366125
0 0.2763031658653846 0.8587967980769231 0.27152877403846154 0.8587967980769231 0.27152877403846154 0.8939605793269231 0.2763031658653846 0.8939605793269231 0.2763031658653846 0.8587967980769231
0 0.2833965504807692 0.8546741466346154 0.2769852235576923 0.8546741466346154 0.2769852235576923 0.8961431586538461 0.2833965504807692 0.8961431586538461 0.2833965504807692 0.8546741466346154
0 0.29621920432692306 0.8440037572115385 0.28762529807692305 0.8440037572115385 0.28762529807692305 0.8849877524038461 0.29621920432692306 0.8849877524038461 0.29621920432692306 0.8440037572115385
0 0.38143571875 0.7636738076923077 0.3765249158653846 0.7636738076923077 0.3765249158653846 0.8174137668269231 0.38143571875 0.8174137668269231 0.38143571875 0.7636738076923077
0 0.3771796899038462 0.77667228125 0.3720506274038462 0.77667228125 0.3720506274038462 0.8201298653846153 0.3771796899038462 0.8201298653846153 0.3771796899038462 0.77667228125
0 0.3765249158653846 0.7663899062499999 0.3722688846153846 0.7663899062499999 0.3722688846153846 0.7782243389423077 0.3765249158653846 0.7782243389423077 0.3765249158653846 0.7663899062499999
0 0.45469408653846155 0.6614032860576924 0.4481463485576923 0.6614032860576924 0.4481463485576923 0.6753717932692307 0.45469408653846155 0.6753717932692307 0.45469408653846155 0.6614032860576924
0 0.6530862235576923 0.7628860192307693 0.6458564278846153 0.7628860192307693 0.6458564278846153 0.8092052091346154 0.6530862235576923 0.8092052091346154 0.6530862235576923 0.7628860192307693
0 0.8223448389423077 0.8873883004807692 0.8129665673076923 0.8873883004807692 0.8129665673076923 0.9425590600961539 0.8223448389423077 0.9425590600961539 0.8223448389423077 0.8873883004807692
0 0.8736695624999999 0.8973917908653846 0.8651438605769232 0.8973917908653846 0.8651438605769232 0.9371026129807691 0.8736695624999999 0.9371026129807691 0.8736695624999999 0.8973917908653846
0 0.9944979302884616 0.7365008701923077 0.9876773701923077 0.7365008701923077 0.9876773701923077 0.7675420000000001 0.9944979302884616 0.7675420000000001 0.9944979302884616 0.7365008701923077
0 0.9319927235576924 0.56522478125 0.930484125 0.56522478125 0.930484125 0.5741646274038461 0.9319927235576924 0.5741646274038461 0.9319927235576924 0.56522478125
0 0.45018085336538466 0.5555060552884615 0.44879517788461537 0.5555060552884615 0.44879517788461537 0.5631347259615385 0.45018085336538466 0.5631347259615385 0.45018085336538466 0.5555060552884615
1 0.9807887211538462 0.037726661057692304 0.8326976754807693 0.037726661057692304 0.8326976754807693 0.07920117067307693 0.9807887211538462 0.07920117067307693 0.9807887211538462 0.037726661057692304
0 0.5127261298076923 0.578770829326923 0.5104512908653847 0.578770829326923 0.5104512908653847 0.5891339831730769 0.5127261298076923 0.5891339831730769 0.5127261298076923 0.578770829326923
0 0.5152853245192308 0.5768751298076923 0.5127261298076923 0.5768751298076923 0.5127261298076923 0.5891339831730769 0.5152853245192308 0.5891339831730769 0.5152853245192308 0.5768751298076923
0 0.680092485576923 0.6873406009615385 0.6755105961538461 0.6873406009615385 0.6755105961538461 0.7107900072115385 0.680092485576923 0.7107900072115385 0.680092485576923 0.6873406009615385
0 0.6823140072115385 0.7107900072115385 0.6885620408653845 0.7107900072115385 0.6885620408653845 0.694237610576923 0.6823140072115385 0.694237610576923 0.6823140072115385 0.7107900072115385
0 0.39295371875 0.9085229158653847 0.3833343653846154 0.9085229158653847 0.3833343653846154 0.9749540072115385 0.39295371875 0.9749540072115385 0.39295371875 0.9085229158653847