0 0.17505122836538461 0.2889219206730769 0.17250212019230768 0.2889219206730769 0.17250212019230768 0.29851574278846155 0.17505122836538461 0.29851574278846155 0.17505122836538461 0.2889219206730769
0 0.06580202163461538 0.29313767067307694 0.062487980769230775 0.29313767067307694 0.062487980769230775 0.30498340625 0.06580202163461538 0.30498340625 0.06580202163461538 0.29313767067307694
0 0.1117751514423077 0.29114925240384615 0.10902553365384615 0.29114925240384615 0.10902553365384615 0.29991740384615384 0.1117751514423077 0.29991740384615384 0.1117751514423077 0.29114925240384615
0 0.034742197115384614 0.2948322716346154 0.030758153846153845 0.2948322716346154 0.030758153846153845 0.3040108870192308 0.034742197115384614 0.3040108870192308 0.034742197115384614 0.2948322716346154
0 0.07789781009615385 0.29390708173076924 0.07494763461538462 0.29390708173076924 0.07494763461538462 0.3032004735576923 0.07789781009615385 0.3032004735576923 0.07789781009615385 0.29390708173076924
0 0.04383865144230769 0.2973129278846154 0.04083839182692307 0.2973129278846154 0.04083839182692307 0.30360904326923077 0.04383865144230769 0.30360904326923077 0.04383865144230769 0.2973129278846154
0 0.10915439903846155 0.2908187572115385 0.1064140625 0.2908187572115385 0.1064140625 0.3012389855769231 0.10915439903846155 0.3012389855769231 0.10915439903846155 0.2908187572115385
0 0.05382283173076923 0.2939150480769231 0.050066889423076924 0.2939150480769231 0.050066889423076924 0.3033310216346154 0.05382283173076923 0.3033310216346154 0.05382283173076923 0.2939150480769231
1 0.19015014903846156 0.28917846634615385 0.18686015625 0.28917846634615385 0.18578041346153845 0.28917846634615385 0.18578041346153845 0.29600423076923077 0.19015014903846156 0.29600423076923077 0.19015014903846156 0.28917846634615385
0 0.07098760576923077 0.29307381009615385 0.06790086298076924 0.29307381009615385 0.06790086298076924 0.3036301778846154 0.07098760576923077 0.3036301778846154 0.07098760576923077 0.29307381009615385
0 0.12329470192307693 0.28970266346153845 0.12086513942307693 0.28970266346153845 0.12086513942307693 0.2985447908653846 0.12329470192307693 0.2985447908653846 0.12329470192307693 0.28970266346153845
0 0.04126344230769231 0.2976210985576923 0.03814509375 0.2976210985576923 0.03814509375 0.30391280528846154 0.04126344230769231 0.30391280528846154 0.04126344230769231 0.2976210985576923
0 0.02812846153846154 0.29620129567307696 0.02495729567307692 0.29620129567307696 0.02495729567307692 0.3046483918269231 0.02812846153846154 0.3046483918269231 0.02812846153846154 0.29620129567307696
0 0.06835486778846155 0.2942376875 0.06574217067307692 0.2942376875 0.06574217067307692 0.30398511538461537 0.06835486778846155 0.30398511538461537 0.06835486778846155 0.2942376875
0 0.11491425721153846 0.29113631009615387 0.11155694230769231 0.29113631009615387 0.11155694230769231 0.2996053918269231 0.11491425721153846 0.2996053918269231 0.11491425721153846 0.29113631009615387
0 0.10669131971153846 0.29035709615384614 0.10366779086538462 0.29035709615384614 0.10366779086538462 0.3007184903846154 0.10669131971153846 0.3007184903846154 0.10669131971153846 0.29035709615384614
0 0.12156170192307693 0.2904925889423077 0.11909778846153846 0.2904925889423077 0.11909778846153846 0.2988746370192308 0.12156170192307693 0.2988746370192308 0.12156170192307693 0.2904925889423077
0 0.06224408894230769 0.29339602403846154 0.0595353125 0.29339602403846154 0.0595353125 0.30531037019230767 0.06224408894230769 0.30531037019230767 0.06224408894230769 0.29339602403846154
0 0.13054032451923075 0.29099578846153845 0.1273922764423077 0.29099578846153845 0.1273922764423077 0.29952353125 0.13054032451923075 0.29952353125 0.13054032451923075 0.29099578846153845
1 0.39522911778846154 0.2708659975961539 0.39435405528846157 0.2708659975961539 0.3928053846153846 0.2708659975961539 0.3928053846153846 0.279147 0.39522911778846154 0.279147 0.39522911778846154 0.2708659975961539
0 0.17303017067307694 0.28920522596153847 0.1700594423076923 0.28920522596153847 0.1700594423076923 0.2970741826923077 0.17303017067307694 0.2970741826923077 0.17303017067307694 0.28920522596153847
0 0.1253211971153846 0.2894586346153846 0.12234856250000001 0.2894586346153846 0.12234856250000001 0.2984857908653846 0.1253211971153846 0.2984857908653846 0.1253211971153846 0.2894586346153846
1 0.2123007139423077 0.28797197596153845 0.21153720673076923 0.28797197596153845 0.20939776201923077 0.28797197596153845 0.20939776201923077 0.2959223701923077 0.2123007139423077 0.2959223701923077 0.2123007139423077 0.28797197596153845
0 0.06404512259615384 0.29342532692307693 0.060925853365384613 0.29342532692307693 0.060925853365384613 0.30548140865384615 0.06404512259615384 0.30548140865384615 0.06404512259615384 0.29342532692307693
0 0.1711898653846154 0.28873440625 0.16866052884615385 0.28873440625 0.16866052884615385 0.2967393942307692 0.1711898653846154 0.2967393942307692 0.1711898653846154 0.28873440625
0 0.11944697596153847 0.2905947644230769 0.11670962980769231 0.2905947644230769 0.11670962980769231 0.29891204807692306 0.11944697596153847 0.29891204807692306 0.11944697596153847 0.2905947644230769
1 0.2671336802884615 0.27956356490384615 0.26554402403846156 0.27956356490384615 0.26418040625 0.27956356490384615 0.26418040625 0.28979588221153846 0.2671336802884615 0.28979588221153846 0.2671336802884615 0.27956356490384615
1 0.2274196466346154 0.29594941346153847 0.2274196466346154 0.2850605721153846 0.22564710576923078 0.2850605721153846 0.22491984375 0.2850605721153846 0.22491984375 0.29594941346153847 0.22597733173076923 0.29594941346153847 0.2274196466346154 0.29594941346153847
0 0.05940638701923077 0.29347455048076926 0.056609427884615385 0.29347455048076926 0.056609427884615385 0.3043498846153846 0.05940638701923077 0.3043498846153846 0.05940638701923077 0.29347455048076926
0 0.1694670048076923 0.2877819759615385 0.16717449759615383 0.2877819759615385 0.16717449759615383 0.29590524759615383 0.1694670048076923 0.29590524759615383 0.1694670048076923 0.2877819759615385
0 0.08792625240384615 0.2935586442307692 0.08476353605769231 0.2935586442307692 0.08476353605769231 0.3024568918269231 0.08792625240384615 0.3024568918269231 0.08792625240384615 0.2935586442307692
1 0.20729457451923078 0.2870409927884615 0.20549010817307692 0.2870409927884615 0.20365478125 0.2870409927884615 0.20365478125 0.29674507451923077 0.20729457451923078 0.29674507451923077 0.20729457451923078 0.2870409927884615
0 0.10522500721153846 0.3218187980769231 0.10174137740384616 0.3218187980769231 0.10174137740384616 0.33390104567307693 0.10522500721153846 0.33390104567307693 0.10522500721153846 0.3218187980769231
1 0.12146178125 0.32491794230769233 0.12041842067307693 0.32491794230769233 0.11803545192307692 0.32491794230769233 0.11803545192307692 0.33974518990384617 0.12146178125 0.33974518990384617 0.12146178125 0.32491794230769233
0 0.09660694471153845 0.29289418028846154 0.0934882235576923 0.29289418028846154 0.0934882235576923 0.3020772572115385 0.09660694471153845 0.3020772572115385 0.09660694471153845 0.29289418028846154
0 0.16824469471153847 0.28735981730769233 0.16565651923076924 0.28735981730769233 0.16565651923076924 0.296012625 0.16824469471153847 0.296012625 0.16824469471153847 0.28735981730769233
0 0.049565966346153845 0.29709800480769233 0.045281656249999996 0.29709800480769233 0.045281656249999996 0.3031186129807692 0.049565966346153845 0.3031186129807692 0.049565966346153845 0.29709800480769233
0 0.013988668269230769 0.2967203485576923 0.01102032451923077 0.2967203485576923 0.01102032451923077 0.30591117067307694 0.013988668269230769 0.30591117067307694 0.013988668269230769 0.2967203485576923
0 0.0733295673076923 0.32350802884615387 0.07070661298076923 0.32350802884615387 0.07070661298076923 0.3359499903846154 0.0733295673076923 0.3359499903846154 0.0733295673076923 0.32350802884615387
0 0.16092596153846153 0.2882804591346154 0.1577170360576923 0.2882804591346154 0.1577170360576923 0.2967141610576923 0.16092596153846153 0.2967141610576923 0.16092596153846153 0.2882804591346154
1 0.21671212499999998 0.2783266129807692 0.21569076923076924 0.2783266129807692 0.21462869711538463 0.2783266129807692 0.21462869711538463 0.2859574783653846 0.21671212499999998 0.2859574783653846 0.21671212499999998 0.2783266129807692
0 0.14646944951923077 0.2885491826923077 0.1429153918269231 0.2885491826923077 0.1429153918269231 0.29749326442307694 0.14646944951923077 0.29749326442307694 0.14646944951923077 0.2885491826923077
0 0.1170241923076923 0.29095973317307694 0.11360828846153846 0.29095973317307694 0.11360828846153846 0.2989882860576923 0.1170241923076923 0.2989882860576923 0.1170241923076923 0.29095973317307694
0 0.1416478485576923 0.28806358653846154 0.13874260576923075 0.28806358653846154 0.13874260576923075 0.2980249759615385 0.1416478485576923 0.2980249759615385 0.1416478485576923 0.28806358653846154
1 0.20009398317307692 0.28771384855769233 0.19768080769230767 0.28771384855769233 0.19768080769230767 0.29710444711538464 0.20009398317307692 0.29710444711538464 0.20009398317307692 0.28771384855769233
0 0.06446994951923077 0.32928916105769235 0.06082123798076923 0.32928916105769235 0.06082123798076923 0.3383402211538461 0.06446994951923077 0.3383402211538461 0.06446994951923077 0.32928916105769235
1 0.24690361057692306 0.2966790384615385 0.24690361057692306 0.2860494254807692 0.2444735528846154 0.2860494254807692 0.2444735528846154 0.2896120408653846 0.2444735528846154 0.2966790384615385 0.24690361057692306 0.2966790384615385
1 0.3298032451923077 0.2779614471153846 0.3286539375 0.2779614471153846 0.3274753894230769 0.2779614471153846 0.3274753894230769 0.28855602163461536 0.3298032451923077 0.28855602163461536 0.3298032451923077 0.2779614471153846
0 0.08933596634615384 0.2932689230769231 0.08621458894230768 0.2932689230769231 0.08621458894230768 0.30238452403846156 0.08933596634615384 0.30238452403846156 0.08933596634615384 0.2932689230769231
0 0.08208560817307692 0.32139601682692304 0.0789175985576923 0.32139601682692304 0.0789175985576923 0.3399738173076923 0.08208560817307692 0.3399738173076923 0.08208560817307692 0.32139601682692304
0 0.09861993028846154 0.2923053317307692 0.09602402884615385 0.2923053317307692 0.09602402884615385 0.30154554567307695 0.09861993028846154 0.30154554567307695 0.09861993028846154 0.2923053317307692
0 0.10516157932692308 0.2913393100961538 0.10193868509615384 0.2913393100961538 0.10193868509615384 0.3005995288461538 0.10516157932692308 0.3005995288461538 0.10516157932692308 0.2913393100961538
1 0.23538731009615385 0.28764484615384617 0.23370990384615384 0.28764484615384617 0.23326716346153847 0.28764484615384617 0.23326716346153847 0.2935551394230769 0.23538731009615385 0.2935551394230769 0.23538731009615385 0.28764484615384617
0 0.09799775240384616 0.32359237740384617 0.09422463701923077 0.32359237740384617 0.09422463701923077 0.33559861298076926 0.09799775240384616 0.33559861298076926 0.09799775240384616 0.32359237740384617
0 0.008102560096153845 0.2975459639423077 0.004854026442307692 0.2975459639423077 0.004854026442307692 0.3071388798076923 0.008102560096153845 0.3071388798076923 0.008102560096153845 0.2975459639423077
0 0.14776520673076923 0.2885800673076923 0.14490488461538462 0.2885800673076923 0.14490488461538462 0.29694199759615386 0.14776520673076923 0.29694199759615386 0.14776520673076923 0.2885800673076923
0 0.15522964903846154 0.28931325240384614 0.15229376201923078 0.28931325240384614 0.15229376201923078 0.2977791105769231 0.15522964903846154 0.2977791105769231 0.15522964903846154 0.28931325240384614
0 0.07254482211538461 0.2933910504807692 0.06894085336538461 0.2933910504807692 0.06894085336538461 0.3036664326923077 0.07254482211538461 0.3036664326923077 0.07254482211538461 0.2933910504807692
0 0.13800430288461538 0.2884902379807692 0.13563365865384616 0.2884902379807692 0.13563365865384616 0.29705838701923076 0.13800430288461538 0.29705838701923076 0.13800430288461538 0.2884902379807692
0 0.11185545913461539 0.3231891201923077 0.10864939663461538 0.3231891201923077 0.10864939663461538 0.3320804182692308 0.11185545913461539 0.3320804182692308 0.11185545913461539 0.3231891201923077
0 0.14857848557692308 0.2876753052884615 0.14618825961538462 0.2876753052884615 0.14618825961538462 0.29693903125 0.14857848557692308 0.29693903125 0.14857848557692308 0.2876753052884615
0 0.022891076923076924 0.29888254807692305 0.01954296875 0.29888254807692305 0.01954296875 0.30544388461538463 0.022891076923076924 0.30544388461538463 0.022891076923076924 0.29888254807692305
1 0.26052816826923075 0.2830406177884615 0.2584812331730769 0.2830406177884615 0.2584812331730769 0.29126538942307695 0.26052816826923075 0.29126538942307695 0.26052816826923075 0.2830406177884615
1 0.18104593028846153 0.28846328125 0.18032440384615384 0.28846328125 0.17880450961538463 0.28846328125 0.17880450961538463 0.2990837932692308 0.18104593028846153 0.2990837932692308 0.18104593028846153 0.28846328125
0 0.15850480528846156 0.2878986778846154 0.15600067788461539 0.2878986778846154 0.15600067788461539 0.2975431370192308 0.15850480528846156 0.2975431370192308 0.15850480528846156 0.2878986778846154
1 0.31376749759615385 0.2855137860576923 0.31376749759615385 0.2804921875 0.31376749759615385 0.27902846153846156 0.31142438221153845 0.27902846153846156 0.31142438221153845 0.2855137860576923 0.31169008413461535 0.2855137860576923 0.31376749759615385 0.2855137860576923
0 0.135789125 0.28819421875 0.13338634134615385 0.28819421875 0.13338634134615385 0.2975854375 0.135789125 0.2975854375 0.135789125 0.28819421875
0 0.16680965384615384 0.2860295048076923 0.16444377884615385 0.2860295048076923 0.16444377884615385 0.29609476682692304 0.16680965384615384 0.29609476682692304 0.16680965384615384 0.2860295048076923
1 0.22164851923076923 0.2755763581730769 0.22008866105769231 0.2755763581730769 0.21900258173076922 0.2755763581730769 0.21900258173076922 0.28719943028846157 0.22164851923076923 0.28719943028846157 0.22164851923076923 0.2755763581730769
0 0.1372544278846154 0.28813425721153846 0.13436269711538462 0.28813425721153846 0.13436269711538462 0.29750541346153847 0.1372544278846154 0.29750541346153847 0.1372544278846154 0.28813425721153846
1 0.25107805048076925 0.28573645192307695 0.25003497115384615 0.28573645192307695 0.24912072836538462 0.28573645192307695 0.24912072836538462 0.29363389182692307 0.25107805048076925 0.29363389182692307 0.25107805048076925 0.28573645192307695
0 0.008663788461538462 0.4556893798076923 0.00009863461538461538 0.4556893798076923 0.00009863461538461538 0.5163731322115385 0.008663788461538462 0.5163731322115385 0.008663788461538462 0.4556893798076923
0 0 0.6412927139423077 0.006859442307692308 0.6412927139423077 0.006859442307692308 0.5466948894230769 0 0.5466948894230769 0 0.6412927139423077
0 0.7803184519230769 0.4758929783653846 0.7776938125 0.4758929783653846 0.7776938125 0.4788266201923077 0.7803184519230769 0.4788266201923077 0.7803184519230769 0.4758929783653846
0 0.6785674423076924 0.5329599447115384 0.6785674423076924 0.5425299182692307 0.6804928461538461 0.5329599447115384 0.6785674423076924 0.5329599447115384
0 0.04237189903846154 0.6721654471153846 0.009168170673076924 0.6721654471153846 0.009168170673076924 0.7917765288461538 0.04237189903846154 0.7917765288461538 0.04237189903846154 0.6721654471153846
0 0.15918047115384615 0.7950817980769231 0.12364665865384615 0.7950817980769231 0.12364665865384615 0.9483496802884616 0.15918047115384615 0.9483496802884616 0.15918047115384615 0.7950817980769231
0 0.17811242067307692 0.7945640024038462 0.15539408173076924 0.7945640024038462 0.15539408173076924 0.9266022115384616 0.17811242067307692 0.9266022115384616 0.17811242067307692 0.7945640024038462
0 0.21364623317307693 0.76246059375 0.1786949423076923 0.76246059375 0.1786949423076923 0.9260844134615385 0.21364623317307693 0.9260844134615385 0.21364623317307693 0.76246059375
0 0.21801514423076923 0.7158588725961538 0.18510267788461537 0.7158588725961538 0.18510267788461537 0.8126868942307692 0.21801514423076923 0.8126868942307692 0.21801514423076923 0.7158588725961538
0 0.040637343750000006 1 0.040637343750000006 0.8261496129807693 0.0007346201923076923 0.8261496129807693 0.0007346201923076923 1 0.040637343750000006 1
0 0.08432645673076923 0.8960521947115385 0.040637343750000006 0.8960521947115385 0.040637343750000006 0.9965047908653847 0.08432645673076923 0.9965047908653847 0.08432645673076923 0.8960521947115385
0 0.15510281971153847 1 0.15510281971153847 0.9644013846153846 0.09918075480769231 0.9644013846153846 0.09918075480769231 1 0.15510281971153847 1
0 0.15073390865384614 0.9985759807692307 0.1935492403846154 0.9985759807692307 0.1935492403846154 0.9483496802884616 0.15073390865384614 0.9483496802884616 0.15073390865384614 0.9985759807692307
0 0.3081991610576923 0.7965776105769231 0.2790730865384615 0.7965776105769231 0.2790730865384615 0.9519166802884615 0.3081991610576923 0.9519166802884615 0.3081991610576923 0.7965776105769231
0 0.30231569471153846 0.7676845432692307 0.26998574999999997 0.7676845432692307 0.26998574999999997 0.8862600336538461 0.30231569471153846 0.8862600336538461 0.30231569471153846 0.7676845432692307
0 0.33196603846153844 0.7565001298076923 0.3048787884615385 0.7565001298076923 0.3048787884615385 0.8994120745192308 0.33196603846153844 0.8994120745192308 0.33196603846153844 0.7565001298076923
0 0.37216002403846155 0.7818721778846154 0.33895629807692307 0.7818721778846154 0.33895629807692307 0.9480849831730769 0.37216002403846155 0.9480849831730769 0.37216002403846155 0.7818721778846154
0 0.36167463701923075 0.7187009567307693 0.33254856009615386 0.7187009567307693 0.33254856009615386 0.8165645697115385 0.36167463701923075 0.8165645697115385 0.36167463701923075 0.7187009567307693
0 0.33196603846153844 0.706791627403846 0.29788853125 0.706791627403846 0.29788853125 0.7958526947115385 0.33196603846153844 0.7958526947115385 0.33196603846153844 0.706791627403846
0 0.33196603846153844 0.6793483918269231 0.307208875 0.6793483918269231 0.307208875 0.7627136947115385 0.33196603846153844 0.7627136947115385 0.33196603846153844 0.6793483918269231
0 0.28478179807692305 0.7047204399038461 0.253034375 0.7047204399038461 0.253034375 0.8440078052884614 0.28478179807692305 0.8440078052884614 0.28478179807692305 0.7047204399038461
0 0.6341476490384615 0.7738271802884615 0.5961672475961538 0.7738271802884615 0.5961672475961538 0.9502923629807692 0.6341476490384615 0.9502923629807692 0.6341476490384615 0.7738271802884615
0 0.674458139423077 0.8214644951923076 0.6441670192307692 0.8214644951923076 0.6441670192307692 0.9287520120192307 0.674458139423077 0.9287520120192307 0.674458139423077 0.8214644951923076
0 0.7089434110576923 1 0.7089434110576923 0.8864997860576923 0.7089434110576923 0.8227072091346154 0.6628077091346154 0.8227072091346154 0.6628077091346154 1 0.7089434110576923 1
0 0.7108074807692308 0.9971012043269231 0.7706906923076923 0.9971012043269231 0.7706906923076923 0.8910563990384616 0.7108074807692308 0.8910563990384616 0.7108074807692308 0.9971012043269231
0 0.7252540144230769 0.7671993798076924 0.6893706899038462 0.7671993798076924 0.6893706899038462 0.9047262379807692 0.7252540144230769 0.9047262379807692 0.7252540144230769 0.7671993798076924
0 0.7525160216346154 0.8065519447115383 0.7224579110576923 0.8065519447115383 0.7224579110576923 0.9109397980769232 0.7525160216346154 0.9109397980769232 0.7525160216346154 0.8065519447115383
0 0.8168263942307692 1 0.8168263942307692 0.850875358173077 0.7688266225961539 0.850875358173077 0.7688266225961539 1 0.8168263942307692 1
0 0.8487485745192308 1 0.8487485745192308 0.9589913509615384 0.8189234735576923 0.9589913509615384 0.8189234735576923 1 0.8487485745192308 1
0 0.8711174014423076 0.9154964110576922 0.8331369975961539 0.9154964110576922 0.8331369975961539 0.9987581538461539 0.8711174014423076 0.9987581538461539 0.8711174014423076 0.9154964110576922
1 0.9576436899038462 0.8898913557692307 0.8889061514423078 0.8898913557692307 0.8889061514423078 0.9307973100961539 0.9576436899038462 0.9307973100961539 0.9576436899038462 0.8898913557692307
0 0.9511121658653846 0.70658478125 0.922918125 0.70658478125 0.922918125 0.7749339711538461 0.9511121658653846 0.7749339711538461 0.9511121658653846 0.70658478125
0 0.8854503413461539 0.7067504759615384 0.8621494807692307 0.7067504759615384 0.8621494807692307 0.8283706129807692 0.8854503413461539 0.8283706129807692 0.8854503413461539 0.7067504759615384
0 0.9122929326923077 0.660687264423077 0.8815357980769231 0.660687264423077 0.8815357980769231 0.7345872379807693 0.9122929326923077 0.7345872379807693 0.9122929326923077 0.660687264423077
0 0.8483553725961539 0.667646454326923 0.8310195312499999 0.667646454326923 0.8310195312499999 0.7236513677884615 0.8483553725961539 0.7236513677884615 0.8483553725961539 0.667646454326923
0 0.8267321730769231 0.6229088028846154 0.8060410096153846 0.6229088028846154 0.8060410096153846 0.6772567644230769 0.8267321730769231 0.6772567644230769 0.8267321730769231 0.6229088028846154
0 0.8362389254807692 0.6885240240384616 0.8196487115384615 0.6885240240384616 0.8196487115384615 0.7292849975961538 0.8362389254807692 0.7292849975961538 0.8362389254807692 0.6885240240384616
0 0.8272913942307691 0.6825590048076923 0.8121924375 0.6825590048076923 0.8121924375 0.7226571971153846 0.8272913942307691 0.7226571971153846 0.8272913942307691 0.6825590048076923
0 0.862335889423077 0.65969309375 0.8483553725961539 0.65969309375 0.8483553725961539 0.6928320961538461 0.862335889423077 0.6928320961538461 0.862335889423077 0.65969309375
0 0.7383753100961539 0.6023626201923077 0.7184297740384615 0.6023626201923077 0.7184297740384615 0.6447805432692307 0.7383753100961539 0.6447805432692307 0.7383753100961539 0.6023626201923077
0 0.7124647548076923 0.6116415408653846 0.6858085697115384 0.6116415408653846 0.6858085697115384 0.7422092067307692 0.7124647548076923 0.7422092067307692 0.7124647548076923 0.6116415408653846
0 0.6770474471153847 0.6083276418269231 0.6554242475961539 0.6083276418269231 0.6554242475961539 0.6573733629807692 0.6770474471153847 0.6573733629807692 0.6770474471153847 0.6083276418269231
0 0.6533737716346154 0.5987173317307692 0.6226166370192308 0.5987173317307692 0.6226166370192308 0.7050935264423077 0.6533737716346154 0.7050935264423077 0.6533737716346154 0.5987173317307692
0 0.6723872740384615 0.5652469399038462 0.6492728197115384 0.5652469399038462 0.6492728197115384 0.6368271826923078 0.6723872740384615 0.6368271826923078 0.6723872740384615 0.5652469399038462
0 0.5640528485576923 0.5617257884615385 0.5436645961538461 0.5617257884615385 0.5436645961538461 0.6098808990384615 0.5640528485576923 0.6098808990384615 0.5640528485576923 0.5617257884615385
0 0.5978390961538461 0.6140232740384616 0.5978390961538461 0.5720817259615385 0.5821110168269231 0.5720817259615385 0.5800721899038461 0.5720817259615385 0.5800721899038461 0.6140232740384616 0.5978390961538461 0.6140232740384616
0 0.6074507019230769 0.5420495072115384 0.5943439687500001 0.5420495072115384 0.5943439687500001 0.5741529134615384 0.6074507019230769 0.5741529134615384 0.6074507019230769 0.5420495072115384
0 0.5806547115384615 0.5669037572115385 0.5966740552884615 0.5669037572115385 0.5966740552884615 0.5420495072115384 0.5806547115384615 0.5420495072115384 0.5806547115384615 0.5669037572115385
0 0.5800721899038461 0.5379071322115384 0.5628878052884615 0.5379071322115384 0.5628878052884615 0.5762241009615384 0.5800721899038461 0.5762241009615384 0.5800721899038461 0.5379071322115384
0 0.5355092956730769 0.5529232403846154 0.51482978125 0.5529232403846154 0.51482978125 0.5938291971153846 0.5355092956730769 0.5938291971153846 0.5355092956730769 0.5529232403846154
0 0.5040531346153846 0.5518876466346154 0.47987849038461533 0.5518876466346154 0.47987849038461533 0.6383597307692307 0.5040531346153846 0.6383597307692307 0.5040531346153846 0.5518876466346154
0 0.5119171730769231 0.5467096778846154 0.49881043990384616 0.5467096778846154 0.49881043990384616 0.6316283701923078 0.5119171730769231 0.6316283701923078 0.5119171730769231 0.5467096778846154
0 0.42949037980769234 0.5099460985576922 0.41813121153846156 0.5099460985576922 0.41813121153846156 0.5399783197115384 0.42949037980769234 0.5399783197115384 0.42949037980769234 0.5099460985576922
0 0.4105584302884615 0.5208198341346153 0.3922090048076923 0.5208198341346153 0.3922090048076923 0.5933113990384615 0.4105584302884615 0.5933113990384615 0.4105584302884615 0.5208198341346153
0 0.42046129807692306 0.5130528798076923 0.40502447596153845 0.5130528798076923 0.40502447596153845 0.5643147740384615 0.42046129807692306 0.5643147740384615 0.42046129807692306 0.5130528798076923
0 0.4574514134615385 0.5373893341346154 0.4350243341346154 0.5373893341346154 0.4350243341346154 0.6155766658653847 0.4574514134615385 0.6155766658653847 0.4574514134615385 0.5373893341346154
0 0.4624028461538462 0.5166774591346154 0.45220871875 0.5166774591346154 0.45220871875 0.5316935697115385 0.4624028461538462 0.5316935697115385 0.4624028461538462 0.5166774591346154
0 0.04174834855769231 0.4389172307692308 0.026462985576923077 0.4389172307692308 0.026462985576923077 0.49790465384615384 0.04174834855769231 0.49790465384615384 0.04174834855769231 0.4389172307692308
0 0.35672379326923076 0.42949579807692306 0.3501384110576923 0.42949579807692306 0.3501384110576923 0.45019574278846153 0.35672379326923076 0.45019574278846153 0.35672379326923076 0.42949579807692306
0 0.3533833822115385 0.4556252379807692 0.36445446153846156 0.4556252379807692 0.36445446153846156 0.4308531706730769 0.3533833822115385 0.4308531706730769 0.3533833822115385 0.4556252379807692
0 0.32169719471153846 0.44934738461538465 0.3325773918269231 0.44934738461538465 0.3325773918269231 0.4244056466346154 0.32169719471153846 0.4244056466346154 0.32169719471153846 0.44934738461538465
0 0.3080492283653846 0.4116802692307692 0.3009866442307692 0.4116802692307692 0.3009866442307692 0.4254236778846154 0.3080492283653846 0.4254236778846154 0.3080492283653846 0.4116802692307692
0 0.33792205048076923 0.4300048125 0.3314321081730769 0.4300048125 0.3314321081730769 0.44968672836538465 0.33792205048076923 0.44968672836538465 0.33792205048076923 0.4300048125
0 0.27598128125 0.40421471634615386 0.2681551730769231 0.40421471634615386 0.2681551730769231 0.42152122836538464 0.27598128125 0.42152122836538464 0.27598128125 0.40421471634615386
0 0.2681551730769231 0.40031226682692306 0.2608062692307692 0.40031226682692306 0.2608062692307692 0.42152122836538464 0.2681551730769231 0.42152122836538464 0.2681551730769231 0.40031226682692306
0 0.2608062692307692 0.40285734375 0.2525029615384615 0.40285734375 0.2525029615384615 0.42016385576923077 0.2608062692307692 0.42016385576923077 0.2608062692307692 0.40285734375
0 0.2513576754807692 0.3970885048076923 0.24324525 0.3970885048076923 0.24324525 0.41558271874999997 0.2513576754807692 0.41558271874999997 0.2513576754807692 0.3970885048076923
0 0.24324525 0.38928360817307694 0.23188785096153847 0.38928360817307694 0.23188785096153847 0.41456468990384615 0.24324525 0.41456468990384615 0.24324525 0.38928360817307694
0 0.22062589182692308 0.38538115865384615 0.21222714423076922 0.38538115865384615 0.21222714423076922 0.4249146610576923 0.22062589182692308 0.4249146610576923 0.22062589182692308 0.38538115865384615
0 0.21289522596153845 0.3914893389423077 0.20306487259615386 0.3914893389423077 0.20306487259615386 0.4269507211538462 0.21289522596153845 0.4269507211538462 0.21289522596153845 0.3914893389423077
0 0.21222714423076922 0.37944264903846153 0.20277855048076926 0.37944264903846153 0.20277855048076926 0.4130376442307692 0.21222714423076922 0.4130376442307692 0.21222714423076922 0.37944264903846153
0 0.19323451923076923 0.41643107692307696 0.18388136778846154 0.41643107692307696 0.18388136778846154 0.45409819230769227 0.19323451923076923 0.45409819230769227 0.19323451923076923 0.41643107692307696
0 0.20144238701923076 0.37910330528846153 0.19313907932692306 0.37910330528846153 0.19313907932692306 0.4096442091346154 0.20144238701923076 0.4096442091346154 0.20144238701923076 0.37910330528846153
0 0.19418892307692306 0.38894426442307695 0.18349960576923077 0.38894426442307695 0.18349960576923077 0.41592206249999997 0.19418892307692306 0.41592206249999997 0.19418892307692306 0.38894426442307695
0 0.17020954086538462 0.40930486778846153 0.16197781249999998 0.40930486778846153 0.16197781249999998 0.4396336802884615 0.17020954086538462 0.4396336802884615 0.17020954086538462 0.40930486778846153
1 0.17295344951923075 0.35140440384615385 0.16591472596153847 0.35140440384615385 0.16591472596153847 0.37685515625000005 0.17295344951923075 0.37685515625000005 0.17295344951923075 0.35140440384615385
0 0.18106587740384614 0.38682336778846155 0.17283414903846153 0.38682336778846155 0.17283414903846153 0.41609173317307696 0.18106587740384614 0.41609173317307696 0.18106587740384614 0.38682336778846155
0 0.18349960576923077 0.3743270480769231 0.17697148798076923 0.3743270480769231 0.17697148798076923 0.3910227427884615 0.18349960576923077 0.3910227427884615 0.18349960576923077 0.3743270480769231
0 0.1708633076923077 0.3760916346153846 0.16109021875 0.3760916346153846 0.16109021875 0.4029676298076923 0.1708633076923077 0.4029676298076923 0.1708633076923077 0.3760916346153846
0 0.16047939903846153 0.394959125 0.15200429807692306 0.394959125 0.15200429807692306 0.4183059495192308 0.16047939903846153 0.4183059495192308 0.16047939903846153 0.394959125
0 0.16047939903846153 0.37785621875 0.15345499278846153 0.37785621875 0.15345499278846153 0.39658797355769226 0.16047939903846153 0.39658797355769226 0.16047939903846153 0.37785621875
0 0.15979222836538462 0.36550412019230766 0.15124077644230768 0.36550412019230766 0.15124077644230768 0.38382866346153843 0.15979222836538462 0.38382866346153843 0.15979222836538462 0.36550412019230766
0 0.13318346634615386 0.37050943509615386 0.12745704807692307 0.37050943509615386 0.12745704807692307 0.39307576923076926 0.13318346634615386 0.39307576923076926 0.13318346634615386 0.37050943509615386
0 0.14492262740384615 0.3764479447115385 0.14005517067307693 0.3764479447115385 0.14005517067307693 0.3890036490384615 0.14492262740384615 0.3890036490384615 0.14492262740384615 0.3764479447115385
0 0.14654511298076922 0.3654192860576923 0.14167765625 0.3654192860576923 0.14167765625 0.3815380961538462 0.14654511298076922 0.3815380961538462 0.14654511298076922 0.3654192860576923
0 0.14043693028846155 0.36253486778846156 0.1362375576923077 0.36253486778846156 0.1362375576923077 0.37356352644230767 0.14043693028846155 0.37356352644230767 0.14043693028846155 0.36253486778846156
0 0.1281251298076923 0.3632135528846154 0.12201694951923077 0.3632135528846154 0.12201694951923077 0.38510120192307695 0.1281251298076923 0.38510120192307695 0.1281251298076923 0.3632135528846154
0 0.11667229086538462 0.3837438269230769 0.11161395432692307 0.3837438269230769 0.11161395432692307 0.39765690625 0.11667229086538462 0.39765690625 0.11667229086538462 0.3837438269230769
0 0.12411663701923076 0.3879856201923077 0.11524068509615384 0.3879856201923077 0.11524068509615384 0.40240771394230773 0.12411663701923076 0.40240771394230773 0.12411663701923076 0.3879856201923077
0 0.1516559423076923 0.3993831442307692 0.14485581971153846 0.3993831442307692 0.14485581971153846 0.42122837500000004 0.1516559423076923 0.42122837500000004 0.1516559423076923 0.3993831442307692
0 0.12004133413461539 0.36905433173076924 0.11061660096153846 0.36905433173076924 0.11061660096153846 0.3879856201923077 0.12004133413461539 0.3879856201923077 0.12004133413461539 0.36905433173076924
0 0.12522278846153848 0.34511026201923073 0.12087071153846153 0.34511026201923073 0.12087071153846153 0.3592269471153846 0.12522278846153848 0.3592269471153846 0.12522278846153848 0.34511026201923073
0 0.12331398317307693 0.34225977884615383 0.11835108653846153 0.34225977884615383 0.11835108653846153 0.35583351201923075 0.12331398317307693 0.35583351201923075 0.12331398317307693 0.34225977884615383
0 0.11690039423076923 0.3411738798076923 0.11262466586538461 0.3411738798076923 0.11262466586538461 0.3533902403846154 0.11690039423076923 0.3533902403846154 0.11690039423076923 0.3411738798076923
0 0.09895761298076923 0.37525880048076926 0.09101697596153846 0.37525880048076926 0.09101697596153846 0.39670530288461536 0.09895761298076923 0.39670530288461536 0.09895761298076923 0.37525880048076926
0 0.09720150961538462 0.33616644471153845 0.09055886298076922 0.33616644471153845 0.09055886298076922 0.35136902644230766 0.09720150961538462 0.35136902644230766 0.09720150961538462 0.33616644471153845
0 0.10330969230769231 0.3377952908653846 0.09903396394230769 0.3377952908653846 0.09903396394230769 0.35259066346153844 0.10330969230769231 0.35259066346153844 0.10330969230769231 0.3377952908653846
0 0.07895331971153846 0.3686076706730769 0.07276878605769231 0.3686076706730769 0.07276878605769231 0.3892397475961538 0.07895331971153846 0.3892397475961538 0.07895331971153846 0.3686076706730769
0 0.085901375 0.3611421177884615 0.08070942307692307 0.3611421177884615 0.08070942307692307 0.3831315673076923 0.085901375 0.3831315673076923 0.085901375 0.3611421177884615
0 0.06849306009615384 0.35069034134615384 0.06062877884615384 0.35069034134615384 0.06062877884615384 0.36874340625 0.06849306009615384 0.36874340625 0.06849306009615384 0.35069034134615384
0 0.08475609134615383 0.33793102884615384 0.08086212740384614 0.33793102884615384 0.08086212740384614 0.35082607692307693 0.08475609134615383 0.35082607692307693 0.08475609134615383 0.33793102884615384
0 0.037150459134615385 0.34217960817307697 0.03157674278846154 0.34217960817307697 0.03157674278846154 0.36009693990384617 0.037150459134615385 0.36009693990384617 0.037150459134615385 0.34217960817307697
0 0.05000817788461538 0.3353927403846154 0.045671370192307686 0.3353927403846154 0.045671370192307686 0.35157263221153845 0.05000817788461538 0.35157263221153845 0.05000817788461538 0.3353927403846154
0 0.07074545192307692 0.37025009374999995 0.063033875 0.37025009374999995 0.063033875 0.38015891826923076 0.07074545192307692 0.38015891826923076 0.07074545192307692 0.37025009374999995
0 0.05242091105769231 0.3534186610576923 0.048679649038461545 0.3534186610576923 0.048679649038461545 0.3710645168269231 0.05242091105769231 0.3710645168269231 0.05242091105769231 0.3534186610576923
0 0.04211335576923077 0.3508396514423077 0.03684504807692308 0.3508396514423077 0.03684504807692308 0.36644944711538463 0.04211335576923077 0.36644944711538463 0.04211335576923077 0.3508396514423077
0 0.05532229567307692 0.33618001682692306 0.05104656971153846 0.33618001682692306 0.05104656971153846 0.35178981249999997 0.05532229567307692 0.35178981249999997 0.05532229567307692 0.33618001682692306
0 0.025336735576923078 0.34942978605769226 0.019610317307692308 0.34942978605769226 0.019610317307692308 0.36130680288461536 0.025336735576923078 0.36130680288461536 0.025336735576923078 0.34942978605769226
0 0.021900884615384617 0.34501832211538463 0.017033427884615385 0.34501832211538463 0.017033427884615385 0.3577436971153846 0.021900884615384617 0.3577436971153846 0.021900884615384617 0.34501832211538463
0 0.0789175985576923 0.32179318509615384 0.07412128125 0.32179318509615384 0.07412128125 0.3358759350961539 0.0789175985576923 0.3358759350961539 0.0789175985576923 0.32179318509615384
1 0.010558024038461539 0.30855879326923075 0.007026733173076923 0.30855879326923075 0.007026733173076923 0.3202661394230769 0.010558024038461539 0.3202661394230769 0.010558024038461539 0.30855879326923075
0 0.004927045673076923 0.3117825552884615 0.0012048725961538462 0.3117825552884615 0.0012048725961538462 0.3209448269230769 0.004927045673076923 0.3209448269230769 0.004927045673076923 0.3117825552884615
1 0.02277438701923077 0.3102555096153846 0.019529415865384616 0.3102555096153846 0.019529415865384616 0.32077515384615385 0.02277438701923077 0.32077515384615385 0.02277438701923077 0.3102555096153846
1 0.009618127403846153 0.2791161778846154 0.008041923076923077 0.2791161778846154 0.008041923076923077 0.28289684375 0.009618127403846153 0.28289684375 0.009618127403846153 0.2791161778846154
1 0.036968418269230766 0.28184606971153847 0.03778659615384616 0.28184606971153847 0.03778659615384616 0.2764165769230769 0.035770896634615384 0.2764165769230769 0.035770896634615384 0.28184606971153847 0.03624286538461539 0.28184606971153847 0.036968418269230766 0.28184606971153847
1 0.04139042307692308 0.27598221875 0.03919147836538461 0.27598221875 0.03919147836538461 0.2804344014423077 0.04139042307692308 0.2804344014423077 0.04139042307692308 0.27598221875
1 0.059104146634615384 0.27533067788461535 0.057454937500000004 0.27533067788461535 0.057454937500000004 0.2790227331730769 0.059104146634615384 0.2790227331730769 0.059104146634615384 0.27533067788461535
1 0.06796100961538462 0.2745705480769231 0.06625071875 0.2745705480769231 0.06625071875 0.278588375 0.06796100961538462 0.278588375 0.06796100961538462 0.2745705480769231
1 0.07015995432692307 0.278588375 0.07015995432692307 0.27435336778846153 0.06796100961538462 0.27435336778846153 0.06796100961538462 0.278588375 0.06827445192307692 0.278588375 0.07015995432692307 0.278588375
1 0.06289121875 0.26707784615384617 0.06124200961538462 0.26707784615384617 0.06124200961538462 0.27033554326923076 0.06289121875 0.27033554326923076 0.06289121875 0.26707784615384617
1 0.06618963701923077 0.2657747692307692 0.06411285576923077 0.2657747692307692 0.06411285576923077 0.26848951682692307 0.06618963701923077 0.26848951682692307 0.06618963701923077 0.2657747692307692
1 0.031480509615384615 0.27768544951923074 0.029994999999999997 0.27768544951923074 0.029994999999999997 0.28178580288461536 0.031480509615384615 0.28178580288461536 0.031480509615384615 0.27768544951923074
0 0.0742375625 0.33446565624999997 0.06996183653846154 0.33446565624999997 0.06996183653846154 0.3432885841346154 0.0742375625 0.3432885841346154 0.0742375625 0.33446565624999997
0 0.08133832211538462 0.3449174302884615 0.07500108653846153 0.3449174302884615 0.07500108653846153 0.3564551057692308 0.08133832211538462 0.3564551057692308 0.08133832211538462 0.3449174302884615
1 0.11226781730769231 0.3057138846153846 0.10816388221153847 0.3057138846153846 0.10816388221153847 0.3174212307692308 0.11226781730769231 0.3174212307692308 0.11226781730769231 0.3057138846153846
1 0.11803545192307692 0.3187786057692307 0.11360398076923077 0.3187786057692307 0.11360398076923077 0.3323523389423077 0.11803545192307692 0.3323523389423077 0.11803545192307692 0.3187786057692307
1 0.13698686057692308 0.3386301923076923 0.13232937259615385 0.3386301923076923 0.13232937259615385 0.3588550576923077 0.13698686057692308 0.3588550576923077 0.13698686057692308 0.3386301923076923
1 0.14462208653846154 0.33075742548076925 0.14004095192307692 0.33075742548076925 0.14004095192307692 0.3471816442307692 0.14462208653846154 0.3471816442307692 0.14462208653846154 0.33075742548076925
1 0.1352307596153846 0.35369703846153844 0.14057541826923076 0.35369703846153844 0.14057541826923076 0.33550823317307693 0.1352307596153846 0.33550823317307693 0.1352307596153846 0.35369703846153844
1 0.15798373317307693 0.3465029591346154 0.15050121153846155 0.3465029591346154 0.15050121153846155 0.36550412019230766 0.15798373317307693 0.36550412019230766 0.15798373317307693 0.3465029591346154
1 0.15347894951923077 0.32763546634615387 0.14798158653846152 0.32763546634615387 0.14798158653846152 0.3455527980769231 0.15347894951923077 0.3455527980769231 0.15347894951923077 0.32763546634615387
1 0.14637818990384616 0.3467744326923077 0.14958498317307692 0.3467744326923077 0.14958498317307692 0.3360511826923077 0.14637818990384616 0.3360511826923077 0.14637818990384616 0.3467744326923077
1 0.14462208653846154 0.31854106490384615 0.13988824759615384 0.31854106490384615 0.13988824759615384 0.33075742548076925 0.14462208653846154 0.33075742548076925 0.14462208653846154 0.31854106490384615
1 0.15561681249999998 0.31474041826923077 0.1508829735576923 0.31474041826923077 0.1508829735576923 0.3291285769230769 0.15561681249999998 0.3291285769230769 0.15561681249999998 0.31474041826923077
1 0.1352307596153846 0.3224774471153846 0.12904622596153847 0.3224774471153846 0.12904622596153847 0.3446026346153846 0.1352307596153846 0.3446026346153846 0.1352307596153846 0.3224774471153846
1 0.16723762740384615 0.3283413004807692 0.16235108173076923 0.3283413004807692 0.16235108173076923 0.34886478846153846 0.16723762740384615 0.34886478846153846 0.16723762740384615 0.3283413004807692
1 0.16357271874999998 0.3263866826923077 0.15807535576923076 0.3263866826923077 0.15807535576923076 0.34886478846153846 0.16357271874999998 0.34886478846153846 0.16357271874999998 0.3263866826923077
1 0.16235108173076923 0.32095718990384614 0.1592359110576923 0.32095718990384614 0.1592359110576923 0.3323591274038461 0.16235108173076923 0.3323591274038461 0.16235108173076923 0.32095718990384614
1 0.17261282451923077 0.3205228293269231 0.16803168990384615 0.3205228293269231 0.16803168990384615 0.3381143894230769 0.17261282451923077 0.3381143894230769 0.17261282451923077 0.3205228293269231
1 0.17603340625 0.32106577884615384 0.17218525240384613 0.32106577884615384 0.17218525240384613 0.3381143894230769 0.17603340625 0.3381143894230769 0.17603340625 0.32106577884615384
1 0.17108578124999999 0.3104239711538461 0.16803168990384615 0.3104239711538461 0.16803168990384615 0.32540937499999995 0.17108578124999999 0.32540937499999995 0.17108578124999999 0.3104239711538461
1 0.173956625 0.3102067908653846 0.17023063461538462 0.3102067908653846 0.17023063461538462 0.3269296322115384 0.173956625 0.3269296322115384 0.173956625 0.3102067908653846
1 0.17890425240384616 0.3105325600961538 0.17475068990384615 0.3105325600961538 0.17475068990384615 0.33366220673076924 0.17890425240384616 0.33366220673076924 0.17890425240384616 0.3105325600961538
1 0.18721137740384614 0.32008847115384614 0.18238591346153846 0.32008847115384614 0.18238591346153846 0.3377886201923077 0.18721137740384614 0.3377886201923077 0.18721137740384614 0.32008847115384614
1 0.18427945192307693 0.3067319158653846 0.17994264182692307 0.3067319158653846 0.17994264182692307 0.31921974999999997 0.18427945192307693 0.31921974999999997 0.18427945192307693 0.3067319158653846
1 0.16852034375 0.3140074375 0.16442786298076922 0.3140074375 0.16442786298076922 0.3263866826923077 0.16852034375 0.3263866826923077 0.16852034375 0.3140074375
1 0.16485543509615383 0.3119442283653846 0.15954131971153848 0.3119442283653846 0.15954131971153848 0.3263866826923077 0.16485543509615383 0.3263866826923077 0.16485543509615383 0.3119442283653846
1 0.1971066298076923 0.3284498918269231 0.19240333173076923 0.3284498918269231 0.19240333173076923 0.34647581009615386 0.1971066298076923 0.34647581009615386 0.1971066298076923 0.3284498918269231
1 0.21353763701923079 0.3123785889423077 0.20883433653846153 0.3123785889423077 0.20883433653846153 0.33203335576923076 0.21353763701923079 0.33203335576923076 0.21353763701923079 0.3123785889423077
1 0.2096284014423077 0.3124871778846154 0.2050472644230769 0.3124871778846154 0.2050472644230769 0.3309474591346154 0.2096284014423077 0.3309474591346154 0.2096284014423077 0.3124871778846154
1 0.2050472644230769 0.3121614086538462 0.20009963942307693 0.3121614086538462 0.20009963942307693 0.32986156009615386 0.2050472644230769 0.32986156009615386 0.2050472644230769 0.3121614086538462
1 0.19448011298076923 0.31835103125 0.19448011298076923 0.3087951225961539 0.19118169471153848 0.3087951225961539 0.19118169471153848 0.31693936298076925 0.19118169471153848 0.31835103125 0.19448011298076923 0.31835103125
1 0.20009963942307693 0.31759090384615385 0.19557958653846155 0.31759090384615385 0.19557958653846155 0.33192476682692307 0.20009963942307693 0.33192476682692307 0.20009963942307693 0.31759090384615385
1 0.19142602163461536 0.31313871875 0.18702813221153847 0.31313871875 0.18702813221153847 0.32334616586538456 0.19142602163461536 0.32334616586538456 0.19142602163461536 0.31313871875
1 0.1881886875 0.33746285096153844 0.19307523076923075 0.33746285096153844 0.19307523076923075 0.32128295913461535 0.1881886875 0.32128295913461535 0.1881886875 0.33746285096153844
1 0.20365478125 0.2872739663461539 0.20088988461538462 0.2872739663461539 0.20088988461538462 0.29674507451923077 0.20365478125 0.29674507451923077 0.20365478125 0.2872739663461539
1 0.18405039423076924 0.2887874375 0.1815460408653846 0.2887874375 0.1815460408653846 0.29823475721153847 0.18405039423076924 0.29823475721153847 0.18405039423076924 0.2887874375
1 0.25786298557692305 0.28544829807692307 0.2558472860576923 0.28544829807692307 0.2558472860576923 0.28968330288461536 0.25786298557692305 0.28968330288461536 0.25786298557692305 0.28544829807692307
1 0.2308622019230769 0.3251798942307692 0.22857163461538463 0.3251798942307692 0.22589930528846153 0.3251798942307692 0.22589930528846153 0.34173985096153847 0.2308622019230769 0.34173985096153847 0.2308622019230769 0.3251798942307692
1 0.23758120192307694 0.32857332692307695 0.2344507596153846 0.32857332692307695 0.2330000673076923 0.32857332692307695 0.2330000673076923 0.34961261778846153 0.23758120192307694 0.34961261778846153 0.23758120192307694 0.32857332692307695
1 0.24109340624999998 0.32382251923076927 0.23597780528846152 0.32382251923076927 0.23597780528846152 0.34377591105769234 0.24109340624999998 0.34377591105769234 0.24109340624999998 0.32382251923076927
1 0.23012922115384615 0.31988613701923074 0.22631771634615383 0.31988613701923074 0.22631771634615383 0.3317875889423077 0.23012922115384615 0.3317875889423077 0.23012922115384615 0.31988613701923074
1 0.23257249278846154 0.3179749543269231 0.22895644951923078 0.3179749543269231 0.22895644951923078 0.3317875889423077 0.23257249278846154 0.3317875889423077 0.23257249278846154 0.3179749543269231
1 0.23433164903846154 0.31927803365384616 0.23125312740384615 0.31927803365384616 0.23125312740384615 0.33378564182692305 0.23433164903846154 0.33378564182692305 0.23433164903846154 0.31927803365384616
1 0.24718326201923077 0.3211892139423077 0.24317629567307691 0.3211892139423077 0.24317629567307691 0.3398666754807692 0.24718326201923077 0.3398666754807692 0.24718326201923077 0.3211892139423077
1 0.24820943750000002 0.316671875 0.24405587259615386 0.316671875 0.24405587259615386 0.33395938461538466 0.24820943750000002 0.33395938461538466 0.24820943750000002 0.316671875
1 0.25324257692307695 0.31476069471153845 0.24869809134615384 0.31476069471153845 0.24869809134615384 0.3370867740384615 0.25324257692307695 0.3370867740384615 0.25324257692307695 0.31476069471153845
1 0.25866664182692306 0.32179731971153847 0.2544153485576923 0.32179731971153847 0.2544153485576923 0.3385635961538461 0.25866664182692306 0.3385635961538461 0.25866664182692306 0.32179731971153847
1 0.25866664182692306 0.3115464350961539 0.2540244254807692 0.3115464350961539 0.2540244254807692 0.3237953725961538 0.25866664182692306 0.3237953725961538 0.25866664182692306 0.3115464350961539
1 0.2622338197115385 0.31927803365384616 0.25866664182692306 0.31927803365384616 0.25866664182692306 0.3376080048076923 0.2622338197115385 0.3376080048076923 0.2622338197115385 0.31927803365384616
1 0.26580099759615383 0.3216235745192308 0.2620383581730769 0.3216235745192308 0.2620383581730769 0.3385635961538461 0.26580099759615383 0.3385635961538461 0.26580099759615383 0.3216235745192308
1 0.2719580432692308 0.31467382211538464 0.2667783052884615 0.31467382211538464 0.2667783052884615 0.3376080048076923 0.2719580432692308 0.3376080048076923 0.2719580432692308 0.31467382211538464
1 0.2993226923076923 0.3180618269230769 0.29497366826923077 0.3180618269230769 0.29497366826923077 0.33665241346153846 0.2993226923076923 0.33665241346153846 0.2993226923076923 0.3180618269230769
1 0.28827910096153847 0.32153670192307693 0.28329482692307695 0.32153670192307693 0.28329482692307695 0.34212534375 0.28827910096153847 0.34212534375 0.28827910096153847 0.32153670192307693
1 0.28920754567307694 0.31093833173076924 0.28329482692307695 0.31093833173076924 0.28329482692307695 0.33048450961538467 0.28920754567307694 0.33048450961538467 0.28920754567307694 0.31093833173076924
1 0.28207318990384617 0.32014675240384616 0.2736683341346154 0.32014675240384616 0.2736683341346154 0.3369130288461539 0.28207318990384617 0.3369130288461539 0.28207318990384617 0.32014675240384616
0 0.023517644230769234 0.3366798221153846 0.0197256875 0.3366798221153846 0.0197256875 0.3457145 0.023517644230769234 0.3457145 0.023517644230769234 0.3366798221153846
0 0.02844328125 0.33861185096153845 0.025691180288461537 0.33861185096153845 0.025691180288461537 0.34795231971153845 0.02844328125 0.34795231971153845 0.02844328125 0.33861185096153845
1 0.017752865384615384 0.32228881490384614 0.0011844254807692309 0.32228881490384614 0.0011844254807692309 0.3418349927884616 0.017752865384615384 0.3418349927884616 0.017752865384615384 0.32228881490384614
1 0.035695646634615386 0.3218816009615385 0.019585319711538464 0.3218816009615385 0.019585319711538464 0.33531960096153846 0.035695646634615386 0.33531960096153846 0.035695646634615386 0.3218816009615385
0 0.5100458317307692 0.2684530408653846 0.5071686346153846 0.2684530408653846 0.5071686346153846 0.27530271875 0.5100458317307692 0.27530271875 0.5100458317307692 0.2684530408653846
0 0.8166467259615384 0.7337025432692308 0.7816022307692307 0.7337025432692308 0.7816022307692307 0.8991324399038461 0.8166467259615384 0.8991324399038461 0.8166467259615384 0.7337025432692308
0 0.5693047427884615 0.8363196634615384 0.5210719615384616 0.8363196634615384 0.5210719615384616 0.9763319447115385 0.5693047427884615 0.9763319447115385 0.5693047427884615 0.8363196634615384
0 0.0560625625 0.3566518389423077 0.05242091105769231 0.3566518389423077 0.05242091105769231 0.3698862307692308 0.0560625625 0.3698862307692308 0.0560625625 0.3566518389423077
0 0.09414325240384615 0.36496575240384616 0.08650802644230769 0.36496575240384616 0.08650802644230769 0.38617471394230773 0.09414325240384615 0.38617471394230773 0.09414325240384615 0.36496575240384616
0 0.149867625 0.3676314326923077 0.1458411105769231 0.3676314326923077 0.1458411105769231 0.3815380961538462 0.149867625 0.3815380961538462 0.149867625 0.3676314326923077
0 0.15119997115384615 0.3867527524038462 0.1463622908653846 0.3867527524038462 0.1463622908653846 0.3983935889423077 0.15119997115384615 0.3983935889423077 0.15119997115384615 0.3867527524038462
0 0.18659936057692306 0.4107198966346154 0.17868315865384615 0.4107198966346154 0.17868315865384615 0.43843203365384614 0.18659936057692306 0.43843203365384614 0.18659936057692306 0.4107198966346154
0 0.1303894471153846 0.32249189182692306 0.12648021153846153 0.32249189182692306 0.12648021153846153 0.3383025769230769 0.1303894471153846 0.3383025769230769 0.1303894471153846 0.32249189182692306
1 0.1095596514423077 0.35511958653846154 0.09495998557692308 0.35511958653846154 0.09495998557692308 0.37520801682692306 0.1095596514423077 0.37520801682692306 0.1095596514423077 0.35511958653846154
1 0.23005689182692307 0.39867414423076925 0.2222570721153846 0.39867414423076925 0.2222570721153846 0.41609596875 0.23005689182692307 0.41609596875 0.23005689182692307 0.39867414423076925
1 0.045671370192307686 0.32543349278846156 0.03646872355769231 0.32543349278846156 0.03646872355769231 0.3420613197115384 0.045671370192307686 0.3420613197115384 0.045671370192307686 0.32543349278846156
1 0.03183950240384616 0.28178580288461536 0.029994999999999997 0.28178580288461536 0.029994999999999997 0.28574508173076923 0.03183950240384616 0.28574508173076923 0.03183950240384616 0.28178580288461536
1 0.04194722115384615 0.2816085889423077 0.039745538461538464 0.2816085889423077 0.039745538461538464 0.28578956009615386 0.04194722115384615 0.28578956009615386 0.04194722115384615 0.2816085889423077
1 0.03659313221153846 0.28587851682692306 0.03806925961538461 0.28587851682692306 0.03806925961538461 0.28184606971153847 0.03659313221153846 0.28184606971153847 0.03659313221153846 0.28587851682692306
1 0.06761394711538461 0.27938437259615384 0.06621287740384615 0.27938437259615384 0.06621287740384615 0.28290706250000003 0.06761394711538461 0.28290706250000003 0.06761394711538461 0.27938437259615384
1 0.0702559639423077 0.2793132067307692 0.06801425240384615 0.2793132067307692 0.06801425240384615 0.2825868173076923 0.0702559639423077 0.2825868173076923 0.0702559639423077 0.2793132067307692
1 0.061869560096153846 0.27618192548076925 0.05968789423076923 0.27618192548076925 0.05968789423076923 0.2819819110576923 0.061869560096153846 0.2819819110576923 0.061869560096153846 0.27618192548076925
1 0.05944770913461538 0.2796334519230769 0.05758628846153846 0.2796334519230769 0.05758628846153846 0.28340522115384614 0.05944770913461538 0.28340522115384614 0.05944770913461538 0.2796334519230769
1 0.028964016826923074 0.31407874038461536 0.026032088942307692 0.31407874038461536 0.026032088942307692 0.3207027211538461 0.028964016826923074 0.3207027211538461 0.028964016826923074 0.31407874038461536
1 0.035695646634615386 0.31375297115384615 0.03226243269230769 0.31375297115384615 0.03226243269230769 0.3218816009615385 0.035695646634615386 0.3218816009615385 0.035695646634615386 0.31375297115384615
1 0.06048222836538461 0.3118417884615384 0.057892360576923076 0.3118417884615384 0.057892360576923076 0.32087646634615385 0.06048222836538461 0.32087646634615385 0.06048222836538461 0.3118417884615384
1 0.060579959134615384 0.3202683629807692 0.06336529086538462 0.3202683629807692 0.06336529086538462 0.31062558173076926 0.060579959134615384 0.31062558173076926 0.060579959134615384 0.3202683629807692
1 0.0664438125 0.30993060576923076 0.06395167548076923 0.30993060576923076 0.06395167548076923 0.3204421057692307 0.0664438125 0.3204421057692307 0.0664438125 0.30993060576923076
1 0.06712793028846153 0.3198340048076923 0.07010872115384616 0.3198340048076923 0.07010872115384616 0.31027809375 0.06712793028846153 0.31027809375 0.06712793028846153 0.3198340048076923
1 0.07010872115384616 0.32009462019230767 0.07338270673076923 0.32009462019230767 0.07338270673076923 0.31027809375 0.07010872115384616 0.31027809375 0.07010872115384616 0.32009462019230767
1 0.07895336778846153 0.30775881009615386 0.07563051682692308 0.30775881009615386 0.07563051682692308 0.31974713221153844 0.07895336778846153 0.31974713221153844 0.07895336778846153 0.30775881009615386
1 0.08682070432692307 0.31792282211538464 0.08838439903846154 0.31792282211538464 0.08838439903846154 0.3076719375 0.08682070432692307 0.3076719375 0.08682070432692307 0.31792282211538464
1 0.08476835576923077 0.3147954326923077 0.08657637740384616 0.3147954326923077 0.08657637740384616 0.3059345 0.08476835576923077 0.3059345 0.08476835576923077 0.3147954326923077
1 0.08838439903846154 0.31827031009615386 0.09053447836538461 0.31827031009615386 0.09053447836538461 0.30619511538461536 0.08838439903846154 0.30619511538461536 0.08838439903846154 0.31827031009615386
1 0.09400392548076922 0.31375297115384615 0.09713131250000001 0.31375297115384615 0.09713131250000001 0.30541326682692305 0.09400392548076922 0.30541326682692305 0.09400392548076922 0.31375297115384615
1 0.10490091826923077 0.316011639423077 0.10719759615384615 0.316011639423077 0.10719759615384615 0.30541326682692305 0.10490091826923077 0.30541326682692305 0.10490091826923077 0.316011639423077
1 0.11262165865384616 0.31288425000000003 0.1157001826923077 0.31288425000000003 0.1157001826923077 0.30480516346153846 0.11262165865384616 0.30480516346153846 0.11262165865384616 0.31288425000000003
1 0.11511379807692308 0.30923563221153844 0.11780139663461539 0.30923563221153844 0.11780139663461539 0.3040233173076923 0.11511379807692308 0.3040233173076923 0.11511379807692308 0.30923563221153844
1 0.11829005048076922 0.3141873293269231 0.12034239903846154 0.3141873293269231 0.12034239903846154 0.30480516346153846 0.11829005048076922 0.30480516346153846 0.11829005048076922 0.3141873293269231
1 0.1202935360576923 0.31575102403846156 0.1222481514423077 0.31575102403846156 0.1222481514423077 0.30358895673076924 0.1202935360576923 0.30358895673076924 0.1202935360576923 0.31575102403846156
1 0.1222481514423077 0.31583789663461537 0.1244470985576923 0.31583789663461537 0.1244470985576923 0.30358895673076924 0.1222481514423077 0.30358895673076924 0.1222481514423077 0.31583789663461537
1 0.1244470985576923 0.3152297932692308 0.12698810096153845 0.3152297932692308 0.12698810096153845 0.3046314206730769 0.1244470985576923 0.3046314206730769 0.1244470985576923 0.3152297932692308
1 0.12791654326923077 0.31331861057692306 0.13192351201923078 0.31331861057692306 0.13192351201923078 0.30332834134615383 0.12791654326923077 0.30332834134615383 0.12791654326923077 0.31331861057692306
1 0.13426905288461538 0.31331861057692306 0.13705438221153846 0.31331861057692306 0.13705438221153846 0.30272023798076925 0.13426905288461538 0.30272023798076925 0.13426905288461538 0.31331861057692306
1 0.13705438221153846 0.3140135865384615 0.13969311778846152 0.3140135865384615 0.13969311778846152 0.3016777764423077 0.13705438221153846 0.3016777764423077 0.13705438221153846 0.3140135865384615
1 0.1411102139423077 0.3127105072115385 0.14394441105769232 0.3127105072115385 0.14394441105769232 0.3021990072115385 0.1411102139423077 0.3021990072115385 0.1411102139423077 0.3127105072115385
1 0.14340688942307692 0.31218927644230765 0.1467297403846154 0.31218927644230765 0.1467297403846154 0.3021990072115385 0.14340688942307692 0.3021990072115385 0.14340688942307692 0.31218927644230765
1 0.15234926682692307 0.30862752884615385 0.15572098317307692 0.30862752884615385 0.15572098317307692 0.3013302884615384 0.15234926682692307 0.3013302884615384 0.15234926682692307 0.30862752884615385
1 0.1581642548076923 0.3111468125 0.16065639423076924 0.3111468125 0.16065639423076924 0.30159090384615383 0.1581642548076923 0.30159090384615383 0.1581642548076923 0.3111468125
1 0.1564539639423077 0.30975686298076927 0.1582131201923077 0.30975686298076927 0.1582131201923077 0.2995059783653846 0.1564539639423077 0.2995059783653846 0.1564539639423077 0.30975686298076927
1 0.16094958653846153 0.30749819471153844 0.1634905889423077 0.30749819471153844 0.1634905889423077 0.29985346634615384 0.16094958653846153 0.29985346634615384 0.16094958653846153 0.30749819471153844
1 0.1654940721153846 0.31027809375 0.16735095913461537 0.31027809375 0.16735095913461537 0.3004615697115385 0.1654940721153846 0.3004615697115385 0.1654940721153846 0.31027809375
1 0.16749755528846155 0.30923563221153844 0.17033175240384615 0.30923563221153844 0.17033175240384615 0.29941910576923075 0.16749755528846155 0.29941910576923075 0.16749755528846155 0.30923563221153844
0 0.17501697115384618 0.2966524086538462 0.17729370913461537 0.2966524086538462 0.17729370913461537 0.2883794230769231 0.17501697115384618 0.2883794230769231 0.17501697115384618 0.2966524086538462
1 0.17741763221153845 0.29860198798076926 0.17569756730769232 0.29860198798076926 0.17569756730769232 0.3048567668269231 0.17741763221153845 0.3048567668269231 0.17741763221153845 0.29860198798076926
1 0.20031011538461538 0.2985880889423077 0.1982773125 0.2985880889423077 0.1982773125 0.3063718125 0.20031011538461538 0.3063718125 0.20031011538461538 0.2985880889423077
1 0.21275712259615384 0.29808770673076923 0.2104115817307692 0.29808770673076923 0.2104115817307692 0.30403669471153844 0.21275712259615384 0.30403669471153844 0.21275712259615384 0.29808770673076923
1 0.20784712259615384 0.29814330528846156 0.2056266754807692 0.29814330528846156 0.2056266754807692 0.30398109615384616 0.20784712259615384 0.30398109615384616 0.20784712259615384 0.29814330528846156
1 0.20729457451923078 0.29675335576923073 0.20944209134615385 0.29675335576923073 0.20944209134615385 0.2884136514423077 0.20729457451923078 0.2884136514423077 0.20729457451923078 0.29675335576923073
1 0.22569586778846154 0.3031127043269231 0.22791631490384615 0.3031127043269231 0.22791631490384615 0.2952177860576923 0.22569586778846154 0.2952177860576923 0.22569586778846154 0.3031127043269231
1 0.24499185576923077 0.3028347139423077 0.2473686706730769 0.3028347139423077 0.2473686706730769 0.29582936298076923 0.24499185576923077 0.29582936298076923 0.24499185576923077 0.3028347139423077
1 0.24958911778846152 0.3022787331730769 0.2521848485576923 0.3022787331730769 0.2521848485576923 0.29455060817307693 0.24958911778846152 0.29455060817307693 0.24958911778846152 0.3022787331730769
1 0.2590338293269231 0.2977196971153846 0.2607226201923077 0.2977196971153846 0.2607226201923077 0.2917707091346154 0.2590338293269231 0.2917707091346154 0.2590338293269231 0.2977196971153846
1 0.26488204567307694 0.29922084375 0.26700867067307693 0.29922084375 0.26700867067307693 0.29171511057692306 0.26488204567307694 0.29171511057692306 0.26488204567307694 0.29922084375
1 0.23393900721153849 0.37042905528846154 0.23928366586538463 0.37042905528846154 0.23928366586538463 0.3514258269230769 0.23393900721153849 0.3514258269230769 0.23393900721153849 0.37042905528846154
1 0.2384247019230769 0.3605880985576923 0.24176511538461537 0.3605880985576923 0.24176511538461537 0.34377591105769234 0.2384247019230769 0.34377591105769234 0.2384247019230769 0.3605880985576923
1 0.24481920432692308 0.3514258269230769 0.24768241346153846 0.3514258269230769 0.24768241346153846 0.34209388461538465 0.24481920432692308 0.34209388461538465 0.24481920432692308 0.3514258269230769
1 0.2852859014423077 0.36296350240384617 0.2891035144230769 0.36296350240384617 0.2891035144230769 0.3436209302884615 0.2852859014423077 0.3436209302884615 0.2852859014423077 0.36296350240384617
1 0.2964524206730769 0.35159549999999995 0.30017459375 0.35159549999999995 0.30017459375 0.33751275000000003 0.2964524206730769 0.33751275000000003 0.2964524206730769 0.35159549999999995
1 0.26877472596153845 0.3526135288461539 0.27230601923076925 0.3526135288461539 0.27230601923076925 0.3392094663461539 0.26877472596153845 0.3392094663461539 0.26877472596153845 0.3526135288461539
1 0.36391960336538465 0.2762933028846154 0.3619649855769231 0.2762933028846154 0.3619649855769231 0.2844940096153846 0.36391960336538465 0.2844940096153846 0.36391960336538465 0.2762933028846154
1 0.363763235576923 0.28678742788461536 0.36212135576923077 0.28678742788461536 0.36212135576923077 0.2938761754807692 0.363763235576923 0.2938761754807692 0.363763235576923 0.28678742788461536
1 0.25881053846153845 0.3402468966346154 0.25484022115384614 0.3402468966346154 0.25484022115384614 0.3543635817307692 0.25881053846153845 0.3543635817307692 0.25881053846153845 0.3402468966346154
1 0.3115679206730769 0.29319004326923076 0.31407227403846155 0.29319004326923076 0.31407227403846155 0.2870004206730769 0.3115679206730769 0.2870004206730769 0.3115679206730769 0.29319004326923076
1 0.3948510697115385 0.28058759615384615 0.3925055264423077 0.28058759615384615 0.3925055264423077 0.28649488461538464 0.3948510697115385 0.28649488461538464 0.3948510697115385 0.28058759615384615
1 0.510218360576923 0.2759219254807692 0.5073841658653846 0.2759219254807692 0.5073841658653846 0.28174234375 0.510218360576923 0.28174234375 0.510218360576923 0.2759219254807692
1 0.5011261826923077 0.2708501346153846 0.49874436298076924 0.2708501346153846 0.49874436298076924 0.27590288221153847 0.5011261826923077 0.27590288221153847 0.5011261826923077 0.2708501346153846
1 0.5004456634615384 0.2769703653846154 0.49912465384615384 0.2769703653846154 0.49912465384615384 0.2813470408653846 0.5004456634615384 0.2813470408653846 0.5004456634615384 0.2769703653846154
1 0.49261313221153846 0.26818997115384613 0.4907941418269231 0.26818997115384613 0.4907941418269231 0.2748396706730769 0.49261313221153846 0.2748396706730769 0.49261313221153846 0.26818997115384613
1 0.4927540384615385 0.2754089951923077 0.4909478605769231 0.2754089951923077 0.4909478605769231 0.28085173076923076 0.4927540384615385 0.28085173076923076 0.4927540384615385 0.2754089951923077
1 0.47323676923076924 0.26999264903846154 0.47080291105769234 0.26999264903846154 0.47080291105769234 0.27534429086538464 0.47323676923076924 0.27534429086538464 0.47323676923076924 0.26999264903846154
1 0.47137935096153843 0.2794149567307692 0.4731887331730769 0.2794149567307692 0.4731887331730769 0.27534429086538464 0.47137935096153843 0.27534429086538464 0.47137935096153843 0.2794149567307692
1 0.41311104086538464 0.2701660048076923 0.4110935 0.2701660048076923 0.4110935 0.2766278269230769 0.41311104086538464 0.2766278269230769 0.41311104086538464 0.2701660048076923
1 0.41320711298076923 0.27722561778846155 0.411237608173077 0.27722561778846155 0.411237608173077 0.28286192307692304 0.41320711298076923 0.28286192307692304 0.41320711298076923 0.27722561778846155