0 0.40633100961538465 0.7522491081730769 0.39885244951923077 0.7522491081730769 0.39885244951923077 0.7602262403846154 0.40633100961538465 0.7602262403846154 0.40633100961538465 0.7522491081730769
0 0.3958610240384616 0.7026136177884615 0.39187245673076926 0.7026136177884615 0.39187245673076926 0.7150224903846154 0.3958610240384616 0.7150224903846154 0.3958610240384616 0.7026136177884615
0 0.3893796033653846 0.6334784735576923 0.3853910384615385 0.6334784735576923 0.3853910384615385 0.6441146490384615 0.3893796033653846 0.6441146490384615 0.3893796033653846 0.6334784735576923
0 0.36694392067307696 0.5466163677884615 0.3594653581730769 0.5466163677884615 0.3594653581730769 0.5607979350961538 0.36694392067307696 0.5607979350961538 0.36694392067307696 0.5466163677884615
0 0.36395249519230766 0.5209122740384615 0.36096106971153846 0.5209122740384615 0.36096106971153846 0.5342074951923077 0.36395249519230766 0.5342074951923077 0.36395249519230766 0.5209122740384615
0 0.3489953725961538 0.4650723485576923 0.34450823557692306 0.4650723485576923 0.34450823557692306 0.47659487259615385 0.3489953725961538 0.47659487259615385 0.3489953725961538 0.4650723485576923
0 0.3460039471153846 0.4340501682692308 0.3420153822115385 0.4340501682692308 0.3420153822115385 0.4473453870192308 0.3460039471153846 0.4473453870192308 0.3460039471153846 0.4340501682692308
0 0.39187245673076926 0.6857730072115384 0.38588960817307694 0.6857730072115384 0.38588960817307694 0.7026136177884615 0.39187245673076926 0.7026136177884615 0.39187245673076926 0.6857730072115384
0 0.44983144471153846 0.9596882067307693 0.4436061346153846 0.9596882067307693 0.4436061346153846 0.9782193677884615 0.44983144471153846 0.9782193677884615 0.44983144471153846 0.9596882067307693
0 0.43620525000000004 0.9155325673076924 0.43046059134615383 0.9155325673076924 0.43046059134615383 0.9328283173076923 0.43620525000000004 0.9328283173076923 0.43620525000000004 0.9155325673076924
0 0.44056007451923074 0.8951071081730769 0.4341668245192307 0.8951071081730769 0.4341668245192307 0.9117439735576922 0.44056007451923074 0.9117439735576922 0.44056007451923074 0.8951071081730769
0 0.4401894495192308 0.9094378725961539 0.43620525000000004 0.9094378725961539 0.43620525000000004 0.9295338870192308 0.4401894495192308 0.9295338870192308 0.4401894495192308 0.9094378725961539
0 0.44454427403846153 0.9089437091346154 0.4401894495192308 0.9089437091346154 0.4401894495192308 0.9278866730769231 0.44454427403846153 0.9278866730769231 0.44454427403846153 0.9089437091346154
0 0.4102949230769231 0.7714045288461538 0.4063107235576923 0.7714045288461538 0.4063107235576923 0.782111420673077 0.4102949230769231 0.782111420673077 0.4102949230769231 0.7714045288461538
0 0.4063107235576923 0.7676159350961539 0.40167793269230767 0.7676159350961539 0.40167793269230767 0.782111420673077 0.4063107235576923 0.782111420673077 0.4063107235576923 0.7676159350961539
0 0.36324130528846155 0.5087225120192308 0.3593038028846154 0.5087225120192308 0.3593038028846154 0.5233972163461538 0.36324130528846155 0.5233972163461538 0.36324130528846155 0.5087225120192308
0 0.36015771875 0.4891562427884616 0.35508166346153847 0.4891562427884616 0.35508166346153847 0.5062767307692307 0.36015771875 0.5062767307692307 0.36015771875 0.4891562427884616
0 0.34064514663461537 0.42470667548076924 0.33675360336538457 0.42470667548076924 0.33675360336538457 0.4364018966346154 0.34064514663461537 0.4364018966346154 0.34064514663461537 0.42470667548076924
0 0.34654917548076924 0.42121458173076926 0.34281329326923077 0.42121458173076926 0.34281329326923077 0.43281096875 0.34654917548076924 0.43281096875 0.34654917548076924 0.42121458173076926
0 0.3325203918269231 0.3869117524038461 0.32977777884615384 0.3869117524038461 0.32977777884615384 0.3962679302884615 0.3325203918269231 0.3962679302884615 0.3325203918269231 0.3869117524038461
0 0.3380340793269231 0.4014831418269231 0.33454251201923074 0.4014831418269231 0.33454251201923074 0.4136951947115385 0.3380340793269231 0.4136951947115385 0.3380340793269231 0.4014831418269231
0 0.31993802884615385 0.3191266418269231 0.31688038701923077 0.3191266418269231 0.31688038701923077 0.32604494230769226 0.31993802884615385 0.32604494230769226 0.31993802884615385 0.3191266418269231
1 0.6079555072115385 0.809216233173077 0.5726666754807692 0.809216233173077 0.5726666754807692 0.88361434375 0.6079555072115385 0.88361434375 0.6079555072115385 0.809216233173077
1 0.6375717067307692 0.9241055745192307 0.6202450697115385 0.9241055745192307 0.6202450697115385 0.9633092764423077 0.6375717067307692 0.9633092764423077 0.6375717067307692 0.9241055745192307
0 0.5762169134615385 0.7926964759615385 0.5715841225961539 0.7926964759615385 0.5715841225961539 0.8110217331730769 0.5762169134615385 0.8110217331730769 0.5762169134615385 0.7926964759615385
0 0.5639400168269231 0.758310875 0.5597705072115384 0.758310875 0.5597705072115384 0.7758125288461539 0.5639400168269231 0.7758125288461539 0.5639400168269231 0.758310875
1 0.48954980048076924 0.4955311225961539 0.4652276514423077 0.4955311225961539 0.4652276514423077 0.5509187067307693 0.48954980048076924 0.5509187067307693 0.48954980048076924 0.4955311225961539
1 0.5192141370192307 0.5766950360576923 0.4976788990384616 0.5766950360576923 0.4976788990384616 0.6420045120192307 0.5192141370192307 0.6420045120192307 0.5192141370192307 0.5766950360576923
1 0.4579036153846153 0.37459132692307695 0.4272113798076923 0.37459132692307695 0.4272113798076923 0.4505176129807692 0.4579036153846153 0.4505176129807692 0.4579036153846153 0.37459132692307695
1 0.4243158870192308 0.32466014182692304 0.4082458942307692 0.32466014182692304 0.4082458942307692 0.37356181971153846 0.4243158870192308 0.37356181971153846 0.4243158870192308 0.32466014182692304
1 0.40486122115384615 0.27964124278846153 0.39487176682692304 0.27964124278846153 0.39487176682692304 0.3293150504807692 0.40486122115384615 0.3293150504807692 0.40486122115384615 0.27964124278846153
0 0.3232351466346154 0.33826041826923076 0.32095253125 0.33826041826923076 0.32095253125 0.3459705841346154 0.3232351466346154 0.3459705841346154 0.3232351466346154 0.33826041826923076
0 0.3913711875 0.48942021875 0.3881755264423077 0.48942021875 0.3881755264423077 0.5072753365384616 0.3913711875 0.5072753365384616 0.3913711875 0.48942021875
0 0.3763059326923077 0.6099422620192307 0.37368092548076925 0.6099422620192307 0.37368092548076925 0.6190727187499999 0.3763059326923077 0.6190727187499999 0.3763059326923077 0.6099422620192307
0 0.3797298533653847 0.6103480600961538 0.37710484855769233 0.6103480600961538 0.37710484855769233 0.6170437283653847 0.3797298533653847 0.6170437283653847 0.3797298533653847 0.6103480600961538
0 0.5259313076923077 0.6592467331730769 0.5221649927884615 0.6592467331730769 0.5221649927884615 0.6718264735576922 0.5259313076923077 0.6718264735576922 0.5259313076923077 0.6592467331730769
0 0.6187195841346154 0.9215952163461538 0.6141543557692308 0.9215952163461538 0.6141543557692308 0.9372184447115385 0.6187195841346154 0.9372184447115385 0.6187195841346154 0.9215952163461538