0 0.7563525048076923 0.8399210360576923 0.7037270649038461 0.8399210360576923 0.7037270649038461 0.9997881850961539 0.7563525048076923 0.9997881850961539 0.7563525048076923 0.8399210360576923
0 0.7329367764423077 0.9993875168269231 0.7909478173076923 0.9993875168269231 0.7909478173076923 0.7667593269230769 0.7329367764423077 0.7667593269230769 0.7329367764423077 0.9993875168269231
0 0.6804330961538461 1 0.6804330961538461 0.821766485576923 0.6302240697115384 0.821766485576923 0.6302240697115384 1 0.6804330961538461 1
0 0.5868929951923076 1 0.5868929951923076 0.8034252908653846 0.550783764423077 0.8034252908653846 0.550783764423077 1 0.5868929951923076 1
0 0.6095902235576923 0.7759134951923077 0.5824223269230769 0.7759134951923077 0.5824223269230769 0.8676194783653847 0.6095902235576923 0.8676194783653847 0.6095902235576923 0.7759134951923077
0 0.5150184302884615 1 0.5150184302884615 0.7911978269230769 0.44417556009615383 0.7911978269230769 0.44417556009615383 1 0.5150184302884615 1
0 0.43557812500000004 1 0.43557812500000004 0.8083162764423076 0.38261791826923075 0.8083162764423076 0.38261791826923075 1 0.43557812500000004 1
0 0.3747082788461539 1 0.3747082788461539 0.7532926850961539 0.3169335096153846 0.7532926850961539 0.3169335096153846 1 0.3747082788461539 1
0 0.2566818197115385 0.7797529182692308 0.2229798701923077 0.7797529182692308 0.2229798701923077 0.97661509375 0.2566818197115385 0.97661509375 0.2566818197115385 0.7797529182692308
0 0.24774048557692308 0.8610655552884615 0.2697499230769231 0.8610655552884615 0.2697499230769231 0.757132110576923 0.24774048557692308 0.757132110576923 0.24774048557692308 0.8610655552884615
0 0.21678971875 0.7381795408653846 0.19237300000000002 0.7381795408653846 0.19237300000000002 0.8531177043269231 0.21678971875 0.8531177043269231 0.21678971875 0.7381795408653846
0 0.009444067307692308 0.999403266826923 0.0706578125 0.999403266826923 0.0706578125 0.6894370480769231 0.009444067307692308 0.6894370480769231 0.009444067307692308 0.999403266826923
0 0.11742786298076924 1 0.11742786298076924 0.7401810240384615 0.08200642548076924 0.7401810240384615 0.08200642548076924 1 0.11742786298076924 1
0 0.08819657932692307 0.9908440408653847 0.14837863221153846 0.9908440408653847 0.14837863221153846 0.7621904591346154 0.08819657932692307 0.7621904591346154 0.08819657932692307 0.9908440408653847
0 0.1284325793269231 0.9095314038461539 0.16110283653846155 0.9095314038461539 0.16110283653846155 0.7212284543269232 0.1284325793269231 0.7212284543269232 0.1284325793269231 0.9095314038461539
0 0.03325208653846154 0.7192353774038461 0.00133840625 0.7192353774038461 0.00133840625 0.8600957668269231 0.03325208653846154 0.8600957668269231 0.03325208653846154 0.7192353774038461
0 0.022797605769230768 0.9662301562500001 0.09790480528846154 0.9662301562500001 0.09790480528846154 0.7050515192307691 0.022797605769230768 0.7050515192307691 0.022797605769230768 0.9662301562500001
0 0.11083534855769231 0.7187462788461538 0.09020150240384615 0.7187462788461538 0.09020150240384615 0.8043385288461539 0.11083534855769231 0.8043385288461539 0.11083534855769231 0.7187462788461538
0 0.13862226201923075 0.7270609543269231 0.11276117307692307 0.7270609543269231 0.11276117307692307 0.8234133725961539 0.13862226201923075 0.8234133725961539 0.13862226201923075 0.7270609543269231
1 0.19237300000000002 0.7483586298076923 0.1755971153846154 0.7483586298076923 0.1755971153846154 0.7701450360576924 0.19237300000000002 0.7701450360576924 0.19237300000000002 0.7483586298076923
1 0.22607640865384615 0.6914046298076924 0.2128707451923077 0.6914046298076924 0.2128707451923077 0.7192636850961538 0.22607640865384615 0.7192636850961538 0.22607640865384615 0.6914046298076924
1 0.24915770432692305 0.6899934831730768 0.24090416346153848 0.6899934831730768 0.24090416346153848 0.7002645528846153 0.24915770432692305 0.7002645528846153 0.24915770432692305 0.6899934831730768
1 0.3316930865384615 0.6943953701923077 0.3151860096153846 0.6943953701923077 0.3151860096153846 0.7168939038461539 0.3316930865384615 0.7168939038461539 0.3316930865384615 0.6943953701923077
1 0.3068457740384615 0.6896843894230769 0.2995435721153846 0.6896843894230769 0.2995435721153846 0.7007428677884615 0.3068457740384615 0.7007428677884615 0.3068457740384615 0.6896843894230769
1 0.3090995408653846 0.6614772524038461 0.3011662836538461 0.6614772524038461 0.3011662836538461 0.6765424278846154 0.3090995408653846 0.6765424278846154 0.3090995408653846 0.6614772524038461
1 0.30585411778846155 0.6789464447115384 0.31676234615384613 0.6789464447115384 0.31676234615384613 0.6632401995192307 0.30585411778846155 0.6632401995192307 0.30585411778846155 0.6789464447115384
1 0.3572399879807693 0.6912870673076923 0.3509294423076923 0.6912870673076923 0.3509294423076923 0.6991401899038461 0.3572399879807693 0.6991401899038461 0.3572399879807693 0.6912870673076923
1 0.36977092788461535 0.7082754567307692 0.3604854110576923 0.7082754567307692 0.3604854110576923 0.7247830408653846 0.36977092788461535 0.7247830408653846 0.36977092788461535 0.7082754567307692
1 0.3784520408653846 0.7495196778846154 0.36968218509615386 0.7495196778846154 0.36968218509615386 0.7700339591346155 0.3784520408653846 0.7700339591346155 0.3784520408653846 0.7495196778846154
1 0.4007228557692307 0.7563919615384616 0.3869911105769231 0.7563919615384616 0.3869911105769231 0.7799833846153846 0.4007228557692307 0.7799833846153846 0.4007228557692307 0.7563919615384616
1 0.397203375 0.73341596875 0.3856063966346154 0.73341596875 0.3856063966346154 0.7613153894230769 0.397203375 0.7613153894230769 0.397203375 0.73341596875
1 0.4100696754807692 0.7278771129807692 0.39547248317307687 0.7278771129807692 0.39547248317307687 0.7550585336538462 0.4100696754807692 0.7550585336538462 0.4100696754807692 0.7278771129807692
1 0.4106216850961539 0.7693497427884615 0.42576699519230765 0.7693497427884615 0.42576699519230765 0.7492201057692308 0.4106216850961539 0.7492201057692308 0.4106216850961539 0.7693497427884615
1 0.45252370673076925 0.7392193942307692 0.4287239375 0.7392193942307692 0.4287239375 0.7652468870192308 0.45252370673076925 0.7652468870192308 0.45252370673076925 0.7392193942307692
1 0.3923751947115385 0.6919083341346154 0.3801868269230769 0.6919083341346154 0.3801868269230769 0.7129354711538463 0.3923751947115385 0.7129354711538463 0.3923751947115385 0.6919083341346154
1 0.4254785120192308 0.6921647620192307 0.41466043509615386 0.6921647620192307 0.41466043509615386 0.7110122572115384 0.4254785120192308 0.7110122572115384 0.4254785120192308 0.6921647620192307
1 0.48252618269230774 0.7442332764423077 0.4621708870192308 0.7442332764423077 0.4621708870192308 0.7872312091346154 0.48252618269230774 0.7872312091346154 0.48252618269230774 0.7442332764423077
1 0.5000197331730769 0.7430024182692307 0.4875111514423077 0.7430024182692307 0.4875111514423077 0.7868209230769231 0.5000197331730769 0.7868209230769231 0.5000197331730769 0.7430024182692307
1 0.5715234855769231 0.7667642427884616 0.5595334495192308 0.7667642427884616 0.5595334495192308 0.7843937019230769 0.5715234855769231 0.7843937019230769 0.5715234855769231 0.7667642427884616
1 0.6086655528846154 0.7315053221153847 0.5742280072115384 0.7315053221153847 0.5742280072115384 0.7659629038461537 0.6086655528846154 0.7659629038461537 0.6086655528846154 0.7315053221153847
1 0.5699909254807692 0.7162798798076923 0.5559274254807692 0.7162798798076923 0.5559274254807692 0.7339093389423077 0.5699909254807692 0.7339093389423077 0.5699909254807692 0.7162798798076923
1 0.6083049519230769 0.7023365793269231 0.5988391322115384 0.7023365793269231 0.5988391322115384 0.71371559375 0.6083049519230769 0.71371559375 0.6083049519230769 0.7023365793269231
1 0.5923482860576923 0.7066638100961539 0.5823415649038461 0.7066638100961539 0.5823415649038461 0.7191646995192307 0.5923482860576923 0.7191646995192307 0.5923482860576923 0.7066638100961539
1 0.5819809615384616 0.7049008629807693 0.5737772524038461 0.7049008629807693 0.5737772524038461 0.7202865745192307 0.5819809615384616 0.7202865745192307 0.5819809615384616 0.7049008629807693
1 0.5733265000000001 0.7063432740384615 0.5658439951923077 0.7063432740384615 0.5658439951923077 0.7222097884615385 0.5733265000000001 0.7222097884615385 0.5733265000000001 0.7063432740384615
1 0.5332996105769231 0.7073048822115384 0.5247353004807692 0.7073048822115384 0.5247353004807692 0.7194852355769231 0.5332996105769231 0.7194852355769231 0.5332996105769231 0.7073048822115384
1 0.5247353004807692 0.7021763100961539 0.5190558100961539 0.7021763100961539 0.5190558100961539 0.7146772019230769 0.5247353004807692 0.7146772019230769 0.5247353004807692 0.7021763100961539
1 0.5230224375 0.7151580048076924 0.49146971153846153 0.7151580048076924 0.49146971153846153 0.7383968389423077 0.5230224375 0.7383968389423077 0.5230224375 0.7151580048076924
1 0.47210515384615387 0.7068260649038461 0.4594119423076923 0.7068260649038461 0.4594119423076923 0.7215142908653847 0.47210515384615387 0.7215142908653847 0.47210515384615387 0.7068260649038461
1 0.47164358173076926 0.6991126947115384 0.46448922836538464 0.6991126947115384 0.46448922836538464 0.713308576923077 0.47164358173076926 0.713308576923077 0.47164358173076926 0.6991126947115384
1 0.4958760769230769 0.6929584110576923 0.4879370504807692 0.6929584110576923 0.4879370504807692 0.7138829783653846 0.4958760769230769 0.7138829783653846 0.4958760769230769 0.6929584110576923
1 0.4529499447115385 0.6977997812500001 0.4362410625 0.6977997812500001 0.4362410625 0.7174934903846153 0.4529499447115385 0.7174934903846153 0.4529499447115385 0.6977997812500001
1 0.46416612740384616 0.6813062980769231 0.45119597355769236 0.6813062980769231 0.45119597355769236 0.6960765817307693 0.46416612740384616 0.6960765817307693 0.46416612740384616 0.6813062980769231
1 0.5245125913461538 0.6728980528846153 0.5127702163461538 0.6728980528846153 0.5127702163461538 0.6847799254807693 0.5245125913461538 0.6847799254807693 0.5245125913461538 0.6728980528846153
1 0.5412030096153846 0.6753269447115385 0.5317869543269231 0.6753269447115385 0.5317869543269231 0.6856333197115384 0.5412030096153846 0.6856333197115384 0.5412030096153846 0.6753269447115385
1 0.5595920120192308 0.6761803389423077 0.550877545673077 0.6761803389423077 0.550877545673077 0.6858302548076923 0.5595920120192308 0.6858302548076923 0.5595920120192308 0.6761803389423077
1 0.5466310889423076 0.6792656850961538 0.5424215576923077 0.6792656850961538 0.5424215576923077 0.6854363822115384 0.5466310889423076 0.6854363822115384 0.5466310889423076 0.6792656850961538
1 0.7419399350961539 0.823625875 0.7030669735576923 0.823625875 0.7030669735576923 0.8645262235576923 0.7419399350961539 0.8645262235576923 0.7419399350961539 0.823625875
1 0.7577801850961539 0.7523438341346154 0.734240048076923 0.7523438341346154 0.734240048076923 0.7881412548076923 0.7577801850961539 0.7881412548076923 0.7577801850961539 0.7523438341346154
1 0.7895132139423077 0.7569595480769231 0.7653961129807693 0.7569595480769231 0.7653961129807693 0.7954238245192309 0.7895132139423077 0.7954238245192309 0.7895132139423077 0.7569595480769231
1 0.789051641826923 0.7283421274038461 0.7722042884615384 0.7283421274038461 0.7722042884615384 0.7529592644230768 0.789051641826923 0.7529592644230768 0.789051641826923 0.7283421274038461
1 0.6921382163461539 0.7489893028846153 0.6797911826923078 0.7489893028846153 0.6797911826923078 0.7675547259615385 0.6921382163461539 0.7675547259615385 0.6921382163461539 0.7489893028846153
1 0.7100241057692307 0.7453993028846154 0.6976193749999999 0.7453993028846154 0.6976193749999999 0.7706318677884615 0.7100241057692307 0.7706318677884615 0.7100241057692307 0.7453993028846154
1 0.8371185625 0.7169451081730769 0.8217943966346154 0.7169451081730769 0.8217943966346154 0.7375414471153847 0.8371185625 0.7375414471153847 0.8371185625 0.7169451081730769
1 0.8928710697115385 0.7166324615384615 0.8849828894230769 0.7166324615384615 0.8849828894230769 0.7296542211538461 0.8928710697115385 0.7296542211538461 0.8928710697115385 0.7166324615384615
1 0.9793165480769231 0.6913678437499999 0.9680542067307693 0.6913678437499999 0.9680542067307693 0.7067945841346154 0.9793165480769231 0.7067945841346154 0.9793165480769231 0.6913678437499999
1 0.8984605697115384 0.6789842259615385 0.8955803629807693 0.6789842259615385 0.8955803629807693 0.6839076514423077 0.8984605697115384 0.6839076514423077 0.8984605697115384 0.6789842259615385
1 0.8081861394230769 0.6933304158653846 0.7861691875 0.6933304158653846 0.7861691875 0.7039157860576922 0.8081861394230769 0.7039157860576922 0.8081861394230769 0.6933304158653846
1 0.7976696995192308 0.672807108173077 0.7942725336538461 0.672807108173077 0.7942725336538461 0.6791616129807692 0.7976696995192308 0.6791616129807692 0.7976696995192308 0.672807108173077
1 0.8091905192307693 0.6739099567307693 0.80546840625 0.6739099567307693 0.80546840625 0.6803169759615385 0.8091905192307693 0.6803169759615385 0.8091905192307693 0.6739099567307693
1 0.6767433653846153 0.7227379254807692 0.6670503677884615 0.7227379254807692 0.6670503677884615 0.7450574639423077 0.6767433653846153 0.7450574639423077 0.6767433653846153 0.7227379254807692
1 0.6589728677884616 0.7178144975961539 0.6361712451923077 0.7178144975961539 0.6361712451923077 0.7389031778846153 0.6589728677884616 0.7389031778846153 0.6589728677884616 0.7178144975961539
1 0.6465104423076924 0.7057521009615384 0.6392637740384616 0.7057521009615384 0.6392637740384616 0.7229020408653846 0.6465104423076924 0.7229020408653846 0.6465104423076924 0.7057521009615384
1 0.6645578822115384 0.6851557620192307 0.6605422115384615 0.6851557620192307 0.6605422115384615 0.6937717620192309 0.6645578822115384 0.6937717620192309 0.6645578822115384 0.6851557620192307
1 0.671333170673077 0.6810230961538462 0.6669482451923077 0.6810230961538462 0.6669482451923077 0.6899468100961539 0.671333170673077 0.6899468100961539 0.671333170673077 0.6810230961538462
1 0.6822377932692307 0.6832796682692308 0.6762950625 0.6832796682692308 0.6762950625 0.6916905240384617 0.6822377932692307 0.6916905240384617 0.6822377932692307 0.6832796682692308
1 0.7022007548076924 0.6938445216346154 0.6964888076923077 0.6938445216346154 0.6964888076923077 0.7058453774038462 0.7022007548076924 0.7058453774038462 0.7022007548076924 0.6938445216346154
1 0.7424167764423076 0.6569374086538461 0.699663733173077 0.6569374086538461 0.699663733173077 0.6920168293269231 0.7424167764423076 0.6920168293269231 0.7424167764423076 0.6569374086538461
1 0.609572889423077 0.6629922043269231 0.6031685889423077 0.6629922043269231 0.6031685889423077 0.6718133461538461 0.609572889423077 0.6718133461538461 0.609572889423077 0.6629922043269231
1 0.6456908461538462 0.6658642043269231 0.6413059182692307 0.6658642043269231 0.6413059182692307 0.6718133461538461 0.6456908461538462 0.6718133461538461 0.6456908461538462 0.6658642043269231
1 0.663172860576923 0.6670950600961538 0.6589610216346155 0.6670950600961538 0.6589610216346155 0.6745827740384616 0.663172860576923 0.6745827740384616 0.663172860576923 0.6670950600961538
1 0.37975243990384616 0.6848735985576924 0.37588678124999997 0.6848735985576924 0.37588678124999997 0.6931818822115384 0.37975243990384616 0.6931818822115384 0.37975243990384616 0.6848735985576924
1 0.6589728677884616 0.7122243413461539 0.6543825913461538 0.7122243413461539 0.6543825913461538 0.7178144975961539 0.6589728677884616 0.7178144975961539 0.6589728677884616 0.7122243413461539
1 0.20066993269230768 0.6775480697115385 0.18719205048076923 0.6775480697115385 0.18719205048076923 0.6898238149038461 0.20066993269230768 0.6898238149038461 0.20066993269230768 0.6775480697115385
1 0.18486573076923077 0.6623839134615385 0.17962227884615387 0.6623839134615385 0.17962227884615387 0.6684233173076923 0.18486573076923077 0.6684233173076923 0.18486573076923077 0.6623839134615385
1 0.1774805889423077 0.6627121418269231 0.17031700240384615 0.6627121418269231 0.17031700240384615 0.6717712475961538 0.1774805889423077 0.6717712475961538 0.1774805889423077 0.6627121418269231
1 0.16635339182692307 0.6677489615384615 0.15808203365384615 0.6677489615384615 0.15808203365384615 0.6804842259615385 0.16635339182692307 0.6804842259615385 0.16635339182692307 0.6677489615384615
1 0.1452318870192308 0.6665673389423077 0.1348188389423077 0.6665673389423077 0.1348188389423077 0.675954673076923 0.1452318870192308 0.675954673076923 0.1452318870192308 0.6665673389423077
1 0.13688185096153846 0.6505137331730769 0.12285008173076924 0.6505137331730769 0.12285008173076924 0.6636428750000001 0.13688185096153846 0.6636428750000001 0.13688185096153846 0.6505137331730769
1 0.11081891105769232 0.6530283509615384 0.10689555528846154 0.6530283509615384 0.10689555528846154 0.6602493774038461 0.11081891105769232 0.6602493774038461 0.11081891105769232 0.6530283509615384
1 0.1058800985576923 0.653356579326923 0.10223368509615384 0.653356579326923 0.10223368509615384 0.6597570336538462 0.1058800985576923 0.6597570336538462 0.1058800985576923 0.653356579326923
1 0.09577168750000001 0.6573773774038462 0.09027898798076922 0.6573773774038462 0.09027898798076922 0.6680448028846153 0.09577168750000001 0.6680448028846153 0.09577168750000001 0.6573773774038462
1 0.07745434375 0.6383412163461538 0.0004296298076923077 0.6383412163461538 0.0004296298076923077 0.6857804927884616 0.07745434375 0.6857804927884616 0.07745434375 0.6383412163461538
1 0.14061821634615385 0.6154956802884615 0.00376953125 0.6154956802884615 0.00376953125 0.6379331754807692 0.14061821634615385 0.6379331754807692 0.14061821634615385 0.6154956802884615
1 0 0.06463540384615385 0.11016001923076923 0.06463540384615385 0.11016001923076923 0.0015875408653846154 0 0.0015875408653846154 0 0.06463540384615385