0 0.03253396153846154 0.739524110576923 0.02996601923076923 0.739524110576923 0.02996601923076923 0.752966173076923 0.03253396153846154 0.752966173076923 0.03253396153846154 0.739524110576923
0 0.04423236057692308 0.7377487451923077 0.04066577403846154 0.7377487451923077 0.04066577403846154 0.7494154399038462 0.04423236057692308 0.7494154399038462 0.04423236057692308 0.7377487451923077
0 0.039667129807692304 0.6606471009615384 0.03724185336538462 0.6606471009615384 0.03724185336538462 0.6715529254807693 0.039667129807692304 0.6715529254807693 0.039667129807692304 0.6606471009615384
0 0.047716021634615385 0.9474623581730769 0.04372144471153846 0.9474623581730769 0.04372144471153846 0.9559841201923077 0.047716021634615385 0.9559841201923077 0.047716021634615385 0.9474623581730769
0 0.036873603365384616 0.9793175120192308 0.033335550480769235 0.9793175120192308 0.033335550480769235 0.9939262427884615 0.036873603365384616 0.9939262427884615 0.036873603365384616 0.9793175120192308
0 0.042808399038461536 0.9799262091346154 0.03961274038461538 0.9799262091346154 0.03961274038461538 0.98844796875 0.042808399038461536 0.98844796875 0.042808399038461536 0.9799262091346154
0 0.04075404807692307 0.94786815625 0.039782750000000006 0.94786815625 0.03778664903846154 0.94786815625 0.03778664903846154 0.9565928173076923 0.04075404807692307 0.9565928173076923 0.04075404807692307 0.94786815625
0 0.11011253846153846 0.8292802379807692 0.10847636057692307 0.8292802379807692 0.10847636057692307 0.8369676778846155 0.11011253846153846 0.8369676778846155 0.11011253846153846 0.8292802379807692
0 0.12967947596153848 0.7889261249999999 0.1279675144230769 0.7889261249999999 0.1279675144230769 0.79866528125 0.12967947596153848 0.79866528125 0.12967947596153848 0.7889261249999999
0 0.12705446874999998 0.7944044014423077 0.12511424759615386 0.7944044014423077 0.12511424759615386 0.8019116658653846 0.12705446874999998 0.8019116658653846 0.12705446874999998 0.7944044014423077
0 0.14816865384615385 0.7694478149038461 0.1454295168269231 0.7694478149038461 0.1454295168269231 0.7765492836538462 0.14816865384615385 0.7765492836538462 0.14816865384615385 0.7694478149038461
0 0.15195888942307692 0.739662233173077 0.14940236057692308 0.739662233173077 0.14940236057692308 0.747615877403846 0.15195888942307692 0.747615877403846 0.15195888942307692 0.739662233173077
0 0.19728904326923077 0.67790128125 0.19497076201923078 0.67790128125 0.19497076201923078 0.6899484134615383 0.19728904326923077 0.6899484134615383 0.19728904326923077 0.67790128125
0 0.19497076201923078 0.6820226682692307 0.19247415384615385 0.6820226682692307 0.19247415384615385 0.6899484134615383 0.19497076201923078 0.6899484134615383 0.19497076201923078 0.6820226682692307
0 0.1963973966346154 0.6623668221153847 0.19461410336538462 0.6623668221153847 0.19461410336538462 0.6702925673076923 0.1963973966346154 0.6702925673076923 0.1963973966346154 0.6623668221153847
0 0.20067729807692308 0.6553921682692307 0.1987156778846154 0.6553921682692307 0.1987156778846154 0.6639519711538462 0.20067729807692308 0.6639519711538462 0.20067729807692308 0.6553921682692307
0 0.20910870673076923 0.6661420144230769 0.20687958894230768 0.6661420144230769 0.20687958894230768 0.6736714711538461 0.20910870673076923 0.6736714711538461 0.20910870673076923 0.6661420144230769
1 0.22101503605769232 0.6353368629807693 0.217163125 0.6353368629807693 0.217163125 0.6457354399038462 0.22101503605769232 0.6457354399038462 0.22101503605769232 0.6353368629807693
0 0.23499605048076924 0.63305425 0.23299876201923078 0.63305425 0.23299876201923078 0.63964846875 0.23499605048076924 0.63964846875 0.23499605048076924 0.63305425
0 0.1744237331730769 0.6879053557692308 0.17271177163461537 0.6879053557692308 0.17271177163461537 0.6962749423076923 0.1744237331730769 0.6962749423076923 0.1744237331730769 0.6879053557692308
1 0.2778689663461539 0.5487324519230768 0.2696515528846154 0.5487324519230768 0.2696515528846154 0.5592832019230769 0.2778689663461539 0.5592832019230769 0.2778689663461539 0.5487324519230768
1 0.3422386923076923 0.5087613365384616 0.3374452019230769 0.5087613365384616 0.3374452019230769 0.516065701923077 0.3422386923076923 0.516065701923077 0.3422386923076923 0.5087613365384616
1 0.39333209375 0.5139984879807693 0.3814899158653846 0.5139984879807693 0.3814899158653846 0.5338128485576923 0.39333209375 0.5338128485576923 0.39333209375 0.5139984879807693
1 0.42676882692307694 0.5090448990384615 0.3996014807692308 0.5090448990384615 0.3996014807692308 0.5319552524038461 0.42676882692307694 0.5319552524038461 0.42676882692307694 0.5090448990384615
1 0.8990766370192307 0.8101522548076924 0.8953103221153846 0.8101522548076924 0.8953103221153846 0.8172537211538462 0.8990766370192307 0.8172537211538462 0.8990766370192307 0.8101522548076924
1 0.9434592211538462 0.7731786682692309 0.9395359783653846 0.7731786682692309 0.9395359783653846 0.7814214423076924 0.9434592211538462 0.7814214423076924 0.9434592211538462 0.7731786682692309
1 0.9425675745192308 0.7877620384615385 0.9390009903846154 0.7877620384615385 0.9390009903846154 0.7969559014423078 0.9425675745192308 0.7969559014423078 0.9425675745192308 0.7877620384615385
1 0.9491657572115385 0.7956877836538462 0.94542084375 0.7956877836538462 0.94542084375 0.8020283798076923 0.9491657572115385 0.8020283798076923 0.9491657572115385 0.7956877836538462
1 0.9099333221153846 0.7528887620192308 0.9099333221153846 0.7484503461538462 0.9070800528846154 0.7484503461538462 0.9070800528846154 0.755425 0.9099333221153846 0.755425 0.9099333221153846 0.7528887620192308
1 0.9266962716346154 0.7814214423076924 0.9338294423076923 0.7814214423076924 0.9338294423076923 0.771910548076923 0.9266962716346154 0.771910548076923 0.9266962716346154 0.7814214423076924
1 0.9577359663461539 0.82295234375 0.967900735576923 0.82295234375 0.967900735576923 0.8064667956730769 0.9577359663461539 0.8064667956730769 0.9577359663461539 0.82295234375
0 0.9827020625 0.7769830264423077 0.98038378125 0.7769830264423077 0.98038378125 0.7871279783653846 0.9827020625 0.7871279783653846 0.9827020625 0.7769830264423077
0 0.9349098221153846 0.7110408317307692 0.9315215673076923 0.7110408317307692 0.9315215673076923 0.7202346947115384 0.9349098221153846 0.7202346947115384 0.9349098221153846 0.7110408317307692
0 0.9734289423076923 0.7497184639423077 0.9707540024038461 0.7497184639423077 0.9707540024038461 0.7617655961538462 0.9734289423076923 0.7617655961538462 0.9734289423076923 0.7497184639423077
0 0.9828803918269231 0.7677891610576922 0.9810970985576923 0.7677891610576922 0.9810970985576923 0.7747638173076923 0.9828803918269231 0.7747638173076923 0.9828803918269231 0.7677891610576922
0 0.9953634399038461 0.7750808461538461 0.992866829326923 0.7750808461538461 0.992866829326923 0.7830065913461539 0.9953634399038461 0.7830065913461539 0.9953634399038461 0.7750808461538461
0 0.9982167067307692 0.7906153052884615 0.995185110576923 0.7906153052884615 0.995185110576923 0.8032964975961538 0.9982167067307692 0.8032964975961538 0.9982167067307692 0.7906153052884615
1 0.9919751826923077 0.7909323365384615 0.9903702211538461 0.7909323365384615 0.9903702211538461 0.8001261995192308 0.9919751826923077 0.8001261995192308 0.9919751826923077 0.7909323365384615
1 0.9857336610576923 0.7582782692307692 0.9837720384615385 0.7582782692307692 0.9837720384615385 0.7662040120192307 0.9857336610576923 0.7662040120192307 0.9857336610576923 0.7582782692307692
1 0.8152933365384616 0.5336588653846154 0.7974604134615385 0.5336588653846154 0.7974604134615385 0.5764578846153846 0.8152933365384616 0.5764578846153846 0.8152933365384616 0.5336588653846154
1 0.9372816923076923 0.5995416153846154 0.9331020985576923 0.5995416153846154 0.9331020985576923 0.610934875 0.9372816923076923 0.610934875 0.9372816923076923 0.5995416153846154
1 0.30235168990384614 0.7480274423076924 0.3000828245192308 0.7480274423076924 0.3000828245192308 0.7557278293269231 0.30235168990384614 0.7557278293269231 0.30235168990384614 0.7480274423076924
1 0.3077785913461539 0.739043173076923 0.30390089903846157 0.739043173076923 0.30390089903846157 0.746523548076923 0.3077785913461539 0.746523548076923 0.3077785913461539 0.739043173076923
1 0.31107875721153844 0.7405099134615385 0.3093461706730769 0.7405099134615385 0.3093461706730769 0.7474035913461539 0.31107875721153844 0.7474035913461539 0.31107875721153844 0.7405099134615385
1 0.3127552427884615 0.7358104759615384 0.3111183605769231 0.7358104759615384 0.3111183605769231 0.7413488870192307 0.3127552427884615 0.7413488870192307 0.3127552427884615 0.7358104759615384
1 0.3005050264423077 0.7394714591346154 0.29818171153846157 0.7394714591346154 0.29818171153846157 0.7450098701923077 0.3005050264423077 0.7450098701923077 0.3005050264423077 0.7394714591346154
1 0.27149235576923075 0.7561200625000001 0.26832419711538463 0.7561200625000001 0.26832419711538463 0.7616350048076923 0.27149235576923075 0.7616350048076923 0.27149235576923075 0.7561200625000001
1 0.24482701923076922 0.7443861394230769 0.24132884375 0.7443861394230769 0.24132884375 0.7487276899038461 0.24482701923076922 0.7487276899038461 0.24482701923076922 0.7443861394230769
1 0.22977826442307692 0.7254945264423077 0.22436599278846153 0.7254945264423077 0.22436599278846153 0.7330042355769231 0.22977826442307692 0.7330042355769231 0.22977826442307692 0.7254945264423077
0 0.19711405528846154 0.7111694471153847 0.19453580048076924 0.7111694471153847 0.19453580048076924 0.7189615048076923 0.19711405528846154 0.7189615048076923 0.19711405528846154 0.7111694471153847
1 0.3986359423076923 0.4919683870192308 0.3725134927884615 0.4919683870192308 0.3725134927884615 0.5003611418269232 0.3986359423076923 0.5003611418269232 0.3986359423076923 0.4919683870192308
1 0.35835071875 0.5025992091346153 0.3523708798076923 0.5025992091346153 0.3523708798076923 0.5143490649038461 0.35835071875 0.5143490649038461 0.35835071875 0.5025992091346153
0 0.11104082451923077 0.82484703125 0.10944766586538461 0.82484703125 0.10944766586538461 0.8328536706730769 0.11104082451923077 0.8328536706730769 0.11104082451923077 0.82484703125
0 0.11189867788461538 0.8343787451923077 0.10966212980769231 0.8343787451923077 0.10966212980769231 0.8435291899038462 0.11189867788461538 0.8435291899038462 0.11189867788461538 0.8343787451923077
1 0.11603448557692309 0.8245917067307692 0.11395112500000001 0.8245917067307692 0.11395112500000001 0.8306375360576923 0.11603448557692309 0.8306375360576923 0.11603448557692309 0.8245917067307692
1 0.24309002403846153 0.6399353629807693 0.24136665625 0.6399353629807693 0.24136665625 0.6458926826923077 0.24309002403846153 0.6458926826923077 0.24309002403846153 0.6399353629807693
0 0.6540534158653847 0.5850514951923077 0.6515850504807692 0.5850514951923077 0.6515850504807692 0.5931630264423077 0.6540534158653847 0.5931630264423077 0.6540534158653847 0.5850514951923077
0 0.8780405961538461 0.5910591129807693 0.8758714254807691 0.5910591129807693 0.8758714254807691 0.6005004038461539 0.8780405961538461 0.6005004038461539 0.8780405961538461 0.5910591129807693
0 0.8961648293269231 0.6693204831730769 0.8947885288461539 0.6693204831730769 0.8947885288461539 0.675171423076923 0.8961648293269231 0.675171423076923 0.8961648293269231 0.6693204831730769
1 0.8746847620192307 0.6161390673076923 0.8223839374999999 0.6161390673076923 0.8223839374999999 0.6605509399038462 0.8746847620192307 0.6605509399038462 0.8746847620192307 0.6161390673076923
1 0.8854417836538461 0.6708690384615384 0.8769895048076923 0.6708690384615384 0.8769895048076923 0.687624 0.8854417836538461 0.687624 0.8854417836538461 0.6708690384615384
1 0.8639445673076923 0.68642721875 0.8555670865384616 0.68642721875 0.8555670865384616 0.6977301682692307 0.8639445673076923 0.6977301682692307 0.8639445673076923 0.68642721875
0 0.8698536850961538 0.6659489302884616 0.8679837115384615 0.6659489302884616 0.8679837115384615 0.6745923629807693 0.8698536850961538 0.6745923629807693 0.8698536850961538 0.6659489302884616
0 0.9565775673076923 0.7335142956730769 0.9552371682692308 0.7335142956730769 0.9552371682692308 0.7410034975961538 0.9565775673076923 0.7410034975961538 0.9565775673076923 0.7335142956730769
0 0.9548063269230769 0.7327483557692307 0.9529872163461538 0.7327483557692307 0.9529872163461538 0.7405779759615385 0.9548063269230769 0.7405779759615385 0.9548063269230769 0.7327483557692307
0 0.9647508533653847 0.74009321875 0.9635253461538462 0.74009321875 0.9635253461538462 0.7470377524038461 0.9647508533653847 0.7470377524038461 0.9647508533653847 0.74009321875
0 0.995185110576923 0.7906398052884616 0.9939798076923078 0.7906398052884616 0.9939798076923078 0.7984694278846154 0.995185110576923 0.7984694278846154 0.995185110576923 0.7906398052884616
0 0.9867991081730769 0.7793208966346155 0.9847885120192307 0.7793208966346155 0.9847885120192307 0.7886824014423077 0.9867991081730769 0.7886824014423077 0.9867991081730769 0.7793208966346155
1 0.9872298557692307 0.8403453725961539 0.9834001514423077 0.8403453725961539 0.9834001514423077 0.8456218557692308 0.9872298557692307 0.8456218557692308 0.9872298557692307 0.8403453725961539
1 0.9569477980769231 0.8281556947115385 0.9522728629807692 0.8281556947115385 0.9522728629807692 0.8358018100961538 0.9569477980769231 0.8358018100961538 0.9569477980769231 0.8281556947115385
1 0.9805975865384616 0.9765625336538462 0.9786528149038461 0.9765625336538462 0.9761096514423078 0.9765625336538462 0.9761096514423078 0.9840091850961539 0.9805975865384616 0.9840091850961539 0.9805975865384616 0.9765625336538462
1 0.9806723870192309 0.9857378701923077 0.9767828413461538 0.9857378701923077 0.9767828413461538 0.9938493990384616 0.9806723870192309 0.9938493990384616 0.9806723870192309 0.9857378701923077