1 0.02186207932692308 0.19946340625 0.01796216826923077 0.19946340625 0.01796216826923077 0.21066314903846153 0.02186207932692308 0.21066314903846153 0.02186207932692308 0.19946340625
1 0.053961343749999995 0.22790719951923075 0.04916145432692308 0.22790719951923075 0.04916145432692308 0.23519592067307693 0.053961343749999995 0.23519592067307693 0.053961343749999995 0.22790719951923075
1 0.09686036298076924 0.2497733653846154 0.09296045192307692 0.2497733653846154 0.09296045192307692 0.2563509927884616 0.09686036298076924 0.2563509927884616 0.09686036298076924 0.2497733653846154
1 0.08056073557692309 0.23821807451923077 0.07496086298076923 0.23821807451923077 0.07496086298076923 0.2446179278846154 0.08056073557692309 0.2446179278846154 0.08056073557692309 0.23821807451923077
1 0.15495903365384617 0.2659507716346154 0.15055913221153847 0.2659507716346154 0.15055913221153847 0.2751950048076923 0.15495903365384617 0.2751950048076923 0.15495903365384617 0.2659507716346154
1 0.16585878365384615 0.30719427403846156 0.161858875 0.30719427403846156 0.161858875 0.3143052211538461 0.16585878365384615 0.3143052211538461 0.16585878365384615 0.30719427403846156
1 0.1530590769230769 0.32514941826923077 0.16115889182692306 0.32514941826923077 0.16115889182692306 0.31768292307692303 0.1530590769230769 0.31768292307692303 0.1530590769230769 0.32514941826923077
1 0.13285953846153847 0.3256827379807692 0.13815941826923075 0.3256827379807692 0.13815941826923075 0.31412744711538465 0.13285953846153847 0.31412744711538465 0.13285953846153847 0.3256827379807692
1 0.16535879567307693 0.2997277764423077 0.1780585048076923 0.2997277764423077 0.1780585048076923 0.2920835072115385 0.16535879567307693 0.2920835072115385 0.16535879567307693 0.2997277764423077
1 0.17285862259615387 0.25332883894230773 0.1643588173076923 0.25332883894230773 0.1643588173076923 0.2618619759615385 0.17285862259615387 0.2618619759615385 0.17285862259615387 0.25332883894230773
1 0.09906031250000001 0.29172795913461536 0.10636014423076924 0.29172795913461536 0.10636014423076924 0.2824837283653846 0.09906031250000001 0.2824837283653846 0.09906031250000001 0.29172795913461536
1 0.05406134134615385 0.28728361778846156 0.059261223557692304 0.28728361778846156 0.059261223557692304 0.28230595432692307 0.05406134134615385 0.28230595432692307 0.05406134134615385 0.28728361778846156
1 0.007362411057692308 0.2494178173076923 0.01746218028846154 0.2494178173076923 0.01746218028846154 0.24337351201923077 0.007362411057692308 0.24337351201923077 0.007362411057692308 0.2494178173076923
1 0.12274376923076923 0.22358374278846152 0.11461595673076924 0.22358374278846152 0.11461595673076924 0.2309791298076923 0.12274376923076923 0.2309791298076923 0.12274376923076923 0.22358374278846152
1 0.21616838221153845 0.3073800456730769 0.21229347115384614 0.3073800456730769 0.21229347115384614 0.32071307451923076 0.21616838221153845 0.32071307451923076 0.21616838221153845 0.3073800456730769
1 0.25066759134615385 0.2791584711538462 0.2387928629807692 0.2791584711538462 0.2387928629807692 0.28782493990384617 0.25066759134615385 0.28782493990384617 0.25066759134615385 0.2791584711538462
1 0.5545242524038462 0.5178158317307692 0.5427997211538462 0.5178158317307692 0.5427997211538462 0.52691784375 0.5545242524038462 0.52691784375 0.5545242524038462 0.5178158317307692
1 0.6714453317307693 0.4922971634615385 0.6635705120192308 0.4922971634615385 0.6635705120192308 0.5094078822115384 0.6714453317307693 0.5094078822115384 0.6714453317307693 0.4922971634615385
1 0.1599837283653846 0.6943216322115385 0.12878444230769232 0.6943216322115385 0.12878444230769232 0.7295208269230768 0.1599837283653846 0.7295208269230768 0.1599837283653846 0.6943216322115385
1 0.770958610576923 0.5636803197115385 0.7584588966346154 0.5636803197115385 0.7584588966346154 0.5856242620192308 0.770958610576923 0.5856242620192308 0.770958610576923 0.5636803197115385
1 0.2999518365384616 0.26038328846153846 0.29297241105769234 0.26038328846153846 0.29297241105769234 0.26941248557692304 0.2999518365384616 0.26941248557692304 0.2999518365384616 0.26038328846153846
1 0.14333396874999998 0.03843219471153846 0.02031279807692308 0.03843219471153846 0.02031279807692308 0.09183673317307693 0.14333396874999998 0.09183673317307693 0.14333396874999998 0.03843219471153846
1 0.15010750240384615 0.24666003125 0.14423960576923076 0.24666003125 0.14423960576923076 0.2529477019230769 0.15010750240384615 0.2529477019230769 0.15010750240384615 0.24666003125