0 0.6769001514423076 0.35820409375 0.6717216850961538 0.35820409375 0.6717216850961538 0.3724978798076923 0.6769001514423076 0.3724978798076923 0.6769001514423076 0.35820409375
0 0.7210534110576923 0.3666834591346154 0.7177827980769231 0.3666834591346154 0.7177827980769231 0.38267311538461535 0.7210534110576923 0.38267311538461535 0.7210534110576923 0.3666834591346154
1 0.7257825961538462 0.4121405264423077 0.7194798533653847 0.4121405264423077 0.7194798533653847 0.4290992548076923 0.7257825961538462 0.4290992548076923 0.7257825961538462 0.4121405264423077
0 0.75559853125 0.2982741971153846 0.7523715264423078 0.2982741971153846 0.7523715264423078 0.31346921875 0.75559853125 0.31346921875 0.75559853125 0.2982741971153846
0 0.7517610120192307 0.2981191466346154 0.7479234951923076 0.2981191466346154 0.7479234951923076 0.3120737572115385 0.7517610120192307 0.3120737572115385 0.7517610120192307 0.2981191466346154
0 0.7714718990384615 0.2590462403846154 0.7692914903846154 0.2590462403846154 0.7692914903846154 0.27005487499999997 0.7714718990384615 0.27005487499999997 0.7714718990384615 0.2590462403846154
0 0.7560346105769231 0.23408299278846154 0.7525459591346154 0.23408299278846154 0.7525459591346154 0.24540173317307692 0.7560346105769231 0.24540173317307692 0.7560346105769231 0.23408299278846154
0 0.7519354447115384 0.2328425841346154 0.7485340096153846 0.2328425841346154 0.7485340096153846 0.2450916298076923 0.7519354447115384 0.2450916298076923 0.7519354447115384 0.2328425841346154
0 0.7570812067307693 0.20958489903846156 0.7542030697115384 0.20958489903846156 0.7542030697115384 0.22245415144230768 0.7570812067307693 0.22245415144230768 0.7570812067307693 0.20958489903846156
0 0.7599593461538461 0.2111354110576923 0.7582150192307692 0.2111354110576923 0.7582150192307692 0.22012838221153846 0.7599593461538461 0.22012838221153846 0.7599593461538461 0.2111354110576923
1 0.76676221875 0.21361623076923075 0.7633607812500001 0.21361623076923075 0.7633607812500001 0.22477991826923077 0.76676221875 0.22477991826923077 0.76676221875 0.21361623076923075
1 0.7563738004807692 0.11601804567307691 0.7506524110576923 0.11601804567307691 0.7506524110576923 0.12929043028846154 0.7563738004807692 0.12929043028846154 0.7563738004807692 0.11601804567307691
0 0.743242295673077 0.1218258221153846 0.7402442331730769 0.1218258221153846 0.7402442331730769 0.13103198798076923 0.743242295673077 0.13103198798076923 0.743242295673077 0.1218258221153846
0 0.7504509110576923 0.06873163221153845 0.7484274927884615 0.06873163221153845 0.7484274927884615 0.07629813221153846 0.7504509110576923 0.07629813221153846 0.7504509110576923 0.06873163221153845
0 0.7447992932692308 0.06674697596153846 0.742636329326923 0.06674697596153846 0.742636329326923 0.0738173125 0.7447992932692308 0.0738173125 0.7447992932692308 0.06674697596153846
0 0.7477297620192308 0.07121245192307692 0.746124983173077 0.07121245192307692 0.746124983173077 0.07803470673076923 0.7477297620192308 0.07803470673076923 0.7477297620192308 0.07121245192307692
0 0.7462902572115385 0.04748817548076923 0.7445040673076923 0.04748817548076923 0.7445040673076923 0.05443447115384615 0.7462902572115385 0.05443447115384615 0.7462902572115385 0.04748817548076923
0 0.7594634086538462 0.04083957932692307 0.7572864903846154 0.04083957932692307 0.7572864903846154 0.04510658894230769 0.7594634086538462 0.04510658894230769 0.7594634086538462 0.04083957932692307
0 0.7656034375 0.03280172355769231 0.7636497932692308 0.03280172355769231 0.7636497932692308 0.037961829326923074 0.7656034375 0.037961829326923074 0.7656034375 0.03280172355769231
0 0.77407946875 0.02801073076923077 0.7722932764423077 0.02801073076923077 0.7722932764423077 0.03277390384615385 0.77407946875 0.03277390384615385 0.77407946875 0.02801073076923077
0 0.7718913846153845 0.02554975721153846 0.7704177788461538 0.02554975721153846 0.7704177788461538 0.028883978365384613 0.7718913846153845 0.028883978365384613 0.7718913846153845 0.02554975721153846
0 0.77407946875 0.021580444711538464 0.7729630985576923 0.021580444711538464 0.7729630985576923 0.026264233173076926 0.77407946875 0.026264233173076926 0.77407946875 0.021580444711538464
0 0.7692120985576923 0.03269451682692308 0.7678278028846154 0.03269451682692308 0.7678278028846154 0.03626689663461538 0.7692120985576923 0.03626689663461538 0.7692120985576923 0.03269451682692308
0 0.7678278028846154 0.03280172355769231 0.7656034375 0.03280172355769231 0.7656034375 0.03626689663461538 0.7678278028846154 0.03626689663461538 0.7678278028846154 0.03280172355769231
0 0.7785172019230769 0.02473083173076923 0.7771217403846153 0.02473083173076923 0.7771217403846153 0.02938236778846154 0.7785172019230769 0.02938236778846154 0.7785172019230769 0.02473083173076923
1 0.7838373966346153 0.025195985576923076 0.781831420673077 0.025195985576923076 0.781831420673077 0.02938236778846154 0.7838373966346153 0.02938236778846154 0.7838373966346153 0.025195985576923076