0 0.3825168293269231 0.7331484855769231 0.35242643990384614 0.7331484855769231 0.35242643990384614 0.8328418990384615 0.3825168293269231 0.8328418990384615 0.3825168293269231 0.7331484855769231
0 0.21825065624999998 0.5460791802884615 0.19983168990384614 0.5460791802884615 0.19983168990384614 0.643341045673077 0.21825065624999998 0.643341045673077 0.21825065624999998 0.5460791802884615
0 0.22799082451923078 0.4755700697115385 0.21666954326923077 0.4755700697115385 0.21666954326923077 0.5483997548076923 0.22799082451923078 0.5483997548076923 0.22799082451923078 0.4755700697115385
0 0.14394813701923076 0.35061222836538464 0.13657179807692307 0.35061222836538464 0.13657179807692307 0.3849729014423077 0.14394813701923076 0.3849729014423077 0.14394813701923076 0.35061222836538464
0 0.1611844951923077 0.32913170913461537 0.15319190624999998 0.32913170913461537 0.15319190624999998 0.34334076201923075 0.1611844951923077 0.34334076201923075 0.1611844951923077 0.32913170913461537
0 0.3298940889423077 0.3448119399038462 0.32427686778846154 0.3448119399038462 0.32427686778846154 0.36913995913461534 0.3298940889423077 0.36913995913461534 0.3298940889423077 0.3448119399038462
0 0.28635855769230767 0.3257668870192308 0.28038278846153847 0.3257668870192308 0.28038278846153847 0.3483738870192308 0.28635855769230767 0.3483738870192308 0.28635855769230767 0.3257668870192308
0 0.04253418028846154 0.27522354807692306 0.03942677884615385 0.27522354807692306 0.03942677884615385 0.28818432692307694 0.04253418028846154 0.28818432692307694 0.04253418028846154 0.27522354807692306
0 0.05544184134615385 0.2758609639423077 0.052334439903846154 0.2758609639423077 0.052334439903846154 0.2891404519230769 0.05544184134615385 0.2891404519230769 0.05544184134615385 0.2758609639423077
0 0.05454547596153846 0.28967162980769234 0.058788271634615384 0.28967162980769234 0.058788271634615384 0.2758609639423077 0.05454547596153846 0.2758609639423077 0.05454547596153846 0.28967162980769234
0 0.13415143990384615 0.28748240865384617 0.12865373317307693 0.28748240865384617 0.12865373317307693 0.29768105528846156 0.13415143990384615 0.29768105528846156 0.13415143990384615 0.28748240865384617
0 0.08113075721153845 0.2762194471153846 0.07757397836538461 0.2762194471153846 0.07757397836538461 0.28981764182692304 0.08113075721153845 0.28981764182692304 0.08113075721153845 0.2762194471153846
0 0.07039116346153847 0.27827079326923077 0.06763752884615384 0.27827079326923077 0.06763752884615384 0.28925813461538463 0.07039116346153847 0.28925813461538463 0.07039116346153847 0.27827079326923077
0 0.114550625 0.27738733413461536 0.11198056730769232 0.27738733413461536 0.11198056730769232 0.28951692548076924 0.114550625 0.28951692548076924 0.114550625 0.27738733413461536
0 0.30735049038461537 0.3152805144230769 0.3023786514423077 0.3152805144230769 0.3023786514423077 0.32262353846153846 0.30735049038461537 0.32262353846153846 0.30735049038461537 0.3152805144230769
0 0.2373228629807692 0.33068721153846153 0.23218743749999998 0.33068721153846153 0.23218743749999998 0.35060644230769233 0.2373228629807692 0.35060644230769233 0.2373228629807692 0.33068721153846153
0 0.27378244230769233 0.29778654807692306 0.27001770913461537 0.29778654807692306 0.27001770913461537 0.3142531105769231 0.27378244230769233 0.3142531105769231 0.27378244230769233 0.29778654807692306
0 0.24942330288461537 0.3061314326923077 0.24669835336538462 0.3061314326923077 0.24669835336538462 0.3108058125 0.24942330288461537 0.3108058125 0.24942330288461537 0.3061314326923077
0 0.25367805048076925 0.30596145673076924 0.2505706514423077 0.30596145673076924 0.2505706514423077 0.3112307572115384 0.25367805048076925 0.3112307572115384 0.25367805048076925 0.30596145673076924
0 0.27227978365384614 0.31172842548076923 0.2692584350961539 0.31172842548076923 0.2692584350961539 0.32723036778846154 0.27227978365384614 0.32723036778846154 0.27227978365384614 0.31172842548076923
0 0.18926984134615385 0.2817546514423077 0.1860190216346154 0.2817546514423077 0.1860190216346154 0.29322812740384613 0.18926984134615385 0.29322812740384613 0.18926984134615385 0.2817546514423077
0 0.1801388653846154 0.2807347860576923 0.17631437259615385 0.2807347860576923 0.17631437259615385 0.29152835336538463 0.1801388653846154 0.29152835336538463 0.1801388653846154 0.2807347860576923
0 0.2124360576923077 0.2715317860576923 0.20902987019230768 0.2715317860576923 0.20902987019230768 0.27864959134615386 0.2124360576923077 0.27864959134615386 0.2124360576923077 0.2715317860576923
0 0.29197526201923074 0.28746127403846156 0.2893937307692308 0.28746127403846156 0.2893937307692308 0.2955352019230769 0.29197526201923074 0.2955352019230769 0.29197526201923074 0.28746127403846156
0 0.29197526201923074 0.2968950216346154 0.2960387860576923 0.2968950216346154 0.2960387860576923 0.28907606009615383 0.29197526201923074 0.28907606009615383 0.29197526201923074 0.2968950216346154
1 0.57992128125 0.4870984951923077 0.5888503966346155 0.4870984951923077 0.5888503966346155 0.45721806009615384 0.57992128125 0.45721806009615384 0.57992128125 0.4870984951923077
0 0.26242483413461537 0.27993434855769234 0.2589792475961538 0.27993434855769234 0.2589792475961538 0.29248413221153846 0.26242483413461537 0.29248413221153846 0.26242483413461537 0.27993434855769234
0 0.2663547067307692 0.2792011995192308 0.26414953125 0.2792011995192308 0.26414953125 0.2884760865384615 0.2663547067307692 0.2884760865384615 0.2663547067307692 0.2792011995192308
0 0.2772773221153846 0.28303054086538465 0.2772773221153846 0.27505413701923076 0.27517756250000003 0.27505413701923076 0.27517756250000003 0.2880275048076923 0.2772773221153846 0.2880275048076923 0.2772773221153846 0.28303054086538465
0 0.31044316346153844 0.30114148317307693 0.31323997115384616 0.30114148317307693 0.31323997115384616 0.2930140048076923 0.31044316346153844 0.2930140048076923 0.31044316346153844 0.30114148317307693
1 0.2869508004807692 0.2599011826923077 0.26980689903846156 0.2599011826923077 0.26980689903846156 0.2702099326923077 0.2869508004807692 0.2702099326923077 0.2869508004807692 0.2599011826923077
0 0.27463382451923074 0.30985999999999997 0.27463382451923074 0.30344675 0.26802475 0.30344675 0.26802475 0.30985999999999997 0.2686452932692308 0.30985999999999997 0.27463382451923074 0.30985999999999997
0 0.2870601466346154 0.28294779326923075 0.2849625408653846 0.28294779326923075 0.2849625408653846 0.2931788557692308 0.2870601466346154 0.2931788557692308 0.2870601466346154 0.28294779326923075
0 0.3055665240384615 0.28560328365384613 0.3001880456730769 0.28560328365384613 0.3001880456730769 0.29612119711538465 0.3055665240384615 0.29612119711538465 0.3055665240384615 0.28560328365384613
0 0.2649126298076923 0.2943544591346154 0.2603409230769231 0.2943544591346154 0.2603409230769231 0.31467315384615385 0.2649126298076923 0.31467315384615385 0.2649126298076923 0.2943544591346154
0 0.2609433125 0.30347977403846155 0.25758714182692305 0.30347977403846155 0.25758714182692305 0.3095992860576923 0.2609433125 0.3095992860576923 0.2609433125 0.30347977403846155
0 0.2645301129807692 0.3093750504807692 0.26844048076923077 0.3093750504807692 0.26844048076923077 0.30296180048076926 0.2645301129807692 0.30296180048076926 0.2645301129807692 0.3093750504807692
0 0.32245270913461543 0.285251125 0.3193547043269231 0.285251125 0.3193547043269231 0.29620505288461535 0.32245270913461543 0.29620505288461535 0.32245270913461543 0.285251125
0 0.34097336538461537 0.28798820673076925 0.3386498629807692 0.28798820673076925 0.3386498629807692 0.29586708173076925 0.34097336538461537 0.29586708173076925 0.34097336538461537 0.28798820673076925
0 0.2851858485576923 0.2758991778846154 0.2869508004807692 0.2758991778846154 0.2869508004807692 0.2702099326923077 0.2851858485576923 0.2702099326923077 0.2851858485576923 0.2758991778846154
0 0.25743998557692305 0.3044701081730769 0.25388760817307693 0.3044701081730769 0.25388760817307693 0.31112813701923075 0.25743998557692305 0.31112813701923075 0.25743998557692305 0.3044701081730769
0 0.28362959375 0.2759016201923077 0.2821150120192308 0.2759016201923077 0.2821150120192308 0.2818987427884615 0.28362959375 0.2818987427884615 0.28362959375 0.2759016201923077
0 0.2740294278846154 0.2786754230769231 0.2722119326923077 0.2786754230769231 0.2722119326923077 0.2873406538461538 0.2740294278846154 0.2873406538461538 0.2740294278846154 0.2786754230769231
1 0.3104600504807692 0.26525179567307694 0.30740507451923077 0.26525179567307694 0.30740507451923077 0.2779497860576923 0.3104600504807692 0.2779497860576923 0.3104600504807692 0.26525179567307694
0 0.29805082451923076 0.27054298798076926 0.2961575985576923 0.27054298798076926 0.2961575985576923 0.2735415504807692 0.29805082451923076 0.2735415504807692 0.29805082451923076 0.27054298798076926
0 0.3033518509615385 0.2753162091346154 0.3033518509615385 0.2720116730769231 0.3013209375 0.2720116730769231 0.3013209375 0.2737690769230769 0.3013209375 0.2753162091346154 0.3033518509615385 0.2753162091346154
0 0.3065186995192308 0.2739087211538461 0.3047975865384615 0.2739087211538461 0.3047975865384615 0.27709086778846154 0.3065186995192308 0.27709086778846154 0.3065186995192308 0.2739087211538461
0 0.30180285096153847 0.2664429158653846 0.2996686706730769 0.2664429158653846 0.2996686706730769 0.27139972115384614 0.30180285096153847 0.27139972115384614 0.30180285096153847 0.2664429158653846
1 0.3250548004807693 0.2666465 0.32286037980769233 0.2666465 0.32286037980769233 0.2735309519230769 0.3250548004807693 0.2735309519230769 0.3250548004807693 0.2666465
0 0.2808337548076923 0.2715153629807692 0.2780799735576923 0.2715153629807692 0.2780799735576923 0.27836921875000004 0.2808337548076923 0.27836921875000004 0.2808337548076923 0.2715153629807692
0 0.2772773221153846 0.2881709302884615 0.2792365625 0.2881709302884615 0.2792365625 0.2825409783653846 0.2772773221153846 0.2825409783653846 0.2772773221153846 0.2881709302884615
0 0.2912912379807692 0.27044138942307694 0.28936359375 0.27044138942307694 0.28936359375 0.27509221875 0.2912912379807692 0.27509221875 0.2912912379807692 0.27044138942307694
0 0.2869508004807692 0.2663293798076923 0.2884308846153846 0.2663293798076923 0.2884308846153846 0.26280454086538463 0.2869508004807692 0.26280454086538463 0.2869508004807692 0.2663293798076923
0 0.12784615384615383 0.26989726923076923 0.1249417764423077 0.26989726923076923 0.1249417764423077 0.28213629567307696 0.12784615384615383 0.28213629567307696 0.12784615384615383 0.26989726923076923
1 0.981681829326923 0.031841653846153846 0.8267764927884615 0.031841653846153846 0.8267764927884615 0.08167363221153846 0.981681829326923 0.08167363221153846 0.981681829326923 0.031841653846153846
0 0.08937006971153846 0.2685468918269231 0.08713950721153846 0.2685468918269231 0.08713950721153846 0.2743237115384615 0.08937006971153846 0.2743237115384615 0.08937006971153846 0.2685468918269231
0 0.09435441346153846 0.26977079326923076 0.09058173557692308 0.26977079326923076 0.09058173557692308 0.2760861298076923 0.09435441346153846 0.2760861298076923 0.09435441346153846 0.26977079326923076
0 0.2699690961538461 0.32003900961538456 0.2645475889423077 0.32003900961538456 0.2645475889423077 0.32723036778846154 0.2699690961538461 0.32723036778846154 0.2699690961538461 0.32003900961538456
0 0.27887740144230766 0.3135498966346154 0.2743056947115385 0.3135498966346154 0.2743056947115385 0.3264582451923077 0.27887740144230766 0.3264582451923077 0.27887740144230766 0.3135498966346154
0 0.13689754807692306 0.2697035985576923 0.13448798798076925 0.2697035985576923 0.13448798798076925 0.2772000024038462 0.13689754807692306 0.2772000024038462 0.13689754807692306 0.2697035985576923