1 0.19951623557692308 0.5639686418269231 0.19042678846153846 0.5639686418269231 0.19042678846153846 0.5859283317307692 0.19951623557692308 0.5859283317307692 0.19951623557692308 0.5639686418269231
1 0.4097388293269231 0.6605084086538462 0.4036791971153846 0.6605084086538462 0.4036791971153846 0.6841254326923077 0.4097388293269231 0.6841254326923077 0.4097388293269231 0.6605084086538462
1 0.4281507860576923 0.6663090817307692 0.41812908653846154 0.6663090817307692 0.41812908653846154 0.6882687692307693 0.4281507860576923 0.6882687692307693 0.4281507860576923 0.6663090817307692
1 0.44329986298076923 0.6625800769230769 0.43490960576923077 0.6625800769230769 0.43490960576923077 0.6870257692307693 0.44329986298076923 0.6870257692307693 0.44329986298076923 0.6625800769230769
1 0.7133559014423076 0.22890356971153844 0.7092319206730769 0.22890356971153844 0.7092319206730769 0.2351489375 0.7133559014423076 0.2351489375 0.7133559014423076 0.22890356971153844
1 0.042256317307692304 0.30295560336538463 0.03791199038461539 0.30295560336538463 0.03791199038461539 0.31025175721153847 0.042256317307692304 0.31025175721153847 0.042256317307692304 0.30295560336538463
1 0.18796413942307694 0.33007319951923075 0.18289659374999997 0.33007319951923075 0.18289659374999997 0.3370245673076923 0.18796413942307694 0.3370245673076923 0.18796413942307694 0.33007319951923075
1 0.4156030048076923 0.25946147596153846 0.40703196875000003 0.25946147596153846 0.40703196875000003 0.2753105913461539 0.4156030048076923 0.2753105913461539 0.4156030048076923 0.25946147596153846
1 0.6045288509615385 0.27852218509615384 0.59925215625 0.27852218509615384 0.59925215625 0.2905380264423077 0.6045288509615385 0.2905380264423077 0.6045288509615385 0.27852218509615384
1 0.6082356730769231 0.30229198798076923 0.6015656947115384 0.30229198798076923 0.6015656947115384 0.3120416802884615 0.6082356730769231 0.3120416802884615 0.6082356730769231 0.30229198798076923
1 0.6189076346153846 0.31467673317307693 0.6104589975961539 0.31467673317307693 0.6104589975961539 0.3267979759615385 0.6189076346153846 0.3267979759615385 0.6189076346153846 0.31467673317307693
1 0.6232978966346153 0.2883532355769231 0.6169439110576923 0.2883532355769231 0.6169439110576923 0.29617352403846153 0.6232978966346153 0.29617352403846153 0.6232978966346153 0.2883532355769231