0 0.6068027211538461 0.43892668028846155 0.5965986394230769 0.43892668028846155 0.5965986394230769 0.4691609975961538 0.6068027211538461 0.4691609975961538 0.6068027211538461 0.43892668028846155
0 0.6544217692307692 0.4498110360576923 0.642857141826923 0.4498110360576923 0.642857141826923 0.4788359783653846 0.6544217692307692 0.4788359783653846 0.6544217692307692 0.4498110360576923
0 0.8122448990384614 0.4752078605769231 0.7925170072115384 0.4752078605769231 0.7925170072115384 0.5441421009615385 0.8122448990384614 0.5441421009615385 0.8122448990384614 0.4752078605769231
0 0.8435374158653846 0.4788359783653846 0.8231292524038462 0.4788359783653846 0.8231292524038462 0.5501889639423078 0.8435374158653846 0.5501889639423078 0.8435374158653846 0.4788359783653846
1 0.0006802716346153846 0 0.0006802716346153846 0.06402116346153847 0.11088435336538462 0.06402116346153847 0.11088435336538462 0 0.0006802716346153846 0
0 0.08183250240384615 0.38293062980769227 0.04806107692307692 0.38293062980769227 0.04806107692307692 0.4976302596153846 0.08183250240384615 0.4976302596153846 0.08183250240384615 0.38293062980769227
0 0.6771803461538461 0.5921978100961538 0.6447597788461539 0.5921978100961538 0.6447597788461539 0.7576520288461539 0.6771803461538461 0.7576520288461539 0.6771803461538461 0.5921978100961538
0 0.7824949951923077 0.6007631201923077 0.7513970576923078 0.6007631201923077 0.7513970576923078 0.7822179350961539 0.7824949951923077 0.7822179350961539 0.7824949951923077 0.6007631201923077
0 0.7440419447115385 0.8012580745192307 0.7843015144230769 0.8012580745192307 0.7843015144230769 0.6055805048076923 0.7440419447115385 0.6055805048076923 0.7440419447115385 0.8012580745192307
0 0.7317834206730769 0.6769236730769231 0.6904915528846154 0.6769236730769231 0.6904915528846154 0.7845119278846154 0.7317834206730769 0.7845119278846154 0.7317834206730769 0.6769236730769231
0 1 0.7636170600961538 0.9524698004807692 0.7636170600961538 0.9524698004807692 0.977334733173077 1 0.977334733173077 1 0.7636170600961538
0 0.9088693798076922 0.44236848317307687 0.8554399615384616 0.44236848317307687 0.8554399615384616 0.5660290240384616 0.9088693798076922 0.5660290240384616 0.9088693798076922 0.44236848317307687
0 0.7672192884615385 0.4826812451923077 0.7672192884615385 0.44807682692307693 0.7487669855769231 0.44807682692307693 0.7487669855769231 0.5549768822115385 0.7672192884615385 0.5549768822115385 0.7672192884615385 0.4826812451923077
0 0.7672192884615385 0.5558541057692308 0.7907153918269232 0.5558541057692308 0.7907153918269232 0.4826812451923077 0.7672192884615385 0.4826812451923077 0.7672192884615385 0.5558541057692308