0 0.4588273293269231 0.2592897379807692 0.4546674254807692 0.2592897379807692 0.4546674254807692 0.2856002475961538 0.4588273293269231 0.2856002475961538 0.4588273293269231 0.2592897379807692
0 0.46266724278846155 0.25729867307692306 0.46094890144230766 0.25729867307692306 0.45906732451923077 0.25729867307692306 0.45906732451923077 0.26967172115384613 0.46266724278846155 0.26967172115384613 0.46266724278846155 0.25729867307692306
0 0.4669871442307692 0.2567297956730769 0.46394721394230765 0.2567297956730769 0.46394721394230765 0.26512071634615386 0.4669871442307692 0.26512071634615386 0.4669871442307692 0.2567297956730769
0 0.8644699903846154 0.8393755336538462 0.8637200072115385 0.8393755336538462 0.8625950336538462 0.8393755336538462 0.8580951370192308 0.8393755336538462 0.8580951370192308 0.8529307788461539 0.8644699903846154 0.8529307788461539 0.8644699903846154 0.8393755336538462
0 0.825220889423077 0.7795991225961539 0.8154711129807691 0.7795991225961539 0.8154711129807691 0.7918210649038462 0.825220889423077 0.7918210649038462 0.825220889423077 0.7795991225961539
0 0.9029691105769231 0.7520441995192308 0.8924693485576923 0.7520441995192308 0.8924693485576923 0.7631550552884616 0.9029691105769231 0.7631550552884616 0.9029691105769231 0.7520441995192308
0 0.9599678052884616 0.742711079326923 0.950718016826923 0.742711079326923 0.950718016826923 0.7571551923076923 0.9599678052884616 0.7571551923076923 0.9599678052884616 0.742711079326923
0 0.8598450961538462 0.8413754879807692 0.8598450961538462 0.8313757163461539 0.8567201682692308 0.8313757163461539 0.8567201682692308 0.8324100649038461 0.8567201682692308 0.8413754879807692 0.8598450961538462 0.8413754879807692
0 0.8626580312500001 0.8286877788461537 0.8612748870192307 0.8286877788461537 0.8592661081730769 0.8286877788461537 0.8592661081730769 0.8377897908653846 0.8626580312500001 0.8377897908653846 0.8626580312500001 0.8286877788461537
0 0.8626580312500001 0.8286877788461537 0.8626580312500001 0.8390413197115384 0.868865889423077 0.8390413197115384 0.868865889423077 0.8286877788461537 0.8665547668269231 0.8286877788461537 0.8626580312500001 0.8286877788461537
1 0.9489150480769231 0.9532875576923078 0.9370403197115384 0.9532875576923078 0.9370403197115384 0.9716204711538462 0.9489150480769231 0.9716204711538462 0.9489150480769231 0.9532875576923078
1 0.955789891826923 0.8060687067307692 0.9466955048076924 0.8060687067307692 0.9462588605769231 0.8060687067307692 0.9462588605769231 0.8174573341346154 0.955789891826923 0.8174573341346154 0.955789891826923 0.8060687067307692
0 0.5876549903846153 0.9347285576923077 0.5876549903846153 0.9500882067307692 0.5943748365384616 0.9500882067307692 0.5943748365384616 0.9347285576923077 0.5910847283653846 0.9347285576923077 0.5876549903846153 0.9347285576923077
0 0.47183859615384616 0.9376393149038461 0.46708870432692307 0.9376393149038461 0.46708870432692307 0.9505279110576923 0.47183859615384616 0.9505279110576923 0.47183859615384616 0.9376393149038461
0 0.10030657211538462 0.5679168221153846 0.09143177644230768 0.5679168221153846 0.09143177644230768 0.5772499399038462 0.10030657211538462 0.5772499399038462 0.10030657211538462 0.5679168221153846
0 0.1053064591346154 0.5630280432692307 0.10181498798076924 0.5630280432692307 0.10093155769230769 0.5630280432692307 0.10093155769230769 0.5725833798076922 0.1053064591346154 0.5725833798076922 0.1053064591346154 0.5630280432692307
0 0.16043019711538462 0.6363596995192308 0.1496804423076923 0.6363596995192308 0.1496804423076923 0.6601369326923077 0.16043019711538462 0.6601369326923077 0.16043019711538462 0.6363596995192308
0 0.2039862980769231 0.6129341826923077 0.21823597115384616 0.6129341826923077 0.21823597115384616 0.5816015673076923 0.2039862980769231 0.5816015673076923 0.2039862980769231 0.6129341826923077
0 0.17911186778846153 0.58226821875 0.19336154086538462 0.58226821875 0.19336154086538462 0.5513800360576924 0.17911186778846153 0.5513800360576924 0.17911186778846153 0.58226821875
0 0.17323700240384615 0.5809349158653846 0.18523672596153845 0.5809349158653846 0.18523672596153845 0.5513800360576924 0.17323700240384615 0.5513800360576924 0.17323700240384615 0.5809349158653846
0 0.2239858389423077 0.5940457259615385 0.21573602884615387 0.5940457259615385 0.21573602884615387 0.6071565360576924 0.2239858389423077 0.6071565360576924 0.2239858389423077 0.5940457259615385
0 0.2599850168269231 0.6100453605769232 0.2521101971153846 0.6100453605769232 0.2521101971153846 0.62937825 0.2599850168269231 0.62937825 0.2599850168269231 0.6100453605769232
0 0.03287384375 0.036126942307692304 0.025674009615384616 0.036126942307692304 0.025674009615384616 0.06030416586538461 0.03287384375 0.06030416586538461 0.03287384375 0.036126942307692304
0 0.03347383173076923 0.06012639182692307 0.04037367307692308 0.06012639182692307 0.04037367307692308 0.034704752403846156 0.03347383173076923 0.034704752403846156 0.03347383173076923 0.06012639182692307
0 0.14257133413461537 0.19665660096153845 0.151671125 0.19665660096153845 0.151671125 0.17070163942307692 0.14257133413461537 0.17070163942307692 0.14257133413461537 0.19665660096153845
0 0.16067092067307692 0.1705238653846154 0.15257110576923077 0.1705238653846154 0.15257110576923077 0.20252313221153845 0.16067092067307692 0.20252313221153845 0.16067092067307692 0.1705238653846154
0 0.24037489182692306 0.12899427403846153 0.23242883413461538 0.12899427403846153 0.23242883413461538 0.16438290625000002 0.24037489182692306 0.16438290625000002 0.24037489182692306 0.12899427403846153
0 0.34064680528846153 0.46892537980769233 0.33277198557692306 0.46892537980769233 0.33277198557692306 0.4851472307692308 0.34064680528846153 0.4851472307692308 0.34064680528846153 0.46892537980769233
0 0.17724642548076924 0.4437532451923077 0.18624621875 0.4437532451923077 0.18624621875 0.4145983581730769 0.17724642548076924 0.4145983581730769 0.17724642548076924 0.4437532451923077
0 0.18524624278846155 0.4503308725961539 0.1928460673076923 0.4503308725961539 0.1928460673076923 0.42170930528846157 0.18524624278846155 0.42170930528846157 0.18524624278846155 0.4503308725961539
0 0.4516643149038462 0.6261442740384615 0.4414145480769231 0.6261442740384615 0.4414145480769231 0.6459216009615385 0.4516643149038462 0.6459216009615385 0.4516643149038462 0.6261442740384615
0 0.5570709975961539 0.5654966081730769 0.5521911081730769 0.5654966081730769 0.5521911081730769 0.5784385360576922 0.5570709975961539 0.5784385360576922 0.5570709975961539 0.5654966081730769
0 0.03000351201923077 0.5712713966346153 0.035442877403846156 0.5712713966346153 0.035442877403846156 0.5479702403846154 0.03000351201923077 0.5479702403846154 0.03000351201923077 0.5712713966346153
0 0.24638961298076925 0.5981514471153846 0.2422297091346154 0.5981514471153846 0.2422297091346154 0.6066845841346153 0.24638961298076925 0.6066845841346153 0.24638961298076925 0.5981514471153846
0 0.5898047572115385 0.9486720120192308 0.5863488365384616 0.9486720120192308 0.5863488365384616 0.9642592091346154 0.5898047572115385 0.9642592091346154 0.5898047572115385 0.9486720120192308
0 0.895274108173077 0.8110772187499999 0.8876742812499999 0.8110772187499999 0.8876742812499999 0.8255835528846155 0.895274108173077 0.8255835528846155 0.895274108173077 0.8110772187499999
0 0.4289496322115385 0.25801378846153844 0.4230297692307692 0.25801378846153844 0.4230297692307692 0.26697358413461536 0.4289496322115385 0.26697358413461536 0.4289496322115385 0.25801378846153844
1 0.9778179471153846 0.9192328605769231 0.9904661057692308 0.9192328605769231 0.9904661057692308 0.9054851778846154 0.9778179471153846 0.9054851778846154 0.9778179471153846 0.9192328605769231
0 0.2729313629807692 0.5865211129807693 0.2652515384615385 0.5865211129807693 0.2652515384615385 0.6006007908653846 0.2729313629807692 0.6006007908653846 0.2729313629807692 0.5865211129807693
0 0.27205138221153846 0.6134004975961539 0.2661315168269231 0.6134004975961539 0.2661315168269231 0.6256313293269231 0.27205138221153846 0.6256313293269231 0.27205138221153846 0.6134004975961539
0 0.6730900384615384 0.10272395192307693 0.6670101778846154 0.10272395192307693 0.6670101778846154 0.12661673798076922 0.6730900384615384 0.12661673798076922 0.6730900384615384 0.10272395192307693
0 0.6721940600961538 0.13264682211538462 0.6811538557692308 0.13264682211538462 0.6811538557692308 0.10807138461538461 0.6721940600961538 0.10807138461538461 0.6721940600961538 0.13264682211538462
0 0.7869680985576923 0.1683591057692308 0.7796082668269231 0.1683591057692308 0.7796082668269231 0.18235345192307692 0.7869680985576923 0.18235345192307692 0.7869680985576923 0.1683591057692308
0 0.31064956971153845 0.1510354423076923 0.3031497427884615 0.1510354423076923 0.3031497427884615 0.16436847115384617 0.31064956971153845 0.16436847115384617 0.31064956971153845 0.1510354423076923
0 0.6410331634615385 0.5458685504807692 0.6491223966346154 0.5458685504807692 0.6491223966346154 0.5371482427884615 0.6410331634615385 0.5371482427884615 0.6410331634615385 0.5458685504807692
0 0.9411205120192307 0.6285232716346154 0.9504656177884615 0.6285232716346154 0.9504656177884615 0.6126268798076923 0.9411205120192307 0.6126268798076923 0.9411205120192307 0.6285232716346154
0 0.9596638221153846 0.48342597596153847 0.9670861225961538 0.48342597596153847 0.9670861225961538 0.4717606514423077 0.9596638221153846 0.4717606514423077 0.9596638221153846 0.48342597596153847
0 0.9427703798076923 0.6587113509615385 0.9548181730769231 0.6587113509615385 0.9548181730769231 0.6412133677884615 0.9427703798076923 0.6412133677884615 0.9427703798076923 0.6587113509615385