0 0.1052520985576923 0.9193667091346154 0.07197030528846154 0.9193667091346154 0.07197030528846154 0.976102798076923 0.1052520985576923 0.976102798076923 0.1052520985576923 0.9193667091346154
0 0.17204364663461538 0.88410928125 0.1378500216346154 0.88410928125 0.1378500216346154 0.980155375 0.17204364663461538 0.980155375 0.17204364663461538 0.88410928125
0 0.245901875 0.8160259759615385 0.2208265504807692 0.8160259759615385 0.2208265504807692 0.8772198990384615 0.245901875 0.8772198990384615 0.245901875 0.8160259759615385
0 0.5572467524038461 0.5403319615384615 0.5363840817307692 0.5403319615384615 0.5363840817307692 0.5877957524038462 0.5572467524038461 0.5877957524038462 0.5572467524038461 0.5403319615384615
0 0.9729886923076924 0.5362994447115385 0.9481413245192307 0.5362994447115385 0.9481413245192307 0.6011406899038462 0.9729886923076924 0.6011406899038462 0.9729886923076924 0.5362994447115385
1 0.37996903125 0.1834985096153846 0.36866233894230765 0.1834985096153846 0.36866233894230765 0.21689175 0.37996903125 0.21689175 0.37996903125 0.1834985096153846
1 0.33931344951923076 0.17014771634615386 0.3280155120192308 0.17014771634615386 0.3280155120192308 0.20035854807692305 0.33931344951923076 0.20035854807692305 0.33931344951923076 0.17014771634615386
1 0.2653406947115385 0.14983237980769232 0.2558576634615385 0.14983237980769232 0.2558576634615385 0.1648755480769231 0.2653406947115385 0.1648755480769231 0.2653406947115385 0.14983237980769232
1 0.28146815625 0.12928078846153845 0.2706137307692308 0.12928078846153845 0.2706137307692308 0.1583296658653846 0.28146815625 0.1583296658653846 0.28146815625 0.12928078846153845
1 0.13285088701923076 0 0.13285088701923076 0.04832802163461539 0.14889909375 0.04832802163461539 0.14889909375 0 0.13285088701923076 0
1 0.021311425480769232 0.033872903846153844 0.010515358173076923 0.033872903846153844 0.010515358173076923 0.05721575 0.021311425480769232 0.05721575 0.021311425480769232 0.033872903846153844
1 0 0.11888162740384615 0.014178634615384616 0.11888162740384615 0.014178634615384616 0.08289473557692308 0 0.08289473557692308 0 0.11888162740384615
1 0.5915879110576923 0.04368077644230769 0.5841181995192307 0.04368077644230769 0.5841181995192307 0.05929745432692308 0.5915879110576923 0.05929745432692308 0.5915879110576923 0.04368077644230769
1 0.8677008701923078 0 0.8677008701923078 0.007505230769230769 0.8722849855769231 0.007505230769230769 0.8759073413461539 0.007505230769230769 0.8759073413461539 0 0.8724901586538463 0 0.8677008701923078 0
1 0.8888446538461537 0 0.8888446538461537 0.008045456730769231 0.8980884206730769 0.008045456730769231 0.8980884206730769 0 0.8888446538461537 0
1 0.2646013605769231 0.0688345985576923 0.2579454927884615 0.0688345985576923 0.2579454927884615 0.08006964182692308 0.2646013605769231 0.08006964182692308 0.2646013605769231 0.0688345985576923
1 0.43690368509615385 0.026623596153846154 0.4310411442307692 0.026623596153846154 0.4310411442307692 0.03752398076923077 0.43690368509615385 0.03752398076923077 0.43690368509615385 0.026623596153846154