1 0.20576373798076922 0.5387262692307693 0.20157407451923076 0.5387262692307693 0.20157407451923076 0.5504716490384616 0.20576373798076922 0.5504716490384616 0.20576373798076922 0.5387262692307693
1 0.21333736057692307 0.5358615408653846 0.2073751466346154 0.5358615408653846 0.2073751466346154 0.549898704326923 0.21333736057692307 0.549898704326923 0.21333736057692307 0.5358615408653846
1 0.1933558894230769 0.6026096778846154 0.18787709855769233 0.6026096778846154 0.18787709855769233 0.6166468413461538 0.1933558894230769 0.6166468413461538 0.1933558894230769 0.6026096778846154
1 0.20044608894230767 0.6026096778846154 0.1933558894230769 0.6026096778846154 0.1933558894230769 0.6218033485576923 0.20044608894230767 0.6218033485576923 0.20044608894230767 0.6026096778846154
1 0.19690098798076922 0.5052089639423077 0.1927113245192308 0.5052089639423077 0.1927113245192308 0.518100233173077 0.19690098798076922 0.518100233173077 0.19690098798076922 0.5052089639423077
1 0.16999045913461538 0.4954688918269231 0.16418938701923078 0.4954688918269231 0.16418938701923078 0.5060683822115385 0.16999045913461538 0.5060683822115385 0.16999045913461538 0.4954688918269231
1 0.16563965625000002 0.49661478124999997 0.15983858413461538 0.49661478124999997 0.15983858413461538 0.5040630721153846 0.16563965625000002 0.5040630721153846 0.16563965625000002 0.49661478124999997
1 0.18578226682692306 0.4762752211538462 0.17982005528846154 0.4762752211538462 0.17982005528846154 0.4894529639423077 0.18578226682692306 0.4894529639423077 0.18578226682692306 0.4762752211538462
1 0.17992281250000003 0.4471134014423077 0.17641671634615383 0.4471134014423077 0.17641671634615383 0.45199471153846155 0.17992281250000003 0.45199471153846155 0.17992281250000003 0.4471134014423077
1 0.060751822115384616 0.4508888149038462 0.055337487980769234 0.4508888149038462 0.055337487980769234 0.45638909134615385 0.060751822115384616 0.45638909134615385 0.060751822115384616 0.4508888149038462
1 0.1779732860576923 0.4826268725961539 0.17496353365384615 0.4826268725961539 0.17496353365384615 0.48797754086538464 0.1779732860576923 0.48797754086538464 0.1779732860576923 0.4826268725961539
1 0.18473202403846153 0.49501789423076925 0.18948426201923077 0.49501789423076925 0.18948426201923077 0.4876959278846154 0.18473202403846153 0.4876959278846154 0.18473202403846153 0.49501789423076925
1 0.2334471778846154 0.4765421754807692 0.22932197115384617 0.4765421754807692 0.22932197115384617 0.4884227716346154 0.2334471778846154 0.4884227716346154 0.2334471778846154 0.4765421754807692
1 0.2402125168269231 0.4841692259615385 0.2402125168269231 0.48314250721153845 0.23476724278846153 0.48314250721153845 0.23476724278846153 0.49560979807692307 0.2402125168269231 0.49560979807692307 0.2402125168269231 0.4841692259615385
1 0.2402125168269231 0.4941430576923077 0.24384269711538462 0.4941430576923077 0.24384269711538462 0.48314250721153845 0.2402125168269231 0.48314250721153845 0.2402125168269231 0.4941430576923077
1 0.25366068990384616 0.48402255048076925 0.2498655 0.48402255048076925 0.2498655 0.49854327884615385 0.25366068990384616 0.49854327884615385 0.25366068990384616 0.48402255048076925
1 0.22783689663461537 0.5529593389423076 0.21801890384615386 0.5529593389423076 0.21801890384615386 0.5599996923076923 0.22783689663461537 0.5599996923076923 0.22783689663461537 0.5529593389423076
1 0.2632311706730769 0.5294914951923076 0.2590234591346154 0.5294914951923076 0.2590234591346154 0.5418121129807693 0.2632311706730769 0.5418121129807693 0.2632311706730769 0.5294914951923076
1 0.26941898076923076 0.5688001322115385 0.2635611875 0.5688001322115385 0.2635611875 0.5856676466346153 0.26941898076923076 0.5856676466346153 0.26941898076923076 0.5688001322115385
1 0.2869713173076923 0.5687503413461539 0.2791076442307692 0.5687503413461539 0.2791076442307692 0.5925848701923078 0.2869713173076923 0.5925848701923078 0.2869713173076923 0.5687503413461539
1 0.2975421610576923 0.5900639086538462 0.2903230480769231 0.5900639086538462 0.2903230480769231 0.6104607668269231 0.2975421610576923 0.6104607668269231 0.2975421610576923 0.5900639086538462
1 0.2545563798076923 0.7619147932692307 0.24126225721153846 0.7619147932692307 0.24126225721153846 0.7787450649038461 0.2545563798076923 0.7787450649038461 0.2545563798076923 0.7619147932692307
1 0.22273105528846154 0.6623655336538461 0.21507686298076922 0.6623655336538461 0.21507686298076922 0.6774053485576924 0.22273105528846154 0.6774053485576924 0.22273105528846154 0.6623655336538461
1 0.31135854326923074 0.7085592548076923 0.30471148317307695 0.7085592548076923 0.30471148317307695 0.7214505264423077 0.31135854326923074 0.7214505264423077 0.31135854326923074 0.7085592548076923
1 0.31135854326923074 0.722882889423077 0.31800560576923076 0.722882889423077 0.31800560576923076 0.7085592548076923 0.31135854326923074 0.7085592548076923 0.31135854326923074 0.722882889423077
1 0.3346514591346154 0.6993348341346154 0.32678778365384614 0.6993348341346154 0.32678778365384614 0.7126271658653847 0.3346514591346154 0.7126271658653847 0.3346514591346154 0.6993348341346154
1 0.3640435576923077 0.6995640120192307 0.3525703269230769 0.6995640120192307 0.3525703269230769 0.7121688100961538 0.3640435576923077 0.7121688100961538 0.3640435576923077 0.6995640120192307
1 0.33059289423076926 0.56009175 0.32694317548076923 0.56009175 0.32694317548076923 0.5663398293269231 0.33059289423076926 0.5663398293269231 0.33059289423076926 0.56009175
1 0.33606747115384616 0.5588301201923077 0.3319784350961538 0.5588301201923077 0.3319784350961538 0.5670607620192307 0.33606747115384616 0.5670607620192307 0.33606747115384616 0.5588301201923077
1 0.3464421370192308 0.5339579591346154 0.3400213341346153 0.5339579591346154 0.3400213341346153 0.5467545048076923 0.3464421370192308 0.5467545048076923 0.3464421370192308 0.5339579591346154
1 0.35499193990384614 0.5301730673076923 0.3491118389423077 0.5301730673076923 0.3491118389423077 0.5430296899038461 0.35499193990384614 0.5430296899038461 0.35499193990384614 0.5301730673076923
1 0.34965762740384615 0.5817517788461538 0.3419228653846154 0.5817517788461538 0.3419228653846154 0.6061019567307693 0.34965762740384615 0.6061019567307693 0.34965762740384615 0.5817517788461538
1 0.3727007740384615 0.6507916971153846 0.3643214495192308 0.6507916971153846 0.3643214495192308 0.6705583125 0.3727007740384615 0.6705583125 0.3727007740384615 0.6507916971153846
1 0.34160058173076924 0.47804866105769234 0.33741092067307693 0.47804866105769234 0.33741092067307693 0.48721578846153846 0.34160058173076924 0.48721578846153846 0.34160058173076924 0.47804866105769234
1 0.39864676201923077 0.4709749471153846 0.39598652163461534 0.4709749471153846 0.39598652163461534 0.47685775240384615 0.39864676201923077 0.47685775240384615 0.39864676201923077 0.4709749471153846
0 0.4184077115384615 0.8826289038461539 0.41028620913461544 0.8826289038461539 0.41028620913461544 0.8966087716346153 0.4184077115384615 0.8966087716346153 0.4184077115384615 0.8826289038461539
0 0.42746496153846153 0.9471764615384616 0.4186132283653846 0.9471764615384616 0.4186132283653846 0.9690325937500001 0.42746496153846153 0.9690325937500001 0.42746496153846153 0.9471764615384616
0 0.47737890384615383 0.8499825841346154 0.46379345913461534 0.8499825841346154 0.46379345913461534 0.9035516201923077 0.47737890384615383 0.9035516201923077 0.47737890384615383 0.8499825841346154
0 0.46894379086538457 0.8278720552884615 0.4560525192307692 0.8278720552884615 0.4560525192307692 0.88910559375 0.46894379086538457 0.88910559375 0.46894379086538457 0.8278720552884615
0 0.46733238221153844 0.7458692451923077 0.45746250240384617 0.7458692451923077 0.45746250240384617 0.7899144230769231 0.46733238221153844 0.7899144230769231 0.46733238221153844 0.7458692451923077
0 0.4425569711538462 0.6957365240384615 0.43691703846153845 0.6957365240384615 0.43691703846153845 0.7193705216346153 0.4425569711538462 0.7193705216346153 0.4425569711538462 0.6957365240384615
0 0.43731989182692305 0.7097020697115385 0.42885999519230766 0.7097020697115385 0.42885999519230766 0.7250999759615385 0.43731989182692305 0.7250999759615385 0.43731989182692305 0.7097020697115385
0 0.4423555456730769 0.6484685288461538 0.4340970745192308 0.6484685288461538 0.4340970745192308 0.6695958918269231 0.4423555456730769 0.6695958918269231 0.4423555456730769 0.6484685288461538
0 0.4423555456730769 0.6685216177884615 0.45141971875000003 0.6685216177884615 0.45141971875000003 0.6484685288461538 0.4423555456730769 0.6484685288461538 0.4423555456730769 0.6685216177884615
0 0.4663252524038462 0.6556303461538462 0.45665679807692305 0.6556303461538462 0.45665679807692305 0.6703120721153847 0.4663252524038462 0.6703120721153847 0.4663252524038462 0.6556303461538462
0 0.4739794447115384 0.650258983173077 0.46491526923076926 0.650258983173077 0.46491526923076926 0.6724606177884614 0.4739794447115384 0.6724606177884614 0.4739794447115384 0.650258983173077
0 0.44295982211538465 0.6076461706730769 0.4365141875 0.6076461706730769 0.4365141875 0.6201793509615385 0.44295982211538465 0.6201793509615385 0.44295982211538465 0.6076461706730769
0 0.4199972451923077 0.5729113581730769 0.4145587403846154 0.5729113581730769 0.4145587403846154 0.5936806274038461 0.4199972451923077 0.5936806274038461 0.4199972451923077 0.5729113581730769
0 0.4715623317307692 0.5582296322115384 0.46249815625 0.5582296322115384 0.46249815625 0.5865188100961538 0.4715623317307692 0.5865188100961538 0.4715623317307692 0.5582296322115384
0 0.3954990456730769 0.5445925793269231 0.3873775456730769 0.5445925793269231 0.3873775456730769 0.5677395745192307 0.3954990456730769 0.5677395745192307 0.3954990456730769 0.5445925793269231
0 0.4135468269230769 0.4460459735576923 0.40955053365384614 0.4460459735576923 0.40955053365384614 0.46460940384615385 0.4135468269230769 0.46460940384615385 0.4135468269230769 0.4460459735576923
0 0.4304343918269231 0.4620884447115384 0.42398875721153845 0.4620884447115384 0.42398875721153845 0.4836311899038461 0.4304343918269231 0.4836311899038461 0.4304343918269231 0.4620884447115384
0 0.4532519423076923 0.4703388581730769 0.4532519423076923 0.45292131971153843 0.44848217307692306 0.45292131971153843 0.44848217307692306 0.4703388581730769 0.45183390144230773 0.4703388581730769 0.4532519423076923 0.4703388581730769
0 0.4972111754807692 0.5198413389423077 0.4908944543269231 0.5198413389423077 0.4908944543269231 0.5468843629807693 0.4972111754807692 0.5468843629807693 0.4972111754807692 0.5198413389423077
0 0.4898631514423077 0.5241957235576923 0.48509338221153847 0.5241957235576923 0.48509338221153847 0.543905045673077 0.4898631514423077 0.543905045673077 0.4898631514423077 0.5241957235576923
0 0.51551678125 0.5406965528846154 0.5095867980769231 0.5406965528846154 0.5095867980769231 0.5647602572115384 0.51551678125 0.5647602572115384 0.51551678125 0.5406965528846154
0 0.5281502283653846 0.4957776322115385 0.5238961081730769 0.4957776322115385 0.5238961081730769 0.5175495576923077 0.5281502283653846 0.5175495576923077 0.5281502283653846 0.4957776322115385
0 0.48476770192307694 0.5366465432692308 0.47857989182692307 0.5366465432692308 0.47857989182692307 0.5497096971153846 0.48476770192307694 0.5497096971153846 0.48476770192307694 0.5366465432692308
0 0.4810292331730769 0.5448969567307692 0.47264990625000003 0.5448969567307692 0.47264990625000003 0.55383490625 0.4810292331730769 0.55383490625 0.4810292331730769 0.5448969567307692
0 0.9697684182692308 0.9108288389423076 0.9552657379807693 0.9108288389423076 0.9552657379807693 0.9492161802884616 0.9697684182692308 0.9492161802884616 0.9697684182692308 0.9108288389423076
0 0.9915170889423077 0.9253203293269231 0.9762724374999999 0.9253203293269231 0.9762724374999999 0.9707810841346153 0.9915170889423077 0.9707810841346153 0.9915170889423077 0.9253203293269231
0 0.8037033677884615 0.5689800504807693 0.796653454326923 0.5689800504807693 0.796653454326923 0.6033567740384616 0.8037033677884615 0.6033567740384616 0.8037033677884615 0.5689800504807693
0 0.7640224254807693 0.6212613173076923 0.7575767884615385 0.6212613173076923 0.7575767884615385 0.6513409495192307 0.7640224254807693 0.6513409495192307 0.7640224254807693 0.6212613173076923
0 0.7104430793269232 0.6062215 0.7021846081730769 0.6062215 0.7021846081730769 0.6320040432692308 0.7104430793269232 0.6320040432692308 0.7104430793269232 0.6062215
0 0.59683875 0.5492850528846154 0.5885802812500001 0.5492850528846154 0.5885802812500001 0.5786485048076924 0.59683875 0.5786485048076924 0.59683875 0.5492850528846154
0 0.6030114879807692 0.47486962499999996 0.5972361995192308 0.47486962499999996 0.5972361995192308 0.4959540144230769 0.6030114879807692 0.4959540144230769 0.6030114879807692 0.47486962499999996
0 0.6953905528846154 0.592733701923077 0.6885581778846154 0.592733701923077 0.6885581778846154 0.6227560384615385 0.6953905528846154 0.6227560384615385 0.6953905528846154 0.592733701923077
0 0.6680610576923077 0.5986923317307692 0.6580058653846154 0.5986923317307692 0.6580058653846154 0.6151931610576923 0.6680610576923077 0.6151931610576923 0.6680610576923077 0.5986923317307692
0 0.8312718846153846 0.60436175 0.8221190817307692 0.60436175 0.8221190817307692 0.6245294278846154 0.8312718846153846 0.6245294278846154 0.8312718846153846 0.60436175
0 0.8381042572115385 0.6096328485576923 0.8281779783653846 0.6096328485576923 0.8281779783653846 0.6314047740384615 0.8381042572115385 0.6314047740384615 0.8381042572115385 0.6096328485576923
1 0.7704250841346153 0.4524166346153846 0.7313645312499999 0.4524166346153846 0.7313645312499999 0.48977267307692307 0.7704250841346153 0.48977267307692307 0.7704250841346153 0.4524166346153846
1 0.8060049927884615 0.4728134903846154 0.7760972427884615 0.4728134903846154 0.7760972427884615 0.49962733413461535 0.8060049927884615 0.49962733413461535 0.8060049927884615 0.4728134903846154
0 0.4261595264423077 0.9566495432692308 0.43544124038461535 0.9566495432692308 0.43544124038461535 0.9098971995192309 0.4261595264423077 0.9098971995192309 0.4261595264423077 0.9566495432692308
1 0.28410093990384616 0.7411561874999999 0.29169131971153844 0.7411561874999999 0.29169131971153844 0.7158109182692307 0.28410093990384616 0.7158109182692307 0.28410093990384616 0.7411561874999999
1 0.22161767067307692 0.6847349278846154 0.22756536298076924 0.6847349278846154 0.22756536298076924 0.6671321682692307 0.22161767067307692 0.6671321682692307 0.22161767067307692 0.6847349278846154
1 0.10918517067307693 0.5324629399038462 0.10678581730769231 0.5324629399038462 0.10678581730769231 0.5362478317307692 0.10918517067307693 0.5362478317307692 0.10918517067307693 0.5324629399038462
1 0.10820515384615384 0.5175636754807692 0.10235884375000001 0.5175636754807692 0.10235884375000001 0.5258543942307692 0.10820515384615384 0.5258543942307692 0.10820515384615384 0.5175636754807692
1 0.12310817307692308 0.4983988942307693 0.11726186298076922 0.4983988942307693 0.11726186298076922 0.5022438677884615 0.12310817307692308 0.5022438677884615 0.12310817307692308 0.4983988942307693
1 0.14223540384615385 0.5025442548076924 0.14044433653846153 0.5025442548076924 0.14044433653846153 0.5068097692307693 0.14223540384615385 0.5068097692307693 0.14223540384615385 0.5025442548076924
1 0.13415871153846154 0.5089725673076922 0.13834912980769232 0.5089725673076922 0.13834912980769232 0.5015229350961539 0.13415871153846154 0.5015229350961539 0.13415871153846154 0.5089725673076922
1 0.16111588942307692 0.4567991514423077 0.15757811057692306 0.4567991514423077 0.15757811057692306 0.4616804639423077 0.16111588942307692 0.4616804639423077 0.16111588942307692 0.4567991514423077
1 0.17046195673076922 0.4559543100961539 0.1668185745192308 0.4559543100961539 0.1668185745192308 0.46149272115384615 0.17046195673076922 0.46149272115384615 0.17046195673076922 0.4559543100961539
1 0.16876814423076925 0.5201143028846154 0.17267554086538464 0.5201143028846154 0.17267554086538464 0.5102578076923077 0.16876814423076925 0.5102578076923077 0.16876814423076925 0.5201143028846154
1 0.18825231971153847 0.5114781370192307 0.1858762019230769 0.5114781370192307 0.1858762019230769 0.5155146057692307 0.18825231971153847 0.5155146057692307 0.18825231971153847 0.5114781370192307
1 0.22491222596153845 0.4827829350961539 0.2224250120192308 0.4827829350961539 0.2224250120192308 0.48743534855769227 0.22491222596153845 0.48743534855769227 0.22491222596153845 0.4827829350961539
1 0.24069027403846155 0.4468184567307692 0.23683779326923077 0.4468184567307692 0.23683779326923077 0.45522933173076924 0.24069027403846155 0.45522933173076924 0.24069027403846155 0.4468184567307692
1 0.36698971634615385 0.5414785841346154 0.37168915144230774 0.5414785841346154 0.37168915144230774 0.5240185072115385 0.36698971634615385 0.5240185072115385 0.36698971634615385 0.5414785841346154
1 0.33319602163461537 0.516602670673077 0.33736743028846156 0.516602670673077 0.33736743028846156 0.5051503629807692 0.33319602163461537 0.5051503629807692 0.33319602163461537 0.516602670673077
1 0.34697751201923077 0.5113458725961538 0.34428457692307696 0.5113458725961538 0.34428457692307696 0.5150068557692308 0.34697751201923077 0.5150068557692308 0.34697751201923077 0.5113458725961538
1 0.37357434615384616 0.4885764639423077 0.37749441346153845 0.4885764639423077 0.37749441346153845 0.4788438798076923 0.37357434615384616 0.4788438798076923 0.37357434615384616 0.4885764639423077
1 0.39537209615384616 0.46245605528846156 0.39281134375 0.46245605528846156 0.39281134375 0.4688786971153846 0.39537209615384616 0.4688786971153846 0.39537209615384616 0.46245605528846156
1 0.38713616826923075 0.4688786971153846 0.38948928846153846 0.4688786971153846 0.38948928846153846 0.4628743894230769 0.38713616826923075 0.4628743894230769 0.38713616826923075 0.4688786971153846
1 0.3949153125 0.47234839903846154 0.3932958125 0.47234839903846154 0.3932958125 0.4753997668269231 0.3949153125 0.4753997668269231 0.3949153125 0.47234839903846154
1 0.4037756634615385 0.39119318269230774 0.4068508894230769 0.39119318269230774 0.4068508894230769 0.3829024639423077 0.4037756634615385 0.3829024639423077 0.4037756634615385 0.39119318269230774
1 0.4110075144230769 0.38698774519230766 0.40823643028846157 0.38698774519230766 0.40823643028846157 0.39251489182692306 0.4110075144230769 0.39251489182692306 0.4110075144230769 0.38698774519230766
1 0.41675244230769226 0.39071256009615385 0.42053733653846154 0.39071256009615385 0.42053733653846154 0.38392378365384616 0.41675244230769226 0.38392378365384616 0.41675244230769226 0.39071256009615385
0 0.45698917788461535 0.4698718317307692 0.46062267548076924 0.4698718317307692 0.46062267548076924 0.45260790865384615 0.45698917788461535 0.45260790865384615 0.45698917788461535 0.4698718317307692
0 0.45264195673076923 0.47721572596153844 0.45636196634615384 0.47721572596153844 0.45636196634615384 0.47133291826923074 0.45264195673076923 0.47133291826923074 0.45264195673076923 0.47721572596153844
0 0.4566647572115385 0.47875371394230765 0.45984406971153846 0.47875371394230765 0.45984406971153846 0.470602375 0.4566647572115385 0.470602375 0.4566647572115385 0.47875371394230765
0 0.45542588221153846 0.4492058605769231 0.4654612572115384 0.4492058605769231 0.4654612572115384 0.4415159182692308 0.45542588221153846 0.4415159182692308 0.45542588221153846 0.4492058605769231
0 0.5238493173076922 0.4331986418269231 0.5208078846153846 0.4331986418269231 0.5208078846153846 0.44408772115384615 0.5238493173076922 0.44408772115384615 0.5238493173076922 0.4331986418269231
0 0.5489833774038462 0.4508464591346154 0.5465755769230769 0.4508464591346154 0.5465755769230769 0.46376316105769233 0.5489833774038462 0.46376316105769233 0.5489833774038462 0.4508464591346154
0 0.5527851682692307 0.46586587980769234 0.558614579326923 0.46586587980769234 0.558614579326923 0.44799276923076925 0.5527851682692307 0.44799276923076925 0.5527851682692307 0.46586587980769234
0 0.8208119831730769 0.5837200096153846 0.8123140576923077 0.5837200096153846 0.8123140576923077 0.6019075889423077 0.8208119831730769 0.6019075889423077 0.8208119831730769 0.5837200096153846
0 0.8220495456730769 0.5727194591346154 0.8160267427884615 0.5727194591346154 0.8160267427884615 0.5884135793269231 0.8220495456730769 0.5884135793269231 0.8220495456730769 0.5727194591346154
0 0.7739496346153847 0.5579053822115385 0.7834376105769232 0.5579053822115385 0.7834376105769232 0.5457314399038462 0.7739496346153847 0.5457314399038462 0.7739496346153847 0.5579053822115385
0 0.7623990552884615 0.5609855360576923 0.7548086754807692 0.5609855360576923 0.7548086754807692 0.5850400769230769 0.7623990552884615 0.5850400769230769 0.7623990552884615 0.5609855360576923
0 0.74944590625 0.5672925192307692 0.7446606658653846 0.5672925192307692 0.7446606658653846 0.5822532692307693 0.74944590625 0.5822532692307693 0.74944590625 0.5672925192307692
0 0.7616313052884615 0.5214879831730769 0.7559539639423077 0.5214879831730769 0.7559539639423077 0.5381895769230769 0.7616313052884615 0.5381895769230769 0.7616313052884615 0.5214879831730769
0 0.7534302884615385 0.5201318701923077 0.7476718437500001 0.5201318701923077 0.7476718437500001 0.5369536201923076 0.7534302884615385 0.5369536201923076 0.7534302884615385 0.5201318701923077
0 0.796501810096154 0.5303130048076923 0.8035140024038461 0.5303130048076923 0.8035140024038461 0.5133410600961539 0.796501810096154 0.5133410600961539 0.796501810096154 0.5303130048076923
0 0.8016975913461538 0.5277597043269231 0.8063442235576923 0.5277597043269231 0.8063442235576923 0.5110881466346154 0.8016975913461538 0.5110881466346154 0.8016975913461538 0.5277597043269231
1 0.6488054639423078 0.48372173798076923 0.6362612451923078 0.48372173798076923 0.6362612451923078 0.5059264471153846 0.6488054639423078 0.5059264471153846 0.6488054639423078 0.48372173798076923
0 0.6490217451923077 0.4986210024038461 0.6515900649038462 0.4986210024038461 0.6515900649038462 0.48410623317307694 0.6490217451923077 0.48410623317307694 0.6490217451923077 0.4986210024038461