0 0.30875145673076926 0.6478221754807693 0.30124781971153847 0.6478221754807693 0.30124781971153847 0.6654055000000001 0.30875145673076926 0.6654055000000001 0.30875145673076926 0.6478221754807693
0 0.2761789639423077 0.5696924302884615 0.2761789639423077 0.5640493581730769 0.2680536514423077 0.5640493581730769 0.2680536514423077 0.6026672932692307 0.2761789639423077 0.6026672932692307 0.2761789639423077 0.5696924302884615
0 0.3390127668269231 0.587638298076923 0.3334744951923077 0.587638298076923 0.3334744951923077 0.6192269639423077 0.3390127668269231 0.6192269639423077 0.3390127668269231 0.587638298076923
1 0.3721899038461538 0.578085766826923 0.3674639110576923 0.578085766826923 0.3674639110576923 0.5858311442307692 0.3721899038461538 0.5858311442307692 0.3721899038461538 0.578085766826923
1 0.42207768990384614 0.6096900456730769 0.40989349038461537 0.6096900456730769 0.40989349038461537 0.6313508461538462 0.42207768990384614 0.6313508461538462 0.42207768990384614 0.6096900456730769
0 0.2713986225961538 0.649219829326923 0.2563991346153846 0.649219829326923 0.2563991346153846 0.6902440697115384 0.2713986225961538 0.6902440697115384 0.2713986225961538 0.649219829326923
0 0.30058993509615384 0.6490147067307692 0.2921671442307692 0.6490147067307692 0.2921671442307692 0.6726036466346154 0.30058993509615384 0.6726036466346154 0.30058993509615384 0.6490147067307692
0 0.29616896153846156 0.5682505552884616 0.28805625721153844 0.5682505552884616 0.28805625721153844 0.6031852620192308 0.29616896153846156 0.6031852620192308 0.29616896153846156 0.5682505552884616
0 0.28343987740384613 0.5687747187500001 0.2750955456730769 0.5687747187500001 0.2750955456730769 0.6059262692307692 0.28343987740384613 0.6059262692307692 0.28343987740384613 0.5687747187500001
1 0.14209205048076923 0.03404207211538462 0.018302014423076923 0.03404207211538462 0.018302014423076923 0.09150510096153847 0.14209205048076923 0.09150510096153847 0.14209205048076923 0.03404207211538462
0 0.4055189639423077 0.4251323942307692 0.40391212740384613 0.4251323942307692 0.40391212740384613 0.4305935408653846 0.4055189639423077 0.4305935408653846 0.4055189639423077 0.4251323942307692
0 0.4105285168269231 0.42563650000000003 0.4087798990384615 0.42563650000000003 0.4087798990384615 0.4295013125 0.4105285168269231 0.4295013125 0.4105285168269231 0.42563650000000003
0 0.4152545096153846 0.4242082019230769 0.4139312331730769 0.4242082019230769 0.4139312331730769 0.4288291706730769 0.4152545096153846 0.4288291706730769 0.4152545096153846 0.4242082019230769
0 0.4223435 0.42504837740384616 0.42050036298076926 0.42504837740384616 0.42050036298076926 0.4308455961538461 0.4223435 0.4308455961538461 0.4223435 0.42504837740384616
0 0.4346962644230769 0.4288796658653846 0.43348641105769226 0.4288796658653846 0.43348641105769226 0.4329662836538462 0.4346962644230769 0.4329662836538462 0.4346962644230769 0.4288796658653846
0 0.4314901514423077 0.42516944711538457 0.4297661081730769 0.42516944711538457 0.4297661081730769 0.4308154326923077 0.4314901514423077 0.4308154326923077 0.4314901514423077 0.42516944711538457
0 0.43348641105769226 0.4252769879807692 0.43170187499999996 0.4252769879807692 0.43170187499999996 0.4308154326923077 0.43348641105769226 0.4308154326923077 0.43348641105769226 0.4252769879807692
0 0.42961487740384613 0.42602978605769226 0.4278000961538462 0.42602978605769226 0.4278000961538462 0.4321059447115384 0.42961487740384613 0.4321059447115384 0.42961487740384613 0.42602978605769226
0 0.44560716346153845 0.4241153605769231 0.4427715673076923 0.4241153605769231 0.4427715673076923 0.42898838461538463 0.44560716346153845 0.42898838461538463 0.44560716346153845 0.4241153605769231
0 0.4613299495192308 0.41857072115384614 0.45955770192307693 0.41857072115384614 0.45955770192307693 0.4248720432692308 0.4613299495192308 0.4248720432692308 0.4613299495192308 0.41857072115384614
0 0.4690687620192308 0.4177305456730769 0.4672374399038462 0.4177305456730769 0.4672374399038462 0.4226665817307692 0.4690687620192308 0.4226665817307692 0.4690687620192308 0.4177305456730769
0 0.42050036298076926 0.42559224278846153 0.4177352403846154 0.42559224278846153 0.4177352403846154 0.4294234471153846 0.42050036298076926 0.4294234471153846 0.42050036298076926 0.42559224278846153
1 0.48048473317307694 0.4309321201923077 0.47807447596153846 0.4309321201923077 0.47807447596153846 0.43446086057692307 0.48048473317307694 0.43446086057692307 0.48048473317307694 0.4309321201923077
1 0.13175232451923077 0.7281012572115385 0.10300543509615386 0.7281012572115385 0.10300543509615386 0.7817621201923076 0.13175232451923077 0.7817621201923076 0.13175232451923077 0.7281012572115385
1 0.13702258894230768 0.76302340625 0.1537916081730769 0.76302340625 0.1537916081730769 0.7161766201923078 0.13702258894230768 0.7161766201923078 0.13702258894230768 0.76302340625