0 0.34198846875 0.4471826658653846 0.33853864663461536 0.4471826658653846 0.33853864663461536 0.46039224038461535 0.34198846875 0.46039224038461535 0.34198846875 0.4471826658653846
0 0.33270048557692306 0.4000056153846154 0.32898529326923076 0.4000056153846154 0.32898529326923076 0.41604581250000006 0.33270048557692306 0.41604581250000006 0.33270048557692306 0.4000056153846154
0 0.32898529326923076 0.39104197596153845 0.3244739879807692 0.39104197596153845 0.3244739879807692 0.40755394471153844 0.32898529326923076 0.40755394471153844 0.32898529326923076 0.39104197596153845
0 0.3274170144230769 0.3841295192307692 0.32533005288461536 0.3841295192307692 0.32533005288461536 0.3947962115384615 0.3274170144230769 0.3947962115384615 0.3274170144230769 0.3841295192307692
0 0.3299387596153846 0.38459328846153845 0.3274170144230769 0.38459328846153845 0.3274170144230769 0.3947962115384615 0.3299387596153846 0.3947962115384615 0.3299387596153846 0.38459328846153845
0 0.3355909495192308 0.3677430048076923 0.33254746153846154 0.3677430048076923 0.33254746153846154 0.3805739543269231 0.3355909495192308 0.3805739543269231 0.3355909495192308 0.3677430048076923
0 0.31345217067307696 0.3245973629807692 0.31150433894230767 0.3245973629807692 0.31150433894230767 0.3347384519230769 0.31345217067307696 0.3347384519230769 0.31345217067307696 0.3245973629807692
0 0.31011303125 0.30654128125 0.3069825889423077 0.30654128125 0.3069825889423077 0.31816643028846153 0.31011303125 0.31816643028846153 0.31011303125 0.30654128125
0 0.31658261298076923 0.27933348317307694 0.31428695432692305 0.27933348317307694 0.31428695432692305 0.2889798822115385 0.31658261298076923 0.2889798822115385 0.31658261298076923 0.27933348317307694
0 0.32033914423076926 0.28860886778846156 0.3177652235576923 0.28860886778846156 0.3177652235576923 0.29949198798076926 0.32033914423076926 0.29949198798076926 0.32033914423076926 0.28860886778846156
0 0.37463976682692307 0.5215046177884616 0.3701304519230769 0.5215046177884616 0.3701304519230769 0.5380273028846154 0.37463976682692307 0.5380273028846154 0.37463976682692307 0.5215046177884616
0 0.4236298389423077 0.9408906394230769 0.4147553509615385 0.9408906394230769 0.4147553509615385 0.9714882067307692 0.4236298389423077 0.9714882067307692 0.4236298389423077 0.9408906394230769
0 0.12007823076923077 0.54708578125 0.11361740625 0.54708578125 0.11361740625 0.5665697307692308 0.12007823076923077 0.5665697307692308 0.12007823076923077 0.54708578125
0 0.3697677091346154 0.5234446514423077 0.3664696442307692 0.5234446514423077 0.3664696442307692 0.5369 0.3697677091346154 0.5369 0.3697677091346154 0.5234446514423077
0 0.3635040625 0.44380809134615384 0.35922292067307693 0.44380809134615384 0.35922292067307693 0.4590299254807692 0.3635040625 0.4590299254807692 0.3635040625 0.44380809134615384