1 0.14285714182692308 0.03758450480769231 0.021743276442307693 0.03758450480769231 0.021743276442307693 0.08759827884615384 0.14285714182692308 0.08759827884615384 0.14285714182692308 0.03758450480769231
1 0.3526606899038462 0.4317608677884615 0.33644859855769227 0.4317608677884615 0.33644859855769227 0.4571915985576923 0.3526606899038462 0.4571915985576923 0.3526606899038462 0.4317608677884615
1 0.09894686778846154 0.31130592067307694 0.08686714423076923 0.31130592067307694 0.08686714423076923 0.32865663461538464 0.09894686778846154 0.32865663461538464 0.09894686778846154 0.31130592067307694
1 0.12608224759615386 0.31818931971153847 0.11827442548076922 0.31818931971153847 0.11827442548076922 0.3322974399038462 0.12608224759615386 0.3322974399038462 0.12608224759615386 0.31818931971153847
1 0.13555403124999998 0.2987337644230769 0.12601825 0.2987337644230769 0.12601825 0.3143209639423077 0.13555403124999998 0.3143209639423077 0.13555403124999998 0.2987337644230769
1 0.1293461730769231 0.290200625 0.11296254807692309 0.290200625 0.11296254807692309 0.30157814423076923 0.1293461730769231 0.30157814423076923 0.1293461730769231 0.290200625
1 0.23221236298076922 0.25257154086538464 0.21269281009615384 0.25257154086538464 0.21269281009615384 0.2632379615384615 0.23221236298076922 0.2632379615384615 0.23221236298076922 0.25257154086538464
1 0.40194099038461534 0.2182089831730769 0.3882413028846154 0.2182089831730769 0.3882413028846154 0.22638657451923078 0.40194099038461534 0.22638657451923078 0.40194099038461534 0.2182089831730769
1 0.41054079326923076 0.19456507932692307 0.4036409495192308 0.19456507932692307 0.4036409495192308 0.20132048076923076 0.41054079326923076 0.20132048076923076 0.41054079326923076 0.19456507932692307
1 0.4457399879807692 0.20932029807692307 0.4430488774038462 0.20932029807692307 0.43844015384615387 0.20932029807692307 0.43844015384615387 0.21518683173076925 0.4457399879807692 0.21518683173076925 0.4457399879807692 0.20932029807692307
1 0.4690394543269231 0.18976518990384614 0.4653395384615384 0.18976518990384614 0.4653395384615384 0.19616504326923076 0.4690394543269231 0.19616504326923076 0.4690394543269231 0.18976518990384614
1 0.5670968100961539 0.17964170673076924 0.5647899951923077 0.17964170673076924 0.5647899951923077 0.18346309615384618 0.5670968100961539 0.18346309615384618 0.5670968100961539 0.17964170673076924
1 0.6389219903846153 0.14334331009615384 0.6367342932692307 0.14334331009615384 0.6367342932692307 0.14668376201923078 0.6389219903846153 0.14668376201923078 0.6389219903846153 0.14334331009615384
1 0.6853928629807692 0.1367595889423077 0.6832328461538462 0.1367595889423077 0.6832328461538462 0.14160623076923076 0.6853928629807692 0.14160623076923076 0.6853928629807692 0.1367595889423077
1 0.6823520624999999 0.13895921875 0.6803598125 0.13895921875 0.6803598125 0.14224002163461538 0.6823520624999999 0.14224002163461538 0.6823520624999999 0.13895921875