0 0.17516940865384617 0.22646568509615386 0.16550607451923077 0.22646568509615386 0.16550607451923077 0.23643389663461536 0.17516940865384617 0.23643389663461536 0.17516940865384617 0.22646568509615386
0 0.19831368749999997 0.2302832980769231 0.1927065673076923 0.2302832980769231 0.1927065673076923 0.23791852403846156 0.19831368749999997 0.23791852403846156 0.19831368749999997 0.2302832980769231
0 0.2641124663461538 0.14872934375 0.25704988221153846 0.14872934375 0.25704988221153846 0.16281209375 0.2641124663461538 0.16281209375 0.2641124663461538 0.14872934375
0 0.27203401442307695 0.12310891826923077 0.26630759375 0.12310891826923077 0.26630759375 0.13566462259615386 0.27203401442307695 0.13566462259615386 0.27203401442307695 0.12310891826923077
0 0.2748972235576923 0.13753101201923076 0.26888448317307695 0.13753101201923076 0.26888448317307695 0.15025638701923077 0.2748972235576923 0.15025638701923077 0.2748972235576923 0.13753101201923076
0 0.2647805504807692 0.06066973798076923 0.2590541298076923 0.06066973798076923 0.2590541298076923 0.07475248798076924 0.2647805504807692 0.07475248798076924 0.2647805504807692 0.06066973798076923
0 0.2765197091346154 0.07509183173076923 0.27088873076923076 0.07509183173076923 0.27088873076923076 0.08612049038461539 0.2765197091346154 0.08612049038461539 0.2765197091346154 0.07509183173076923
0 0.3531574495192308 0.1362049543269231 0.33470316826923074 0.1362049543269231 0.33470316826923074 0.14979194471153845 0.3531574495192308 0.14979194471153845 0.3531574495192308 0.1362049543269231
0 0.3511069759615385 0.16072781490384613 0.3386177139423077 0.16072781490384613 0.3386177139423077 0.17431480528846155 0.3511069759615385 0.17431480528846155 0.3511069759615385 0.16072781490384613
1 0.36080013221153845 0.10969375240384616 0.33675364423076926 0.10969375240384616 0.33675364423076926 0.12758881490384616 0.36080013221153845 0.12758881490384616 0.36080013221153845 0.10969375240384616
0 0.4075882596153846 0.08020004086538461 0.40236886778846154 0.08020004086538461 0.40236886778846154 0.09411842307692307 0.4075882596153846 0.09411842307692307 0.4075882596153846 0.08020004086538461
0 0.6928834519230769 0.06743125721153846 0.6879320192307692 0.06743125721153846 0.6879320192307692 0.07571600721153846 0.6928834519230769 0.07571600721153846 0.6928834519230769 0.06743125721153846
0 0.7051164038461538 0.07934058653846154 0.6992911899038461 0.07934058653846154 0.6992911899038461 0.08866093028846155 0.7051164038461538 0.08866093028846155 0.7051164038461538 0.07934058653846154
0 0.7458929110576923 0.07985838221153846 0.7383201298076922 0.07985838221153846 0.7383201298076922 0.09021432211538462 0.7458929110576923 0.09021432211538462 0.7458929110576923 0.07985838221153846
0 0.7846305913461538 0.05914650721153846 0.7790966370192307 0.05914650721153846 0.7790966370192307 0.07312702403846154 0.7846305913461538 0.07312702403846154 0.7846305913461538 0.05914650721153846
0 0.7257959182692308 0.16581266826923077 0.7202619639423078 0.16581266826923077 0.7202619639423078 0.17823979326923078 0.7257959182692308 0.17823979326923078 0.7257959182692308 0.16581266826923077
0 0.7179318774038462 0.26315848557692306 0.7118154014423077 0.26315848557692306 0.7118154014423077 0.2807635793269231 0.7179318774038462 0.2807635793269231 0.7179318774038462 0.26315848557692306
0 0.7380288701923077 0.25228475 0.7307473509615385 0.25228475 0.7307473509615385 0.2590161105769231 0.7380288701923077 0.2590161105769231 0.7380288701923077 0.25228475
0 0.8178343173076923 0.18186437259615384 0.8076401899038461 0.18186437259615384 0.8076401899038461 0.19429149759615386 0.8178343173076923 0.19429149759615386 0.8178343173076923 0.18186437259615384
0 0.7144367500000001 0.32270512980769234 0.7074464903846154 0.32270512980769234 0.7074464903846154 0.33409666105769226 0.7144367500000001 0.33409666105769226 0.7144367500000001 0.32270512980769234
0 0.6923009326923076 0.36982464663461534 0.68822328125 0.36982464663461534 0.68822328125 0.3770738028846154 0.6923009326923076 0.3770738028846154 0.6923009326923076 0.36982464663461534
0 0.68822328125 0.3589509110576923 0.6826893269230769 0.3589509110576923 0.6826893269230769 0.36982464663461534 0.68822328125 0.36982464663461534 0.68822328125 0.3589509110576923
0 0.6378351706730769 0.2740322211538462 0.6328837379807692 0.2740322211538462 0.6328837379807692 0.29215511057692306 0.6378351706730769 0.29215511057692306 0.6378351706730769 0.2740322211538462
0 0.5894858846153845 0.29060172115384614 0.5842431923076923 0.29060172115384614 0.5842431923076923 0.30147545673076925 0.5894858846153845 0.30147545673076925 0.5894858846153845 0.29060172115384614
0 0.5058940480769231 0.29940426923076924 0.5018163966346154 0.29940426923076924 0.5018163966346154 0.30872461298076925 0.5058940480769231 0.30872461298076925 0.5058940480769231 0.29940426923076924
0 0.3626162355769231 0.36120918509615385 0.35758324999999996 0.36120918509615385 0.35758324999999996 0.3734706153846154 0.3626162355769231 0.3734706153846154 0.3626162355769231 0.36120918509615385
0 0.39393259375 0.4142315889423077 0.38778116586538464 0.4142315889423077 0.38778116586538464 0.4245046778846154 0.39393259375 0.4245046778846154 0.39393259375 0.4142315889423077
0 0.4021344951923077 0.5086777427884616 0.3974743245192308 0.5086777427884616 0.3974743245192308 0.513317201923077 0.4021344951923077 0.513317201923077 0.4021344951923077 0.5086777427884616
0 0.3995248004807692 0.5139799831730769 0.3957966610576923 0.5139799831730769 0.3957966610576923 0.5189508317307692 0.3995248004807692 0.5189508317307692 0.3995248004807692 0.5139799831730769
0 0.3978471370192308 0.5242530721153846 0.3995248004807692 0.5242530721153846 0.3995248004807692 0.5189508317307692 0.3978471370192308 0.5189508317307692 0.3978471370192308 0.5242530721153846
0 0.4079131105769231 0.5182880528846154 0.4045577860576923 0.5182880528846154 0.4045577860576923 0.5245844639423077 0.4079131105769231 0.5245844639423077 0.4079131105769231 0.5182880528846154
0 0.4071674807692308 0.5302180937500001 0.41164124759615384 0.5302180937500001 0.41164124759615384 0.5239216826923078 0.4071674807692308 0.5239216826923078 0.4071674807692308 0.5302180937500001
0 0.42208003125000004 0.49674770192307693 0.41853830048076923 0.49674770192307693 0.41853830048076923 0.5050324519230769 0.42208003125000004 0.5050324519230769 0.42208003125000004 0.49674770192307693
0 0.4023209014423077 0.5431423028846154 0.39821995192307696 0.5431423028846154 0.39821995192307696 0.5507642740384615 0.4023209014423077 0.5507642740384615 0.4023209014423077 0.5431423028846154
0 0.4019480889423077 0.5507642740384615 0.39821995192307696 0.5507642740384615 0.39821995192307696 0.5603745841346154 0.4019480889423077 0.5603745841346154 0.4019480889423077 0.5507642740384615
0 0.4166742331730769 0.5520898341346154 0.4131325024038462 0.5520898341346154 0.4131325024038462 0.5617001442307692 0.4166742331730769 0.5617001442307692 0.4166742331730769 0.5520898341346154
0 0.42263925240384614 0.5570606850961538 0.41741986057692304 0.5570606850961538 0.41741986057692304 0.5656768245192307 0.42263925240384614 0.5656768245192307 0.42263925240384614 0.5570606850961538
0 0.2504344735576923 0.50710959375 0.24278887980769231 0.50710959375 0.24278887980769231 0.5226434999999999 0.2504344735576923 0.5226434999999999 0.2504344735576923 0.50710959375
0 0.2810168533653846 0.49092843990384616 0.2726431057692308 0.49092843990384616 0.2726431057692308 0.5006371322115385 0.2810168533653846 0.5006371322115385 0.2810168533653846 0.49092843990384616
0 0.2782760889423077 0.7166930673076923 0.2733829086538461 0.7166930673076923 0.2733829086538461 0.73243409375 0.2782760889423077 0.73243409375 0.2782760889423077 0.7166930673076923
0 0.36744556971153847 0.7376120600961538 0.3630766586538462 0.7376120600961538 0.3630766586538462 0.7492624927884616 0.36744556971153847 0.7492624927884616 0.36744556971153847 0.7376120600961538
0 0.38091637980769233 0.7194891682692308 0.373634860576923 0.7194891682692308 0.373634860576923 0.7279033701923077 0.38091637980769233 0.7279033701923077 0.38091637980769233 0.7194891682692308
0 0.3663533413461538 0.7673853822115385 0.35979997355769233 0.7673853822115385 0.35979997355769233 0.7745050889423077 0.3663533413461538 0.7745050889423077 0.3663533413461538 0.7673853822115385
0 0.36234850721153844 0.7855082740384615 0.3663533413461538 0.7855082740384615 0.3663533413461538 0.7745050889423077 0.36234850721153844 0.7745050889423077 0.36234850721153844 0.7855082740384615
0 0.3823726826923077 0.8042784110576923 0.37691154326923076 0.8042784110576923 0.37691154326923076 0.8165760889423077 0.3823726826923077 0.8165760889423077 0.3823726826923077 0.8042784110576923
0 0.7138403004807692 0.81290846875 0.7089937235576923 0.81290846875 0.7089937235576923 0.8228501682692309 0.7138403004807692 0.8228501682692309 0.7138403004807692 0.81290846875
0 0.6094196802884615 0.5574274783653845 0.6030818461538462 0.5574274783653845 0.6030818461538462 0.5677005697115385 0.6094196802884615 0.5677005697115385 0.6094196802884615 0.5574274783653845
0 0.6138934447115385 0.6180718509615384 0.6069963918269231 0.6180718509615384 0.6069963918269231 0.6273507716346154 0.6138934447115385 0.6273507716346154 0.6138934447115385 0.6180718509615384
0 0.45258764182692307 0.74305103125 0.44712650240384616 0.74305103125 0.44712650240384616 0.761173923076923 0.45258764182692307 0.761173923076923 0.45258764182692307 0.74305103125
0 0.40198108413461536 0.6297829615384616 0.39724809855769233 0.6297829615384616 0.39724809855769233 0.63884440625 0.40198108413461536 0.63884440625 0.40198108413461536 0.6297829615384616
1 0.9792230144230769 0.03796137019230769 0.8267764927884615 0.03796137019230769 0.8267764927884615 0.07817665144230769 0.9792230144230769 0.07817665144230769 0.9792230144230769 0.03796137019230769
0 0.35991225000000004 0.45410699278846156 0.3549620024038462 0.45410699278846156 0.3549620024038462 0.4636408028846154 0.35991225000000004 0.4636408028846154 0.35991225000000004 0.45410699278846156
0 0.35711767067307687 0.40945179326923076 0.35280897596153843 0.40945179326923076 0.35280897596153843 0.4174120865384615 0.35711767067307687 0.4174120865384615 0.35711767067307687 0.40945179326923076
1 0.35749892307692305 0.38531937019230766 0.3539512451923077 0.38531937019230766 0.3539512451923077 0.39015961298076923 0.35749892307692305 0.39015961298076923 0.35749892307692305 0.38531937019230766
1 0.3555188245192307 0.36111815865384617 0.3527961875 0.36111815865384617 0.3527961875 0.3674251418269231 0.3555188245192307 0.3674251418269231 0.3555188245192307 0.36111815865384617
1 0.36055157451923076 0.3446906682692308 0.3568388894230769 0.3446906682692308 0.3568388894230769 0.35217104326923077 0.36055157451923076 0.35217104326923077 0.36055157451923076 0.3446906682692308
1 0.3550237980769231 0.35026428125 0.35221865865384616 0.35026428125 0.35221865865384616 0.3558378942307692 0.3550237980769231 0.3558378942307692 0.3550237980769231 0.35026428125
0 0.4056945384615384 0.38633435576923075 0.40000175240384617 0.38633435576923075 0.40000175240384617 0.39469477403846154 0.4056945384615384 0.39469477403846154 0.4056945384615384 0.38633435576923075
0 0.37351792548076923 0.4914996274038461 0.3693102139423077 0.4914996274038461 0.3693102139423077 0.4986866538461538 0.37351792548076923 0.4986866538461538 0.37351792548076923 0.4914996274038461
1 0.3677426370192308 0.48841947115384615 0.36444247115384615 0.48841947115384615 0.36444247115384615 0.49428643269230765 0.3677426370192308 0.49428643269230765 0.3677426370192308 0.48841947115384615
1 0.3916688365384615 0.4832858822115385 0.38647107451923074 0.4832858822115385 0.38647107451923074 0.4904729086538462 0.3916688365384615 0.4904729086538462 0.3916688365384615 0.4832858822115385
1 0.4162550673076923 0.5061670288461538 0.4122948701923077 0.5061670288461538 0.4122948701923077 0.5140874254807692 0.4162550673076923 0.5140874254807692 0.4162550673076923 0.5061670288461538
1 0.41221236538461536 0.5440089254807693 0.40437447355769235 0.5440089254807693 0.40437447355769235 0.5503159086538462 0.41221236538461536 0.5503159086538462 0.41221236538461536 0.5440089254807693
1 0.36988774278846154 0.5674767692307692 0.36658757932692304 0.5674767692307692 0.36658757932692304 0.5739304254807692 0.36988774278846154 0.5739304254807692 0.36988774278846154 0.5674767692307692
1 0.3688976947115385 0.7225112067307692 0.3654325192307692 0.7225112067307692 0.3654325192307692 0.7294048870192308 0.3688976947115385 0.7294048870192308 0.3688976947115385 0.7225112067307692
0 0.30058426923076925 0.20181843990384613 0.29060126923076923 0.20181843990384613 0.29060126923076923 0.2101788581730769 0.30058426923076925 0.2101788581730769 0.30058426923076925 0.20181843990384613
0 0.2864760625 0.19976500240384618 0.27839065625 0.19976500240384618 0.27839065625 0.20797874759615384 0.2864760625 0.20797874759615384 0.2864760625 0.19976500240384618
1 0.24654406009615387 0.14476224519230768 0.23887117548076922 0.14476224519230768 0.23887117548076922 0.15605614423076922 0.24654406009615387 0.15605614423076922 0.24654406009615387 0.14476224519230768
1 0.2573521033653846 0.11733420432692307 0.24967921875000001 0.11733420432692307 0.24967921875000001 0.12422788221153845 0.2573521033653846 0.12422788221153845 0.2573521033653846 0.11733420432692307
1 0.7709882620192308 0.0562714110576923 0.7668630552884615 0.0562714110576923 0.7668630552884615 0.07431231490384616 0.7709882620192308 0.07431231490384616 0.7709882620192308 0.0562714110576923
1 0.6884841274038462 0.07739246875 0.6775935817307693 0.07739246875 0.6775935817307693 0.09396663221153846 0.6884841274038462 0.09396663221153846 0.6884841274038462 0.07739246875
0 0.5645719375 0.07595265625 0.558301625 0.07595265625 0.558301625 0.08284633653846153 0.5645719375 0.08284633653846153 0.5645719375 0.07595265625
0 0.7281841274038462 0.6053069735576924 0.7207716466346153 0.6053069735576924 0.7207716466346153 0.6202035528846154 0.7281841274038462 0.6202035528846154 0.7281841274038462 0.6053069735576924
0 0.7771709591346153 0.5505906899038462 0.7681470697115385 0.5505906899038462 0.7681470697115385 0.5591848701923077 0.7771709591346153 0.5591848701923077 0.7771709591346153 0.5505906899038462
0 0.6251197644230769 0.9399866826923078 0.6180295649038462 0.9399866826923078 0.6180295649038462 0.9548832620192308 0.6251197644230769 0.9548832620192308 0.6251197644230769 0.9399866826923078
0 0.5222564447115384 0.8357266658653846 0.5179662283653846 0.8357266658653846 0.5179662283653846 0.8470205649038461 0.5222564447115384 0.8470205649038461 0.5222564447115384 0.8357266658653846
0 0.2579916274038462 0.831211670673077 0.25140471634615386 0.831211670673077 0.25140471634615386 0.8380001129807693 0.2579916274038462 0.8380001129807693 0.2579916274038462 0.831211670673077
0 0.26438761538461536 0.8500496033653846 0.25951902884615385 0.8500496033653846 0.25951902884615385 0.8585351586538461 0.26438761538461536 0.8585351586538461 0.26438761538461536 0.8500496033653846
0 0.27278831490384614 0.862438514423077 0.2666787163461538 0.862438514423077 0.2666787163461538 0.8682086923076924 0.27278831490384614 0.8682086923076924 0.27278831490384614 0.862438514423077
0 0.2821436394230769 0.8744880024038462 0.27717959134615383 0.8744880024038462 0.27717959134615383 0.885349514423077 0.2821436394230769 0.885349514423077 0.2821436394230769 0.8744880024038462
0 0.28023438942307693 0.8885740240384615 0.2753658028846154 0.8885740240384615 0.2753658028846154 0.9062239807692307 0.28023438942307693 0.9062239807692307 0.28023438942307693 0.8885740240384615
0 0.24500872836538462 0.9892127139423077 0.25159564182692307 0.9892127139423077 0.25159564182692307 0.97309015625 0.24500872836538462 0.97309015625 0.24500872836538462 0.9892127139423077
0 0.2454860408653846 0.9934554903846154 0.25226387740384615 0.9934554903846154 0.25226387740384615 0.9771632235576924 0.2454860408653846 0.9771632235576924 0.2454860408653846 0.9934554903846154
0 0.25524236298076924 0.6747266947115385 0.2489179735576923 0.6747266947115385 0.2489179735576923 0.6806665841346154 0.25524236298076924 0.6806665841346154 0.25524236298076924 0.6747266947115385
0 0.2658625673076923 0.6970012788461539 0.26073145673076925 0.6970012788461539 0.26073145673076925 0.7037897235576923 0.2658625673076923 0.7037897235576923 0.2658625673076923 0.6970012788461539
0 0.2545263942307692 0.7146088052884616 0.24939528605769232 0.7146088052884616 0.24939528605769232 0.7190637235576923 0.2545263942307692 0.7190637235576923 0.2545263942307692 0.7146088052884616
0 0.24390619230769228 0.7419747235576923 0.23829776923076923 0.7419747235576923 0.23829776923076923 0.7487631682692307 0.24390619230769228 0.7487631682692307 0.24390619230769228 0.7419747235576923
0 0.4305866995192308 0.58304609375 0.42673764903846156 0.58304609375 0.42673764903846156 0.5892371538461538 0.4305866995192308 0.5892371538461538 0.4305866995192308 0.58304609375
0 0.4203225697115384 0.6133497091346154 0.41476283413461534 0.6133497091346154 0.41476283413461534 0.6197579999999999 0.4203225697115384 0.6197579999999999 0.4203225697115384 0.6133497091346154
0 0.5571651658653847 0.24721451201923078 0.5531083918269231 0.24721451201923078 0.5531083918269231 0.2576415625 0.5571651658653847 0.2576415625 0.5571651658653847 0.24721451201923078
0 0.5337105360576924 0.22947857451923076 0.5292138701923077 0.22947857451923076 0.5292138701923077 0.23625615625000002 0.5337105360576924 0.23625615625000002 0.5337105360576924 0.22947857451923076