1 0.2502290048076923 0.7499429254807691 0.24225049278846156 0.7499429254807691 0.24225049278846156 0.7758794230769231 0.2502290048076923 0.7758794230769231 0.2502290048076923 0.7499429254807691
1 0.15635200480769232 0.2753267451923077 0.14643129326923077 0.2753267451923077 0.14643129326923077 0.29213359615384615 0.15635200480769232 0.29213359615384615 0.15635200480769232 0.2753267451923077
1 0.1911328485576923 0.3041681298076923 0.1851804206730769 0.3041681298076923 0.1851804206730769 0.31620266586538465 0.1911328485576923 0.31620266586538465 0.1911328485576923 0.3041681298076923
1 0.17778073798076924 0.2676483557692308 0.1697507980769231 0.2676483557692308 0.1697507980769231 0.28142582451923076 0.17778073798076924 0.28142582451923076 0.17778073798076924 0.2676483557692308
1 0.2000965 0.2815918173076923 0.19244004567307693 0.2815918173076923 0.19244004567307693 0.29819117548076923 0.2000965 0.29819117548076923 0.2000965 0.2815918173076923
1 0.23535353846153845 0.2712328701923077 0.2287054951923077 0.2712328701923077 0.2287054951923077 0.2884962019230769 0.23535353846153845 0.2884962019230769 0.23535353846153845 0.2712328701923077
1 0.3265463581730769 0 0.3265463581730769 0.014127819711538462 0.33121492788461543 0.014127819711538462 0.33121492788461543 0 0.3265463581730769 0
1 0.2785569182692308 0.05997143028846154 0.2642010673076923 0.05997143028846154 0.2642010673076923 0.08196557932692308 0.2785569182692308 0.08196557932692308 0.2785569182692308 0.05997143028846154
1 0.2972572740384615 0.04136291586538462 0.28409190865384615 0.04136291586538462 0.28409190865384615 0.049496600961538455 0.2972572740384615 0.049496600961538455 0.2972572740384615 0.04136291586538462
1 0.09241911538461538 0.004440367788461539 0.0871604375 0.004440367788461539 0.0871604375 0.012301822115384616 0.09241911538461538 0.012301822115384616 0.09241911538461538 0.004440367788461539
1 0.28604765625 0.010997139423076924 0.26997283894230767 0.010997139423076924 0.26997283894230767 0.02735746875 0.28604765625 0.02735746875 0.28604765625 0.010997139423076924
0 0.9872218100961538 0.008768502403846154 0.9758678485576924 0.008768502403846154 0.9758678485576924 0.02138401442307692 0.9872218100961538 0.02138401442307692 0.9872218100961538 0.008768502403846154
0 0.7271673461538462 0.43451486298076925 0.7182627572115384 0.43451486298076925 0.7182627572115384 0.44717916826923076 0.7271673461538462 0.44717916826923076 0.7271673461538462 0.43451486298076925
0 0.5197595240384616 0.8673577836538461 0.5288677379807692 0.8673577836538461 0.5288677379807692 0.8426430961538462 0.5197595240384616 0.8426430961538462 0.5197595240384616 0.8673577836538461