0 0.5184795384615385 0.5386786009615384 0.5161548605769231 0.5386786009615384 0.5161548605769231 0.5458379110576923 0.5184795384615385 0.5458379110576923 0.5184795384615385 0.5386786009615384
0 0.3673715913461538 0.5041929447115385 0.3637461033653846 0.5041929447115385 0.3637461033653846 0.5085249711538462 0.3673715913461538 0.5085249711538462 0.3673715913461538 0.5041929447115385
0 0.23879461298076923 0.49996908653846156 0.23569421875 0.49996908653846156 0.23569421875 0.5106670817307692 0.23879461298076923 0.5106670817307692 0.23879461298076923 0.49996908653846156
0 0.3290281923076923 0.49913821875000003 0.3263880408653846 0.49913821875000003 0.3263880408653846 0.5084801009615385 0.3290281923076923 0.5084801009615385 0.3290281923076923 0.49913821875000003
0 0.4602773028846154 0.5306484086538462 0.45741062259615384 0.5306484086538462 0.45741062259615384 0.5387125072115384 0.4602773028846154 0.5387125072115384 0.4602773028846154 0.5306484086538462
0 0.5160668701923077 0.5379164519230769 0.5131391514423077 0.5379164519230769 0.5131391514423077 0.5446143822115385 0.5160668701923077 0.5446143822115385 0.5160668701923077 0.5379164519230769
0 0.4816930456730769 0.5438844471153846 0.4781736057692308 0.5438844471153846 0.4781736057692308 0.5523559014423077 0.4816930456730769 0.5523559014423077 0.4816930456730769 0.5438844471153846
0 0.2442456418269231 0.5093150384615385 0.24243477163461538 0.5093150384615385 0.24243477163461538 0.5149618076923077 0.2442456418269231 0.5149618076923077 0.2442456418269231 0.5093150384615385
0 0.4769948317307692 0.5431875721153846 0.47406597115384613 0.5431875721153846 0.47406597115384613 0.5504400192307692 0.4769948317307692 0.5504400192307692 0.4769948317307692 0.5431875721153846
0 0.38936958413461537 0.5232834423076923 0.38706296394230766 0.5232834423076923 0.38706296394230766 0.5348184086538461 0.38936958413461537 0.5348184086538461 0.38936958413461537 0.5232834423076923
0 0.3540930745192308 0.5103333076923077 0.3515849759615385 0.5103333076923077 0.3515849759615385 0.5198197548076923 0.3540930745192308 0.5198197548076923 0.3540930745192308 0.5103333076923077
0 0.3411087043269231 0.5008154399038461 0.3385080336538462 0.5008154399038461 0.3385080336538462 0.5070996899038461 0.3411087043269231 0.5070996899038461 0.3411087043269231 0.5008154399038461
0 0.3156686153846154 0.49838528125000003 0.3120092379807692 0.49838528125000003 0.3120092379807692 0.50560415625 0.3156686153846154 0.50560415625 0.3156686153846154 0.49838528125000003
0 0.36245209375 0.5037083389423077 0.35835161298076923 0.5037083389423077 0.35835161298076923 0.5095497427884615 0.36245209375 0.5095497427884615 0.36245209375 0.5037083389423077
0 0.48565378124999997 0.4962092091346154 0.4837253894230769 0.4962092091346154 0.4837253894230769 0.5022038774038461 0.48565378124999997 0.5022038774038461 0.48565378124999997 0.4962092091346154
0 0.4341615360576923 0.5474678317307693 0.4316680576923077 0.5474678317307693 0.4316680576923077 0.5589159927884615 0.4341615360576923 0.5589159927884615 0.4341615360576923 0.5474678317307693
0 0.23810262740384613 0.5253696586538461 0.2356963798076923 0.5253696586538461 0.2356963798076923 0.5363631081730769 0.23810262740384613 0.5363631081730769 0.23810262740384613 0.5253696586538461
0 0.4487531033653846 0.5221651418269231 0.44596246153846153 0.5221651418269231 0.44596246153846153 0.5341078028846155 0.4487531033653846 0.5341078028846155 0.4487531033653846 0.5221651418269231
0 0.3957917211538462 0.48363788701923077 0.3935596778846154 0.48363788701923077 0.3935596778846154 0.49374191826923075 0.3957917211538462 0.49374191826923075 0.3957917211538462 0.48363788701923077
0 0.23045158413461536 0.5051280264423077 0.22835442307692308 0.5051280264423077 0.22835442307692308 0.5137985240384615 0.23045158413461536 0.5137985240384615 0.23045158413461536 0.5051280264423077
0 0.3455353413461539 0.5210142355769231 0.34256153125 0.5210142355769231 0.34256153125 0.5300706081730769 0.3455353413461539 0.5300706081730769 0.3455353413461539 0.5210142355769231
0 0.2267639326923077 0.5044323389423077 0.22455792548076922 0.5044323389423077 0.22455792548076922 0.51406809375 0.2267639326923077 0.51406809375 0.2267639326923077 0.5044323389423077
0 0.5193661682692308 0.56446521875 0.5161122331730769 0.56446521875 0.5161122331730769 0.5768386274038462 0.5193661682692308 0.5768386274038462 0.5193661682692308 0.56446521875
0 0.3387633317307692 0.47507098076923077 0.3358993221153846 0.47507098076923077 0.3358993221153846 0.48552754807692305 0.3387633317307692 0.48552754807692305 0.3387633317307692 0.47507098076923077
0 0.48458518990384614 0.4966972067307692 0.48195768990384613 0.4966972067307692 0.48195768990384613 0.5019469086538462 0.48458518990384614 0.5019469086538462 0.48458518990384614 0.4966972067307692
0 0.2527745096153846 0.48659362740384615 0.2505668798076923 0.48659362740384615 0.2505668798076923 0.4966437451923077 0.2527745096153846 0.4966437451923077 0.2527745096153846 0.48659362740384615
0 0.3929078413461538 0.5036128870192308 0.3909181586538461 0.5036128870192308 0.3909181586538461 0.5137327403846154 0.3929078413461538 0.5137327403846154 0.3929078413461538 0.5036128870192308
0 0.3415383966346154 0.5217191346153845 0.3395051634615385 0.5217191346153845 0.3395051634615385 0.5299019134615385 0.3415383966346154 0.5299019134615385 0.3415383966346154 0.5217191346153845
0 0.4732947355769231 0.5440622403846154 0.4710357980769231 0.5440622403846154 0.4710357980769231 0.5499693125 0.4732947355769231 0.5499693125 0.4732947355769231 0.5440622403846154
0 0.40742034855769227 0.5664781370192308 0.40479469230769227 0.5664781370192308 0.40479469230769227 0.5779214350961538 0.40742034855769227 0.5779214350961538 0.40742034855769227 0.5664781370192308
0 0.40001459134615386 0.5064058653846154 0.3957350096153846 0.5064058653846154 0.3957350096153846 0.5184985120192308 0.40001459134615386 0.5184985120192308 0.40001459134615386 0.5064058653846154
0 0.2473955625 0.4796218317307692 0.24522331490384616 0.4796218317307692 0.24522331490384616 0.4892408581730769 0.2473955625 0.4892408581730769 0.2473955625 0.4796218317307692
0 0.39784046875 0.5074708149038462 0.3938710216346154 0.5074708149038462 0.3938710216346154 0.5162673389423077 0.39784046875 0.5162673389423077 0.39784046875 0.5074708149038462
0 0.3344916971153846 0.48145972355769234 0.33161293750000004 0.48145972355769234 0.33161293750000004 0.48876947596153847 0.3344916971153846 0.48876947596153847 0.3344916971153846 0.48145972355769234
0 0.39186824278846155 0.4844707355769231 0.38877776442307693 0.4844707355769231 0.38877776442307693 0.49286046875 0.39186824278846155 0.49286046875 0.39186824278846155 0.4844707355769231
0 0.3117571826923077 0.4993733149038461 0.30746997115384617 0.4993733149038461 0.30746997115384617 0.5051946009615385 0.3117571826923077 0.5051946009615385 0.3117571826923077 0.4993733149038461
0 0.4112041802884615 0.5261216346153846 0.4088856057692307 0.5261216346153846 0.4088856057692307 0.5372701562500001 0.4112041802884615 0.5372701562500001 0.4112041802884615 0.5261216346153846
0 0.4997408221153846 0.51360609375 0.4947984375 0.51360609375 0.4947984375 0.5205563028846154 0.4997408221153846 0.5205563028846154 0.4997408221153846 0.51360609375
0 0.4160785048076923 0.5165395673076923 0.41315288461538463 0.5165395673076923 0.41315288461538463 0.5257019615384615 0.4160785048076923 0.5257019615384615 0.4160785048076923 0.5165395673076923
0 0.4829140673076923 0.5684161153846155 0.47971652403846154 0.5684161153846155 0.47971652403846154 0.5788518822115385 0.4829140673076923 0.5788518822115385 0.4829140673076923 0.5684161153846155
0 0.4819772091346154 0.4972860841346154 0.47928225240384614 0.4972860841346154 0.47928225240384614 0.5008204711538462 0.4819772091346154 0.5008204711538462 0.4819772091346154 0.4972860841346154
0 0.34346164182692307 0.5011205048076923 0.34135262259615384 0.5011205048076923 0.34135262259615384 0.5064861730769231 0.34346164182692307 0.5064861730769231 0.34346164182692307 0.5011205048076923
0 0.3891046514423077 0.5563285552884616 0.3857575745192308 0.5563285552884616 0.3857575745192308 0.5669709375 0.3891046514423077 0.5669709375 0.3891046514423077 0.5563285552884616
0 0.48179553365384614 0.5184442019230769 0.47904443750000003 0.5184442019230769 0.47904443750000003 0.5225654326923077 0.48179553365384614 0.5225654326923077 0.48179553365384614 0.5184442019230769
0 0.44874321634615383 0.5101970528846154 0.44630829567307695 0.5101970528846154 0.44630829567307695 0.5171367499999999 0.44874321634615383 0.5171367499999999 0.44874321634615383 0.5101970528846154
0 0.46423616346153845 0.5345348774038462 0.46044925 0.5345348774038462 0.46044925 0.5403949302884615 0.46423616346153845 0.5403949302884615 0.46423616346153845 0.5345348774038462
0 0.4800957355769231 0.5434936538461538 0.4772381466346154 0.5434936538461538 0.4772381466346154 0.5510154447115384 0.4800957355769231 0.5510154447115384 0.4800957355769231 0.5434936538461538
0 0.39334926682692306 0.46985875 0.3901545216346154 0.46985875 0.3901545216346154 0.4760112067307692 0.39334926682692306 0.4760112067307692 0.39334926682692306 0.46985875
0 0.2524623245192308 0.47289764903846154 0.24991506009615383 0.47289764903846154 0.24991506009615383 0.4833817091346154 0.2524623245192308 0.4833817091346154 0.2524623245192308 0.47289764903846154
0 0.5028211923076923 0.5152976129807693 0.49893312500000003 0.5152976129807693 0.49893312500000003 0.5232667716346154 0.5028211923076923 0.5232667716346154 0.5028211923076923 0.5152976129807693
0 0.4139318149038462 0.548115201923077 0.4111308100961538 0.548115201923077 0.4111308100961538 0.5583446923076922 0.4139318149038462 0.5583446923076922 0.4139318149038462 0.548115201923077
0 0.6275396995192307 0.5328809399038461 0.6231708533653847 0.5328809399038461 0.6231708533653847 0.5456164879807692 0.6275396995192307 0.5456164879807692 0.6275396995192307 0.5328809399038461
0 0.49749520673076925 0.5713062427884615 0.4950282740384615 0.5713062427884615 0.4950282740384615 0.5845689567307693 0.49749520673076925 0.5845689567307693 0.49749520673076925 0.5713062427884615
0 0.604253579326923 0.5678430072115385 0.6018032716346154 0.5678430072115385 0.6018032716346154 0.5791434399038462 0.604253579326923 0.5791434399038462 0.604253579326923 0.5678430072115385
0 0.6344525024038461 0.5939766201923077 0.6305808389423077 0.5939766201923077 0.6305808389423077 0.6056425865384616 0.6344525024038461 0.6056425865384616 0.6344525024038461 0.5939766201923077
0 0.6496153509615384 0.6535074302884615 0.6472160985576922 0.6535074302884615 0.6472160985576922 0.66402503125 0.6496153509615384 0.66402503125 0.6496153509615384 0.6535074302884615
0 0.6001887644230769 0.5677691418269231 0.5968578341346154 0.5677691418269231 0.5968578341346154 0.5776673485576923 0.6001887644230769 0.5776673485576923 0.6001887644230769 0.5677691418269231
0 0.59436721875 0.5006286057692308 0.5896149326923077 0.5006286057692308 0.5896149326923077 0.5195062139423077 0.59436721875 0.5195062139423077 0.59436721875 0.5006286057692308
0 0.6125710817307692 0.5876955961538461 0.6097133004807692 0.5876955961538461 0.6097133004807692 0.5951799759615384 0.6125710817307692 0.5951799759615384 0.6125710817307692 0.5876955961538461
0 0.6473372139423077 0.5937236658653846 0.6444381706730768 0.5937236658653846 0.6444381706730768 0.6076933677884615 0.6473372139423077 0.6076933677884615 0.6473372139423077 0.5937236658653846
0 0.5794640865384616 0.5733886730769231 0.5769702908653846 0.5733886730769231 0.5769702908653846 0.5801419855769231 0.5794640865384616 0.5801419855769231 0.5794640865384616 0.5733886730769231
0 0.6251760480769231 0.5871846514423077 0.6224801370192308 0.5871846514423077 0.6224801370192308 0.5994407379807692 0.6251760480769231 0.5994407379807692 0.6251760480769231 0.5871846514423077
0 0.6042125072115385 0.5492283581730769 0.5991525649038462 0.5492283581730769 0.5991525649038462 0.557202375 0.6042125072115385 0.557202375 0.6042125072115385 0.5492283581730769
0 0.629041608173077 0.5920268317307692 0.6261624663461538 0.5920268317307692 0.6261624663461538 0.6038343076923077 0.629041608173077 0.6038343076923077 0.629041608173077 0.5920268317307692
0 0.6425650288461539 0.6108686658653846 0.6392590841346154 0.6108686658653846 0.6392590841346154 0.62017709375 0.6425650288461539 0.62017709375 0.6425650288461539 0.6108686658653846
0 0.6218812307692307 0.6465739495192308 0.6185498557692307 0.6465739495192308 0.6185498557692307 0.6586097427884615 0.6218812307692307 0.6586097427884615 0.6218812307692307 0.6465739495192308
1 0.5881011971153847 0.6447367908653846 0.5856829951923077 0.6447367908653846 0.5856829951923077 0.654944920673077 0.5881011971153847 0.654944920673077 0.5881011971153847 0.6447367908653846
1 0.5613510120192308 0.640473204326923 0.556702485576923 0.640473204326923 0.556702485576923 0.6487213149038461 0.5613510120192308 0.6487213149038461 0.5613510120192308 0.640473204326923
0 0.5204279591346154 0.5659438509615384 0.5177772524038462 0.5659438509615384 0.5177772524038462 0.5766621899038461 0.5204279591346154 0.5766621899038461 0.5204279591346154 0.5659438509615384
0 0.5951435096153846 0.5819611730769231 0.5931254711538462 0.5819611730769231 0.5931254711538462 0.5954748076923078 0.5951435096153846 0.5954748076923078 0.5951435096153846 0.5819611730769231
0 0.628776423076923 0.5328343149038461 0.6257883701923077 0.5328343149038461 0.6257883701923077 0.5449604182692307 0.628776423076923 0.5449604182692307 0.628776423076923 0.5328343149038461
0 0.6313770288461539 0.5932647692307692 0.6280789687499999 0.5932647692307692 0.6280789687499999 0.6051632355769231 0.6313770288461539 0.6051632355769231 0.6313770288461539 0.5932647692307692
0 0.5562861754807693 0.5508408149038462 0.5531104399038461 0.5508408149038462 0.5531104399038461 0.556500358173077 0.5562861754807693 0.556500358173077 0.5562861754807693 0.5508408149038462
0 0.6094977692307693 0.5889507716346154 0.6065767932692308 0.5889507716346154 0.6065767932692308 0.5945333413461539 0.6094977692307693 0.5945333413461539 0.6094977692307693 0.5889507716346154
0 0.6295745841346154 0.5328414927884615 0.6273920048076923 0.5328414927884615 0.6273920048076923 0.5442664807692308 0.6295745841346154 0.5442664807692308 0.6295745841346154 0.5328414927884615
0 0.6378443389423077 0.55584875 0.634606360576923 0.55584875 0.634606360576923 0.5647009951923077 0.6378443389423077 0.5647009951923077 0.6378443389423077 0.55584875
0 0.5459795000000001 0.5398276442307692 0.5416247692307692 0.5398276442307692 0.5416247692307692 0.5450069278846154 0.5459795000000001 0.5450069278846154 0.5459795000000001 0.5398276442307692
0 0.5049472163461538 0.5159214158653846 0.5015082668269231 0.5159214158653846 0.5015082668269231 0.5264031874999999 0.5049472163461538 0.5264031874999999 0.5049472163461538 0.5159214158653846
0 0.5509077716346154 0.5521860192307693 0.54850940625 0.5521860192307693 0.54850940625 0.5576636971153847 0.5509077716346154 0.5576636971153847 0.5509077716346154 0.5521860192307693
0 0.5880262379807693 0.5889942884615385 0.5849206923076923 0.5889942884615385 0.5849206923076923 0.6024653125 0.5880262379807693 0.6024653125 0.5880262379807693 0.5889942884615385
0 0.6315930673076923 0.5536131682692308 0.6276444110576923 0.5536131682692308 0.6276444110576923 0.5629162812499999 0.6315930673076923 0.5629162812499999 0.6315930673076923 0.5536131682692308
0 0.6115206394230769 0.5884280168269231 0.6085308701923077 0.5884280168269231 0.6085308701923077 0.5941777548076923 0.6115206394230769 0.5941777548076923 0.6115206394230769 0.5884280168269231
0 0.5625003822115384 0.6157706947115386 0.5596419014423077 0.6157706947115386 0.5596419014423077 0.62670175 0.5625003822115384 0.62670175 0.5625003822115384 0.6157706947115386
0 0.5520450600961538 0.5520622548076923 0.5492935192307692 0.5520622548076923 0.5492935192307692 0.5572710384615385 0.5520450600961538 0.5572710384615385 0.5520450600961538 0.5520622548076923
0 0.6392343509615385 0.6114152692307692 0.6357885360576923 0.6114152692307692 0.6357885360576923 0.6199086514423077 0.6392343509615385 0.6199086514423077 0.6392343509615385 0.6114152692307692
0 0.5934167235576923 0.5853473245192308 0.5905610408653846 0.5853473245192308 0.5905610408653846 0.5986612379807692 0.5934167235576923 0.5986612379807692 0.5934167235576923 0.5853473245192308
0 0.5141952187500001 0.5395375576923077 0.5113385528846154 0.5395375576923077 0.5113385528846154 0.5447512019230769 0.5141952187500001 0.5447512019230769 0.5141952187500001 0.5395375576923077
0 0.5651052475961539 0.6182144735576922 0.5604121514423077 0.6182144735576922 0.5604121514423077 0.631585014423077 0.5651052475961539 0.631585014423077 0.5651052475961539 0.6182144735576922
0 0.5649132403846153 0.5987178653846154 0.5629022596153846 0.5987178653846154 0.5629022596153846 0.6088838365384615 0.5649132403846153 0.6088838365384615 0.5649132403846153 0.5987178653846154
0 0.6188341129807693 0.5539945817307692 0.6117298125 0.5539945817307692 0.6117298125 0.5621099951923078 0.6188341129807693 0.5621099951923078 0.6188341129807693 0.5539945817307692
0 0.5580607740384615 0.5509772403846154 0.5540429423076924 0.5509772403846154 0.5540429423076924 0.5566972524038462 0.5580607740384615 0.5566972524038462 0.5580607740384615 0.5509772403846154
0 0.6360184350961539 0.6033675024038462 0.6336844134615384 0.6033675024038462 0.6336844134615384 0.6134873557692307 0.6360184350961539 0.6134873557692307 0.6360184350961539 0.6033675024038462
0 0.5531039567307693 0.5521903149038462 0.5506380072115384 0.5521903149038462 0.5506380072115384 0.5568352019230769 0.5531039567307693 0.5568352019230769 0.5531039567307693 0.5521903149038462
0 0.6547389975961538 0.6093825168269231 0.6498958581730769 0.6093825168269231 0.6498958581730769 0.6183401033653847 0.6547389975961538 0.6183401033653847 0.6547389975961538 0.6093825168269231
1 0.13192838221153846 0.49873894951923076 0.12717684615384617 0.49873894951923076 0.12717684615384617 0.5086878461538462 0.13192838221153846 0.5086878461538462 0.13192838221153846 0.49873894951923076
0 0.28828522115384614 0.4959873125 0.29107278846153845 0.4959873125 0.29107278846153845 0.4889292283653846 0.28828522115384614 0.4889292283653846 0.28828522115384614 0.4959873125
1 0.27637470432692307 0.46490170913461537 0.2644641875 0.46490170913461537 0.2644641875 0.4838233798076923 0.27637470432692307 0.4838233798076923 0.27637470432692307 0.46490170913461537
1 0.3107547067307692 0.4818711442307692 0.3024764759615385 0.4818711442307692 0.3024764759615385 0.4908814639423077 0.3107547067307692 0.4908814639423077 0.3107547067307692 0.4818711442307692
1 0.3266353966346154 0.5646159158653846 0.3238478293269231 0.5646159158653846 0.3238478293269231 0.570472625 0.3266353966346154 0.570472625 0.3266353966346154 0.5646159158653846
1 0.3538353004807692 0.5848891370192308 0.3504564302884615 0.5848891370192308 0.3504564302884615 0.590896016826923 0.3538353004807692 0.590896016826923 0.3538353004807692 0.5848891370192308
1 0.3907494567307692 0.5850393100961538 0.3887221346153846 0.5850393100961538 0.3887221346153846 0.5913465336538462 0.3907494567307692 0.5913465336538462 0.3907494567307692 0.5850393100961538
1 0.4642398798076923 0.6209304182692308 0.4601852355769231 0.6209304182692308 0.4601852355769231 0.626336608173077 0.4642398798076923 0.626336608173077 0.4642398798076923 0.6209304182692308
1 0.4610299519230769 0.6146231947115385 0.45891815865384616 0.6146231947115385 0.45891815865384616 0.6197290408653846 0.4610299519230769 0.6197290408653846 0.4610299519230769 0.6146231947115385
1 0.4984509375 0.6219816201923076 0.4948186514423077 0.6219816201923076 0.4948186514423077 0.62708746875 0.4984509375 0.62708746875 0.4984509375 0.6219816201923076
0 0.3997103245192308 0.46236567788461536 0.3974802692307692 0.46236567788461536 0.3974802692307692 0.4740190264423077 0.3997103245192308 0.4740190264423077 0.3997103245192308 0.46236567788461536
1 0.3727469423076923 0.4717364110576923 0.3465269110576923 0.4717364110576923 0.3465269110576923 0.4909584278846154 0.3727469423076923 0.4909584278846154 0.3727469423076923 0.4717364110576923
0 0.3984398701923077 0.4940820048076923 0.39627739182692306 0.4940820048076923 0.39627739182692306 0.50398134375 0.3984398701923077 0.50398134375 0.3984398701923077 0.4940820048076923
0 0.3937905432692308 0.49427422596153847 0.39146588221153844 0.49427422596153847 0.39146588221153844 0.5011941514423077 0.3937905432692308 0.5011941514423077 0.3937905432692308 0.49427422596153847
0 0.4273629975961538 0.5147456730769231 0.4303364014423077 0.5147456730769231 0.4303364014423077 0.5079218557692308 0.4273629975961538 0.5079218557692308 0.4273629975961538 0.5147456730769231
0 0.4255248918269231 0.5130156899038462 0.4282820504807692 0.5130156899038462 0.4282820504807692 0.5070568653846154 0.4255248918269231 0.5070568653846154 0.4255248918269231 0.5130156899038462
1 0.634637875 0.6789093197115386 0.6300426105769231 0.6789093197115386 0.6300426105769231 0.6932297211538461 0.634637875 0.6932297211538461 0.634637875 0.6789093197115386
0 0.6589051899038462 0.6403653317307693 0.6545456370192307 0.6403653317307693 0.6545456370192307 0.6478696081730769 0.6589051899038462 0.6478696081730769 0.6589051899038462 0.6403653317307693
0 0.6535422475961539 0.6419646057692308 0.6495632884615384 0.6419646057692308 0.6495632884615384 0.6486692427884615 0.6535422475961539 0.6486692427884615 0.6535422475961539 0.6419646057692308
1 0.660358375 0.6238805312500001 0.6473835120192307 0.6238805312500001 0.6473835120192307 0.6396272067307692 0.660358375 0.6396272067307692 0.660358375 0.6238805312500001
0 0.5733788894230769 0.549886375 0.5778660288461539 0.549886375 0.5778660288461539 0.5413325769230769 0.5733788894230769 0.5413325769230769 0.5733788894230769 0.549886375
0 0.5630530625 0.5619962427884615 0.5580793653846153 0.5619962427884615 0.5580793653846153 0.5715111418269231 0.5630530625 0.5715111418269231 0.5630530625 0.5619962427884615
0 0.5685133173076923 0.5590168317307692 0.5649992908653846 0.5590168317307692 0.5649992908653846 0.5719916923076923 0.5685133173076923 0.5719916923076923 0.5685133173076923 0.5590168317307692
0 0.5351672475961539 0.5266217259615384 0.5281391995192307 0.5266217259615384 0.5281391995192307 0.5321000024038461 0.5351672475961539 0.5321000024038461 0.5351672475961539 0.5266217259615384
0 0.4078111201923077 0.4993868509615385 0.4106482908653846 0.4993868509615385 0.4106482908653846 0.4904063245192308 0.4078111201923077 0.4904063245192308 0.4078111201923077 0.4993868509615385
1 0.42389994951923077 0.5092285240384615 0.4176028173076923 0.5092285240384615 0.4176028173076923 0.52233025 0.42389994951923077 0.52233025 0.42389994951923077 0.5092285240384615
1 0.4283979014423077 0.49280523317307695 0.41798341346153844 0.49280523317307695 0.41798341346153844 0.5024008629807692 0.4283979014423077 0.5024008629807692 0.4283979014423077 0.49280523317307695
1 0.4530207403846154 0.47552387500000004 0.44669549519230767 0.47552387500000004 0.44669549519230767 0.4846543317307692 0.4530207403846154 0.4846543317307692 0.4530207403846154 0.47552387500000004
1 0.5653596826923077 0.52164584375 0.5568280360576924 0.52164584375 0.5568280360576924 0.5312568509615384 0.5653596826923077 0.5312568509615384 0.5653596826923077 0.52164584375
0 0.6687003125 0.6369478966346154 0.6648990841346154 0.6369478966346154 0.6648990841346154 0.6498626899038461 0.6687003125 0.6498626899038461 0.6687003125 0.6369478966346154
0 0.6628717620192308 0.6354461778846154 0.6594928918269231 0.6354461778846154 0.6594928918269231 0.6513644086538461 0.6628717620192308 0.6513644086538461 0.6628717620192308 0.6354461778846154
0 0.7576242524038462 0.5584253028846153 0.7543805384615384 0.5584253028846153 0.7543805384615384 0.5758452548076923 0.7576242524038462 0.5758452548076923 0.7576242524038462 0.5584253028846153
0 0.7499204302884616 0.557464201923077 0.7460685168269231 0.557464201923077 0.7460685168269231 0.5751244302884616 0.7499204302884616 0.5751244302884616 0.7499204302884616 0.557464201923077
0 0.8671365985576922 0.6407270697115385 0.8632846875000001 0.6407270697115385 0.8632846875000001 0.65646509375 0.8671365985576922 0.65646509375 0.8671365985576922 0.6407270697115385
0 0.8721373269230769 0.6402465192307693 0.8690287644230769 0.6402465192307693 0.8690287644230769 0.6612705985576923 0.8721373269230769 0.6612705985576923 0.8721373269230769 0.6402465192307693
0 0.8755837740384614 0.6361618389423077 0.8716642836538462 0.6361618389423077 0.8716642836538462 0.6611504615384616 0.8755837740384614 0.6611504615384616 0.8755837740384614 0.6361618389423077
0 0.9247125432692307 0.683736329326923 0.9205903221153846 0.683736329326923 0.9205903221153846 0.7028382091346154 0.9247125432692307 0.7028382091346154 0.9247125432692307 0.683736329326923
0 0.93174059375 0.6790509639423077 0.9257262043269231 0.6790509639423077 0.9257262043269231 0.7066826129807692 0.93174059375 0.7066826129807692 0.93174059375 0.6790509639423077
0 0.9189684639423077 0.6661962403846153 0.9130216538461539 0.6661962403846153 0.9130216538461539 0.6923862379807691 0.9189684639423077 0.6923862379807691 0.9189684639423077 0.6661962403846153
1 0.9017826538461539 0.7828085240384616 0.7226204615384616 0.7828085240384616 0.7226204615384616 0.850635233173077 0.9017826538461539 0.850635233173077 0.9017826538461539 0.7828085240384616
0 0.25344061298076925 0.5043015192307693 0.24954815384615386 0.5043015192307693 0.24954815384615386 0.5090109134615385 0.25344061298076925 0.5090109134615385 0.25344061298076925 0.5043015192307693
0 0.2851678341346154 0.4883085432692308 0.28228594230769233 0.4883085432692308 0.28228594230769233 0.49623990625 0.2851678341346154 0.49623990625 0.2851678341346154 0.4883085432692308
0 0.2795010360576923 0.48276644471153846 0.27664685336538464 0.48276644471153846 0.27664685336538464 0.48986033173076926 0.2795010360576923 0.48986033173076926 0.2795010360576923 0.48276644471153846
0 0.7827828004807693 0.5506774591346154 0.7797807139423077 0.5506774591346154 0.7797807139423077 0.5621032307692307 0.7827828004807693 0.5621032307692307 0.7827828004807693 0.5506774591346154