1 0.15601180288461539 0.01829085096153846 0.016351117788461537 0.01829085096153846 0.016351117788461537 0.11270934134615383 0.15601180288461539 0.11270934134615383 0.15601180288461539 0.01829085096153846
0 0.3494932019230769 0.24089580288461537 0.3471749230769231 0.24089580288461537 0.3471749230769231 0.25072372596153847 0.3494932019230769 0.25072372596153847 0.3494932019230769 0.24089580288461537
0 0.3801658341346154 0.21394826923076923 0.3787391995192308 0.21394826923076923 0.3787391995192308 0.2212399567307692 0.3801658341346154 0.2212399567307692 0.3801658341346154 0.21394826923076923
1 0.465763875 0.26277085576923076 0.4639805817307692 0.26277085576923076 0.4639805817307692 0.26942848076923076 0.465763875 0.26942848076923076 0.465763875 0.26277085576923076
1 0.47521532451923076 0.26499006490384613 0.4739670192307692 0.26499006490384613 0.4739670192307692 0.2703795721153846 0.47521532451923076 0.2703795721153846 0.47521532451923076 0.26499006490384613
1 0.4912649567307692 0.2462853076923077 0.48912500721153845 0.2462853076923077 0.48912500721153845 0.2500896658653846 0.4912649567307692 0.2500896658653846 0.4912649567307692 0.2462853076923077
1 0.5060662860576923 0.2697455120192308 0.5044613221153846 0.2697455120192308 0.5044613221153846 0.2732328389423077 0.5060662860576923 0.2732328389423077 0.5060662860576923 0.2697455120192308
1 0.4803868725961538 0.2966930432692308 0.47771193509615384 0.2966930432692308 0.47771193509615384 0.3020825480769231 0.4803868725961538 0.3020825480769231 0.4803868725961538 0.2966930432692308
1 0.4811001899038461 0.25960055769230767 0.4789602403846154 0.25960055769230767 0.4789602403846154 0.2624538269230769 0.4811001899038461 0.2624538269230769 0.4811001899038461 0.25960055769230767
1 0.48930333653846153 0.26055164903846156 0.4873417139423077 0.26055164903846156 0.4873417139423077 0.26403897596153847 0.48930333653846153 0.26403897596153847 0.48930333653846153 0.26055164903846156
1 0.4704004350961538 0.30430175721153846 0.46701218028846153 0.30430175721153846 0.46701218028846153 0.30937423317307694 0.4704004350961538 0.30937423317307694 0.4704004350961538 0.30430175721153846
1 0.4575607283653846 0.2979611610576923 0.45542077884615384 0.2979611610576923 0.45542077884615384 0.3023995793269231 0.4575607283653846 0.3023995793269231 0.4575607283653846 0.2979611610576923
1 0.4573823990384615 0.27608610817307694 0.4555991081730769 0.27608610817307694 0.4555991081730769 0.2811585841346154 0.4573823990384615 0.2811585841346154 0.4573823990384615 0.27608610817307694
1 0.4618406322115384 0.2732328389423077 0.45863070432692304 0.2732328389423077 0.45863070432692304 0.278939375 0.4618406322115384 0.278939375 0.4618406322115384 0.2732328389423077
1 0.4047752716346154 0.22916569951923077 0.4031703076923077 0.22916569951923077 0.4031703076923077 0.2364573846153846 0.4047752716346154 0.2364573846153846 0.4047752716346154 0.22916569951923077
1 0.4074502091346154 0.22916569951923077 0.4047752716346154 0.22916569951923077 0.4047752716346154 0.23455520673076924 0.4074502091346154 0.23455520673076924 0.4074502091346154 0.22916569951923077
1 0.3944321730769231 0.2542110528846154 0.39229222355769233 0.2542110528846154 0.39229222355769233 0.26055164903846156 0.3944321730769231 0.26055164903846156 0.3944321730769231 0.2542110528846154
1 0.40620190384615384 0.26403897596153847 0.40156534375 0.26403897596153847 0.40156534375 0.26784333413461536 0.40620190384615384 0.26784333413461536 0.40620190384615384 0.26403897596153847
1 0.430989670673077 0.23614035576923076 0.4277797451923077 0.23614035576923076 0.4277797451923077 0.24406609855769232 0.430989670673077 0.24406609855769232 0.430989670673077 0.23614035576923076
1 0.4213598918269231 0.24533421875 0.4185066225961539 0.24533421875 0.4185066225961539 0.2510407548076923 0.4213598918269231 0.2510407548076923 0.4213598918269231 0.24533421875
1 0.4193982692307693 0.22789758173076924 0.41725831730769236 0.22789758173076924 0.41725831730769236 0.23233599759615384 0.4193982692307693 0.23233599759615384 0.4193982692307693 0.22789758173076924
1 0.46077065624999997 0.24501718990384613 0.45845237499999997 0.24501718990384613 0.45845237499999997 0.25262590384615385 0.46077065624999997 0.25262590384615385 0.46077065624999997 0.24501718990384613
1 0.4611273149038461 0.17653875721153847 0.4575607283653846 0.17653875721153847 0.4575607283653846 0.18383043990384615 0.4611273149038461 0.18383043990384615 0.4611273149038461 0.17653875721153847
1 0.45238918028846153 0.17273439903846155 0.45042756009615387 0.17273439903846155 0.45042756009615387 0.1812942019230769 0.45238918028846153 0.1812942019230769 0.45238918028846153 0.17273439903846155
1 0.3917572355769231 0.22219104326923075 0.38605069951923077 0.22219104326923075 0.38605069951923077 0.23106787980769233 0.3917572355769231 0.23106787980769233 0.3917572355769231 0.22219104326923075
1 0.38052249278846156 0.23328708653846153 0.3785608701923077 0.23328708653846153 0.3785608701923077 0.23804253365384614 0.38052249278846156 0.23804253365384614 0.38052249278846156 0.23328708653846153
0 0.3735676514423077 0.2317019375 0.3710710432692308 0.2317019375 0.3710710432692308 0.23994471153846153 0.3735676514423077 0.23994471153846153 0.3735676514423077 0.2317019375
1 0.4031703076923077 0.22853163942307694 0.40049536778846156 0.22853163942307694 0.40049536778846156 0.2364573846153846 0.4031703076923077 0.2364573846153846 0.4031703076923077 0.22853163942307694
1 0.42902804807692313 0.2095098533653846 0.42742308653846156 0.2095098533653846 0.42742308653846156 0.2145823293269231 0.42902804807692313 0.2145823293269231 0.42902804807692313 0.2095098533653846
1 0.43509124278846156 0.24057877163461538 0.4324163052884616 0.24057877163461538 0.4324163052884616 0.2462853076923077 0.43509124278846156 0.2462853076923077 0.43509124278846156 0.24057877163461538
0 0.3486552283653846 0.250685 0.3424469158653846 0.250685 0.3424469158653846 0.2585305769230769 0.3486552283653846 0.2585305769230769 0.3486552283653846 0.250685
1 0.4615982091346154 0.25704082211538465 0.45794802163461534 0.25704082211538465 0.45794802163461534 0.2635300456730769 0.4615982091346154 0.2635300456730769 0.4615982091346154 0.25704082211538465