1 0.14716006971153847 0.020913586538461537 0.017826408653846153 0.020913586538461537 0.017826408653846153 0.11008660576923077 0.14716006971153847 0.11008660576923077 0.14716006971153847 0.020913586538461537
0 0.5518967307692308 0.9508657764423076 0.541573641826923 0.9508657764423076 0.541573641826923 0.9754845240384615 0.5518967307692308 0.9754845240384615 0.5518967307692308 0.9508657764423076
0 0.48265650480769234 0.8850665793269231 0.47409589423076925 0.8850665793269231 0.47409589423076925 0.9092377139423077 0.48265650480769234 0.9092377139423077 0.48265650480769234 0.8850665793269231
0 0.4909653317307692 0.9598180480769231 0.47862798076923074 0.9598180480769231 0.47862798076923074 0.9759321370192308 0.4909653317307692 0.9759321370192308 0.4909653317307692 0.9598180480769231
0 0.37615244711538465 0.8662668076923077 0.3696060985576923 0.8662668076923077 0.3696060985576923 0.8823808990384615 0.37615244711538465 0.8823808990384615 0.37615244711538465 0.8662668076923077
0 0.4162810673076923 0.8296508197115385 0.4094266153846154 0.8296508197115385 0.4094266153846154 0.84301103125 0.4162810673076923 0.84301103125 0.4162810673076923 0.8296508197115385
0 0.39282728605769235 0.81570334375 0.3816784807692307 0.81570334375 0.3816784807692307 0.8317062379807693 0.39282728605769235 0.8317062379807693 0.39282728605769235 0.81570334375
0 0.3793661370192308 0.7860466081730769 0.3727594375 0.7860466081730769 0.3727594375 0.7992600048076923 0.3793661370192308 0.7992600048076923 0.3793661370192308 0.7860466081730769
0 0.35079216346153846 0.7847252692307692 0.3429467091346154 0.7847252692307692 0.3429467091346154 0.7985259278846153 0.35079216346153846 0.7985259278846153 0.35079216346153846 0.7847252692307692
0 0.3588027860576923 0.7917724134615385 0.35492135096153843 0.7917724134615385 0.35492135096153843 0.7986727427884616 0.3588027860576923 0.7986727427884616 0.3588027860576923 0.7917724134615385
0 0.35929828846153844 0.8017558701923077 0.3536825961538461 0.8017558701923077 0.3536825961538461 0.8135011129807693 0.35929828846153844 0.8135011129807693 0.35929828846153844 0.8017558701923077
0 0.3761453701923077 0.8155565288461539 0.36607015625000006 0.8155565288461539 0.36607015625000006 0.8287699278846153 0.3761453701923077 0.8287699278846153 0.3761453701923077 0.8155565288461539
0 0.36871283413461536 0.8358170721153846 0.3635926442307692 0.8358170721153846 0.3635926442307692 0.8456537115384616 0.36871283413461536 0.8456537115384616 0.36871283413461536 0.8358170721153846
0 0.3644184807692307 0.8462409735576923 0.3522786730769231 0.8462409735576923 0.3522786730769231 0.8626843149038461 0.3644184807692307 0.8626843149038461 0.3644184807692307 0.8462409735576923
1 0.31397014182692307 0.8369296586538462 0.30044705528846155 0.8369296586538462 0.30044705528846155 0.8539969639423077 0.31397014182692307 0.8539969639423077 0.31397014182692307 0.8369296586538462
1 0.30818928125 0.7956377908653847 0.2994147596153846 0.7956377908653847 0.2994147596153846 0.8064654350961539 0.30818928125 0.8064654350961539 0.30818928125 0.7956377908653847
1 0.28485937499999997 0.7772858509615385 0.27887205528846154 0.7772858509615385 0.27887205528846154 0.7864618197115385 0.28485937499999997 0.7864618197115385 0.28485937499999997 0.7772858509615385
1 0.2598777956730769 0.7833419903846154 0.24759346634615384 0.7833419903846154 0.24759346634615384 0.8040796850961538 0.2598777956730769 0.8040796850961538 0.2598777956730769 0.7833419903846154
0 0.10075268990384616 0.786376641826923 0.09446213221153846 0.786376641826923 0.09446213221153846 0.7966996081730768 0.10075268990384616 0.7966996081730768 0.10075268990384616 0.786376641826923
0 0.13279905048076923 0.7876498052884616 0.12763756730769232 0.7876498052884616 0.12763756730769232 0.7970092956730769 0.13279905048076923 0.7970092956730769 0.13279905048076923 0.7876498052884616
0 0.14291555769230768 0.7795749519230769 0.13765084375 0.7795749519230769 0.13765084375 0.787833326923077 0.14291555769230768 0.787833326923077 0.14291555769230768 0.7795749519230769
0 0.15643864423076922 0.7861816514423077 0.15076101201923076 0.7861816514423077 0.15076101201923076 0.7982939326923078 0.15643864423076922 0.7982939326923078 0.15643864423076922 0.7861816514423077
0 0.19143350240384616 0.7889344423076923 0.18627201923076922 0.7889344423076923 0.18627201923076922 0.798477451923077 0.19143350240384616 0.798477451923077 0.19143350240384616 0.7889344423076923
0 0.19979510576923076 0.7748034471153846 0.19525299999999998 0.7748034471153846 0.19525299999999998 0.7843464567307692 0.19979510576923076 0.7843464567307692 0.19979510576923076 0.7748034471153846