1 0.5437317788461539 1 0.5437317788461539 0.9830291899038461 0.5307742139423077 0.9830291899038461 0.5307742139423077 1 0.5437317788461539 1
1 0.6384839639423077 0.7857862716346153 0.623096858173077 0.7857862716346153 0.623096858173077 0.8073822115384615 0.6384839639423077 0.8073822115384615 0.6384839639423077 0.7857862716346153
1 0.7066379014423076 0.6557347163461539 0.69497609375 0.6557347163461539 0.69497609375 0.6684043341346153 0.7066379014423076 0.6684043341346153 0.7066379014423076 0.6557347163461539
1 0.6923845793269231 0.5751098725961539 0.6884973100961538 0.5751098725961539 0.6884973100961538 0.5866277067307692 0.6923845793269231 0.5866277067307692 0.6923845793269231 0.5751098725961539
1 0.6927322572115385 0.5566422692307692 0.6882740264423077 0.5566422692307692 0.6882740264423077 0.56871959375 0.6927322572115385 0.56871959375 0.6927322572115385 0.5566422692307692
1 0.7027102043269231 0.5596616009615384 0.6984642692307692 0.5596616009615384 0.6984642692307692 0.57098409375 0.7027102043269231 0.57098409375 0.7027102043269231 0.5596616009615384
1 0.6935814447115385 0.5400359471153846 0.6870002451923077 0.5400359471153846 0.6870002451923077 0.5528681057692307 0.6935814447115385 0.5528681057692307 0.6935814447115385 0.5400359471153846
1 0.7007995336538462 0.5351295336538462 0.6935814447115385 0.5351295336538462 0.6935814447115385 0.5490939399038461 0.7007995336538462 0.5490939399038461 0.7007995336538462 0.5351295336538462
1 0.7082299182692308 0.5521132716346154 0.7044085793269231 0.5521132716346154 0.7044085793269231 0.5668325120192308 0.7082299182692308 0.5668325120192308 0.7082299182692308 0.5521132716346154
0 0.6477253509615385 0.48983956490384617 0.6413564495192308 0.48983956490384617 0.6413564495192308 0.50720071875 0.6477253509615385 0.50720071875 0.6477253509615385 0.48983956490384617
1 0.2725131201923077 0.7162554086538461 0.26587884615384616 0.7162554086538461 0.26587884615384616 0.7398439326923077 0.2725131201923077 0.7398439326923077 0.2725131201923077 0.7162554086538461
1 0.2655471322115385 0.6914874567307692 0.2592445745192308 0.6914874567307692 0.2592445745192308 0.711537701923077 0.2655471322115385 0.711537701923077 0.2655471322115385 0.6914874567307692
1 0.28113767307692306 0.7091788509615384 0.2741716875 0.7091788509615384 0.2741716875 0.7274599567307691 0.28113767307692306 0.7274599567307691 0.28113767307692306 0.7091788509615384
1 0.29905021153846156 0.6873594639423076 0.2907573701923077 0.6873594639423076 0.2907573701923077 0.7121274158653846 0.29905021153846156 0.7121274158653846 0.29905021153846156 0.6873594639423076
0 0.4185085841346154 0.48600928605769234 0.41021574278846157 0.48600928605769234 0.41021574278846157 0.5081235288461539 0.4185085841346154 0.5081235288461539 0.4185085841346154 0.48600928605769234
0 0.3832640096153846 0.46481647115384617 0.37445286778846154 0.46481647115384617 0.37445286778846154 0.49061641826923075 0.3832640096153846 0.49061641826923075 0.3832640096153846 0.46481647115384617
0 0.4594544855769231 0.43072368028846153 0.45167994951923074 0.43072368028846153 0.45167994951923074 0.45283792307692305 0.4594544855769231 0.45283792307692305 0.4594544855769231 0.43072368028846153
0 0.5573644302884616 0.4949356081730769 0.5500667307692308 0.4949356081730769 0.5500667307692308 0.5197035600961539 0.5573644302884616 0.5197035600961539 0.5573644302884616 0.4949356081730769
0 0.6499125360576923 0.42652888461538463 0.6419514086538461 0.42652888461538463 0.6419514086538461 0.44952769711538465 0.6499125360576923 0.44952769711538465 0.6499125360576923 0.42652888461538463
0 0.3139890625 0.5884872716346154 0.30403765384615383 0.5884872716346154 0.30403765384615383 0.6098643725961538 0.3139890625 0.6098643725961538 0.3139890625 0.5884872716346154
1 0.5346578028846154 0.77835940625 0.5258599975961539 0.77835940625 0.5258599975961539 0.7991356490384616 0.5346578028846154 0.7991356490384616 0.5346578028846154 0.77835940625
1 0.5867926947115385 0.7606998629807692 0.5685142692307692 0.7606998629807692 0.5685142692307692 0.7735858004807692 0.5867926947115385 0.7735858004807692 0.5867926947115385 0.7606998629807692
1 0.6651423677884616 0.6136137524038461 0.6713276201923077 0.6136137524038461 0.6713276201923077 0.5964026201923077 0.6651423677884616 0.5964026201923077 0.6651423677884616 0.6136137524038461
1 0.6758068846153846 0.5825573052884615 0.68202575 0.5825573052884615 0.68202575 0.5700075216346154 0.6758068846153846 0.5700075216346154 0.6758068846153846 0.5825573052884615
1 0.39370640384615385 0.6037868100961539 0.3867469471153846 0.6037868100961539 0.3867469471153846 0.6149919759615384 0.39370640384615385 0.6149919759615384 0.39370640384615385 0.6037868100961539
1 0.3462560360576923 0.596678201923077 0.3423902548076923 0.596678201923077 0.3423902548076923 0.6039989086538461 0.3462560360576923 0.6039989086538461 0.3462560360576923 0.596678201923077
1 0.35608856730769234 0.5938395600961539 0.3524749014423077 0.5938395600961539 0.3524749014423077 0.6008614615384615 0.35608856730769234 0.6008614615384615 0.35608856730769234 0.5938395600961539
1 0.37709825 0.588012875 0.37323246875 0.588012875 0.37323246875 0.5968276033653847 0.37709825 0.5968276033653847 0.37709825 0.588012875
0 0.2799779783653846 0.5616405865384615 0.2697357572115385 0.5616405865384615 0.2697357572115385 0.5861518822115385 0.2799779783653846 0.5861518822115385 0.2799779783653846 0.5616405865384615
0 0.3720602235576923 0.4513591514423077 0.37895139903846153 0.4513591514423077 0.37895139903846153 0.43133925721153843 0.3720602235576923 0.43133925721153843 0.3720602235576923 0.4513591514423077
0 0.5231471875 0.4411413533653846 0.5172644759615385 0.4411413533653846 0.5172644759615385 0.4626179158653846 0.5231471875 0.4626179158653846 0.5231471875 0.4411413533653846
0 0.5202058317307693 0.4592563677884615 0.5140079759615385 0.4592563677884615 0.5140079759615385 0.47867865144230765 0.5202058317307693 0.47867865144230765 0.5202058317307693 0.4592563677884615
0 0.5021375048076924 0.47419125 0.4970111418269231 0.47419125 0.4970111418269231 0.49271712019230773 0.5021375048076924 0.49271712019230773 0.5021375048076924 0.47419125
0 0.5135667716346154 0.47702989182692307 0.5085244495192307 0.47702989182692307 0.5085244495192307 0.4913725024038461 0.5135667716346154 0.4913725024038461 0.5135667716346154 0.47702989182692307
1 0.7152431538461539 0.5421120600961539 0.7107920552884616 0.5421120600961539 0.7107920552884616 0.5524599134615384 0.7152431538461539 0.5524599134615384 0.7152431538461539 0.5421120600961539
1 0.7212920817307692 0.5506338221153846 0.7141018461538462 0.5506338221153846 0.7141018461538462 0.5666628461538461 0.7212920817307692 0.5666628461538461 0.7212920817307692 0.5506338221153846
1 0.7773733221153846 0.83255234375 0.7682402211538462 0.83255234375 0.7682402211538462 0.85322396875 0.7773733221153846 0.85322396875 0.7773733221153846 0.83255234375
1 0.7783881105769231 0.8577341418269231 0.7681979375 0.8577341418269231 0.7681979375 0.8820890769230769 0.7783881105769231 0.8820890769230769 0.7783881105769231 0.8577341418269231