1 0.4333661177884615 0.34962981009615385 0.39746742067307694 0.34962981009615385 0.39746742067307694 0.44754528365384616 0.4333661177884615 0.44754528365384616 0.4333661177884615 0.34962981009615385
1 0.2858372259615385 0.32077971875 0.2622326033653846 0.32077971875 0.2622326033653846 0.37847990625 0.2858372259615385 0.37847990625 0.2858372259615385 0.32077971875
0 0.4878920096153846 0.20801746153846154 0.4768135721153846 0.20801746153846154 0.4768135721153846 0.2713995456730769 0.4878920096153846 0.2713995456730769 0.4878920096153846 0.20801746153846154
0 0.5577868701923077 0.17901210336538462 0.5471112860576923 0.17901210336538462 0.5471112860576923 0.23093527884615384 0.5577868701923077 0.23093527884615384 0.5577868701923077 0.17901210336538462
0 0.5990792235576923 0.20228800961538462 0.5924321610576923 0.20228800961538462 0.5924321610576923 0.2176859158653846 0.5990792235576923 0.2176859158653846 0.5990792235576923 0.20228800961538462
0 0.5682610288461538 0.20694318990384616 0.5600025576923077 0.20694318990384616 0.5600025576923077 0.2201925528846154 0.5682610288461538 0.2201925528846154 0.5682610288461538 0.20694318990384616
0 0.9823101586538462 0.11756703365384615 0.9734409639423076 0.11756703365384615 0.9734409639423076 0.14745186538461538 0.9823101586538462 0.14745186538461538 0.9823101586538462 0.11756703365384615
0 0.9290949903846154 0.10913327884615386 0.9210508389423077 0.10913327884615386 0.9210508389423077 0.13021766826923076 0.9290949903846154 0.13021766826923076 0.9290949903846154 0.10913327884615386
0 0.8503035432692307 0.08401535096153846 0.8447345144230769 0.08401535096153846 0.8447345144230769 0.10161623557692308 0.8503035432692307 0.10161623557692308 0.8503035432692307 0.08401535096153846
0 0.8837177163461539 0.11903377403846155 0.8760860841346154 0.11903377403846155 0.8760860841346154 0.14745186538461538 0.8837177163461539 0.14745186538461538 0.8837177163461539 0.11903377403846155
0 0.6704448485576923 0.08057309615384615 0.6652470889423078 0.08057309615384615 0.6652470889423078 0.10374759134615384 0.6704448485576923 0.10374759134615384 0.6704448485576923 0.08057309615384615
0 0.5577868701923077 0.1597839423076923 0.547544625 0.1597839423076923 0.547544625 0.20304131730769232 0.5577868701923077 0.20304131730769232 0.5577868701923077 0.1597839423076923
0 0.5282077187499999 0.13801201682692307 0.5190226875 0.13801201682692307 0.5190226875 0.17410757692307693 0.5282077187499999 0.17410757692307693 0.5282077187499999 0.13801201682692307
0 0.47889860576923077 0.17698376201923077 0.4693075 0.17698376201923077 0.4693075 0.23326991586538462 0.47889860576923077 0.23326991586538462 0.47889860576923077 0.17698376201923077
0 0.4720920144230769 0.18541751923076924 0.46239777884615385 0.18541751923076924 0.46239777884615385 0.23803682211538463 0.4720920144230769 0.23803682211538463 0.4720920144230769 0.18541751923076924
0 0.36535228846153844 0.16433312740384617 0.3551424014423077 0.16433312740384617 0.3551424014423077 0.18853434134615382 0.36535228846153844 0.18853434134615382 0.36535228846153844 0.16433312740384617
0 0.3503984158653846 0.16268304567307693 0.33967287740384616 0.16268304567307693 0.33967287740384616 0.18321740865384614 0.3503984158653846 0.18321740865384614 0.3503984158653846 0.16268304567307693
0 0.3371977524038462 0.1588328533653846 0.3303911610576923 0.1588328533653846 0.3303911610576923 0.17606705048076923 0.3371977524038462 0.17606705048076923 0.3371977524038462 0.1588328533653846
0 0.32131570673076926 0.17771713221153848 0.3090432163461539 0.17771713221153848 0.3090432163461539 0.2279529831730769 0.32131570673076926 0.2279529831730769 0.32131570673076926 0.17771713221153848
0 0.19560325240384616 0.20278349278846156 0.17523504567307693 0.20278349278846156 0.17523504567307693 0.28505844951923076 0.19560325240384616 0.28505844951923076 0.19560325240384616 0.20278349278846156
0 0.10304392548076922 0.21217979807692308 0.09015265384615384 0.21217979807692308 0.09015265384615384 0.23968117548076923 0.10304392548076922 0.23968117548076923 0.10304392548076922 0.21217979807692308
0 0.09002374038461539 0.21424239903846154 0.07571443028846153 0.21424239903846154 0.07571443028846153 0.2419729567307692 0.09002374038461539 0.2419729567307692 0.09002374038461539 0.21424239903846154
0 0.01346268269230769 0.09888700721153845 0.001344889423076923 0.09888700721153845 0.001344889423076923 0.13234701923076922 0.01346268269230769 0.13234701923076922 0.01346268269230769 0.09888700721153845
0 0.07147340384615385 0.1160753701923077 0.061031473557692305 0.1160753701923077 0.061031473557692305 0.14059743269230768 0.07147340384615385 0.14059743269230768 0.07147340384615385 0.1160753701923077
0 0.10511962259615384 0.11103345192307691 0.09377530288461539 0.11103345192307691 0.09377530288461539 0.15182716346153846 0.10511962259615384 0.15182716346153846 0.10511962259615384 0.11103345192307691
0 0.13451172115384616 0.09934536538461539 0.12639021875 0.09934536538461539 0.12639021875 0.12295071634615384 0.13451172115384616 0.12295071634615384 0.13451172115384616 0.09934536538461539
0 0.21767993269230768 0.09837963942307693 0.20285497115384615 0.09837963942307693 0.20285497115384615 0.14421526923076924 0.21767993269230768 0.14421526923076924 0.21767993269230768 0.09837963942307693
0 0.2889686634615385 0.06400291586538462 0.2803315120192308 0.06400291586538462 0.2803315120192308 0.08302470192307693 0.2889686634615385 0.08302470192307693 0.2889686634615385 0.06400291586538462
0 0.43131383653846156 0.09385852644230769 0.4247960096153846 0.09385852644230769 0.4247960096153846 0.12172659134615384 0.43131383653846156 0.12172659134615384 0.43131383653846156 0.09385852644230769
0 0.4697607644230769 0.08872493509615385 0.4635729543269231 0.08872493509615385 0.4635729543269231 0.1138061923076923 0.4697607644230769 0.1138061923076923 0.4697607644230769 0.08872493509615385
0 0.47528854086538463 0.09884544230769231 0.4678631706730769 0.09884544230769231 0.4678631706730769 0.1138061923076923 0.47528854086538463 0.1138061923076923 0.47528854086538463 0.09884544230769231