1 0.2994562283653846 0.33399914423076926 0.29240631490384617 0.33399914423076926 0.29240631490384617 0.35082941586538463 0.2994562283653846 0.35082941586538463 0.2994562283653846 0.33399914423076926
1 0.26219239663461535 0.30177096875 0.25473963221153845 0.30177096875 0.25473963221153845 0.31931741826923077 0.26219239663461535 0.31931741826923077 0.26219239663461535 0.30177096875
1 0.26924231249999997 0.29389296875 0.2579624495192308 0.29389296875 0.2579624495192308 0.3075004206730769 0.26924231249999997 0.3075004206730769 0.26924231249999997 0.29389296875
0 0.32935515625 0.8147653341346154 0.3414213846153846 0.8147653341346154 0.3414213846153846 0.7812136538461538 0.32935515625 0.7812136538461538 0.32935515625 0.8147653341346154
0 0.15198973076923078 0.40699414423076924 0.1585240576923077 0.40699414423076924 0.1585240576923077 0.39350013461538463 0.15198973076923078 0.39350013461538463 0.15198973076923078 0.40699414423076924
0 0.17192272836538464 0.3924440817307693 0.18070116826923074 0.3924440817307693 0.18070116826923074 0.3749605384615385 0.17192272836538464 0.3749605384615385 0.17192272836538464 0.3924440817307693
0 0.25185006009615385 0.37043115144230765 0.25961204807692306 0.37043115144230765 0.25961204807692306 0.3552239879807692 0.25185006009615385 0.3552239879807692 0.25185006009615385 0.37043115144230765
0 0.22497351201923077 0.3157041418269231 0.2349004110576923 0.3157041418269231 0.2349004110576923 0.2912037139423077 0.22497351201923077 0.2912037139423077 0.22497351201923077 0.3157041418269231
1 0.27662765144230766 0.3434098557692308 0.28196071875 0.3434098557692308 0.28196071875 0.32688849278846155 0.27662765144230766 0.32688849278846155 0.27662765144230766 0.3434098557692308
0 0.3281963028846154 0.38706110576923075 0.33394123076923077 0.38706110576923075 0.33394123076923077 0.37534595913461544 0.3281963028846154 0.37534595913461544 0.3281963028846154 0.38706110576923075
0 0.3569889326923077 0.40930538701923075 0.35289989663461535 0.40930538701923075 0.35289989663461535 0.41843719230769233 0.3569889326923077 0.41843719230769233 0.3569889326923077 0.40930538701923075
0 0.3503991634615385 0.4038983942307692 0.35763101201923075 0.4038983942307692 0.35763101201923075 0.3920030144230769 0.3503991634615385 0.3920030144230769 0.3503991634615385 0.4038983942307692
0 0.3602669206730769 0.4103267067307692 0.3657415 0.4103267067307692 0.3657415 0.39500689903846153 0.3602669206730769 0.39500689903846153 0.3602669206730769 0.4103267067307692
1 0.4564737668269231 0.45905412980769233 0.4671610216346154 0.45905412980769233 0.4671610216346154 0.4482401466346154 0.4564737668269231 0.4482401466346154 0.4564737668269231 0.45905412980769233
1 0.4599358389423077 0.3853843173076923 0.4556440408653846 0.3853843173076923 0.4556440408653846 0.39469635576923073 0.4599358389423077 0.39469635576923073 0.4599358389423077 0.3853843173076923
1 0.3493123798076923 0.30301084855769234 0.3570215673076923 0.30301084855769234 0.3570215673076923 0.28780368509615384 0.3493123798076923 0.28780368509615384 0.3493123798076923 0.30301084855769234
1 0.33227775 0.2533863918269231 0.3403206490384615 0.2533863918269231 0.3403206490384615 0.2377661971153846 0.33227775 0.2377661971153846 0.33227775 0.2533863918269231
1 0.33753158173076925 0.18318838221153846 0.34429031971153845 0.18318838221153846 0.34429031971153845 0.17025966586538463 0.33753158173076925 0.17025966586538463 0.33753158173076925 0.18318838221153846
1 0.26648277884615384 0.26272413221153845 0.2727134903846154 0.26272413221153845 0.2727134903846154 0.2530553798076923 0.26648277884615384 0.2530553798076923 0.26648277884615384 0.26272413221153845
1 0.2785745841346154 0.24798632692307693 0.2741391634615385 0.24798632692307693 0.2741391634615385 0.25765507692307693 0.2785745841346154 0.25765507692307693 0.2785745841346154 0.24798632692307693
1 0.2854389278846154 0.25962637499999996 0.2736639375 0.25962637499999996 0.2736639375 0.2696706129807692 0.2854389278846154 0.2696706129807692 0.2854389278846154 0.25962637499999996