1 0.10624194471153846 0.003465807692307692 0.0015802908653846153 0.003465807692307692 0.0015802908653846153 0.061210168269230765 0.10624194471153846 0.061210168269230765 0.10624194471153846 0.003465807692307692
0 0.7107885072115384 0.6608681706730769 0.6951150384615384 0.6608681706730769 0.6951150384615384 0.7110232716346154 0.7107885072115384 0.7110232716346154 0.7107885072115384 0.6608681706730769
0 0.6589835673076923 0.6799329759615385 0.6357208389423078 0.6799329759615385 0.6357208389423078 0.7048638749999999 0.6589835673076923 0.7048638749999999 0.6589835673076923 0.6799329759615385
0 0.68109140625 0.6476694591346154 0.6715223413461539 0.6476694591346154 0.6715223413461539 0.665561045673077 0.68109140625 0.665561045673077 0.68109140625 0.6476694591346154
0 0.7066639110576923 0.6447364110576923 0.7013844254807692 0.6447364110576923 0.7013844254807692 0.6697025072115385 0.7066639110576923 0.6697025072115385 0.7066639110576923 0.6447364110576923
0 0.6452107115384614 0.6070056971153847 0.6410927139423077 0.6070056971153847 0.6410927139423077 0.6267157716346153 0.6452107115384614 0.6267157716346153 0.6452107115384614 0.6070056971153847
0 0.6443659927884616 0.6330980817307693 0.6398256370192308 0.6330980817307693 0.6398256370192308 0.6516818677884615 0.6443659927884616 0.6516818677884615 0.6443659927884616 0.6330980817307693
0 0.650701375 0.6329103677884615 0.6456330697115384 0.6329103677884615 0.6456330697115384 0.6516818677884615 0.650701375 0.6516818677884615 0.650701375 0.6329103677884615
0 0.6561920384615385 0.63403665625 0.6528131682692307 0.63403665625 0.6528131682692307 0.6526204423076922 0.6561920384615385 0.6526204423076922 0.6561920384615385 0.63403665625
1 0.6658344879807692 0.6409971298076923 0.6569818485576923 0.6409971298076923 0.6569818485576923 0.6725933197115384 0.6658344879807692 0.6725933197115384 0.6658344879807692 0.6409971298076923
1 0.6560357668269231 0.6551733677884616 0.6421148221153847 0.6551733677884616 0.6421148221153847 0.6698301538461539 0.6560357668269231 0.6698301538461539 0.6560357668269231 0.6551733677884616
0 0.6210306730769232 0.6146869951923077 0.6179221129807692 0.6146869951923077 0.6179221129807692 0.6233369014423077 0.6210306730769232 0.6233369014423077 0.6210306730769232 0.6146869951923077
1 0.6398712524038461 0.6080313725961538 0.6331135120192308 0.6080313725961538 0.6331135120192308 0.6271572788461538 0.6398712524038461 0.6271572788461538 0.6398712524038461 0.6080313725961538
1 0.6301941682692308 0.5911159975961539 0.6235445504807693 0.5911159975961539 0.6235445504807693 0.6019764375000001 0.6301941682692308 0.6019764375000001 0.6301941682692308 0.5911159975961539
0 0.6814989302884615 0.585349391826923 0.6793364543269231 0.585349391826923 0.6793364543269231 0.5988048028846154 0.6814989302884615 0.5988048028846154 0.6814989302884615 0.585349391826923
0 0.6776064735576923 0.58525328125 0.6739302620192308 0.58525328125 0.6739302620192308 0.5994775745192308 0.6776064735576923 0.5994775745192308 0.6776064735576923 0.58525328125
1 0.6721508341346154 0.5853523966346154 0.6673393245192307 0.5853523966346154 0.6673393245192307 0.6013066682692307 0.6721508341346154 0.6013066682692307 0.6721508341346154 0.5853523966346154
1 0.6550132043269231 0.5790091298076923 0.6437683269230768 0.5790091298076923 0.6437683269230768 0.5963089447115385 0.6550132043269231 0.5963089447115385 0.6550132043269231 0.5790091298076923
0 0.6044112475961538 0.6233158774038461 0.5990050552884616 0.6233158774038461 0.5990050552884616 0.6458056370192308 0.6044112475961538 0.6458056370192308 0.6044112475961538 0.6233158774038461
0 0.6106283677884615 0.6265836201923077 0.6061952908653846 0.6265836201923077 0.6061952908653846 0.6375401706730769 0.6106283677884615 0.6375401706730769 0.6106283677884615 0.6265836201923077
0 0.6107905552884616 0.6004416778846153 0.6080874591346154 0.6004416778846153 0.6080874591346154 0.6225469975961538 0.6107905552884616 0.6225469975961538 0.6107905552884616 0.6004416778846153
0 0.6161967451923077 0.611974889423077 0.6120880408653846 0.611974889423077 0.6120880408653846 0.6221625576923077 0.6161967451923077 0.6221625576923077 0.6161967451923077 0.611974889423077
0 0.7729946875 0.6270806899038461 0.766321420673077 0.6270806899038461 0.766321420673077 0.6443504711538461 0.7729946875 0.6443504711538461 0.7729946875 0.6270806899038461
1 0.8919680649038462 0.6214117668269231 0.8845615817307693 0.6214117668269231 0.8845615817307693 0.6475537091346154 0.8919680649038462 0.6475537091346154 0.8919680649038462 0.6214117668269231
0 0 0.7371029447115384 0.004445923076923077 0.7371029447115384 0.004445923076923077 0.6918636298076923 0 0.6918636298076923 0 0.7371029447115384
1 0.012120973557692307 0.6674254831730769 0.004412925480769231 0.6674254831730769 0.004412925480769231 0.6788760961538463 0.012120973557692307 0.6788760961538463 0.012120973557692307 0.6674254831730769
0 0.02215199278846154 0.703279048076923 0.01169861298076923 0.703279048076923 0.01169861298076923 0.7755493221153846 0.02215199278846154 0.7755493221153846 0.02215199278846154 0.703279048076923
1 0.08909585576923076 0.6728692187499999 0.08181016826923077 0.6728692187499999 0.08181016826923077 0.7102245024038462 0.08909585576923076 0.7102245024038462 0.08909585576923076 0.6728692187499999
1 0.11285353605769231 0.6272544711538461 0.11031938221153846 0.6272544711538461 0.11031938221153846 0.6321350625 0.11285353605769231 0.6321350625 0.11285353605769231 0.6272544711538461
1 0.10240015625 0.6293193365384616 0.09933805528846153 0.6293193365384616 0.09933805528846153 0.6381419423076923 0.10240015625 0.6381419423076923 0.10240015625 0.6293193365384616
1 0.10018277403846154 0.6465891177884615 0.1046175408653846 0.6465891177884615 0.1046175408653846 0.6385173725961538 0.10018277403846154 0.6385173725961538 0.10018277403846154 0.6465891177884615
1 0.13819506009615384 0.6484662668269231 0.13344352403846155 0.6484662668269231 0.13344352403846155 0.656350298076923 0.13819506009615384 0.656350298076923 0.13819506009615384 0.6484662668269231
1 0.11443738221153846 0.6601045961538462 0.10757405048076923 0.6601045961538462 0.10757405048076923 0.6670500528846154 0.11443738221153846 0.6670500528846154 0.11443738221153846 0.6601045961538462
1 0.12626342548076924 0.6546608629807692 0.12108953125 0.6546608629807692 0.12108953125 0.6602923125 0.12626342548076924 0.6602923125 0.12626342548076924 0.6546608629807692
1 0.15878505048076924 0.6687394879807692 0.1171827139423077 0.6687394879807692 0.1171827139423077 0.7246785576923076 0.15878505048076924 0.7246785576923076 0.15878505048076924 0.6687394879807692
1 0.019512250000000002 0.6700534927884616 0.015183074519230769 0.6700534927884616 0.015183074519230769 0.6781252379807692 0.019512250000000002 0.6781252379807692 0.019512250000000002 0.6700534927884616
1 0.19580479567307693 0.6695842043269231 0.1870197331730769 0.6695842043269231 0.1870197331730769 0.706076 0.19580479567307693 0.706076 0.19580479567307693 0.6695842043269231
1 0.1942843028846154 0.6599731971153846 0.18811786538461536 0.6599731971153846 0.18811786538461536 0.66823265625 0.1942843028846154 0.66823265625 0.1942843028846154 0.6599731971153846
1 0.20366066826923077 0.6694340336538461 0.19901472115384616 0.6694340336538461 0.19901472115384616 0.6823488245192307 0.20366066826923077 0.6823488245192307 0.20366066826923077 0.6694340336538461
0 0.2219065673076923 0.6830996850961538 0.2124457307692308 0.6830996850961538 0.2124457307692308 0.7367110889423076 0.2219065673076923 0.7367110889423076 0.2219065673076923 0.6830996850961538
0 0.30443546634615387 0.7308543822115384 0.29227153365384617 0.7308543822115384 0.29227153365384617 0.7554825889423077 0.30443546634615387 0.7554825889423077 0.30443546634615387 0.7308543822115384
0 0.2878790024038462 0.7320557572115385 0.27385669230769233 0.7320557572115385 0.27385669230769233 0.7629911899038462 0.2878790024038462 0.7629911899038462 0.2878790024038462 0.7320557572115385
0 0.37074579086538456 0.7473733028846153 0.35815949999999996 0.7473733028846153 0.35815949999999996 0.7750049495192308 0.37074579086538456 0.7750049495192308 0.37074579086538456 0.7473733028846153
0 0.385443875 0.74121625 0.37488490625000004 0.74121625 0.37488490625000004 0.7726021971153846 0.385443875 0.7726021971153846 0.385443875 0.74121625
0 0.33560554326923075 0.7380626370192308 0.34616451201923076 0.7380626370192308 0.34616451201923076 0.6888062211538462 0.33560554326923075 0.6888062211538462 0.33560554326923075 0.7380626370192308
0 0.34405271875000004 0.6709357524038461 0.3350142403846154 0.6709357524038461 0.3350142403846154 0.7204925144230769 0.34405271875000004 0.7204925144230769 0.34405271875000004 0.6709357524038461
0 0.3531756658653846 0.6743897091346154 0.34565768028846156 0.6743897091346154 0.34565768028846156 0.7216938894230769 0.3531756658653846 0.7216938894230769 0.3531756658653846 0.6743897091346154
0 0.355540875 0.7308543822115384 0.3634812211538462 0.7308543822115384 0.3634812211538462 0.6731883341346154 0.355540875 0.6731883341346154 0.355540875 0.7308543822115384
1 0.3094193004807692 0.6835502019230769 0.3166838701923077 0.6835502019230769 0.3166838701923077 0.649010641826923 0.3094193004807692 0.649010641826923 0.3094193004807692 0.6835502019230769
1 0.28272622596153846 0.6590721658653845 0.2779958076923077 0.6590721658653845 0.2779958076923077 0.6868539855769231 0.28272622596153846 0.6868539855769231 0.28272622596153846 0.6590721658653845
1 0.3068006754807692 0.6889563942307693 0.29151128846153845 0.6889563942307693 0.29151128846153845 0.7186904495192308 0.3068006754807692 0.7186904495192308 0.3068006754807692 0.6889563942307693
1 0.21481093990384614 0.6553178653846154 0.20602587740384617 0.6553178653846154 0.20602587740384617 0.6785945240384615 0.21481093990384614 0.6785945240384615 0.21481093990384614 0.6553178653846154
1 0.20273147836538463 0.6116178125 0.19842341826923077 0.6116178125 0.19842341826923077 0.6194267572115385 0.20273147836538463 0.6194267572115385 0.20273147836538463 0.6116178125
1 0.20720848076923076 0.6146212524038461 0.20425197115384613 0.6146212524038461 0.20425197115384613 0.6221298533653846 0.20720848076923076 0.6221298533653846 0.20720848076923076 0.6146212524038461
1 0.24709266346153846 0.6376203942307692 0.24358944951923078 0.6376203942307692 0.24358944951923078 0.643387 0.24709266346153846 0.643387 0.24709266346153846 0.6376203942307692
1 0.25137436778846156 0.6596103822115384 0.24778465625 0.6596103822115384 0.24778465625 0.6697596057692308 0.25137436778846156 0.6697596057692308 0.25137436778846156 0.6596103822115384
1 0.26637925240384613 0.6202821370192309 0.2595539350961538 0.6202821370192309 0.2595539350961538 0.6306139711538462 0.26637925240384613 0.6306139711538462 0.26637925240384613 0.6202821370192309
1 0.24265958653846154 0.6379423629807692 0.23651004326923075 0.6379423629807692 0.23651004326923075 0.6486346105769231 0.24265958653846154 0.6486346105769231 0.24265958653846154 0.6379423629807692
1 0.27234295913461537 0.651852045673077 0.26639614903846154 0.651852045673077 0.26639614903846154 0.6832079591346154 0.27234295913461537 0.6832079591346154 0.27234295913461537 0.651852045673077
1 0.26450398076923076 0.6529332836538462 0.25862474759615384 0.6529332836538462 0.25862474759615384 0.6708337860576923 0.26450398076923076 0.6708337860576923 0.26450398076923076 0.6529332836538462
1 0.2528806682692308 0.6827274086538462 0.24862329086538462 0.6827274086538462 0.24862329086538462 0.690776627403846 0.2528806682692308 0.690776627403846 0.2528806682692308 0.6827274086538462
1 0.29156737740384614 0.6482315793269231 0.2862390360576923 0.6482315793269231 0.2862390360576923 0.6656390360576924 0.29156737740384614 0.6656390360576924 0.29156737740384614 0.6482315793269231
1 0.28402465865384613 0.6366676129807692 0.2781773221153846 0.6366676129807692 0.2781773221153846 0.6446024615384616 0.28402465865384613 0.6446024615384616 0.28402465865384613 0.6366676129807692
1 0.28284827163461534 0.6485391298076923 0.2793191081730769 0.6485391298076923 0.2793191081730769 0.6553667908653846 0.28284827163461534 0.6553667908653846 0.28284827163461534 0.6485391298076923
1 0.2729527764423077 0.6388204807692308 0.2699426105769231 0.6388204807692308 0.2699426105769231 0.6467553269230769 0.2729527764423077 0.6467553269230769 0.2729527764423077 0.6388204807692308
1 0.27703553365384614 0.6485391298076923 0.2723991826923077 0.6485391298076923 0.2723991826923077 0.65641246875 0.27703553365384614 0.65641246875 0.27703553365384614 0.6485391298076923
1 0.3416681370192308 0.6445094278846154 0.3338291610576923 0.6445094278846154 0.3338291610576923 0.6752646538461539 0.3416681370192308 0.6752646538461539 0.3416681370192308 0.6445094278846154
0 0.33387781490384616 0.6743035528846154 0.32764988221153846 0.6743035528846154 0.32764988221153846 0.6863749783653846 0.33387781490384616 0.6863749783653846 0.33387781490384616 0.6743035528846154
1 0.32803912740384616 0.6422412307692308 0.3172267427884616 0.6422412307692308 0.3172267427884616 0.6693827163461539 0.32803912740384616 0.6693827163461539 0.32803912740384616 0.6422412307692308
1 0.33335881971153847 0.6287089302884615 0.3289906177884615 0.6287089302884615 0.3289906177884615 0.6360901850961539 0.33335881971153847 0.6360901850961539 0.33335881971153847 0.6287089302884615
1 0.3477609158653846 0.6401652524038461 0.3432629639423077 0.6401652524038461 0.3432629639423077 0.6474696177884615 0.3477609158653846 0.6474696177884615 0.3477609158653846 0.6401652524038461
1 0.3651311466346154 0.6423930841346154 0.36242805048076926 0.6423930841346154 0.36242805048076926 0.6551276682692309 0.3651311466346154 0.6551276682692309 0.3651311466346154 0.6423930841346154
1 0.3795927115384616 0.6331424879807692 0.37438925 0.6331424879807692 0.37438925 0.6452763870192307 0.3795927115384616 0.6452763870192307 0.3795927115384616 0.6331424879807692
1 0.3950003581730769 0.6315806995192308 0.39074298076923075 0.6315806995192308 0.39074298076923075 0.6403507451923077 0.3950003581730769 0.6403507451923077 0.3950003581730769 0.6315806995192308
1 0.41385445192307696 0.630739735576923 0.4095295 0.630739735576923 0.4095295 0.6447958341346154 0.41385445192307696 0.6447958341346154 0.41385445192307696 0.630739735576923
1 0.41926064423076925 0.6304994615384616 0.4150708461538462 0.6304994615384616 0.4150708461538462 0.6458770745192308 0.41926064423076925 0.6458770745192308 0.41926064423076925 0.6304994615384616
0 0.4233152884615385 0.6511631274038462 0.41608450721153845 0.6511631274038462 0.41608450721153845 0.6888863341346153 0.4233152884615385 0.6888863341346153 0.4233152884615385 0.6511631274038462
1 0.4372362331730769 0.6296584975961538 0.43331674519230773 0.6296584975961538 0.43331674519230773 0.6554880817307692 0.4372362331730769 0.6554880817307692 0.4372362331730769 0.6296584975961538
1 0.43250581490384615 0.6303793221153846 0.42912694471153845 0.6303793221153846 0.42912694471153845 0.6523645048076923 0.43250581490384615 0.6523645048076923 0.43250581490384615 0.6303793221153846
0 0.4497380528846154 0.645036110576923 0.4441291274038462 0.645036110576923 0.4441291274038462 0.66990459375 0.4497380528846154 0.66990459375 0.4497380528846154 0.645036110576923
0 0.45507666826923077 0.6373473028846154 0.4521032620192308 0.6373473028846154 0.4521032620192308 0.6568095961538462 0.45507666826923077 0.6568095961538462 0.45507666826923077 0.6373473028846154
0 0.46075316826923074 0.6417923942307693 0.4565633701923077 0.6417923942307693 0.4565633701923077 0.6584915216346154 0.46075316826923074 0.6584915216346154 0.46075316826923074 0.6417923942307693
0 0.3747947139423077 0.6605338605769231 0.36864517307692307 0.6605338605769231 0.36864517307692307 0.6807169783653847 0.3747947139423077 0.6807169783653847 0.3747947139423077 0.6605338605769231
0 0.3936488100961538 0.6596928990384616 0.38499890144230775 0.6596928990384616 0.38499890144230775 0.7022216081730769 0.3936488100961538 0.7022216081730769 0.3936488100961538 0.6596928990384616
1 0.39520308894230766 0.6502020288461539 0.3895941658653846 0.6502020288461539 0.3895941658653846 0.6608942740384616 0.39520308894230766 0.6608942740384616 0.39520308894230766 0.6502020288461539
1 0.40675882451923073 0.6546471177884615 0.3981764951923077 0.6546471177884615 0.3981764951923077 0.6718267956730769 0.40675882451923073 0.6718267956730769 0.40675882451923073 0.6546471177884615
1 0.3708752259615385 0.6414319831730769 0.3659420745192307 0.6414319831730769 0.3659420745192307 0.6506825769230768 0.3708752259615385 0.6506825769230768 0.3708752259615385 0.6414319831730769
0 0.47690416826923077 0.6015462980769231 0.4722413269230769 0.6015462980769231 0.4722413269230769 0.6129593701923077 0.47690416826923077 0.6129593701923077 0.47690416826923077 0.6015462980769231
0 0.45892857932692305 0.6002247860576924 0.4548739350961538 0.6002247860576924 0.4548739350961538 0.6082740048076923 0.45892857932692305 0.6082740048076923 0.45892857932692305 0.6002247860576924
0 0.4901493389423077 0.6047900144230769 0.48744624278846155 0.6047900144230769 0.48744624278846155 0.6187259759615386 0.4901493389423077 0.6187259759615386 0.4901493389423077 0.6047900144230769
0 0.4952176442307692 0.6026275360576923 0.4916360408653846 0.6026275360576923 0.4916360408653846 0.6169239110576924 0.4952176442307692 0.6169239110576924 0.4952176442307692 0.6026275360576923
1 0.5088006995192308 0.5903735024038462 0.4970422331730769 0.5903735024038462 0.4970422331730769 0.6165634999999999 0.5088006995192308 0.6165634999999999 0.5088006995192308 0.5903735024038462
1 0.4923793918269231 0.6411917067307692 0.48224278125000003 0.6411917067307692 0.48224278125000003 0.6547672572115384 0.4923793918269231 0.6547672572115384 0.4923793918269231 0.6411917067307692
1 0.2468604014423077 0.5747889326923077 0.23756850721153844 0.5747889326923077 0.23756850721153844 0.5871781225961539 0.2468604014423077 0.5871781225961539 0.2468604014423077 0.5747889326923077
1 0.2705124903846154 0.576853798076923 0.2652330072115385 0.576853798076923 0.2652330072115385 0.5845501129807692 0.2705124903846154 0.5845501129807692 0.2705124903846154 0.576853798076923
1 0.28951863461538463 0.5759152235576923 0.2846615096153846 0.5759152235576923 0.2846615096153846 0.5836115384615385 0.28951863461538463 0.5836115384615385 0.28951863461538463 0.5759152235576923
1 0.14737379567307693 0.5738128149038462 0.1384197908653846 0.5738128149038462 0.1384197908653846 0.5847753701923077 0.14737379567307693 0.5847753701923077 0.14737379567307693 0.5738128149038462
0 0.09390317788461539 0.5768162548076923 0.0905243076923077 0.5768162548076923 0.0905243076923077 0.5832736514423077 0.09390317788461539 0.5832736514423077 0.09390317788461539 0.5768162548076923
1 0.17491158653846156 0.5355189543269231 0.14483964423076923 0.5355189543269231 0.14483964423076923 0.5419763509615385 0.17491158653846156 0.5419763509615385 0.17491158653846156 0.5355189543269231
0 0.4337500120192308 0.6527737067307692 0.4267546947115385 0.6527737067307692 0.4267546947115385 0.6900820625 0.4337500120192308 0.6900820625 0.4337500120192308 0.6527737067307692
1 0.38346292067307697 0.6544162115384615 0.3773915144230769 0.6544162115384615 0.3773915144230769 0.6722491370192307 0.38346292067307697 0.6722491370192307 0.38346292067307697 0.6544162115384615
1 0.4267546947115385 0.6431533125000001 0.4231910408653846 0.6431533125000001 0.4231910408653846 0.6558240745192307 0.4267546947115385 0.6558240745192307 0.4267546947115385 0.6431533125000001
0 0.37488375961538456 0.6835120360576923 0.3673604951923077 0.6835120360576923 0.3673604951923077 0.7004063870192307 0.37488375961538456 0.7004063870192307 0.37488375961538456 0.6835120360576923
1 0.06616741346153845 0.5761461610576923 0.06143699519230769 0.5761461610576923 0.06143699519230769 0.5831141442307692 0.06616741346153845 0.5831141442307692 0.06616741346153845 0.5761461610576923
1 0.01899838701923077 0.5771072620192308 0.014876165865384615 0.5771072620192308 0.014876165865384615 0.5833544182692308 0.01899838701923077 0.5833544182692308 0.01899838701923077 0.5771072620192308
1 0.066218625 0.6195045721153847 0.055659656249999995 0.6195045721153847 0.055659656249999995 0.6329965889423076 0.066218625 0.6329965889423076 0.066218625 0.6195045721153847
1 0.12778313221153847 0.640249701923077 0.12399879807692307 0.640249701923077 0.12399879807692307 0.6466169927884615 0.12778313221153847 0.6466169927884615 0.12778313221153847 0.640249701923077
1 0.1329190168269231 0.6413309399038462 0.1294049903846154 0.6413309399038462 0.1294049903846154 0.6470975432692309 0.1329190168269231 0.6470975432692309 0.1329190168269231 0.6413309399038462
0 0.16323223798076925 0.7393478918269231 0.14552628365384615 0.7393478918269231 0.14552628365384615 0.7843321682692307 0.16323223798076925 0.7843321682692307 0.16323223798076925 0.7393478918269231
0 0.35796184375 0.6678359110576924 0.34950526923076924 0.6678359110576924 0.34950526923076924 0.7192800721153846 0.35796184375 0.7192800721153846 0.35796184375 0.6678359110576924
1 0.10170750961538462 0.6740022692307692 0.09451942067307692 0.6740022692307692 0.09451942067307692 0.71399246875 0.10170750961538462 0.71399246875 0.10170750961538462 0.6740022692307692
1 0.09697012019230769 0.6704741706730769 0.08847971875 0.6704741706730769 0.08847971875 0.7116670841346154 0.09697012019230769 0.7116670841346154 0.09697012019230769 0.6704741706730769
0 0.7130837379807692 0.6586072475961539 0.7044242067307693 0.6586072475961539 0.7044242067307693 0.6782716033653846 0.7130837379807692 0.6782716033653846 0.7130837379807692 0.6586072475961539