1 0.0020899927884615384 0.06681146394230769 0.11814605288461538 0.06681146394230769 0.11814605288461538 0.0029915576923076922 0.0020899927884615384 0.0029915576923076922 0.0020899927884615384 0.06681146394230769
1 0.30055864182692305 0.6439881971153846 0.2867105985576923 0.6439881971153846 0.2867105985576923 0.6736425961538461 0.30055864182692305 0.6736425961538461 0.30055864182692305 0.6439881971153846
1 0.3125183173076923 0.6439881971153846 0.30055864182692305 0.6439881971153846 0.30055864182692305 0.6814758341346153 0.3125183173076923 0.6814758341346153 0.3125183173076923 0.6439881971153846
1 0.38404879807692305 0.6276522596153846 0.3686824014423077 0.6276522596153846 0.3686824014423077 0.6586371466346154 0.38404879807692305 0.6586371466346154 0.38404879807692305 0.6276522596153846
1 0.3924023413461538 0.6256354927884615 0.3810580216346154 0.6256354927884615 0.3810580216346154 0.6480032812500001 0.3924023413461538 0.6480032812500001 0.3924023413461538 0.6256354927884615
1 0.9246373245192309 0.6875256129807692 0.90398328125 0.6875256129807692 0.90398328125 0.7259924038461538 0.9246373245192309 0.7259924038461538 0.9246373245192309 0.6875256129807692
1 0.9462748942307692 0.6779089158653846 0.9221785096153846 0.6779089158653846 0.9221785096153846 0.7137529711538462 0.9462748942307692 0.7137529711538462 0.9462748942307692 0.6779089158653846
1 0.8611138245192307 0.6294007500000001 0.8546681875 0.6294007500000001 0.8546681875 0.6437243846153847 0.8611138245192307 0.6437243846153847 0.8611138245192307 0.6294007500000001
1 0.5148020649038462 0.691547141826923 0.47860831009615384 0.691547141826923 0.47860831009615384 0.8012124687500001 0.5148020649038462 0.8012124687500001 0.5148020649038462 0.691547141826923
1 0.6759429567307692 0.6702854951923077 0.6636685504807692 0.6702854951923077 0.6636685504807692 0.7027374807692308 0.6759429567307692 0.7027374807692308 0.6759429567307692 0.6702854951923077
1 0.4033882475961538 0.6624522572115384 0.39457585576923077 0.6624522572115384 0.39457585576923077 0.6853924543269231 0.4033882475961538 0.6853924543269231 0.4033882475961538 0.6624522572115384
1 0.4172362932692308 0.6574166057692307 0.4043324326923077 0.6574166057692307 0.4043324326923077 0.6921066586538461 0.4172362932692308 0.6921066586538461 0.4172362932692308 0.6574166057692307
1 0.44882775240384615 0.6961551610576924 0.42103094711538464 0.6961551610576924 0.42103094711538464 0.7871102427884615 0.44882775240384615 0.7871102427884615 0.44882775240384615 0.6961551610576924
1 0.4717903293269231 0.6703726201923076 0.44862632451923073 0.6703726201923076 0.44862632451923073 0.733754701923077 0.4717903293269231 0.733754701923077 0.4717903293269231 0.6703726201923076
1 0.7107204326923077 0.6831543870192308 0.6708876322115385 0.6831543870192308 0.6708876322115385 0.9419309879807692 0.7107204326923077 0.9419309879807692 0.7107204326923077 0.6831543870192308
1 0.7780919591346154 0.9856432548076923 0.8331694134615385 0.9856432548076923 0.8331694134615385 0.711130235576923 0.7780919591346154 0.711130235576923 0.7780919591346154 0.9856432548076923
1 0.08568969711538463 0.774950141826923 0.12945660096153846 0.774950141826923 0.12945660096153846 0.7189984423076923 0.08568969711538463 0.7189984423076923 0.08568969711538463 0.774950141826923
1 0.031521024038461534 0.8251388149038461 0.08112220432692308 0.8251388149038461 0.08112220432692308 0.753520641826923 0.031521024038461534 0.753520641826923 0.031521024038461534 0.8251388149038461
1 0.00029997596153846155 0.7888821129807693 0.026988935096153847 0.7888821129807693 0.026988935096153847 0.7391970048076922 0.00029997596153846155 0.7391970048076922 0.00029997596153846155 0.7888821129807693
1 0.05216719951923077 0.6545980384615385 0.06475633173076924 0.6545980384615385 0.06475633173076924 0.62550315625 0.05216719951923077 0.62550315625 0.05216719951923077 0.6545980384615385
1 0.07230981009615385 0.6563884927884616 0.0937113341346154 0.6563884927884616 0.0937113341346154 0.6268459951923078 0.07230981009615385 0.6268459951923078 0.07230981009615385 0.6563884927884616
1 0.09712036778846155 0.585770795673077 0.09052003605769231 0.585770795673077 0.09052003605769231 0.5992648052884616 0.09712036778846155 0.5992648052884616 0.09712036778846155 0.585770795673077
1 0.10700126923076923 0.5842340192307692 0.10098176682692307 0.5842340192307692 0.10098176682692307 0.5946537427884615 0.10700126923076923 0.5946537427884615 0.10700126923076923 0.5842340192307692
1 0.14918148076923077 0.5503335240384616 0.1515865096153846 0.5503335240384616 0.1515865096153846 0.5452581610576923 0.14918148076923077 0.5452581610576923 0.14918148076923077 0.5503335240384616
1 0.3355609278846154 0.6445616923076922 0.3485553293269231 0.6445616923076922 0.3485553293269231 0.6234773028846153 0.3355609278846154 0.6234773028846153 0.3355609278846154 0.6445616923076922
1 0.41690447596153846 0.6891516201923077 0.3933907980769231 0.6891516201923077 0.3933907980769231 0.7217865889423076 0.41690447596153846 0.7217865889423076 0.41690447596153846 0.6891516201923077
1 0.45609394230769235 0.6537665120192307 0.4663038293269231 0.6537665120192307 0.4663038293269231 0.6297486418269231 0.45609394230769235 0.6297486418269231 0.45609394230769235 0.6537665120192307
1 0.4952261826923077 0.60064046875 0.5002424350961538 0.60064046875 0.5002424350961538 0.5936001153846153 0.4952261826923077 0.5936001153846153 0.4952261826923077 0.60064046875
1 0.6362225216346153 0.6568534783653847 0.6467830504807692 0.6568534783653847 0.6467830504807692 0.6398815336538461 0.6362225216346153 0.6398815336538461 0.6362225216346153 0.6568534783653847
1 0.9084317187500001 0.6452575793269231 0.91212790625 0.6452575793269231 0.91212790625 0.6389212620192308 0.9084317187500001 0.6389212620192308 0.9084317187500001 0.6452575793269231
1 0.9537099903846153 0.6480737211538461 0.9588582475961539 0.6480737211538461 0.9588582475961539 0.6366918173076923 0.9537099903846153 0.6366918173076923 0.9537099903846153 0.6480737211538461
1 0.953577983173077 0.6277740360576923 0.9636104855769231 0.6277740360576923 0.9636104855769231 0.6203816658653847 0.953577983173077 0.6203816658653847 0.953577983173077 0.6277740360576923
1 0.1346054423076923 0.583106139423077 0.14013915865384616 0.583106139423077 0.14013915865384616 0.5756715264423077 0.1346054423076923 0.5756715264423077 0.1346054423076923 0.583106139423077
1 0.2579131610576923 0.5316785216346154 0.2130351346153846 0.5316785216346154 0.2130351346153846 0.5536068749999999 0.2579131610576923 0.5536068749999999 0.2579131610576923 0.5316785216346154