0 0.5397864807692307 0.44630066346153846 0.5339947716346154 0.44630066346153846 0.5339947716346154 0.47173875480769234 0.5397864807692307 0.47173875480769234 0.5397864807692307 0.44630066346153846
0 0.5527326514423077 0.42873626682692306 0.5484740408653846 0.42873626682692306 0.5484740408653846 0.44932900721153846 0.5527326514423077 0.44932900721153846 0.5527326514423077 0.42873626682692306
0 0.5527326514423077 0.45356868990384613 0.5573319495192307 0.45356868990384613 0.5573319495192307 0.42540508894230766 0.5527326514423077 0.42540508894230766 0.5527326514423077 0.45356868990384613
0 0.5864608341346154 0.5047477067307692 0.5793063701923077 0.5047477067307692 0.5793063701923077 0.5238262740384616 0.5864608341346154 0.5238262740384616 0.5864608341346154 0.5047477067307692
1 0.5498644783653847 0.47004125961538457 0.5430507043269232 0.47004125961538457 0.5430507043269232 0.4874845216346154 0.5498644783653847 0.4874845216346154 0.5498644783653847 0.47004125961538457
0 0.6799366634615385 0.5929719975961538 0.6719781754807692 0.5929719975961538 0.6719781754807692 0.6265018245192308 0.6799366634615385 0.6265018245192308 0.6799366634615385 0.5929719975961538
0 0.6677263798076923 0.5865761346153846 0.6608580961538462 0.5865761346153846 0.6608580961538462 0.6166173076923077 0.6677263798076923 0.6166173076923077 0.6677263798076923 0.5865761346153846
1 0.7938500096153847 0.7319436322115384 0.7805418557692309 0.7319436322115384 0.7805418557692309 0.7644746730769231 0.7938500096153847 0.7644746730769231 0.7938500096153847 0.7319436322115384
1 0.9016460504807693 0.7934568725961538 0.7246476129807693 0.7934568725961538 0.7246476129807693 0.8384088557692307 0.9016460504807693 0.8384088557692307 0.9016460504807693 0.7934568725961538
1 0.5564437572115385 0.45644648557692313 0.5611316346153846 0.45644648557692313 0.5611316346153846 0.45043825000000004 0.5564437572115385 0.45043825000000004 0.5564437572115385 0.45644648557692313
1 0.6772760000000001 0.6348066009615384 0.6854743341346154 0.6348066009615384 0.6854743341346154 0.6265018245192308 0.6772760000000001 0.6265018245192308 0.6772760000000001 0.6348066009615384