1 0.9741601009615385 0.598654108173077 0.9615626538461538 0.598654108173077 0.9615626538461538 0.6351185144230769 0.9741601009615385 0.6351185144230769 0.9741601009615385 0.598654108173077
1 0.9988704807692308 0.5977927427884615 0.98271990625 0.5977927427884615 0.98271990625 0.6236336610576922 0.9988704807692308 0.6236336610576922 0.9988704807692308 0.5977927427884615
1 0.9215092307692309 0.5630510649038462 0.9155335192307692 0.5630510649038462 0.9155335192307692 0.5728131899038462 0.9215092307692309 0.5728131899038462 0.9215092307692309 0.5630510649038462
1 0.9113343701923077 0.5613283365384615 0.9063276923076924 0.5613283365384615 0.9063276923076924 0.5739616754807693 0.9113343701923077 0.5739616754807693 0.9113343701923077 0.5613283365384615
1 0.9144029807692308 0.598654108173077 0.9045511298076924 0.598654108173077 0.9045511298076924 0.6150200216346154 0.9144029807692308 0.6150200216346154 0.9144029807692308 0.598654108173077
1 0.8874315216346154 0.6908200480769231 0.8714424519230769 0.6908200480769231 0.8714424519230769 0.7180965721153847 0.8874315216346154 0.7180965721153847 0.8874315216346154 0.6908200480769231
1 0.8706349254807692 0.6931170192307692 0.8556148918269231 0.6931170192307692 0.8556148918269231 0.7203935432692308 0.8706349254807692 0.7203935432692308 0.8706349254807692 0.6931170192307692
1 0.8929227163461538 0.5929116802884615 0.8615906033653846 0.5929116802884615 0.8615906033653846 0.6092775961538461 0.8929227163461538 0.6092775961538461 0.8929227163461538 0.5929116802884615
1 0.8906616370192307 0.5581700024038462 0.8669202932692308 0.5581700024038462 0.8669202932692308 0.5699419759615385 0.8906616370192307 0.5699419759615385 0.8906616370192307 0.5581700024038462
1 0.7057375673076923 0.593773045673077 0.6924940961538462 0.593773045673077 0.6924940961538462 0.6199010841346154 0.7057375673076923 0.6199010841346154 0.7057375673076923 0.593773045673077
1 0.7465985192307693 0.5736745528846154 0.7417533461538461 0.5736745528846154 0.7417533461538461 0.5911889543269231 0.7465985192307693 0.5911889543269231 0.7465985192307693 0.5736745528846154
1 0.7621030697115384 0.5544374254807692 0.7561273557692307 0.5544374254807692 0.7561273557692307 0.5676450072115384 0.7621030697115384 0.5676450072115384 0.7621030697115384 0.5544374254807692
1 0.7826142980769231 0.5406556033653847 0.7785766538461538 0.5406556033653847 0.7785766538461538 0.5498434855769231 0.7826142980769231 0.5498434855769231 0.7826142980769231 0.5406556033653847
1 0.7779306322115385 0.5415169663461539 0.763233608173077 0.5415169663461539 0.763233608173077 0.5619025793269231 0.7779306322115385 0.5619025793269231 0.7779306322115385 0.5415169663461539
1 0.7373926923076923 0.5509919711538461 0.7323860144230768 0.5509919711538461 0.7323860144230768 0.5693677331730769 0.7373926923076923 0.5693677331730769 0.7373926923076923 0.5509919711538461
1 0.7402997956730769 0.5466851490384615 0.7369081730769231 0.5466851490384615 0.7369081730769231 0.5653480360576923 0.7402997956730769 0.5653480360576923 0.7402997956730769 0.5466851490384615
1 0.7423993701923077 0.5415169663461539 0.7383617259615385 0.5415169663461539 0.7383617259615385 0.5535760625 0.7423993701923077 0.5535760625 0.7423993701923077 0.5415169663461539
1 0.7464370120192307 0.5420912091346154 0.7423993701923077 0.5420912091346154 0.7423993701923077 0.5535760625 0.7464370120192307 0.5535760625 0.7464370120192307 0.5420912091346154
1 0.7306094495192308 0.540081360576923 0.7180120024038461 0.540081360576923 0.7180120024038461 0.5641995504807692 0.7306094495192308 0.5641995504807692 0.7306094495192308 0.540081360576923
1 0.7154279110576923 0.5409427235576924 0.7071911177884616 0.5409427235576924 0.7071911177884616 0.5581700024038462 0.7154279110576923 0.5581700024038462 0.7154279110576923 0.5409427235576924
1 0.7060605793269231 0.5354874182692307 0.70299196875 0.5354874182692307 0.70299196875 0.5441010576923077 0.7060605793269231 0.5441010576923077 0.7060605793269231 0.5354874182692307
1 0.7052530504807693 0.540081360576923 0.7004078774038462 0.540081360576923 0.7004078774038462 0.552427576923077 0.7052530504807693 0.552427576923077 0.7052530504807693 0.540081360576923
1 0.6682682355769232 0.6161685072115385 0.6601929495192308 0.6161685072115385 0.6601929495192308 0.6333957860576922 0.6682682355769232 0.6333957860576922 0.6682682355769232 0.6161685072115385
1 0.6642305913461539 0.5960700168269231 0.6550247644230769 0.5960700168269231 0.6550247644230769 0.6233465408653847 0.6642305913461539 0.6233465408653847 0.6642305913461539 0.5960700168269231
1 0.6808656826923076 0.5759715240384615 0.6590624086538461 0.5759715240384615 0.6590624086538461 0.593485923076923 0.6808656826923076 0.593485923076923 0.6808656826923076 0.5759715240384615
1 0.6566398221153846 0.5650609134615384 0.6466264663461538 0.5650609134615384 0.6466264663461538 0.5960700168269231 0.6566398221153846 0.5960700168269231 0.6566398221153846 0.5650609134615384
0 0.6291838485576923 0.5268737788461538 0.6261152379807692 0.5268737788461538 0.6261152379807692 0.5354874182692307 0.6291838485576923 0.5354874182692307 0.6291838485576923 0.5268737788461538
0 0.5170988653846154 0.5265866586538461 0.5120921875 0.5265866586538461 0.5120921875 0.5532889399038461 0.5170988653846154 0.5532889399038461 0.5170988653846154 0.5265866586538461
0 0.510315625 0.510794985576923 0.5066009927884616 0.510794985576923 0.5066009927884616 0.5265866586538461 0.510315625 0.5265866586538461 0.510315625 0.510794985576923
0 0.5032093725961538 0.5105078653846153 0.4991717283653846 0.5105078653846153 0.4991717283653846 0.5251510528846154 0.5032093725961538 0.5251510528846154 0.5032093725961538 0.5105078653846153
0 0.49691064903846155 0.5300321129807692 0.4933575216346154 0.5300321129807692 0.4933575216346154 0.5489821201923077 0.49691064903846155 0.5489821201923077 0.49691064903846155 0.5300321129807692
0 0.4864127764423077 0.5265866586538461 0.48108308653846155 0.5265866586538461 0.48108308653846155 0.5441010576923077 0.4864127764423077 0.5441010576923077 0.4864127764423077 0.5265866586538461
0 0.4956186033653846 0.5082108942307693 0.49222698076923077 0.5082108942307693 0.49222698076923077 0.5225669591346154 0.4956186033653846 0.5225669591346154 0.4956186033653846 0.5082108942307693
0 0.49222698076923077 0.5073495312499999 0.4888353605769231 0.5073495312499999 0.4888353605769231 0.5225669591346154 0.49222698076923077 0.5225669591346154 0.49222698076923077 0.5073495312499999
0 0.4888353605769231 0.5067752884615385 0.48447470673076926 0.5067752884615385 0.48447470673076926 0.5225669591346154 0.4888353605769231 0.5225669591346154 0.4888353605769231 0.5067752884615385
0 0.4864127764423077 0.5136661995192308 0.482213625 0.5136661995192308 0.482213625 0.5265866586538461 0.4864127764423077 0.5265866586538461 0.4864127764423077 0.5136661995192308
0 0.48108308653846155 0.5110821081730769 0.47801447596153845 0.5110821081730769 0.47801447596153845 0.5265866586538461 0.48108308653846155 0.5265866586538461 0.48108308653846155 0.5110821081730769
0 0.47801447596153845 0.5090722572115385 0.47478436298076926 0.5090722572115385 0.47478436298076926 0.5265866586538461 0.47801447596153845 0.5265866586538461 0.47801447596153845 0.5090722572115385
0 0.4915809591346154 0.5687934927884615 0.47575339663461536 0.5687934927884615 0.47575339663461536 0.6454548822115385 0.4915809591346154 0.6454548822115385 0.4915809591346154 0.5687934927884615
0 0.48722030528846155 0.5383586322115385 0.4765609254807692 0.5383586322115385 0.4765609254807692 0.5733874326923076 0.48722030528846155 0.5733874326923076 0.48722030528846155 0.5383586322115385
0 0.4796295336538462 0.52917075 0.47446135096153846 0.52917075 0.47446135096153846 0.5552987908653846 0.4796295336538462 0.5552987908653846 0.4796295336538462 0.52917075
0 0.47446135096153846 0.51711165625 0.47074671875 0.51711165625 0.47074671875 0.5386457548076924 0.47446135096153846 0.5386457548076924 0.47446135096153846 0.51711165625
0 0.5983019326923077 0.5813205360576923 0.5798801850961538 0.5813205360576923 0.5798801850961538 0.6912341610576923 0.5983019326923077 0.6912341610576923 0.5983019326923077 0.5813205360576923
0 0.5557039831730769 0.5279735600961538 0.5500148485576923 0.5279735600961538 0.5500148485576923 0.5507889086538461 0.5557039831730769 0.5507889086538461 0.5557039831730769 0.5279735600961538
1 0.5365858389423077 0.531972125 0.5280521346153846 0.531972125 0.5280521346153846 0.5661951490384616 0.5365858389423077 0.5661951490384616 0.5365858389423077 0.531972125
1 0.5480964182692307 0.5159778605769231 0.5383719639423077 0.5159778605769231 0.5383719639423077 0.5540818461538461 0.5480964182692307 0.5540818461538461 0.5480964182692307 0.5159778605769231
1 0.5708529639423077 0.5183299591346153 0.5548439975961539 0.5183299591346153 0.5548439975961539 0.5263270913461539 0.5708529639423077 0.5263270913461539 0.5708529639423077 0.5183299591346153
1 0.5893757331730769 0.5278559543269231 0.5600039134615384 0.5278559543269231 0.5600039134615384 0.5620789783653847 0.5893757331730769 0.5620789783653847 0.5893757331730769 0.5278559543269231
0 0.45491021153846156 0.55428034375 0.4423714375 0.55428034375 0.4423714375 0.6629322067307692 0.45491021153846156 0.6629322067307692 0.45491021153846156 0.55428034375
0 0.4179247668269231 0.6117606826923077 0.40018121875 0.6117606826923077 0.40018121875 0.75335859375 0.4179247668269231 0.75335859375 0.4179247668269231 0.6117606826923077
0 0.7473623533653846 0.6949716682692307 0.6980747139423078 0.6949716682692307 0.6980747139423078 0.9017059350961538 0.7473623533653846 0.9017059350961538 0.7473623533653846 0.6949716682692307
1 0.7604543822115384 0.6306239182692307 0.7604543822115384 0.6087183004807692 0.738120920673077 0.6087183004807692 0.738120920673077 0.6716969519230769 0.7604543822115384 0.6716969519230769 0.7604543822115384 0.6306239182692307
1 0.7874085600961538 0.6306239182692307 0.763534860576923 0.6306239182692307 0.763534860576923 0.7620576225961538 0.7874085600961538 0.7620576225961538 0.7874085600961538 0.6306239182692307
1 0.8166730961538462 0.6456840288461538 0.7897189182692308 0.6456840288461538 0.7897189182692308 0.7894396442307693 0.8166730961538462 0.7894396442307693 0.8166730961538462 0.6456840288461538
1 0.9360415985576923 0.6675896466346154 0.8936850336538461 0.6675896466346154 0.8936850336538461 0.7990233533653845 0.9360415985576923 0.7990233533653845 0.9360415985576923 0.6675896466346154
0 0.45022651201923075 0.5177760721153846 0.4418988725961538 0.5177760721153846 0.4418988725961538 0.55428034375 0.45022651201923075 0.55428034375 0.45022651201923075 0.5177760721153846
0 0.4610776778846154 0.5298890024038462 0.4567876826923077 0.5298890024038462 0.4567876826923077 0.5473854567307692 0.4610776778846154 0.5473854567307692 0.4610776778846154 0.5298890024038462
1 0.47074671875 0.49848510817307695 0.4494694543269231 0.49848510817307695 0.4494694543269231 0.5267486129807692 0.47074671875 0.5267486129807692 0.47074671875 0.49848510817307695
1 0.43962769711538463 0.5020741249999999 0.4171683052884615 0.5020741249999999 0.4171683052884615 0.5388615432692307 0.43962769711538463 0.5388615432692307 0.43962769711538463 0.5020741249999999
1 0.41489713221153846 0.5025227524038461 0.38890480048076925 0.5025227524038461 0.38890480048076925 0.5778920961538462 0.41489713221153846 0.5778920961538462 0.41489713221153846 0.5025227524038461
0 0.38890480048076925 0.50925215625 0.38234363221153844 0.50925215625 0.38234363221153844 0.5271972403846154 0.38890480048076925 0.5271972403846154 0.38890480048076925 0.50925215625
0 0.37830598798076925 0.5128411730769231 0.3719971706730769 0.5128411730769231 0.3719971706730769 0.5388615432692307 0.37830598798076925 0.5388615432692307 0.37830598798076925 0.5128411730769231
0 0.3745206971153846 0.5056631418269231 0.3697259951923077 0.5056631418269231 0.3697259951923077 0.5312348822115385 0.3745206971153846 0.5312348822115385 0.3745206971153846 0.5056631418269231
0 0.3697259951923077 0.49983099038461537 0.3639218822115385 0.49983099038461537 0.3639218822115385 0.5312348822115385 0.3697259951923077 0.5312348822115385 0.3697259951923077 0.49983099038461537
0 0.36341717788461536 0.5231595961538461 0.35635130048076924 0.5231595961538461 0.35635130048076924 0.5460395769230769 0.36341717788461536 0.5460395769230769 0.36341717788461536 0.5231595961538461
1 0.35635130048076924 0.5097007836538462 0.33187308894230766 0.5097007836538462 0.33187308894230766 0.5397587980769231 0.35635130048076924 0.5397587980769231 0.35635130048076924 0.5097007836538462
0 0.28367371875 0.5478340841346154 0.2745890216346154 0.5478340841346154 0.2745890216346154 0.5720599447115384 0.28367371875 0.5720599447115384 0.28367371875 0.5478340841346154
1 0.3008337043269231 0.5451423221153846 0.3008337043269231 0.4917557019230769 0.2549055096153846 0.4917557019230769 0.2549055096153846 0.5451423221153846 0.2890204447115385 0.5451423221153846 0.3008337043269231 0.5451423221153846
0 0.2523819831730769 0.5357211538461539 0.24102611057692308 0.5357211538461539 0.24102611057692308 0.5653305384615385 0.2523819831730769 0.5653305384615385 0.2523819831730769 0.5357211538461539
0 0.2523819831730769 0.5200192067307692 0.23825023076923074 0.5200192067307692 0.23825023076923074 0.5469368293269231 0.2523819831730769 0.5469368293269231 0.2523819831730769 0.5200192067307692
0 0.23799787740384615 0.53616978125 0.22336142067307693 0.53616978125 0.22336142067307693 0.5621901490384615 0.23799787740384615 0.5621901490384615 0.23799787740384615 0.53616978125
0 0.2160431923076923 0.5550121177884615 0.1834896923076923 0.5550121177884615 0.1834896923076923 0.6205116658653846 0.2160431923076923 0.6205116658653846 0.2160431923076923 0.5550121177884615
1 0.1572450096153846 0.44868750721153844 0.07825861057692308 0.44868750721153844 0.07825861057692308 0.55007721875 0.1572450096153846 0.55007721875 0.1572450096153846 0.44868750721153844
0 0.07245449759615384 0.45810867307692305 0.06841685336538461 0.45810867307692305 0.06841685336538461 0.4805400264423077 0.07245449759615384 0.4805400264423077 0.07245449759615384 0.45810867307692305
0 0.06841685336538461 0.45676279326923075 0.06236038942307693 0.45676279326923075 0.06236038942307693 0.4805400264423077 0.06841685336538461 0.4805400264423077 0.06841685336538461 0.45676279326923075
0 0.0646315625 0.47291336778846155 0.05706098076923077 0.47291336778846155 0.05706098076923077 0.53661840625 0.0646315625 0.53661840625 0.0646315625 0.47291336778846155
0 0.0646315625 0.5280944927884615 0.07321155528846154 0.5280944927884615 0.07321155528846154 0.47291336778846155 0.0646315625 0.47291336778846155 0.0646315625 0.5280944927884615
0 0.05605156971153846 0.4962419735576923 0.03838688221153846 0.4962419735576923 0.03838688221153846 0.5411046778846154 0.05605156971153846 0.5411046778846154 0.05605156971153846 0.4962419735576923
0 0.03233041586538461 0.48951256730769227 0.023245718749999998 0.48951256730769227 0.023245718749999998 0.5420019326923077 0.03233041586538461 0.5420019326923077 0.03233041586538461 0.48951256730769227
0 0.025516891826923075 0.4666325889423077 0.014918079326923076 0.4666325889423077 0.014918079326923076 0.50925215625 0.025516891826923075 0.50925215625 0.025516891826923075 0.4666325889423077
1 0 0.06116877403846154 0.10644295913461538 0.06116877403846154 0.10644295913461538 0.0016618701923076923 0 0.0016618701923076923 0 0.06116877403846154
1 0.6086141514423077 0.5387085504807693 0.6040322596153846 0.5387085504807693 0.6040322596153846 0.5512971778846154 0.6086141514423077 0.5512971778846154 0.6086141514423077 0.5387085504807693
1 0.6237482740384616 0.5392022211538461 0.6191663822115385 0.5392022211538461 0.6191663822115385 0.5451262812500001 0.6237482740384616 0.5451262812500001 0.6237482740384616 0.5392022211538461
1 0.6252755697115385 0.5172338317307692 0.5950073245192308 0.5172338317307692 0.5950073245192308 0.5382148798076923 0.6252755697115385 0.5382148798076923 0.6252755697115385 0.5172338317307692
1 0.6387090336538462 0.5670130168269231 0.632737079326923 0.5670130168269231 0.632737079326923 0.5975363485576923 0.6387090336538462 0.5975363485576923 0.6387090336538462 0.5670130168269231
0 0.3214879110576923 0.5829117644230769 0.2689843509615385 0.5829117644230769 0.2689843509615385 0.9926570576923077 0.3214879110576923 0.9926570576923077 0.3214879110576923 0.5829117644230769
0 0.40390959615384614 1 0.40390959615384614 0.6500165432692308 0.3048113509615385 0.6500165432692308 0.3048113509615385 1 0.40390959615384614 1
0 0.4423714375 0.8575786370192309 0.5052859615384615 0.8575786370192309 0.5052859615384615 0.6044541322115384 0.4423714375 0.6044541322115384 0.4423714375 0.8575786370192309
0 0.3910382115384615 0.623850485576923 0.3257928389423077 0.623850485576923 0.3257928389423077 0.7255862860576923 0.3910382115384615 0.7255862860576923 0.3910382115384615 0.623850485576923
0 0.3257928389423077 0.5478340841346154 0.28367371875 0.5478340841346154 0.28367371875 0.6795783774038462 0.3257928389423077 0.6795783774038462 0.3257928389423077 0.5478340841346154
0 0.1825679423076923 0.5030714182692309 0.16512983173076926 0.5030714182692309 0.16512983173076926 0.5850332019230768 0.1825679423076923 0.5850332019230768 0.1825679423076923 0.5030714182692309
0 0.33620010096153846 0.5930418725961538 0.3479720216346154 0.5930418725961538 0.3479720216346154 0.5632808269230769 0.33620010096153846 0.5632808269230769 0.33620010096153846 0.5930418725961538
0 0.41653963701923075 0.5827138389423077 0.38588677884615386 0.5827138389423077 0.38588677884615386 0.6117606826923077 0.41653963701923075 0.6117606826923077 0.41653963701923075 0.5827138389423077
0 0.4242706923076923 0.5438509831730769 0.41950077163461535 0.5438509831730769 0.41950077163461535 0.5701602908653846 0.4242706923076923 0.5701602908653846 0.4242706923076923 0.5438509831730769
0 0.4308751971153846 0.5413505120192308 0.426044125 0.5413505120192308 0.426044125 0.5638547548076923 0.4308751971153846 0.5638547548076923 0.4308751971153846 0.5413505120192308
0 0.4392531370192308 0.54048078125 0.4309975048076923 0.54048078125 0.4309975048076923 0.5822277812500001 0.4392531370192308 0.5822277812500001 0.4392531370192308 0.54048078125
0 0.51058809375 0.5359997980769231 0.5042281995192307 0.5359997980769231 0.5042281995192307 0.559482485576923 0.51058809375 0.559482485576923 0.51058809375 0.5359997980769231
0 0.4687595576923077 0.5309922908653847 0.46463174038461535 0.5309922908653847 0.46463174038461535 0.5466202379807692 0.4687595576923077 0.5466202379807692 0.4687595576923077 0.5309922908653847
0 0.46363800721153847 0.5315358725961539 0.4610776778846154 0.5315358725961539 0.4610776778846154 0.5451253918269231 0.46363800721153847 0.5451253918269231 0.46363800721153847 0.5315358725961539
0 0.47495128125 0.5487945600961539 0.4618798629807692 0.5487945600961539 0.4618798629807692 0.5683634663461539 0.47495128125 0.5683634663461539 0.47495128125 0.5487945600961539
0 0.34522844711538464 0.5946889110576923 0.3556244278846154 0.5946889110576923 0.3556244278846154 0.5554152043269232 0.34522844711538464 0.5554152043269232 0.34522844711538464 0.5946889110576923
1 0.3444640360576923 0.5415538942307692 0.32688259615384613 0.5415538942307692 0.32688259615384613 0.5620740697115385 0.3444640360576923 0.5620740697115385 0.3444640360576923 0.5415538942307692
0 0.3257928389423077 0.5392436778846154 0.31877984615384614 0.5392436778846154 0.31877984615384614 0.5569100504807692 0.3257928389423077 0.5569100504807692 0.3257928389423077 0.5392436778846154
1 0.6905315408653846 0.5344482572115384 0.687045829326923 0.5344482572115384 0.687045829326923 0.5422758197115385 0.6905315408653846 0.5422758197115385 0.6905315408653846 0.5344482572115384
1 0.6823297235576924 0.5376746201923077 0.6791204230769231 0.5376746201923077 0.6791204230769231 0.5464414903846154 0.6823297235576924 0.5464414903846154 0.6823297235576924 0.5376746201923077
1 0.6735237139423076 0.5453978149038462 0.6652264999999999 0.5453978149038462 0.6652264999999999 0.5644622788461539 0.6735237139423076 0.5644622788461539 0.6735237139423076 0.5453978149038462
1 0.6744238846153846 0.5316908822115385 0.6707840673076924 0.5316908822115385 0.6707840673076924 0.5391357644230769 0.6744238846153846 0.5391357644230769 0.6744238846153846 0.5316908822115385
1 0.6692185552884615 0.5299514230769231 0.6640132259615386 0.5299514230769231 0.6640132259615386 0.5422667908653847 0.6692185552884615 0.5422667908653847 0.6692185552884615 0.5299514230769231
1 0.6399043341346153 0.5460240192307693 0.6373212379807692 0.5460240192307693 0.6373212379807692 0.5508945024038462 0.6399043341346153 0.5508945024038462 0.6399043341346153 0.5460240192307693
1 0.65215446875 0.5396923918269231 0.6475753461538462 0.5396923918269231 0.6475753461538462 0.5440062475961539 0.65215446875 0.5440062475961539 0.65215446875 0.5396923918269231
1 0.6600211706730769 0.5299514230769231 0.6472231057692308 0.5299514230769231 0.6472231057692308 0.5380920889423076 0.6600211706730769 0.5380920889423076 0.6600211706730769 0.5299514230769231
1 0.7772113629807692 0.5934960528846154 0.7510303076923077 0.5934960528846154 0.7510303076923077 0.6182969230769231 0.7772113629807692 0.6182969230769231 0.7772113629807692 0.5934960528846154
1 0.8620645024038461 0.5572460120192309 0.852604923076923 0.5572460120192309 0.852604923076923 0.5689669711538461 0.8620645024038461 0.5689669711538461 0.8620645024038461 0.5572460120192309
1 0.8470629471153847 0.5698839735576923 0.84209428125 0.5698839735576923 0.84209428125 0.5800761129807692 0.8470629471153847 0.5800761129807692 0.8470629471153847 0.5698839735576923
1 0.8470629471153847 0.5595559399038461 0.8417885168269231 0.5595559399038461 0.8417885168269231 0.5698839735576923 0.8470629471153847 0.5698839735576923 0.8470629471153847 0.5595559399038461
1 0.7916240841346155 0.5590805961538462 0.7863687620192308 0.5590805961538462 0.7863687620192308 0.5674041778846154 0.7916240841346155 0.5674041778846154 0.7916240841346155 0.5590805961538462
1 0.8188562043269231 0.5645164038461539 0.8123587163461538 0.5645164038461539 0.8123587163461538 0.5818430408653846 0.8188562043269231 0.5818430408653846 0.8188562043269231 0.5645164038461539
1 0.8138110937499999 0.5514427668269231 0.8092246322115385 0.5514427668269231 0.8092246322115385 0.5588354639423077 0.8138110937499999 0.5588354639423077 0.8138110937499999 0.5514427668269231
1 0.7549333389423077 0.5420456129807693 0.7525483774038462 0.5420456129807693 0.7525483774038462 0.5497644591346154 0.7549333389423077 0.5497644591346154 0.7549333389423077 0.5420456129807693
1 0.7520346947115384 0.5412844158653847 0.7476316899038462 0.5412844158653847 0.7476316899038462 0.5538954879807693 0.7520346947115384 0.5538954879807693 0.7520346947115384 0.5412844158653847
1 0.748172891826923 0.5314075528846154 0.7417640745192308 0.5314075528846154 0.7417640745192308 0.5406266826923077 0.748172891826923 0.5406266826923077 0.748172891826923 0.5314075528846154
1 0.738762235576923 0.5756321081730769 0.7261036009615385 0.5756321081730769 0.7261036009615385 0.5962881778846154 0.738762235576923 0.5962881778846154 0.738762235576923 0.5756321081730769
1 0.7699654687499999 0.592184375 0.7600281346153845 0.592184375 0.7600281346153845 0.6152865552884615 0.7699654687499999 0.6152865552884615 0.7699654687499999 0.592184375
1 0.37826639423076924 0.5428023870192308 0.36753050961538464 0.5428023870192308 0.36753050961538464 0.5699632572115385 0.37826639423076924 0.5699632572115385 0.37826639423076924 0.5428023870192308
0 0.45672610336538466 0.6610072379807692 0.4781152908653846 0.6610072379807692 0.4781152908653846 0.5582363677884615 0.45672610336538466 0.5582363677884615 0.45672610336538466 0.6610072379807692
0 0.2065704014423077 0.4888147884615384 0.18291841826923075 0.4888147884615384 0.18291841826923075 0.5702093173076923 0.2065704014423077 0.5702093173076923 0.2065704014423077 0.4888147884615384
0 0.2164804495192308 0.48165018990384617 0.20300278365384614 0.48165018990384617 0.20300278365384614 0.5540008822115385 0.2164804495192308 0.5540008822115385 0.2164804495192308 0.48165018990384617
0 0.02212069471153846 0.45114538221153844 0.01201244471153846 0.45114538221153844 0.01201244471153846 0.48708582451923077 0.02212069471153846 0.48708582451923077 0.02212069471153846 0.45114538221153844