1 0.1922620721153846 0.292973125 0.18424794230769231 0.292973125 0.18424794230769231 0.3080119879807693 0.1922620721153846 0.3080119879807693 0.1922620721153846 0.292973125
1 0.22361335096153848 0.24880719471153848 0.21495096634615385 0.24880719471153848 0.21495096634615385 0.26663853605769233 0.22361335096153848 0.26663853605769233 0.22361335096153848 0.24880719471153848
1 0.20104556009615385 0.27312266105769234 0.19238317548076925 0.27312266105769234 0.19238317548076925 0.29298029326923075 0.20104556009615385 0.29298029326923075 0.20104556009615385 0.27312266105769234
1 0.15742133413461537 0.2699169567307692 0.14647937259615385 0.2699169567307692 0.14647937259615385 0.28833187019230766 0.15742133413461537 0.28833187019230766 0.15742133413461537 0.2699169567307692
1 0.1859032548076923 0.23558527884615385 0.1789004014423077 0.23558527884615385 0.1789004014423077 0.24658235336538462 0.1859032548076923 0.24658235336538462 0.1859032548076923 0.23558527884615385
1 0.30634171875 0.03419851201923077 0.2930829807692308 0.03419851201923077 0.2930829807692308 0.04183421634615385 0.30634171875 0.04183421634615385 0.30634171875 0.03419851201923077
1 0.2948745432692308 0.016220516826923076 0.2791181201923077 0.016220516826923076 0.2791181201923077 0.025142670673076923 0.2948745432692308 0.025142670673076923 0.2948745432692308 0.016220516826923076
1 0.2480895673076923 0.7133719014423078 0.241889125 0.7133719014423078 0.241889125 0.746765141826923 0.2480895673076923 0.746765141826923 0.2480895673076923 0.7133719014423078
1 0.10739850480769232 0.01384025721153846 0.1024381514423077 0.01384025721153846 0.1024381514423077 0.021880572115384616 0.10739850480769232 0.021880572115384616 0.10739850480769232 0.01384025721153846
1 0.27545119471153845 0.04365887019230769 0.2691778052884616 0.04365887019230769 0.2691778052884616 0.05948013461538461 0.27545119471153845 0.05948013461538461 0.27545119471153845 0.04365887019230769
1 0.2919530216346154 0.015532737980769231 0.2919530216346154 0.009073596153846154 0.2835391394230769 0.009073596153846154 0.2835391394230769 0.015532737980769231 0.2877391971153846 0.015532737980769231 0.2919530216346154 0.015532737980769231
1 0.2729253245192308 0.03152154326923077 0.2670242548076923 0.03152154326923077 0.2670242548076923 0.03723172115384615 0.2729253245192308 0.03723172115384615 0.2729253245192308 0.03152154326923077
0 0.7305098317307692 0.4190420216346154 0.7245282259615385 0.4190420216346154 0.7245282259615385 0.4307134471153846 0.7305098317307692 0.4307134471153846 0.7305098317307692 0.4190420216346154
0 0.9854035673076923 0.0024955216346153847 0.9741698197115384 0.0024955216346153847 0.9741698197115384 0.016760596153846154 0.9854035673076923 0.016760596153846154 0.9854035673076923 0.0024955216346153847
1 0.4958833269230769 0.8160089134615384 0.5060691875 0.8160089134615384 0.5060691875 0.793537295673077 0.4958833269230769 0.793537295673077 0.4958833269230769 0.8160089134615384