0 0.009722274038461539 0.8163897067307692 0.0040695721153846155 0.8163897067307692 0.0040695721153846155 0.8354114927884615 0.009722274038461539 0.8354114927884615 0.009722274038461539 0.8163897067307692
0 0.04081212740384615 0.7054891009615385 0.033948134615384616 0.7054891009615385 0.033948134615384616 0.7219985745192308 0.04081212740384615 0.7219985745192308 0.04081212740384615 0.7054891009615385
0 0.03596695673076923 0.7259464927884616 0.032938723557692305 0.7259464927884616 0.032938723557692305 0.7363546418269231 0.03596695673076923 0.7363546418269231 0.03596695673076923 0.7259464927884616
0 0.0389951875 0.7338423293269231 0.03435189903846154 0.7338423293269231 0.03435189903846154 0.7481983942307693 0.0389951875 0.7481983942307693 0.0389951875 0.7338423293269231
0 0.01577873798076923 0.6839550024038462 0.009520391826923076 0.6839550024038462 0.009520391826923076 0.6983110673076923 0.01577873798076923 0.6983110673076923 0.01577873798076923 0.6839550024038462
0 0.009520391826923076 0.6710345432692308 0.00467521875 0.6710345432692308 0.00467521875 0.6839550024038462 0.009520391826923076 0.6839550024038462 0.009520391826923076 0.6710345432692308
0 0.0018488677884615384 0.6882618221153846 0.00003193028846153846 0.6882618221153846 0.00003193028846153846 0.7115904278846154 0.0018488677884615384 0.7115904278846154 0.0018488677884615384 0.6882618221153846
0 0.13488921874999998 0.6423224110576923 0.12802522596153845 0.6423224110576923 0.12802522596153845 0.6602674927884615 0.13488921874999998 0.6602674927884615 0.13488921874999998 0.6423224110576923
0 0.0775546826923077 0.5486490841346154 0.07210386538461538 0.5486490841346154 0.07210386538461538 0.5626462475961538 0.0775546826923077 0.5626462475961538 0.0775546826923077 0.5486490841346154
0 0.0821979735576923 0.5511613942307693 0.07937162259615384 0.5511613942307693 0.07937162259615384 0.5597750360576923 0.0821979735576923 0.5597750360576923 0.0821979735576923 0.5511613942307693
0 0.08562996875000001 0.5443422644230769 0.08179420913461538 0.5443422644230769 0.08179420913461538 0.5565449206730769 0.08562996875000001 0.5565449206730769 0.08562996875000001 0.5443422644230769
0 0.09007137740384616 0.5360875264423076 0.08502432451923078 0.5360875264423076 0.08502432451923078 0.5525970024038462 0.09007137740384616 0.5525970024038462 0.09007137740384616 0.5360875264423076
0 0.10137677884615384 0.5385998389423077 0.09814666346153846 0.5385998389423077 0.09814666346153846 0.5493668870192308 0.10137677884615384 0.5493668870192308 0.10137677884615384 0.5385998389423077
0 0.10561630528846154 0.5346519206730769 0.10238618990384615 0.5346519206730769 0.10238618990384615 0.5461367716346154 0.10561630528846154 0.5461367716346154 0.10561630528846154 0.5346519206730769
0 0.15003038221153847 0.6100212644230769 0.14599273798076923 0.6100212644230769 0.14599273798076923 0.6193527067307693 0.15003038221153847 0.6193527067307693 0.15003038221153847 0.6100212644230769
1 0.18011082692307692 0.6455525264423077 0.17566941826923077 0.6455525264423077 0.17566941826923077 0.6606263942307693 0.18011082692307692 0.6606263942307693 0.18011082692307692 0.6455525264423077
1 0.1851578798076923 0.6351443798076922 0.1883879951923077 0.6351443798076922 0.1883879951923077 0.6218650192307693 0.18293717548076924 0.6218650192307693 0.18293717548076924 0.6351443798076922 0.18394658653846155 0.6351443798076922 0.1851578798076923 0.6351443798076922
1 0.1851578798076923 0.6469881322115385 0.18980117067307692 0.6469881322115385 0.18980117067307692 0.6351443798076922 0.1851578798076923 0.6351443798076922 0.1851578798076923 0.6469881322115385
0 0.19181999278846154 0.5116822139423077 0.1879842307692308 0.5116822139423077 0.1879842307692308 0.5263971826923076 0.19181999278846154 0.5263971826923076 0.19181999278846154 0.5116822139423077
1 0.17950518028846155 0.513835625 0.15447179086538462 0.513835625 0.15447179086538462 0.54793128125 0.17950518028846155 0.54793128125 0.17950518028846155 0.513835625
0 0.2529902908653846 0.4879947067307692 0.2499620576923077 0.4879947067307692 0.2499620576923077 0.5027096730769232 0.2529902908653846 0.5027096730769232 0.2529902908653846 0.4879947067307692
1 0.14700214903846154 0.5418299519230769 0.12802522596153845 0.5418299519230769 0.12802522596153845 0.5630051490384615 0.14700214903846154 0.5630051490384615 0.14700214903846154 0.5418299519230769
0 0.26409381009615385 0.5167068389423076 0.2620749879807692 0.5167068389423076 0.2620749879807692 0.5249615769230769 0.26409381009615385 0.5249615769230769 0.26409381009615385 0.5167068389423076
0 0.31678505769230775 0.41477877403846153 0.3139587067307692 0.41477877403846153 0.3139587067307692 0.4259047235576923 0.31678505769230775 0.4259047235576923 0.31678505769230775 0.41477877403846153
0 0.3165831754807692 0.4284170360576923 0.3131511778846154 0.4284170360576923 0.3131511778846154 0.4395429855769231 0.3165831754807692 0.4395429855769231 0.3165831754807692 0.4284170360576923
0 0.33757892067307693 0.4233924110576923 0.3343488052884615 0.4233924110576923 0.3343488052884615 0.4284170360576923 0.33757892067307693 0.4284170360576923 0.33757892067307693 0.4233924110576923
0 0.3276866947115385 0.4287759375 0.3276866947115385 0.4273403317307692 0.32486034375000006 0.4273403317307692 0.32486034375000006 0.43595396875000003 0.3276866947115385 0.43595396875000003 0.3276866947115385 0.4287759375
0 0.3416165625 0.40688293750000004 0.33858833173076924 0.40688293750000004 0.33858833173076924 0.41764998557692307 0.3416165625 0.41764998557692307 0.3416165625 0.40688293750000004
0 0.3496918509615385 0.40365282211538467 0.3460579711538462 0.40365282211538467 0.3460579711538462 0.4180088870192308 0.3496918509615385 0.4180088870192308 0.3496918509615385 0.40365282211538467
0 0.3496918509615385 0.39396247836538467 0.3454523245192308 0.39396247836538467 0.3454523245192308 0.40365282211538467 0.3496918509615385 0.40365282211538467 0.3496918509615385 0.39396247836538467
0 0.3571614903846154 0.3903734615384616 0.35494078605769236 0.3903734615384616 0.35494078605769236 0.40042270673076924 0.3571614903846154 0.40042270673076924 0.3571614903846154 0.3903734615384616
0 0.37230265384615385 0.36596814903846153 0.36967818509615386 0.36596814903846153 0.36967818509615386 0.3770941009615385 0.37230265384615385 0.3770941009615385 0.37230265384615385 0.36596814903846153
1 0.36725559855769235 0.3638147403846154 0.3414146826923077 0.3638147403846154 0.3414146826923077 0.3846310360576923 0.36725559855769235 0.3846310360576923 0.36725559855769235 0.3638147403846154
0 0.39895110096153846 0.3541243966346154 0.39511533894230766 0.3541243966346154 0.39511533894230766 0.36202023076923073 0.39895110096153846 0.36202023076923073 0.39895110096153846 0.3541243966346154
0 0.4046038004807692 0.39575698557692307 0.40036427644230765 0.39575698557692307 0.40036427644230765 0.4101130528846154 0.4046038004807692 0.4101130528846154 0.4046038004807692 0.39575698557692307
0 0.39087581250000003 0.33940942788461537 0.3874438173076923 0.33940942788461537 0.3874438173076923 0.34945867548076925 0.39087581250000003 0.34945867548076925 0.39087581250000003 0.33940942788461537
0 0.37068759615384617 0.34694636298076925 0.36866877403846154 0.34694636298076925 0.36866877403846154 0.3541243966346154 0.37068759615384617 0.3541243966346154 0.37068759615384617 0.34694636298076925
0 0.42580143028846157 0.3228999543269231 0.42277319711538464 0.3228999543269231 0.42277319711538464 0.3343848052884616 0.42580143028846157 0.3343848052884616 0.42580143028846157 0.3228999543269231
0 0.46454503846153844 0.31764701201923073 0.4629945841346154 0.31764701201923073 0.4629945841346154 0.3251810745192308 0.46454503846153844 0.3251810745192308 0.46454503846153844 0.31764701201923073
0 0.4878018653846154 0.29890373317307695 0.4849076826923077 0.29890373317307695 0.4849076826923077 0.30680531009615386 0.4878018653846154 0.30680531009615386 0.4878018653846154 0.29890373317307695
0 0.4585499471153846 0.3025788846153846 0.45627594471153843 0.3025788846153846 0.45627594471153843 0.3115830096153846 0.4585499471153846 0.3115830096153846 0.4585499471153846 0.3025788846153846
0 0.4985516875 0.27391269471153845 0.4962776875 0.27391269471153845 0.4962776875 0.2797929375 0.4985516875 0.2797929375 0.4985516875 0.27391269471153845
0 0.5099216923076922 0.26251971875 0.5077510552884615 0.26251971875 0.5077510552884615 0.26987002403846155 0.5099216923076922 0.26987002403846155 0.5099216923076922 0.26251971875
0 0.5165369663461539 0.2595795961538462 0.5140562379807693 0.2595795961538462 0.5140562379807693 0.2680324495192308 0.5165369663461539 0.2680324495192308 0.5165369663461539 0.2595795961538462
0 0.5197412403846153 0.2568232331730769 0.5171571490384615 0.2568232331730769 0.5171571490384615 0.2656435985576923 0.5197412403846153 0.2656435985576923 0.5197412403846153 0.2568232331730769
0 0.5516806153846153 0.24359268269230772 0.5499234326923077 0.24359268269230772 0.5499234326923077 0.25094298798076925 0.5516806153846153 0.25094298798076925 0.5516806153846153 0.24359268269230772
0 0.4962776875 0.2674811754807692 0.49390032211538465 0.2674811754807692 0.49390032211538465 0.2766690576923077 0.4962776875 0.2766690576923077 0.4962776875 0.2674811754807692
1 0.3508445408653846 0.6946536153846155 0.3476144254807692 0.6946536153846155 0.3476144254807692 0.7033821033653846 0.3508445408653846 0.7033821033653846 0.3508445408653846 0.6946536153846155
1 0.3188018028846154 0.6392966274038462 0.3138920264423077 0.6392966274038462 0.3138920264423077 0.6466469326923078 0.3188018028846154 0.6466469326923078 0.3188018028846154 0.6392966274038462
1 0.34386749278846157 0.5779675144230769 0.3393453317307692 0.5779675144230769 0.3393453317307692 0.5869256995192308 0.34386749278846157 0.5869256995192308 0.34386749278846157 0.5779675144230769
1 0.28650065384615386 0.5917493389423076 0.28133247115384613 0.5917493389423076 0.28133247115384613 0.5972620673076923 0.28650065384615386 0.5972620673076923 0.28650065384615386 0.5917493389423076
1 0.41531762980769227 0.5807238798076922 0.4110538798076923 0.5807238798076922 0.4110538798076923 0.5880741850961538 0.41531762980769227 0.5880741850961538 0.41531762980769227 0.5807238798076922
1 0.5045980024038461 0.4155717019230769 0.5007218653846154 0.4155717019230769 0.5007218653846154 0.42200321874999996 0.5045980024038461 0.42200321874999996 0.5045980024038461 0.4155717019230769
1 0.4856049278846154 0.40431654567307695 0.48185799519230765 0.40431654567307695 0.48185799519230765 0.4095995793269231 0.4856049278846154 0.4095995793269231 0.4856049278846154 0.40431654567307695
1 0.46325253365384617 0.39696624038461537 0.46053923798076923 0.39696624038461537 0.46053923798076923 0.40546503125 0.46325253365384617 0.40546503125 0.46325253365384617 0.39696624038461537
1 0.4518825288461539 0.3967365432692308 0.44955684615384617 0.3967365432692308 0.44955684615384617 0.4017898798076923 0.4518825288461539 0.4017898798076923 0.4518825288461539 0.3967365432692308
1 0.44891082451923076 0.40592442548076924 0.44516389182692306 0.40592442548076924 0.44516389182692306 0.4164904903846154 0.44891082451923076 0.4164904903846154 0.44891082451923076 0.40592442548076924
1 0.5913180504807692 0.44143000480769234 0.5880879375 0.44143000480769234 0.5880879375 0.4522257668269231 0.5913180504807692 0.4522257668269231 0.5913180504807692 0.44143000480769234
1 0.6211643125 0.4177712091346154 0.6178049927884615 0.4177712091346154 0.6178049927884615 0.4267293942307692 0.6211643125 0.4267293942307692 0.6211643125 0.4177712091346154
1 0.654111483173077 0.4175415120192308 0.6521734134615385 0.4175415120192308 0.6521734134615385 0.42512151442307694 0.654111483173077 0.42512151442307694 0.654111483173077 0.4175415120192308
1 0.6564371658653846 0.42167605769230765 0.6534654591346154 0.42167605769230765 0.6534654591346154 0.43040454567307695 0.6564371658653846 0.43040454567307695 0.6564371658653846 0.42167605769230765
1 0.6683239879807693 0.44097061057692305 0.6644478485576923 0.44097061057692305 0.6644478485576923 0.4487803100961539 0.6683239879807693 0.4487803100961539 0.6683239879807693 0.44097061057692305
1 0.7215562788461539 0.4561306153846154 0.7170341177884616 0.4561306153846154 0.7170341177884616 0.46394031490384613 0.7215562788461539 0.46394031490384613 0.7215562788461539 0.4561306153846154
1 0.7043720673076923 0.4522257668269231 0.7003667259615385 0.4522257668269231 0.7003667259615385 0.45865728365384617 0.7043720673076923 0.45865728365384617 0.7043720673076923 0.4522257668269231
1 0.7737549326923077 0.45199606971153844 0.7693619759615384 0.45199606971153844 0.7693619759615384 0.45865728365384617 0.7737549326923077 0.45865728365384617 0.7737549326923077 0.45199606971153844
1 0.7791815264423078 0.4685342572115384 0.7744009567307693 0.4685342572115384 0.7744009567307693 0.47657365384615386 0.7791815264423078 0.47657365384615386 0.7791815264423078 0.4685342572115384
1 0.04621193269230769 0.9213502548076923 0.042077384615384614 0.9213502548076923 0.042077384615384614 0.9314569254807693 0.04621193269230769 0.9314569254807693 0.04621193269230769 0.9213502548076923
0 0.32584169711538463 0.4445740192307692 0.3286353990384615 0.4445740192307692 0.3286353990384615 0.4346408581730769 0.32584169711538463 0.4346408581730769 0.32584169711538463 0.4445740192307692
0 0.34260390865384616 0.43153674519230767 0.3403340240384616 0.43153674519230767 0.3403340240384616 0.44146990625 0.34260390865384616 0.44146990625 0.34260390865384616 0.43153674519230767
0 0.3338735889423077 0.4133776850961538 0.33151640384615383 0.4133776850961538 0.33151640384615383 0.42051714423076925 0.3338735889423077 0.42051714423076925 0.3338735889423077 0.4133776850961538
0 0.40458916586538457 0.34012061538461535 0.4025811923076923 0.34012061538461535 0.4025811923076923 0.3489673365384615 0.40458916586538457 0.3489673365384615 0.40458916586538457 0.34012061538461535
0 0.4497807836538461 0.3367128942307692 0.4477693197115385 0.3367128942307692 0.4477693197115385 0.3424343942307692 0.4497807836538461 0.3424343942307692 0.4497807836538461 0.3367128942307692
0 0.5361685913461538 0.24855585336538463 0.5345236610576923 0.24855585336538463 0.5345236610576923 0.2547859326923077 0.5361685913461538 0.2547859326923077 0.5361685913461538 0.24855585336538463
0 0.5403881995192308 0.2530059110576923 0.5385287115384615 0.2530059110576923 0.5385287115384615 0.25993528365384616 0.5403881995192308 0.25993528365384616 0.5403881995192308 0.2530059110576923
0 0.5456805865384615 0.24785656009615384 0.5441071754807693 0.24785656009615384 0.5441071754807693 0.25338734375 0.5456805865384615 0.25338734375 0.5456805865384615 0.24785656009615384
1 0.2919987860576923 0.7587853677884616 0.2868833629807692 0.7587853677884616 0.2868833629807692 0.7703045384615385 0.2919987860576923 0.7703045384615385 0.2919987860576923 0.7587853677884616
1 0.1716758028846154 0.6383038197115384 0.16748524999999997 0.6383038197115384 0.16748524999999997 0.6503477788461538 0.1716758028846154 0.6503477788461538 0.1716758028846154 0.6383038197115384
1 0.16430855048076923 0.6653954927884616 0.15939316586538463 0.6653954927884616 0.15939316586538463 0.686630891826923 0.16430855048076923 0.686630891826923 0.16430855048076923 0.6653954927884616
0 0.2602794879807692 0.5147735673076923 0.2563218125 0.5147735673076923 0.2563218125 0.5320324951923077 0.2602794879807692 0.5320324951923077 0.2602794879807692 0.5147735673076923
0 0.26518430048076924 0.4841645264423077 0.2616325408653846 0.4841645264423077 0.2616325408653846 0.5003410144230769 0.26518430048076924 0.5003410144230769 0.26518430048076924 0.4841645264423077
0 0.27348510576923074 0.4503120697115385 0.2684842259615384 0.4503120697115385 0.2684842259615384 0.4643212692307692 0.27348510576923074 0.4643212692307692 0.27348510576923074 0.4503120697115385
1 0.28010017548076926 0.44941243990384616 0.2753983221153846 0.44941243990384616 0.2753983221153846 0.4780370048076923 0.28010017548076926 0.4780370048076923 0.28010017548076926 0.44941243990384616
0 0.3312789206730769 0.42854928124999997 0.3288759014423077 0.42854928124999997 0.3288759014423077 0.4372473028846154 0.3312789206730769 0.4372473028846154 0.3312789206730769 0.42854928124999997
0 0.4199877091346154 0.3347545216346154 0.41732388942307697 0.3347545216346154 0.41732388942307697 0.3438500360576923 0.4199877091346154 0.3438500360576923 0.4199877091346154 0.3347545216346154
0 0.4439198149038462 0.32069781490384613 0.4413405600961538 0.32069781490384613 0.4413405600961538 0.3266362091346154 0.4439198149038462 0.3266362091346154 0.4439198149038462 0.32069781490384613
0 0.5486204038461538 0.2184322596153846 0.5465485432692307 0.2184322596153846 0.5465485432692307 0.22564853605769233 0.5486204038461538 0.22564853605769233 0.5486204038461538 0.2184322596153846
0 0.5504075817307692 0.2188552548076923 0.5486204038461538 0.2188552548076923 0.5486204038461538 0.22564853605769233 0.5504075817307692 0.22564853605769233 0.5504075817307692 0.2188552548076923
0 0.5504765192307692 0.2395153341346154 0.5485021466346154 0.2395153341346154 0.5485021466346154 0.24524217307692306 0.5504765192307692 0.24524217307692306 0.5504765192307692 0.2395153341346154
0 0.5723605096153845 0.21103846394230769 0.5705677163461538 0.21103846394230769 0.5705677163461538 0.21651080528846153 0.5723605096153845 0.21651080528846153 0.5723605096153845 0.21103846394230769
0 0.5757769663461538 0.22745549278846156 0.5742886081730769 0.22745549278846156 0.5742886081730769 0.23250688701923078 0.5757769663461538 0.23250688701923078 0.5757769663461538 0.22745549278846156
1 0.5738826947115384 0.22895888461538463 0.5702971057692308 0.22895888461538463 0.5702971057692308 0.23304810817307692 0.5738826947115384 0.23304810817307692 0.5738826947115384 0.22895888461538463
1 0.5643775048076923 0.2305224110576923 0.5602845216346154 0.2305224110576923 0.5602845216346154 0.23755828125 0.5643775048076923 0.23755828125 0.5643775048076923 0.2305224110576923
1 0.543653125 0.24451131490384614 0.5421810048076924 0.24451131490384614 0.5421810048076924 0.25063071634615386 0.543653125 0.25063071634615386 0.543653125 0.24451131490384614
0 0.49713236298076924 0.28237502403846154 0.4947780528846154 0.28237502403846154 0.4947780528846154 0.2894950841346154 0.49713236298076924 0.2894950841346154 0.49713236298076924 0.28237502403846154
0 0.5233270745192308 0.26461101682692306 0.5212834254807692 0.26461101682692306 0.5212834254807692 0.27018390625 0.5233270745192308 0.27018390625 0.5233270745192308 0.26461101682692306
1 0.5884010072115384 0.22255007211538463 0.5856992331730769 0.22255007211538463 0.5856992331730769 0.22898506490384612 0.5884010072115384 0.22898506490384612 0.5884010072115384 0.22255007211538463
0 0.4780023653846154 0.30745744471153846 0.47551275 0.30745744471153846 0.47551275 0.31707914663461534 0.4780023653846154 0.31707914663461534 0.4780023653846154 0.30745744471153846
0 0.30459234375 0.4692075769230769 0.29982283413461536 0.4692075769230769 0.29982283413461536 0.4784684639423077 0.30459234375 0.4784684639423077 0.30459234375 0.4692075769230769
0 0.28463448798076924 0.4632048365384615 0.2807809975961538 0.4632048365384615 0.2807809975961538 0.4734038413461539 0.28463448798076924 0.4734038413461539 0.28463448798076924 0.4632048365384615
0 0.27870123317307693 0.49100045192307695 0.2761642596153846 0.49100045192307695 0.2761642596153846 0.49682609375 0.27870123317307693 0.49682609375 0.27870123317307693 0.49100045192307695
1 0.28765375 0.491157076923077 0.28548886778846155 0.491157076923077 0.28548886778846155 0.49559075721153845 0.28765375 0.49559075721153845 0.28765375 0.491157076923077
1 0.39824976923076927 0.49126864423076927 0.39566902884615385 0.49126864423076927 0.39566902884615385 0.4973247836538462 0.39824976923076927 0.4973247836538462 0.39824976923076927 0.49126864423076927