1 0.6657699302884615 0.6721785048076924 0.6351940504807693 0.6721785048076924 0.6351940504807693 0.7160744423076923 0.6657699302884615 0.7160744423076923 0.6657699302884615 0.6721785048076924
1 0.7247597115384615 0.5373710168269231 0.7084910360576924 0.5373710168269231 0.7084910360576924 0.5685494399038462 0.7247597115384615 0.5685494399038462 0.7247597115384615 0.5373710168269231
1 0.6085652908653846 0.5222541009615385 0.5942869302884616 0.5222541009615385 0.5942869302884616 0.5494326610576923 0.6085652908653846 0.5494326610576923 0.6085652908653846 0.5222541009615385
1 0.5533824519230769 0.41692888942307693 0.5246526634615385 0.41692888942307693 0.5246526634615385 0.4343641899038462 0.5533824519230769 0.4343641899038462 0.5533824519230769 0.41692888942307693
1 0.5815353389423077 0.40195504086538464 0.5657281850961539 0.40195504086538464 0.5657281850961539 0.4161084038461539 0.5815353389423077 0.4161084038461539 0.5815353389423077 0.40195504086538464
1 0.5275371802884615 0.38144291826923077 0.518422108173077 0.38144291826923077 0.518422108173077 0.39908334375000004 0.5275371802884615 0.39908334375000004 0.5275371802884615 0.38144291826923077
1 0.5174990625 0.3775456177884615 0.5072301802884616 0.3775456177884615 0.5072301802884616 0.39272458653846154 0.5174990625 0.39272458653846154 0.5174990625 0.3775456177884615
1 0.5105114326923077 0.3527634086538462 0.5053193004807692 0.3527634086538462 0.5053193004807692 0.36240410576923077 0.5105114326923077 0.36240410576923077 0.5105114326923077 0.3527634086538462
1 0.5404743509615385 0.3050575048076923 0.5345899375 0.3050575048076923 0.5345899375 0.3194159903846154 0.5404743509615385 0.3194159903846154 0.5404743509615385 0.3050575048076923
1 0.5052255552884616 0.2901363389423077 0.4992257596153846 0.2901363389423077 0.4992257596153846 0.3042897019230769 0.5052255552884616 0.3042897019230769 0.5052255552884616 0.2901363389423077
1 0.5535700576923077 0.29485412740384614 0.5460703149038462 0.29485412740384614 0.5460703149038462 0.3038794591346154 0.5535700576923077 0.3038794591346154 0.5535700576923077 0.29485412740384614
1 0.5291093557692308 0.2872646418269231 0.5240326057692308 0.2872646418269231 0.5240326057692308 0.2987514302884616 0.5291093557692308 0.2987514302884616 0.5291093557692308 0.2872646418269231
1 0.5239307451923076 0.2633692403846154 0.5171925144230769 0.2633692403846154 0.5171925144230769 0.2720663798076923 0.5239307451923076 0.2720663798076923 0.5239307451923076 0.2633692403846154
1 0.541468608173077 0.26222056009615385 0.5354688125 0.26222056009615385 0.5354688125 0.2699331177884615 0.541468608173077 0.2699331177884615 0.541468608173077 0.26222056009615385
1 0.4928241153846154 0.25910271875 0.48885501923076924 0.25910271875 0.48885501923076924 0.2655025 0.4928241153846154 0.2655025 0.4928241153846154 0.25910271875
1 0.48663971153846153 0.2559848774038462 0.4812860480769231 0.2559848774038462 0.4812860480769231 0.2609077860576923 0.48663971153846153 0.2609077860576923 0.48663971153846153 0.2559848774038462
1 0.4698229759615385 0.2454217764423077 0.46262322355769225 0.2454217764423077 0.46262322355769225 0.2508369759615384 0.4698229759615385 0.2508369759615384 0.4698229759615385 0.2454217764423077
1 0.49096071634615385 0.24378080528846152 0.48560705288461536 0.24378080528846152 0.48560705288461536 0.2503446850961538 0.49096071634615385 0.2503446850961538 0.49096071634615385 0.24378080528846152
1 0.4849609206730769 0.24788323076923074 0.4791457355769231 0.24788323076923074 0.4791457355769231 0.2534625264423077 0.4849609206730769 0.2534625264423077 0.4849609206730769 0.24788323076923074
1 0.4587805048076923 0.22585801923076923 0.4543498870192308 0.22585801923076923 0.4543498870192308 0.23521154807692307 0.4587805048076923 0.23521154807692307 0.4587805048076923 0.22585801923076923
1 0.4710570096153846 0.2215915 0.4684724807692308 0.2215915 0.4684724807692308 0.22569392307692307 0.4710570096153846 0.22569392307692307 0.4710570096153846 0.2215915
1 0.973791766826923 0.43152125 0.9353930769230769 0.43152125 0.9353930769230769 0.4531820504807692 0.973791766826923 0.4531820504807692 0.973791766826923 0.43152125
1 0.36801424038461533 0.40197767067307694 0.34239973076923075 0.40197767067307694 0.34239973076923075 0.42023345913461535 0.36801424038461533 0.42023345913461535 0.36801424038461533 0.40197767067307694
1 0.24749340625 0.2801164831730769 0.24361661538461538 0.2801164831730769 0.24361661538461538 0.28832133173076924 0.24749340625 0.28832133173076924 0.24749340625 0.2801164831730769
1 0.2962302067307692 0.2674810168269231 0.2840460048076923 0.2674810168269231 0.2840460048076923 0.2748653798076923 0.2962302067307692 0.2748653798076923 0.2962302067307692 0.2674810168269231
1 0.3604802283653846 0.24672762259615383 0.3548265769230769 0.24672762259615383 0.3548265769230769 0.25452222836538463 0.3604802283653846 0.25452222836538463 0.3604802283653846 0.24672762259615383
1 0.3372887139423077 0.22867695673076924 0.32644293028846155 0.22867695673076924 0.32644293028846155 0.23585619711538464 0.3372887139423077 0.23585619711538464 0.3372887139423077 0.22867695673076924
1 0.4293184302884615 0.2956312596153846 0.4156169735576923 0.2956312596153846 0.4156169735576923 0.3043489110576923 0.4293184302884615 0.3043489110576923 0.4293184302884615 0.2956312596153846
1 0.43787640625 0.23530566826923077 0.43337194471153845 0.23530566826923077 0.43337194471153845 0.24291976923076924 0.43787640625 0.24291976923076924 0.43787640625 0.23530566826923077
1 0.40695438461538463 0.22074206490384615 0.4038529519230769 0.22074206490384615 0.4038529519230769 0.22678083173076924 0.40695438461538463 0.22678083173076924 0.40695438461538463 0.22074206490384615
1 0.40643747836538463 0.22573061298076924 0.4099081298076923 0.22573061298076924 0.4099081298076923 0.2189041778846154 0.40643747836538463 0.2189041778846154 0.40643747836538463 0.22573061298076924
1 0.41470796634615387 0.21706629086538462 0.41145884615384615 0.21706629086538462 0.41145884615384615 0.22454911298076924 0.41470796634615387 0.22454911298076924 0.41470796634615387 0.21706629086538462
1 0.41300956250000004 0.22835616346153845 0.4158894639423077 0.22835616346153845 0.4158894639423077 0.2233676153846154 0.41300956250000004 0.2233676153846154 0.41300956250000004 0.22835616346153845
1 0.39980915865384614 0.23645931009615387 0.3978053389423077 0.23645931009615387 0.3978053389423077 0.24029051442307692 0.39980915865384614 0.24029051442307692 0.39980915865384614 0.23645931009615387
1 0.39954450480769227 0.23639209615384615 0.4020776346153846 0.23639209615384615 0.4020776346153846 0.2320903918269231 0.39954450480769227 0.2320903918269231 0.39954450480769227 0.23639209615384615
1 0.40147270913461536 0.22624276442307692 0.3974650673076923 0.22624276442307692 0.3974650673076923 0.2306788942307692 0.40147270913461536 0.2306788942307692 0.40147270913461536 0.22624276442307692
1 0.39954450480769227 0.23101496634615384 0.39629301923076926 0.23101496634615384 0.39629301923076926 0.23639209615384615 0.39954450480769227 0.23639209615384615 0.39954450480769227 0.23101496634615384
1 0.38525690865384615 0.19750431490384615 0.38313021153846155 0.19750431490384615 0.38313021153846155 0.20118008894230768 0.38525690865384615 0.20118008894230768 0.38525690865384615 0.19750431490384615
1 0.37054725721153847 0.19970977884615385 0.36794796153846154 0.19970977884615385 0.36794796153846154 0.20275541826923077 0.37054725721153847 0.20275541826923077 0.37054725721153847 0.19970977884615385
1 0.3567215120192308 0.2056745072115385 0.3546893365384615 0.2056745072115385 0.3546893365384615 0.2081950360576923 0.3567215120192308 0.2081950360576923 0.3567215120192308 0.2056745072115385
1 0.3562961730769231 0.19920514903846154 0.3541222163461538 0.19920514903846154 0.3541222163461538 0.2025658533653846 0.3562961730769231 0.2025658533653846 0.3562961730769231 0.19920514903846154
1 0.3541222163461538 0.19954121875 0.3512393605769231 0.19954121875 0.3512393605769231 0.2025658533653846 0.3541222163461538 0.2025658533653846 0.3541222163461538 0.19954121875
1 0.3512393605769231 0.2047503125 0.35393317788461537 0.2047503125 0.35393317788461537 0.20197773076923076 0.3512393605769231 0.20197773076923076 0.3512393605769231 0.2047503125
1 0.3509370721153846 0.20017617307692306 0.3490013052884615 0.20017617307692306 0.3490013052884615 0.2048542764423077 0.3509370721153846 0.2048542764423077 0.3509370721153846 0.20017617307692306
1 0.34866859375 0.20130537019230768 0.34652110336538466 0.20130537019230768 0.34652110336538466 0.20447787740384615 0.34866859375 0.20447787740384615 0.34866859375 0.20130537019230768
1 0.34830563942307696 0.19893943509615383 0.34612790144230765 0.19893943509615383 0.34612790144230765 0.20130537019230768 0.34830563942307696 0.20130537019230768 0.34830563942307696 0.19893943509615383
1 0.3363885769230769 0.1989932067307692 0.33415034615384615 0.1989932067307692 0.33415034615384615 0.2028647379807692 0.3363885769230769 0.2028647379807692 0.3363885769230769 0.1989932067307692
1 0.2930307115384615 0.22520774278846153 0.2911875745192308 0.22520774278846153 0.2911875745192308 0.22898853605769232 0.2930307115384615 0.22898853605769232 0.2930307115384615 0.22520774278846153
1 0.29643342548076923 0.22697211298076925 0.29440125 0.22697211298076925 0.29440125 0.22991273076923077 0.29643342548076923 0.22991273076923077 0.29643342548076923 0.22697211298076925
0 0.1392367764423077 0.20738835096153846 0.1363539230769231 0.20738835096153846 0.1363539230769231 0.21587413461538463 0.1392367764423077 0.21587413461538463 0.1392367764423077 0.20738835096153846
0 0.09277074038461539 0.19869396153846156 0.08870933894230769 0.19869396153846156 0.08870933894230769 0.20903206971153845 0.09277074038461539 0.20903206971153845 0.09277074038461539 0.19869396153846156
0 0.0692312451923077 0.1878564903846154 0.06720474038461538 0.1878564903846154 0.06720474038461538 0.1918355673076923 0.0692312451923077 0.1918355673076923 0.0692312451923077 0.1878564903846154
0 0.06980592548076923 0.19253459375 0.07152996875 0.19253459375 0.07152996875 0.18801780528846154 0.06980592548076923 0.18801780528846154 0.06980592548076923 0.19253459375
0 0.021226540865384613 0.19673523076923077 0.01869341105769231 0.19673523076923077 0.01869341105769231 0.20338942788461536 0.021226540865384613 0.20338942788461536 0.021226540865384613 0.19673523076923077
1 0.1426556875 0.03731439663461538 0.019883435096153847 0.03731439663461538 0.019883435096153847 0.09051770913461538 0.1426556875 0.09051770913461538 0.1426556875 0.03731439663461538
0 0.19504193990384613 0.17818861778846154 0.19284907932692308 0.17818861778846154 0.19284907932692308 0.18128046874999998 0.19504193990384613 0.18128046874999998 0.19504193990384613 0.17818861778846154