1 0.9842889543269231 0.03712701923076923 0.8231292524038462 0.03712701923076923 0.8231292524038462 0.08895727644230769 0.9842889543269231 0.08895727644230769 0.9842889543269231 0.03712701923076923
1 0.23113054807692307 0.4186552932692308 0.19306770432692308 0.4186552932692308 0.19306770432692308 0.4920814879807692 0.23113054807692307 0.4920814879807692 0.23113054807692307 0.4186552932692308
1 0.43521218028846154 0.3898607067307692 0.42063492067307695 0.3898607067307692 0.42063492067307695 0.43305258653846157 0.43521218028846154 0.43305258653846157 0.43521218028846154 0.3898607067307692
1 0.4528773004807692 0.43305258653846157 0.43521218028846154 0.43305258653846157 0.43521218028846154 0.4497847932692308 0.4528773004807692 0.4497847932692308 0.4528773004807692 0.43305258653846157
1 0.47869258173076923 0.41083542067307693 0.4637468918269231 0.41083542067307693 0.4637468918269231 0.46005051923076923 0.47869258173076923 0.46005051923076923 0.47869258173076923 0.41083542067307693
1 0.5308326586538462 0.4038909591346154 0.5158869687500001 0.4038909591346154 0.5158869687500001 0.4446519302884615 0.5308326586538462 0.4446519302884615 0.5308326586538462 0.4038909591346154
1 0.5761039206730769 0.4181644951923077 0.5578464014423077 0.4181644951923077 0.5578464014423077 0.4340159831730769 0.5761039206730769 0.4340159831730769 0.5761039206730769 0.4181644951923077
1 0.6372453774038462 0.39438726201923074 0.61962475 0.39438726201923074 0.61962475 0.44458364423076924 0.6372453774038462 0.44458364423076924 0.6372453774038462 0.39438726201923074
0 0.006215545673076923 0.30919727403846153 0.006215545673076923 0.3070837427884615 0.0012902620192307692 0.3070837427884615 0.0012902620192307692 0.3258035961538462 0.006215545673076923 0.3258035961538462 0.006215545673076923 0.30919727403846153
0 0.010631317307692307 0.30919727403846153 0.006215545673076923 0.30919727403846153 0.006215545673076923 0.32519973076923075 0.010631317307692307 0.32519973076923075 0.010631317307692307 0.30919727403846153
0 0.020991399038461537 0.31765140144230763 0.015556603365384615 0.31765140144230763 0.015556603365384615 0.32610552884615385 0.020991399038461537 0.32610552884615385 0.020991399038461537 0.31765140144230763
0 0.03712594951923077 0.3098011418269231 0.03237050480769231 0.3098011418269231 0.03237050480769231 0.3267093942307693 0.03712594951923077 0.3267093942307693 0.03712594951923077 0.3098011418269231
0 0.046976519230769224 0.31251853846153843 0.04307025721153846 0.31251853846153843 0.04307025721153846 0.3285209951923077 0.046976519230769224 0.3285209951923077 0.046976519230769224 0.31251853846153843
0 0.06294123317307693 0.30587600961538464 0.057166762019230766 0.30587600961538464 0.057166762019230766 0.3258035961538462 0.06294123317307693 0.3258035961538462 0.06294123317307693 0.30587600961538464
0 0.08383123076923077 0.3155378701923077 0.07890594711538462 0.3155378701923077 0.07890594711538462 0.3300306610576923 0.08383123076923077 0.3300306610576923 0.08383123076923077 0.3155378701923077
0 0.08875651442307693 0.3119146730769231 0.08332171875000001 0.3119146730769231 0.08332171875000001 0.3276151947115385 0.08875651442307693 0.3276151947115385 0.08875651442307693 0.3119146730769231
0 0.09792773317307693 0.3149340048076923 0.09351196153846154 0.3149340048076923 0.09351196153846154 0.3276151947115385 0.09792773317307693 0.3276151947115385 0.09792773317307693 0.3149340048076923
1 0.12085577884615385 0.3016489471153846 0.10353236778846155 0.3016489471153846 0.10353236778846155 0.3315403269230769 0.12085577884615385 0.3315403269230769 0.12085577884615385 0.3016489471153846
1 0.13461260817307694 0.31614173557692304 0.1262905769230769 0.31614173557692304 0.1262905769230769 0.3348615889423077 0.13461260817307694 0.3348615889423077 0.13461260817307694 0.31614173557692304
0 0.13808384615384617 0.3182841298076923 0.13790575961538462 0.3182841298076923 0.13608926682692307 0.3182841298076923 0.13608926682692307 0.33018828365384617 0.13808384615384617 0.33018828365384617 0.13808384615384617 0.3182841298076923
0 0.14064830528846153 0.3173343317307692 0.13772767307692307 0.3173343317307692 0.13772767307692307 0.3313280432692308 0.14064830528846153 0.3313280432692308 0.14064830528846153 0.3173343317307692
0 0.14645395432692307 0.31948720913461537 0.1431059110576923 0.31948720913461537 0.1431059110576923 0.33303768028846154 0.14645395432692307 0.33303768028846154 0.14645395432692307 0.31948720913461537
0 0.15585922836538463 0.32398171394230774 0.1488958966346154 0.32398171394230774 0.1488958966346154 0.3396822379807692 0.15585922836538463 0.3396822379807692 0.15585922836538463 0.32398171394230774
0 0.16078451201923077 0.3146217860576923 0.15670841586538461 0.3146217860576923 0.15670841586538461 0.3233778485576923 0.16078451201923077 0.3233778485576923 0.16078451201923077 0.3146217860576923
0 0.16821898798076923 0.3207344591346154 0.16449028365384616 0.3207344591346154 0.16449028365384616 0.3365644519230769 0.16821898798076923 0.3365644519230769 0.16821898798076923 0.3207344591346154
0 0.17584335576923077 0.3174695240384615 0.17111290865384615 0.3174695240384615 0.17111290865384615 0.3363665769230769 0.17584335576923077 0.3363665769230769 0.17584335576923077 0.3174695240384615
0 0.1790155360576923 0.31964614903846156 0.17534248557692309 0.31964614903846156 0.17534248557692309 0.3377517019230769 0.1790155360576923 0.3377517019230769 0.1790155360576923 0.31964614903846156
0 0.18435815865384614 0.32914414182692303 0.1784033605769231 0.32914414182692303 0.1784033605769231 0.33854319951923073 0.18435815865384614 0.33854319951923073 0.18435815865384614 0.32914414182692303
0 0.18530424759615385 0.31014815384615385 0.18107467307692307 0.31014815384615385 0.18107467307692307 0.32874839182692306 0.18530424759615385 0.32874839182692306 0.18530424759615385 0.31014815384615385
1 0.19237209134615385 0.31638121153846155 0.18819816826923075 0.31638121153846155 0.18819816826923075 0.33646551442307693 0.19237209134615385 0.33646551442307693 0.19237209134615385 0.31638121153846155
0 0.19643471153846154 0.32083339663461535 0.19326252884615383 0.32083339663461535 0.19326252884615383 0.3348825144230769 0.19643471153846154 0.3348825144230769 0.19643471153846154 0.32083339663461535
0 0.2024451610576923 0.30787259134615386 0.19966254567307692 0.30787259134615386 0.19966254567307692 0.31895358653846156 0.2024451610576923 0.31895358653846156 0.2024451610576923 0.30787259134615386
1 0.20617386538461538 0.32083339663461535 0.19827123798076923 0.32083339663461535 0.19827123798076923 0.33102395432692305 0.20617386538461538 0.33102395432692305 0.20617386538461538 0.32083339663461535
0 0.2185619278846154 0.3172216370192308 0.21362278365384618 0.3172216370192308 0.21362278365384618 0.3316912403846154 0.2185619278846154 0.3316912403846154 0.2185619278846154 0.3172216370192308
0 0.25737941586538465 0.32142648076923075 0.25244027403846153 0.32142648076923075 0.25244027403846153 0.339358891826923 0.25737941586538465 0.339358891826923 0.25737941586538465 0.32142648076923075
0 0.22197063221153845 0.31314046875 0.21918801682692307 0.31314046875 0.21918801682692307 0.32389991586538464 0.22197063221153845 0.32389991586538464 0.22197063221153845 0.31314046875
0 0.22419672355769232 0.31264578125 0.22106628125 0.31264578125 0.22106628125 0.3220448389423077 0.22419672355769232 0.3220448389423077 0.22419672355769232 0.31264578125
1 0.24659678125 0.30102063221153846 0.2268402091346154 0.30102063221153846 0.2268402091346154 0.32303421394230775 0.24659678125 0.32303421394230775 0.24659678125 0.30102063221153846
0 0.2801273004807692 0.3216738221153846 0.2771359879807692 0.3216738221153846 0.2771359879807692 0.34442943509615387 0.2801273004807692 0.34442943509615387 0.2801273004807692 0.3216738221153846
0 0.28325774278846155 0.3211791370192308 0.2795707764423077 0.3211791370192308 0.2795707764423077 0.34442943509615387 0.28325774278846155 0.34442943509615387 0.28325774278846155 0.3211791370192308
0 0.25897942067307694 0.30609117548076925 0.2557794110576923 0.30609117548076925 0.2557794110576923 0.31882937019230767 0.25897942067307694 0.31882937019230767 0.25897942067307694 0.30609117548076925
1 0.28812731971153843 0.2940950096153846 0.26064899038461536 0.2940950096153846 0.26064899038461536 0.31845835576923076 0.28812731971153843 0.31845835576923076 0.28812731971153843 0.2940950096153846
0 0.29956002403846155 0.32172611778846155 0.29404031009615383 0.32172611778846155 0.29404031009615383 0.34248401923076927 0.29956002403846155 0.34248401923076927 0.29956002403846155 0.32172611778846155
0 0.30478008173076926 0.3135455264423077 0.30159563221153846 0.3135455264423077 0.30159563221153846 0.32335835336538465 0.30478008173076926 0.32335835336538465 0.30478008173076926 0.3135455264423077
0 0.3107559807692307 0.30952619471153847 0.3077124951923077 0.30952619471153847 0.3077124951923077 0.32282091346153846 0.3107559807692307 0.32282091346153846 0.3107559807692307 0.30952619471153847
0 0.31562555769230766 0.32050206490384614 0.31388642307692305 0.32050206490384614 0.31388642307692305 0.33441514423076923 0.31562555769230766 0.33441514423076923 0.31562555769230766 0.32050206490384614
0 0.31747029326923076 0.32151874759615384 0.3153902331730769 0.32151874759615384 0.3153902331730769 0.3363102908653846 0.31747029326923076 0.3363102908653846 0.31747029326923076 0.32151874759615384
0 0.32265619951923075 0.3120967355769231 0.3205761370192307 0.3120967355769231 0.3205761370192307 0.32116415625 0.32265619951923075 0.32116415625 0.32265619951923075 0.3120967355769231
0 0.32442282451923077 0.32374761057692303 0.32128848798076926 0.32374761057692303 0.32128848798076926 0.3353478269230769 0.32442282451923077 0.3353478269230769 0.32442282451923077 0.32374761057692303
0 0.33342692548076924 0.31807414182692306 0.3307199951923077 0.31807414182692306 0.3307199951923077 0.3334735552884615 0.33342692548076924 0.3334735552884615 0.33342692548076924 0.31807414182692306
0 0.33787198557692305 0.3250140096153846 0.33542150480769234 0.3250140096153846 0.33542150480769234 0.33413208413461537 0.33787198557692305 0.33413208413461537 0.33787198557692305 0.3250140096153846
0 0.35196434375 0.32519525240384617 0.3472913293269231 0.32519525240384617 0.3472913293269231 0.3340701802884615 0.35196434375 0.3340701802884615 0.35196434375 0.32519525240384617
0 0.3561594375 0.32211973798076926 0.35331003846153847 0.32211973798076926 0.35331003846153847 0.3434110769230769 0.3561594375 0.3434110769230769 0.3561594375 0.32211973798076926
0 0.35932048798076927 0.32227803605769234 0.35566969711538465 0.32227803605769234 0.35566969711538465 0.3458647235576923 0.35932048798076927 0.3458647235576923 0.35932048798076927 0.32227803605769234
0 0.3657316346153846 0.3259980841346154 0.3616801466346154 0.3259980841346154 0.3616801466346154 0.34103657692307693 0.3657316346153846 0.34103657692307693 0.3657316346153846 0.3259980841346154
0 0.38300611298076925 0.32568148557692306 0.3794888870192308 0.32568148557692306 0.3794888870192308 0.34309447596153847 0.38300611298076925 0.34309447596153847 0.38300611298076925 0.32568148557692306
0 0.38670142548076925 0.3258397860576923 0.3838965504807692 0.3258397860576923 0.3838965504807692 0.34087827644230767 0.38670142548076925 0.34087827644230767 0.38670142548076925 0.3258397860576923
0 0.3924105192307692 0.3272453149038462 0.3900597644230769 0.3272453149038462 0.3900597644230769 0.34763434374999996 0.3924105192307692 0.34763434374999996 0.3924105192307692 0.3272453149038462
0 0.3958297980769231 0.3276885552884616 0.39305163221153844 0.3276885552884616 0.39305163221153844 0.34706446394230767 0.3958297980769231 0.34706446394230767 0.3958297980769231 0.3276885552884616
0 0.3986079615384615 0.32737195673076924 0.39668461778846154 0.32737195673076924 0.39668461778846154 0.34833086298076926 0.3986079615384615 0.34833086298076926 0.3986079615384615 0.32737195673076924
0 0.40295329326923074 0.3266754350961539 0.4000326610576923 0.3266754350961539 0.4000326610576923 0.34554478605769234 0.40295329326923074 0.34554478605769234 0.40295329326923074 0.3266754350961539
0 0.40612325 0.33193099278846155 0.40341631971153846 0.33193099278846155 0.40341631971153846 0.34712778365384617 0.40612325 0.34712778365384617 0.40612325 0.33193099278846155
0 0.4079041225961539 0.3292082331730769 0.4060520144230769 0.3292082331730769 0.4060520144230769 0.3469378245192308 0.4079041225961539 0.3469378245192308 0.4079041225961539 0.3292082331730769
1 0.4117508100961539 0.32756191586538463 0.4084027668269231 0.32756191586538463 0.4084027668269231 0.3457347451923077 0.4117508100961539 0.3457347451923077 0.4117508100961539 0.32756191586538463
1 0.4283391995192308 0.3255879278846154 0.41264524759615384 0.3255879278846154 0.41264524759615384 0.34992654086538466 0.4283391995192308 0.34992654086538466 0.4283391995192308 0.3255879278846154
1 0.44787316346153844 0.3192559302884615 0.4283948533653846 0.3192559302884615 0.4283948533653846 0.3508169759615385 0.44787316346153844 0.3508169759615385 0.44787316346153844 0.3192559302884615
0 0.4963626730769231 0.3343715552884615 0.4963626730769231 0.3325194519230769 0.4939849495192308 0.3325194519230769 0.4939849495192308 0.3482199759615385 0.4963626730769231 0.3482199759615385 0.4963626730769231 0.3343715552884615
0 0.49337623076923076 0.33192701201923075 0.4912391826923077 0.33192701201923075 0.4912391826923077 0.3481527548076923 0.49337623076923076 0.3481527548076923 0.49337623076923076 0.33192701201923075
0 0.4915063125 0.33319341105769235 0.4893247427884615 0.33319341105769235 0.4893247427884615 0.34878595192307693 0.4915063125 0.34878595192307693 0.4915063125 0.33319341105769235
0 0.45962866826923077 0.32543671634615384 0.45744709615384616 0.32543671634615384 0.45744709615384616 0.33920880769230766 0.45962866826923077 0.33920880769230766 0.45962866826923077 0.32543671634615384
0 0.4623445 0.3251992668269231 0.46020745192307694 0.3251992668269231 0.46020745192307694 0.3401586081730769 0.4623445 0.3401586081730769 0.4623445 0.3251992668269231
0 0.45691283413461536 0.32535756490384615 0.45459769951923074 0.32535756490384615 0.45459769951923074 0.3396837091346154 0.45691283413461536 0.3396837091346154 0.45691283413461536 0.32535756490384615
1 0.45464222115384617 0.3240911658653846 0.44827559615384616 0.3240911658653846 0.44827559615384616 0.3416624567307692 0.45464222115384617 0.3416624567307692 0.45464222115384617 0.3240911658653846
1 0.46813234134615384 0.32456606490384615 0.4633685024038462 0.32456606490384615 0.4633685024038462 0.34213735576923077 0.46813234134615384 0.34213735576923077 0.46813234134615384 0.32456606490384615
1 0.48914665384615386 0.3251992668269231 0.4695125192307692 0.3251992668269231 0.4695125192307692 0.35044810096153844 0.48914665384615386 0.35044810096153844 0.48914665384615386 0.3251992668269231
0 0.5007597283653846 0.3325194519230769 0.4963626730769231 0.3325194519230769 0.4963626730769231 0.34191988461538464 0.5007597283653846 0.34191988461538464 0.5007597283653846 0.3325194519230769
0 0.50624946875 0.3336585889423077 0.5023671634615384 0.3336585889423077 0.5023671634615384 0.3458160216346154 0.50624946875 0.3458160216346154 0.50624946875 0.3336585889423077
0 0.5146908125 0.32644011057692307 0.5113783870192308 0.32644011057692307 0.5113783870192308 0.34005390384615386 0.5146908125 0.34005390384615386 0.5146908125 0.32644011057692307
0 0.5215293677884616 0.3266933918269231 0.5190005264423078 0.3266933918269231 0.5190005264423078 0.33467170673076924 0.5215293677884616 0.33467170673076924 0.5215293677884616 0.3266933918269231
0 0.5412181730769231 0.3372017932692308 0.5381906850961539 0.3372017932692308 0.5381906850961539 0.3466997860576923 0.5412181730769231 0.3466997860576923 0.5412181730769231 0.3372017932692308
0 0.5599618701923077 0.34084268990384614 0.5557322956730769 0.34084268990384614 0.5557322956730769 0.3587305817307692 0.5599618701923077 0.3587305817307692 0.5599618701923077 0.34084268990384614
0 0.6159635240384616 0.31936424519230766 0.6127026466346154 0.31936424519230766 0.6127026466346154 0.33598264423076923 0.6159635240384616 0.33598264423076923 0.6159635240384616 0.31936424519230766
0 0.6386809735576923 0.3265140216346154 0.635202704326923 0.3265140216346154 0.635202704326923 0.3402338629807692 0.6386809735576923 0.3402338629807692 0.6386809735576923 0.3265140216346154
0 0.6600320889423077 0.33513478365384614 0.6572494735576923 0.33513478365384614 0.6572494735576923 0.3432971225961538 0.6600320889423077 0.3432971225961538 0.6600320889423077 0.33513478365384614
0 0.6654581899038461 0.33612415865384615 0.6607277427884616 0.33612415865384615 0.6607277427884616 0.3442864975961539 0.6654581899038461 0.3442864975961539 0.6654581899038461 0.33612415865384615
0 0.6640668822115384 0.32103619711538467 0.66163209375 0.32103619711538467 0.66163209375 0.33439275240384614 0.6640668822115384 0.33439275240384614 0.6640668822115384 0.32103619711538467
0 0.7103089927884615 0.3439433725961539 0.7062046346153846 0.3439433725961539 0.7062046346153846 0.3569289110576923 0.7103089927884615 0.3569289110576923 0.7103089927884615 0.3439433725961539
0 0.7216481514423077 0.33775978125 0.7183785769230769 0.33775978125 0.7183785769230769 0.3563105528846154 0.7216481514423077 0.3563105528846154 0.7216481514423077 0.33775978125
0 0.728952516826923 0.3401095456730769 0.7247785937500001 0.3401095456730769 0.7247785937500001 0.3553211778846154 0.728952516826923 0.3553211778846154 0.728952516826923 0.3401095456730769
0 0.7337525288461539 0.33652306490384615 0.7298568677884615 0.33652306490384615 0.7298568677884615 0.3507453221153846 0.7337525288461539 0.3507453221153846 0.7337525288461539 0.33652306490384615
0 0.7444655985576923 0.3413462644230769 0.7403612403846154 0.3413462644230769 0.7403612403846154 0.3518583677884616 0.7444655985576923 0.3518583677884616 0.7444655985576923 0.3413462644230769
1 0.7183785769230769 0.32650564663461534 0.7104481225961539 0.32650564663461534 0.7104481225961539 0.34048056250000003 0.7183785769230769 0.34048056250000003 0.7183785769230769 0.32650564663461534
1 0.7373699302884614 0.31166503124999995 0.7199090168269231 0.31166503124999995 0.7199090168269231 0.32477424278846156 0.7373699302884614 0.32477424278846156 0.7373699302884614 0.31166503124999995
1 0.7115611682692309 0.3083258918269231 0.6876306754807692 0.3083258918269231 0.6876306754807692 0.32341385096153846 0.7115611682692309 0.32341385096153846 0.7115611682692309 0.3083258918269231
1 0.7783031610576923 0.34600946394230764 0.7670391322115384 0.34600946394230764 0.7670391322115384 0.3574070576923077 0.7783031610576923 0.3574070576923077 0.7783031610576923 0.34600946394230764
0 0.7870751682692307 0.3448415240384615 0.7842925504807692 0.3448415240384615 0.7842925504807692 0.3517671442307692 0.7870751682692307 0.3517671442307692 0.7870751682692307 0.3448415240384615
0 0.7898577836538462 0.3432585240384615 0.7875760384615386 0.3432585240384615 0.7875760384615386 0.34998626923076925 0.7898577836538462 0.34998626923076925 0.7898577836538462 0.3432585240384615
0 0.7932525745192307 0.3429617115384615 0.7912490913461538 0.3429617115384615 0.7912490913461538 0.34830433413461537 0.7932525745192307 0.34830433413461537 0.7932525745192307 0.3429617115384615
0 0.7999865048076923 0.34434683653846154 0.7947551875 0.34434683653846154 0.7947551875 0.35295439423076924 0.7999865048076923 0.35295439423076924 0.7999865048076923 0.34434683653846154
0 0.8701996562500001 0.3453502932692307 0.8653022524038462 0.3453502932692307 0.8653022524038462 0.3531663509615385 0.8701996562500001 0.3531663509615385 0.8701996562500001 0.3453502932692307
0 0.8763770625 0.34891204086538463 0.8721474855769231 0.34891204086538463 0.8721474855769231 0.3591025961538462 0.8763770625 0.3591025961538462 0.8763770625 0.34891204086538463
0 0.9110766562499999 0.3379048028846154 0.9076853413461539 0.3379048028846154 0.9076853413461539 0.35073575480769226 0.9110766562499999 0.35073575480769226 0.9110766562499999 0.3379048028846154
0 0.9012505432692308 0.33280334134615386 0.8958592259615384 0.33280334134615386 0.8958592259615384 0.3430062644230769 0.9012505432692308 0.3430062644230769 0.9012505432692308 0.33280334134615386
0 0.7938086826923076 0.3251200745192308 0.7909825889423078 0.3251200745192308 0.7909825889423078 0.3376804927884616 0.7938086826923076 0.3376804927884616 0.7938086826923076 0.3251200745192308
0 0.76283034375 0.31874324519230773 0.7597868581730769 0.31874324519230773 0.7597868581730769 0.3264727331730769 0.76283034375 0.3264727331730769 0.76283034375 0.31874324519230773
0 0.7741347187500001 0.31874324519230773 0.7723955841346153 0.31874324519230773 0.7723955841346153 0.3270524447115385 0.7741347187500001 0.3270524447115385 0.7741347187500001 0.31874324519230773
0 0.7768521177884615 0.31951619471153847 0.775330375 0.31951619471153847 0.775330375 0.32550654807692303 0.7768521177884615 0.32550654807692303 0.7768521177884615 0.31951619471153847
0 0.7801129951923076 0.31951619471153847 0.7768521177884615 0.31951619471153847 0.7768521177884615 0.32589302163461537 0.7801129951923076 0.32589302163461537 0.7801129951923076 0.31951619471153847
0 0.8441373581730769 0.3333358653846154 0.8382243004807692 0.3333358653846154 0.8382243004807692 0.34044699519230764 0.8441373581730769 0.34044699519230764 0.8441373581730769 0.3333358653846154
0 0.8365721225961539 0.32761604326923077 0.8330068966346154 0.32761604326923077 0.8330068966346154 0.3385919158653846 0.8365721225961539 0.3385919158653846 0.8365721225961539 0.32761604326923077
0 0.8501345240384615 0.3268969903846154 0.8463084254807692 0.3268969903846154 0.8463084254807692 0.3380274519230769 0.8501345240384615 0.3380274519230769 0.8501345240384615 0.3268969903846154
0 0.854047576923077 0.32643322115384615 0.8501345240384615 0.32643322115384615 0.8501345240384615 0.3380274519230769 0.854047576923077 0.3380274519230769 0.854047576923077 0.32643322115384615
0 0.8583954134615385 0.33184386298076923 0.8563954086538461 0.33184386298076923 0.8563954086538461 0.33663614423076926 0.8583954134615385 0.33663614423076926 0.8583954134615385 0.33184386298076923
1 0.958941204326923 0.32618645192307694 0.9313324375 0.32618645192307694 0.9313324375 0.3493749158653846 0.958941204326923 0.3493749158653846 0.958941204326923 0.32618645192307694
1 0.5723797115384616 0.3258691298076923 0.5641439158653846 0.3258691298076923 0.5641439158653846 0.33737309855769226 0.5723797115384616 0.33737309855769226 0.5723797115384616 0.3258691298076923
1 0.5294527283653846 0.3358150480769231 0.538663375 0.3358150480769231 0.538663375 0.32589474278846153 0.5294527283653846 0.32589474278846153 0.5294527283653846 0.3358150480769231
0 0.6016761899038461 0.3327975360576923 0.6052797716346153 0.3327975360576923 0.6052797716346153 0.3193154831730769 0.6016761899038461 0.3193154831730769 0.6016761899038461 0.3327975360576923
0 0.6377094759615385 0.33936376201923074 0.6414206250000001 0.33936376201923074 0.6414206250000001 0.3265140216346154 0.6377094759615385 0.3265140216346154 0.6377094759615385 0.33936376201923074
1 0.6726763774038461 0.3184917091346154 0.6644494567307693 0.3184917091346154 0.6644494567307693 0.33348451682692304 0.6726763774038461 0.33348451682692304 0.6726763774038461 0.3184917091346154
0 0.7357282620192307 0.3520004134615385 0.7394458653846154 0.3520004134615385 0.7394458653846154 0.33645685096153843 0.7357282620192307 0.33645685096153843 0.7357282620192307 0.3520004134615385
0 0.7473348822115384 0.35455632451923075 0.7527133605769231 0.35455632451923075 0.7527133605769231 0.34094040625 0.7473348822115384 0.34094040625 0.7473348822115384 0.35455632451923075
0 0.7575755072115384 0.352338 0.7598990096153847 0.352338 0.7598990096153847 0.3403284567307692 0.7575755072115384 0.3403284567307692 0.7575755072115384 0.352338
0 0.7575755072115384 0.3403284567307692 0.7530145552884615 0.3403284567307692 0.7530145552884615 0.34790135336538464 0.7575755072115384 0.34790135336538464 0.7575755072115384 0.3403284567307692
0 0.706617891826923 0.33727618028846157 0.7034854663461538 0.33727618028846157 0.7034854663461538 0.34951520673076925 0.706617891826923 0.34951520673076925 0.706617891826923 0.33727618028846157
1 0.7034854663461538 0.33020446875 0.6961906995192308 0.33020446875 0.6961906995192308 0.3417091538461538 0.7034854663461538 0.3417091538461538 0.7034854663461538 0.33020446875
0 0.5351795889423077 0.3373418485576923 0.531186608173077 0.3373418485576923 0.531186608173077 0.34535841105769227 0.5351795889423077 0.34535841105769227 0.5351795889423077 0.3373418485576923
1 0.38717382211538465 0.4074391923076923 0.3989917692307693 0.4074391923076923 0.3989917692307693 0.36378574038461536 0.38717382211538465 0.36378574038461536 0.38717382211538465 0.4074391923076923
1 0.34809253124999995 0.44490645673076923 0.36161751442307694 0.44490645673076923 0.36161751442307694 0.38047676682692305 0.34809253124999995 0.38047676682692305 0.34809253124999995 0.44490645673076923
0 0.12702726201923079 0.2955951298076923 0.1215647451923077 0.2955951298076923 0.1215647451923077 0.31412100000000004 0.12702726201923079 0.31412100000000004 0.12702726201923079 0.2955951298076923
0 0.5225144639423077 0.30979524759615384 0.5204303028846154 0.30979524759615384 0.5204303028846154 0.3178032067307692 0.5225144639423077 0.3178032067307692 0.5225144639423077 0.30979524759615384
1 0.6728549567307692 0.524911045673077 0.6460797620192308 0.524911045673077 0.6460797620192308 0.6175309975961538 0.6728549567307692 0.6175309975961538 0.6728549567307692 0.524911045673077
0 0.9873080264423078 0.34187069471153847 0.9801622211538461 0.34187069471153847 0.9801622211538461 0.3619409639423077 0.9873080264423078 0.3619409639423077 0.9873080264423078 0.34187069471153847