1 0.1478275360576923 0.0303411875 0.01617930048076923 0.0303411875 0.01617930048076923 0.09912067307692309 0.1478275360576923 0.09912067307692309 0.1478275360576923 0.0303411875
1 0.7880661322115384 0.4708580072115385 0.7712079615384616 0.4708580072115385 0.7712079615384616 0.4976227331730769 0.7880661322115384 0.4976227331730769 0.7880661322115384 0.4708580072115385
1 0.7034453677884615 0.41128403365384614 0.6878673365384615 0.41128403365384614 0.6878673365384615 0.42859295913461537 0.7034453677884615 0.42859295913461537 0.7034453677884615 0.41128403365384614
1 0.57915121875 0.4480861225961539 0.5657656514423077 0.4480861225961539 0.5657656514423077 0.4646001201923077 0.57915121875 0.4646001201923077 0.57915121875 0.4480861225961539
1 0.32244765384615387 0.21277366346153848 0.31532575240384614 0.21277366346153848 0.31532575240384614 0.22687723076923078 0.32244765384615387 0.22687723076923078 0.32244765384615387 0.21277366346153848
1 0.26867348076923075 0.24141615384615384 0.25920766346153845 0.24141615384615384 0.25920766346153845 0.2526349014423077 0.26867348076923075 0.2526349014423077 0.26867348076923075 0.24141615384615384
1 0.22416159855769233 0.2630523100961538 0.21424502644230767 0.2630523100961538 0.21424502644230767 0.27707574278846153 0.22416159855769233 0.27707574278846153 0.22416159855769233 0.2630523100961538
1 0.12757417307692306 0.2907018870192308 0.11698147355769231 0.2907018870192308 0.11698147355769231 0.3027219759615385 0.12757417307692306 0.3027219759615385 0.12757417307692306 0.2907018870192308
1 0.15800001682692308 0.27928280528846156 0.15090065384615386 0.27928280528846156 0.15090065384615386 0.2894998798076923 0.15800001682692308 0.2894998798076923 0.15800001682692308 0.27928280528846156
1 0.17501595192307692 0.25544296875 0.1671277716346154 0.25544296875 0.1671277716346154 0.27066841105769235 0.17501595192307692 0.27066841105769235 0.17501595192307692 0.25544296875
1 0.1816645625 0.24943292548076926 0.17546670673076925 0.24943292548076926 0.17546670673076925 0.26125267788461537 0.1816645625 0.26125267788461537 0.1816645625 0.24943292548076926
1 0.1867355360576923 0.21357299999999999 0.1794107956730769 0.21357299999999999 0.1794107956730769 0.22799710336538462 0.1867355360576923 0.22799710336538462 0.1867355360576923 0.21357299999999999
1 0.17163530288461537 0.20656128365384616 0.1647613173076923 0.20656128365384616 0.1647613173076923 0.2185813701923077 0.17163530288461537 0.2185813701923077 0.17163530288461537 0.20656128365384616
1 0.12013674519230769 0.24222087259615385 0.10943135576923077 0.24222087259615385 0.10943135576923077 0.25263828125 0.12013674519230769 0.25263828125 0.12013674519230769 0.24222087259615385
1 0.03490098798076923 0.16996765865384617 0.02960463701923077 0.16996765865384617 0.02960463701923077 0.18118640625 0.03490098798076923 0.18118640625 0.03490098798076923 0.16996765865384617
1 0.01585666346153846 0.17818138461538463 0.010447625 0.17818138461538463 0.010447625 0.19120314423076923 0.01585666346153846 0.19120314423076923 0.01585666346153846 0.17818138461538463
1 0.15999636778846152 0.22267405048076924 0.15342359375 0.22267405048076924 0.15342359375 0.23678787499999998 0.15999636778846152 0.23678787499999998 0.15999636778846152 0.22267405048076924
1 0.19224030048076923 0.3175324927884615 0.20728323557692307 0.3175324927884615 0.20728323557692307 0.30662613221153845 0.19224030048076923 0.30662613221153845 0.19224030048076923 0.3175324927884615
1 0.0604990889423077 0.24629391105769233 0.06697007211538461 0.24629391105769233 0.06697007211538461 0.23807679086538464 0.0604990889423077 0.23807679086538464 0.0604990889423077 0.24629391105769233
1 0.06658213221153847 0.1982367548076923 0.07288503605769231 0.1982367548076923 0.07288503605769231 0.1920739158653846 0.06658213221153847 0.1920739158653846 0.06658213221153847 0.1982367548076923
1 0.09074326442307692 0.2122432091346154 0.09809665384615385 0.2122432091346154 0.09809665384615385 0.20477310096153845 0.09074326442307692 0.20477310096153845 0.09074326442307692 0.2122432091346154
1 0.10786615625 0.22158084615384616 0.11532459375000001 0.22158084615384616 0.11532459375000001 0.21317697355769233 0.10786615625 0.21317697355769233 0.10786615625 0.22158084615384616
1 0.12648073557692308 0.1956705721153846 0.13379210576923078 0.1956705721153846 0.13379210576923078 0.18745345192307694 0.12648073557692308 0.18745345192307694 0.12648073557692308 0.1956705721153846
1 0.16224551682692306 0.2855900769230769 0.16869969230769233 0.2855900769230769 0.16869969230769233 0.2766259471153846 0.16224551682692306 0.2766259471153846 0.16224551682692306 0.2855900769230769
1 0.17597161778846154 0.3309138173076923 0.1906783942307692 0.3309138173076923 0.1906783942307692 0.3234437067307692 0.17597161778846154 0.3234437067307692 0.17597161778846154 0.3309138173076923