1 0.14761904807692308 0.03439153365384615 0.019047620192307692 0.03439153365384615 0.019047620192307692 0.1021164014423077 0.14761904807692308 0.1021164014423077 0.14761904807692308 0.03439153365384615
0 0.48082376201923077 0.21838730528846154 0.4786552764423077 0.21838730528846154 0.4786552764423077 0.22630037019230767 0.48082376201923077 0.22630037019230767 0.48082376201923077 0.21838730528846154
0 0.4159975120192308 0.23725691826923076 0.41325837499999996 0.23725691826923076 0.41325837499999996 0.2439525889423077 0.4159975120192308 0.2439525889423077 0.4159975120192308 0.23725691826923076
1 0.5130452019230769 0.25479820673076925 0.510370264423077 0.25479820673076925 0.510370264423077 0.259236625 0.5130452019230769 0.259236625 0.5130452019230769 0.25479820673076925
1 0.4319267932692308 0.26422337980769234 0.4319267932692308 0.25930003125 0.43021483173076924 0.25930003125 0.43021483173076924 0.26619859855769235 0.4319267932692308 0.26619859855769235 0.4319267932692308 0.26422337980769234
1 0.4225680745192308 0.24245940865384613 0.42074198317307687 0.24245940865384613 0.42074198317307687 0.2485463798076923 0.4225680745192308 0.2485463798076923 0.4225680745192308 0.24245940865384613
1 0.4852258389423077 0.25503914903846153 0.48282909375 0.25503914903846153 0.48282909375 0.26011162740384614 0.4852258389423077 0.26011162740384614 0.4852258389423077 0.25503914903846153
1 0.4388887668269231 0.2452999951923077 0.43774745913461544 0.2452999951923077 0.43774745913461544 0.2509811682692308 0.4388887668269231 0.2509811682692308 0.4388887668269231 0.2452999951923077
1 0.49949218028846154 0.28182182692307695 0.4969813028846154 0.28182182692307695 0.4969813028846154 0.28689430288461537 0.49949218028846154 0.28689430288461537 0.49949218028846154 0.28182182692307695
1 0.49036172115384613 0.28486531249999997 0.4885356298076923 0.28486531249999997 0.4885356298076923 0.2891261923076923 0.49036172115384613 0.2891261923076923 0.49036172115384613 0.28486531249999997
1 0.4820301802884615 0.28222762500000004 0.48043234855769235 0.28222762500000004 0.48043234855769235 0.2862856057692308 0.4820301802884615 0.2862856057692308 0.4820301802884615 0.28222762500000004
1 0.4974108004807692 0.2672796442307692 0.49628885096153846 0.2672796442307692 0.49628885096153846 0.27160123317307694 0.4974108004807692 0.27160123317307694 0.4974108004807692 0.2672796442307692
1 0.5050774639423077 0.2640384543269231 0.5035347812500001 0.2640384543269231 0.5035347812500001 0.2677782908653846 0.5050774639423077 0.2677782908653846 0.5050774639423077 0.2640384543269231
1 0.4883884471153846 0.2634567019230769 0.4868457644230769 0.2634567019230769 0.4868457644230769 0.2669472139423077 0.4883884471153846 0.2669472139423077 0.4883884471153846 0.2634567019230769
1 0.45841538461538456 0.25181747836538465 0.4556762475961538 0.25181747836538465 0.4556762475961538 0.25648415625 0.45841538461538456 0.25648415625 0.45841538461538456 0.25181747836538465
1 0.44061099278846155 0.2548609639423077 0.43946968509615386 0.2548609639423077 0.43946968509615386 0.25912184374999997 0.44061099278846155 0.25912184374999997 0.44061099278846155 0.2548609639423077
1 0.4845197283653846 0.2632023966346154 0.4845197283653846 0.2618806923076923 0.48293029807692306 0.2618806923076923 0.48293029807692306 0.26537120673076925 0.4845197283653846 0.26537120673076925 0.4845197283653846 0.2632023966346154
1 0.4858286706730769 0.2676982139423077 0.4858286706730769 0.27069008413461537 0.48751159615384615 0.27069008413461537 0.48751159615384615 0.2676982139423077 0.4862494014423077 0.2676982139423077 0.4858286706730769 0.2676982139423077
1 0.48751159615384615 0.2583901802884615 0.4859689134615385 0.2583901802884615 0.4859689134615385 0.2619638004807692 0.48751159615384615 0.2619638004807692 0.48751159615384615 0.2583901802884615
1 0.48227290625 0.27419893749999996 0.4840989975961539 0.27419893749999996 0.4840989975961539 0.27108240865384614 0.48227290625 0.27108240865384614 0.48227290625 0.27419893749999996
1 0.47978942067307695 0.27160183173076924 0.4777441995192308 0.27160183173076924 0.4777441995192308 0.27471836057692306 0.47978942067307695 0.27471836057692306 0.47978942067307695 0.27160183173076924
1 0.4938868485576923 0.2714719759615385 0.49556685096153846 0.2714719759615385 0.49556685096153846 0.26848530048076924 0.4938868485576923 0.26848530048076924 0.4938868485576923 0.2714719759615385
1 0.4366102235576923 0.26443062500000003 0.4350896971153846 0.26443062500000003 0.4350896971153846 0.26814746875 0.4366102235576923 0.26814746875 0.4366102235576923 0.26443062500000003
1 0.45675720192307695 0.23638535817307693 0.45510996394230774 0.23638535817307693 0.45510996394230774 0.2406653581730769 0.45675720192307695 0.2406653581730769 0.45675720192307695 0.23638535817307693
1 0.4478241081730769 0.24449483173076925 0.4463035817307693 0.24449483173076925 0.4463035817307693 0.24809904326923077 0.4478241081730769 0.24809904326923077 0.4478241081730769 0.24449483173076925
1 0.52316415625 0.26767584134615385 0.5216436298076923 0.26767584134615385 0.5216436298076923 0.2714602644230769 0.52316415625 0.2714602644230769 0.52316415625 0.26767584134615385
1 0.44300628846153844 0.2572388365384616 0.44981203124999997 0.2572388365384616 0.44981203124999997 0.25063932932692307 0.44300628846153844 0.25063932932692307 0.44300628846153844 0.2572388365384616
1 0.4221452355769231 0.2489264591346154 0.42420370192307694 0.2489264591346154 0.42420370192307694 0.2454371706730769 0.4221452355769231 0.2454371706730769 0.4221452355769231 0.2489264591346154
1 0.4088370072115385 0.24722436778846155 0.4067785384615385 0.24722436778846155 0.4067785384615385 0.25139449278846154 0.4088370072115385 0.25139449278846154 0.4088370072115385 0.24722436778846155
1 0.41592196153846156 0.24807541346153844 0.41309755528846154 0.24807541346153844 0.41309755528846154 0.2530114783653846 0.41592196153846156 0.2530114783653846 0.41592196153846156 0.24807541346153844
1 0.9984451442307692 0.7900909134615385 0.902033014423077 0.7900909134615385 0.902033014423077 0.8624154927884615 0.9984451442307692 0.8624154927884615 0.9984451442307692 0.7900909134615385
1 0.5074887139423077 0.2643922427884615 0.5060160600961539 0.2643922427884615 0.5060160600961539 0.2677084447115385 0.5074887139423077 0.2677084447115385 0.5074887139423077 0.2643922427884615
1 0.4611491875 0.2539200336538462 0.45967653365384614 0.2539200336538462 0.45967653365384614 0.2572362331730769 0.4611491875 0.2572362331730769 0.4611491875 0.2539200336538462
1 0.4365362235576923 0.24567316826923077 0.43329638221153843 0.24567316826923077 0.43329638221153843 0.25370186298076924 0.4365362235576923 0.25370186298076924 0.4365362235576923 0.24567316826923077
1 0.4319267932692308 0.2685868004807692 0.4336733822115385 0.2685868004807692 0.4336733822115385 0.26422337980769234 0.4319267932692308 0.26422337980769234 0.4319267932692308 0.2685868004807692
1 0.4858286706730769 0.2632023966346154 0.4845197283653846 0.2632023966346154 0.4845197283653846 0.2676982139423077 0.4858286706730769 0.2676982139423077 0.4858286706730769 0.2632023966346154
1 0.39466968028846156 0.24807226923076925 0.39282886298076924 0.24807226923076925 0.39282886298076924 0.25614459615384616 0.39466968028846156 0.25614459615384616 0.39466968028846156 0.24807226923076925
1 0.40579803846153845 0.22714530288461537 0.3974529975961539 0.22714530288461537 0.3974529975961539 0.23783568509615385 0.40579803846153845 0.23783568509615385 0.40579803846153845 0.22714530288461537
1 0.43635562019230767 0.21710943509615385 0.42702880769230767 0.21710943509615385 0.42702880769230767 0.22823615865384614 0.43635562019230767 0.22823615865384614 0.43635562019230767 0.21710943509615385
1 0.46973578846153846 0.20772808173076923 0.4535365889423077 0.20772808173076923 0.4535365889423077 0.2158004110576923 0.46973578846153846 0.2158004110576923 0.46973578846153846 0.20772808173076923
1 0.42948323317307696 0.20947344951923078 0.41954281490384615 0.20947344951923078 0.41954281490384615 0.21929114663461538 0.42948323317307696 0.21929114663461538 0.42948323317307696 0.20947344951923078
1 0.3843218293269231 0.24634435576923078 0.36787718750000004 0.24634435576923078 0.36787718750000004 0.26008912980769233 0.3843218293269231 0.26008912980769233 0.3843218293269231 0.24634435576923078