1 0.14481262980769233 0.03921638221153846 0.02108369471153846 0.03921638221153846 0.02108369471153846 0.09610325 0.14481262980769233 0.09610325 0.14481262980769233 0.03921638221153846
0 0.3741383774038462 0.4738563125 0.36365299038461535 0.4738563125 0.36365299038461535 0.4997461586538462 0.3741383774038462 0.4997461586538462 0.3741383774038462 0.4738563125
0 0.35520642788461537 0.48421225 0.3397696081730769 0.48421225 0.3397696081730769 0.5075131129807692 0.35520642788461537 0.5075131129807692 0.35520642788461537 0.48421225
0 0.33452691346153846 0.5235648149038462 0.3080221850961538 0.5235648149038462 0.3080221850961538 0.5577394110576923 0.33452691346153846 0.5577394110576923 0.33452691346153846 0.5235648149038462
0 0.29614284375 0.4438510360576923 0.2806710721153846 0.4438510360576923 0.2806710721153846 0.46704833653846156 0.29614284375 0.46704833653846156 0.29614284375 0.4438510360576923
0 0.40812944711538457 0.47269218028846155 0.38980490624999997 0.47269218028846155 0.38980490624999997 0.4934599951923077 0.40812944711538457 0.4934599951923077 0.40812944711538457 0.47269218028846155
0 0.45035224759615383 0.45748959615384616 0.42698845673076924 0.45748959615384616 0.42698845673076924 0.4743210288461538 0.45035224759615383 0.4743210288461538 0.45035224759615383 0.45748959615384616
0 0.33754563221153844 0.4876283461538462 0.3289330985576923 0.4876283461538462 0.3289330985576923 0.5101064495192308 0.33754563221153844 0.5101064495192308 0.33754563221153844 0.4876283461538462
0 0.26768261778846153 0.2251230264423077 0.2641408870192308 0.2251230264423077 0.2641408870192308 0.24003557692307692 0.26768261778846153 0.24003557692307692 0.26768261778846153 0.2251230264423077
0 0.2730884158653846 0.22346607692307693 0.2693602788461539 0.22346607692307693 0.2693602788461539 0.2363902860576923 0.2730884158653846 0.2363902860576923 0.2730884158653846 0.22346607692307693
0 0.6015658653846153 0.21443115865384615 0.5962975600961539 0.21443115865384615 0.5962975600961539 0.2387281442307692 0.6015658653846153 0.2387281442307692 0.6015658653846153 0.21443115865384615
0 0.49691428846153846 0.43705968269230766 0.4796586802884616 0.43705968269230766 0.4796586802884616 0.44859735817307694 0.49691428846153846 0.44859735817307694 0.49691428846153846 0.43705968269230766
0 0.5403587259615384 0.41737776682692307 0.5205834903846154 0.41737776682692307 0.5205834903846154 0.43095150240384617 0.5403587259615384 0.43095150240384617 0.5403587259615384 0.41737776682692307
0 0.29586435096153846 0.39447173798076923 0.28664099759615386 0.39447173798076923 0.28664099759615386 0.41466945432692304 0.29586435096153846 0.41466945432692304 0.29586435096153846 0.39447173798076923
1 0.6099995144230769 0.22514691346153848 0.6027918605769231 0.22514691346153848 0.6027918605769231 0.23828628846153846 0.6099995144230769 0.23828628846153846 0.6099995144230769 0.22514691346153848
0 0.4805851826923077 0.6848222187499999 0.47701996153846155 0.6848222187499999 0.47701996153846155 0.6953302427884616 0.4805851826923077 0.6953302427884616 0.4805851826923077 0.6848222187499999
0 0.4795875889423077 0.25274443509615385 0.47630383173076923 0.25274443509615385 0.47630383173076923 0.2704802043269231 0.4795875889423077 0.2704802043269231 0.4795875889423077 0.25274443509615385
0 0.48546707932692307 0.2520216610576923 0.4808698173076923 0.2520216610576923 0.4808698173076923 0.27259292788461537 0.48546707932692307 0.27259292788461537 0.48546707932692307 0.2520216610576923
0 0.31685215625 0.2625531201923077 0.3060528918269231 0.2625531201923077 0.3060528918269231 0.28644289423076924 0.31685215625 0.28644289423076924 0.31685215625 0.2625531201923077
1 0.7019591370192307 0.514858076923077 0.6939421490384615 0.514858076923077 0.6939421490384615 0.5365760528846154 0.7019591370192307 0.5365760528846154 0.7019591370192307 0.514858076923077
1 0.6518529663461539 0.5172334807692308 0.6430724567307693 0.5172334807692308 0.6430724567307693 0.5326736057692307 0.6518529663461539 0.5326736057692307 0.6518529663461539 0.5172334807692308
0 0.3614788221153846 0.2579012091346154 0.3571786634615384 0.2579012091346154 0.3571786634615384 0.27610956009615384 0.3614788221153846 0.27610956009615384 0.3614788221153846 0.2579012091346154
0 0.3708218942307692 0.2579707067307692 0.36695175240384614 0.2579707067307692 0.36695175240384614 0.2790979543269231 0.3708218942307692 0.2790979543269231 0.3708218942307692 0.2579707067307692
0 0.8288720961538462 0.2749018701923077 0.8236190600961538 0.2749018701923077 0.8236190600961538 0.2994431826923077 0.8288720961538462 0.2994431826923077 0.8288720961538462 0.2749018701923077
0 0.8052064735576923 0.19493220913461537 0.7992414543269231 0.19493220913461537 0.7992414543269231 0.2209131875 0.8052064735576923 0.2209131875 0.8052064735576923 0.19493220913461537
0 0.8443964230769231 0.10619488461538462 0.8382822788461539 0.10619488461538462 0.8382822788461539 0.1266085096153846 0.8443964230769231 0.1266085096153846 0.8443964230769231 0.10619488461538462
0 0.038435978365384614 0.29851093509615384 0.027899365384615384 0.29851093509615384 0.027899365384615384 0.3271515168269231 0.038435978365384614 0.3271515168269231 0.038435978365384614 0.29851093509615384
0 0.44877938942307694 0.2478366298076923 0.44305296875 0.2478366298076923 0.44305296875 0.2700975552884616 0.44877938942307694 0.2700975552884616 0.44877938942307694 0.2478366298076923
0 0.11595067067307692 0.7439193557692309 0.09835386057692307 0.7439193557692309 0.09835386057692307 0.7701654447115385 0.11595067067307692 0.7701654447115385 0.11595067067307692 0.7439193557692309