1 0.8025530216346154 0.6636975408653847 0.7953949975961538 0.6636975408653847 0.7953949975961538 0.6910040793269231 0.8025530216346154 0.6910040793269231 0.8025530216346154 0.6636975408653847
1 0.7837632067307693 0.6379816754807692 0.7773508100961538 0.6379816754807692 0.7773508100961538 0.6589255240384616 0.7837632067307693 0.6589255240384616 0.7837632067307693 0.6379816754807692
1 0.7669120240384615 0.6785438149038462 0.7581136201923078 0.6785438149038462 0.7581136201923078 0.7037294543269231 0.7669120240384615 0.7037294543269231 0.7669120240384615 0.6785438149038462
1 0.6885376249999999 0.6301449639423077 0.6815704807692308 0.6301449639423077 0.6815704807692308 0.6435490288461538 0.6885376249999999 0.6435490288461538 0.6885376249999999 0.6301449639423077
1 0.6758440600961539 0.6294662788461539 0.6672544302884614 0.6294662788461539 0.6672544302884614 0.6420219831730769 0.6758440600961539 0.6420219831730769 0.6758440600961539 0.6294662788461539
1 0.6218821009615384 0.6650633990384616 0.6166901490384615 0.6650633990384616 0.6166901490384615 0.6858312139423077 0.6218821009615384 0.6858312139423077 0.6218821009615384 0.6650633990384616
1 0.6357018605769231 0.6688640432692308 0.6286011009615385 0.6688640432692308 0.6286011009615385 0.693975454326923 0.6357018605769231 0.693975454326923 0.6357018605769231 0.6688640432692308
1 0.610887375 0.6562404711538462 0.6051609567307692 0.6562404711538462 0.6051609567307692 0.6823020408653846 0.610887375 0.6823020408653846 0.610887375 0.6562404711538462
1 0.6377694807692307 0.643367139423077 0.6340557067307693 0.643367139423077 0.6340557067307693 0.6532705360576923 0.6377694807692307 0.6532705360576923 0.6377694807692307 0.643367139423077
1 0.620959766826923 0.637199235576923 0.6159754903846154 0.637199235576923 0.6159754903846154 0.6524886899038461 0.620959766826923 0.6524886899038461 0.620959766826923 0.637199235576923
1 0.6151447788461538 0.6364173870192308 0.610893485576923 0.6364173870192308 0.610893485576923 0.6522280745192308 0.6151447788461538 0.6522280745192308 0.6151447788461538 0.6364173870192308
1 0.6084502115384616 0.6358961562500001 0.6047853028846154 0.6358961562500001 0.6047853028846154 0.6501431490384615 0.6084502115384616 0.6501431490384615 0.6084502115384616 0.6358961562500001
1 0.6000942211538461 0.6430196538461538 0.5971134278846153 0.6430196538461538 0.5971134278846153 0.6543998725961538 0.6000942211538461 0.6543998725961538 0.6000942211538461 0.6430196538461538
1 0.6047853028846154 0.6322475360576922 0.6016090504807692 0.6322475360576922 0.6016090504807692 0.6457995528846154 0.6047853028846154 0.6457995528846154 0.6047853028846154 0.6322475360576922
1 0.6020488389423077 0.6318131778846153 0.5987259879807693 0.6318131778846153 0.5987259879807693 0.6437146274038461 0.6020488389423077 0.6437146274038461 0.6020488389423077 0.6318131778846153
1 0.59385853125 0.6684446153846154 0.5913694471153846 0.6684446153846154 0.5902913533653846 0.6684446153846154 0.5902913533653846 0.6737438028846154 0.59385853125 0.6737438028846154 0.59385853125 0.6684446153846154
1 0.5762211586538462 0.6494888942307693 0.5723730048076923 0.6494888942307693 0.5723730048076923 0.6611080120192308 0.5762211586538462 0.6611080120192308 0.5762211586538462 0.6494888942307693
1 0.5795469423076923 0.6434651971153845 0.5755751586538461 0.6434651971153845 0.5755751586538461 0.6560859471153846 0.5795469423076923 0.6560859471153846 0.5795469423076923 0.6434651971153845
1 0.5839252860576922 0.6441879711538461 0.580422610576923 0.6441879711538461 0.580422610576923 0.655363173076923 0.5839252860576922 0.655363173076923 0.5839252860576922 0.6441879711538461
1 0.5376296129807693 0.6726538197115384 0.5342578966346154 0.6726538197115384 0.5342578966346154 0.67812675 0.5376296129807693 0.67812675 0.5376296129807693 0.6726538197115384
1 0.5418809062500001 0.6717851009615384 0.5387046514423077 0.6717851009615384 0.5387046514423077 0.6789954687499999 0.5418809062500001 0.6789954687499999 0.5418809062500001 0.6717851009615384
1 0.5201716682692308 0.6653307908653846 0.5144910600961539 0.6653307908653846 0.5144910600961539 0.6746695192307691 0.5201716682692308 0.6746695192307691 0.5201716682692308 0.6653307908653846
1 0.5187057043269231 0.6815106826923076 0.5236533317307692 0.6815106826923076 0.5236533317307692 0.6746695192307691 0.5187057043269231 0.6746695192307691 0.5187057043269231 0.6815106826923076
1 0.5246184230769231 0.6435867524038461 0.5211001129807692 0.6435867524038461 0.5211001129807692 0.6511619831730768 0.5246184230769231 0.6511619831730768 0.5246184230769231 0.6435867524038461
1 0.5365403701923077 0.6372820240384616 0.5320355889423077 0.6372820240384616 0.5320355889423077 0.6520773942307693 0.5365403701923077 0.6520773942307693 0.5365403701923077 0.6372820240384616
1 0.5394417572115384 0.6328026923076924 0.5362349615384615 0.6328026923076924 0.5362349615384615 0.6516701826923076 0.5394417572115384 0.6516701826923076 0.5394417572115384 0.6328026923076924
1 0.5396708149038462 0.6519416586538462 0.5428012572115384 0.6519416586538462 0.5428012572115384 0.63117384375 0.5396708149038462 0.63117384375 0.5396708149038462 0.6519416586538462
1 0.4769238701923077 0.66653003125 0.4723427355769231 0.66653003125 0.4723427355769231 0.6745656802884615 0.4769238701923077 0.6745656802884615 0.4769238701923077 0.66653003125
1 0.46788376442307694 0.6620778461538461 0.46354695432692306 0.6620778461538461 0.46354695432692306 0.6692447764423076 0.46788376442307694 0.6692447764423076 0.46788376442307694 0.6620778461538461
1 0.46533741586538463 0.6177002139423077 0.4582519254807692 0.6177002139423077 0.4582519254807692 0.6389838317307692 0.46533741586538463 0.6389838317307692 0.46533741586538463 0.6177002139423077
0 0.4273352259615385 0.6030516105769231 0.4228151706730769 0.6030516105769231 0.4228151706730769 0.6209689399038462 0.4273352259615385 0.6209689399038462 0.4273352259615385 0.6030516105769231
0 0.4310612163461538 0.6067436658653846 0.42849578125 0.6067436658653846 0.42849578125 0.6259640745192308 0.4310612163461538 0.6259640745192308 0.4310612163461538 0.6067436658653846
0 0.4310612163461538 0.6229235576923077 0.43393206009615387 0.6229235576923077 0.43393206009615387 0.6007712211538462 0.4310612163461538 0.6007712211538462 0.4310612163461538 0.6229235576923077
0 0.4310612163461538 0.5979478846153846 0.4268465721153846 0.5979478846153846 0.4268465721153846 0.6229235576923077 0.4310612163461538 0.6229235576923077 0.4310612163461538 0.5979478846153846
0 0.38252456250000005 0.5836458341346155 0.37889782932692306 0.5836458341346155 0.37889782932692306 0.5980679278846154 0.38252456250000005 0.5980679278846154 0.38252456250000005 0.5836458341346155
0 0.3780388677884616 0.5839851778846155 0.3745075745192308 0.5839851778846155 0.3745075745192308 0.5965408822115384 0.3780388677884616 0.5965408822115384 0.3780388677884616 0.5839851778846155
0 0.36066872836538466 0.5804220721153845 0.3577100769230769 0.5804220721153845 0.3577100769230769 0.590602375 0.36066872836538466 0.590602375 0.36066872836538466 0.5804220721153845
0 0.3741258125 0.5860212379807692 0.3717398052884615 0.5860212379807692 0.3717398052884615 0.5982376009615384 0.3741258125 0.5982376009615384 0.3741258125 0.5860212379807692
1 0.2555889302884615 0.6633915288461538 0.25148499759615384 0.6633915288461538 0.25148499759615384 0.6805283677884616 0.2555889302884615 0.6805283677884616 0.2555889302884615 0.6633915288461538
1 0.2679007331730769 0.6620341538461538 0.26265151442307694 0.6620341538461538 0.26265151442307694 0.6761169038461539 0.2679007331730769 0.6761169038461539 0.2679007331730769 0.6620341538461538
0 0.29246975721153845 0.6258034158653847 0.2887284951923077 0.6258034158653847 0.2887284951923077 0.6408702620192308 0.29246975721153845 0.6408702620192308 0.29246975721153845 0.6258034158653847
0 0.2699687451923077 0.6137906610576923 0.2666092451923077 0.6137906610576923 0.2666092451923077 0.6217991658653846 0.2699687451923077 0.6217991658653846 0.2699687451923077 0.6137906610576923
0 0.2887284951923077 0.6181342572115385 0.2861554254807692 0.6181342572115385 0.2861554254807692 0.6304863557692308 0.2887284951923077 0.6304863557692308 0.2887284951923077 0.6181342572115385
0 0.26315907692307694 0.5722974495192308 0.25924602403846153 0.5722974495192308 0.25924602403846153 0.5873982307692308 0.26315907692307694 0.5873982307692308 0.26315907692307694 0.5722974495192308
0 0.2578144206730769 0.5726367932692308 0.2536150456730769 0.5726367932692308 0.2536150456730769 0.5899433052884615 0.2578144206730769 0.5899433052884615 0.2578144206730769 0.5726367932692308
0 0.2521834423076923 0.5736548245192308 0.24884302884615384 0.5736548245192308 0.24884302884615384 0.5870588870192308 0.2521834423076923 0.5870588870192308 0.2521834423076923 0.5736548245192308
0 0.2008365456730769 0.599572173076923 0.19654173076923076 0.599572173076923 0.19654173076923076 0.6184057307692308 0.2008365456730769 0.6184057307692308 0.2008365456730769 0.599572173076923
1 0.1471752235576923 0.6547552379807692 0.14150845432692308 0.6547552379807692 0.14150845432692308 0.6690712884615385 0.1471752235576923 0.6690712884615385 0.1471752235576923 0.6547552379807692
0 0.17412115865384617 0.5832543966346153 0.16908191105769232 0.5832543966346153 0.16908191105769232 0.6112162908653846 0.17412115865384617 0.6112162908653846 0.17412115865384617 0.5832543966346153
0 0.16450077403846153 0.5877337307692307 0.1594644110576923 0.5877337307692307 0.15747636778846155 0.5877337307692307 0.15747636778846155 0.605108110576923 0.16450077403846153 0.605108110576923 0.16450077403846153 0.5877337307692307
0 0.10593381971153847 0.5825841947115384 0.10089456971153846 0.5825841947115384 0.10089456971153846 0.600773 0.10593381971153847 0.600773 0.10593381971153847 0.5825841947115384
0 0.08272273317307693 0.583805829326923 0.07707266586538462 0.583805829326923 0.07707266586538462 0.6024018461538462 0.08272273317307693 0.6024018461538462 0.08272273317307693 0.583805829326923
0 0.07582478365384615 0.6215917139423077 0.06747375480769231 0.6215917139423077 0.06747375480769231 0.6351124278846154 0.07582478365384615 0.6351124278846154 0.07582478365384615 0.6215917139423077
0 0.06479329807692308 0.6238578918269231 0.06479329807692308 0.6041759759615385 0.05967769711538461 0.6041759759615385 0.05967769711538461 0.6103500024038462 0.05967769711538461 0.6238578918269231 0.06479329807692308 0.6238578918269231
0 0.04115631009615384 0.5916754158653846 0.03772045673076923 0.5916754158653846 0.03772045673076923 0.5996499831730769 0.04115631009615384 0.5996499831730769 0.04115631009615384 0.5916754158653846
0 0.03638429326923077 0.5921844302884616 0.03323476201923077 0.5921844302884616 0.03323476201923077 0.60049834375 0.03638429326923077 0.60049834375 0.03638429326923077 0.5921844302884616
0 0.012451439903846154 0.6294613004807693 0.006190552884615385 0.6294613004807693 0.006190552884615385 0.6456140432692308 0.012451439903846154 0.6456140432692308 0.012451439903846154 0.6294613004807693
0 0.01794880048076923 0.6429712067307692 0.01794880048076923 0.6373340649038461 0.011840620192307692 0.6373340649038461 0.011840620192307692 0.6477858413461538 0.01794880048076923 0.6477858413461538 0.01794880048076923 0.6429712067307692
1 0.01825421153846154 0.6651602235576923 0.01825421153846154 0.6495504278846155 0.007183132211538461 0.6495504278846155 0.007183132211538461 0.6569517235576924 0.007183132211538461 0.6651602235576923 0.01825421153846154 0.6651602235576923
1 0.06193458173076923 0.6272347788461539 0.0516747451923077 0.6272347788461539 0.0516747451923077 0.63996015625 0.06193458173076923 0.63996015625 0.06193458173076923 0.6272347788461539
0 0.2922707764423077 0.5825318725961538 0.2893388509615385 0.5825318725961538 0.2893388509615385 0.596974326923077 0.2922707764423077 0.596974326923077 0.2922707764423077 0.5825318725961538
1 0 0.06108622115384615 0.1064139951923077 0.06108622115384615 0.1064139951923077 0.0016710504807692307 0 0.0016710504807692307 0 0.06108622115384615
1 0.23752257451923078 0.7137254975961539 0.24059450480769232 0.7137254975961539 0.24059450480769232 0.704623483173077 0.23752257451923078 0.704623483173077 0.23752257451923078 0.7137254975961539
1 0.18693277163461539 0.6759025408653846 0.19000469951923077 0.6759025408653846 0.19000469951923077 0.6715335745192307 0.18693277163461539 0.6715335745192307 0.18693277163461539 0.6759025408653846
1 0.6311027884615386 0.6334890697115385 0.6278228629807692 0.6334890697115385 0.6278228629807692 0.6418799879807692 0.6311027884615386 0.6418799879807692 0.6311027884615386 0.6334890697115385
1 0.5847838485576923 0.6519775336538461 0.5886237596153846 0.6519775336538461 0.5886237596153846 0.6433021778846153 0.5847838485576923 0.6433021778846153 0.5847838485576923 0.6519775336538461
1 0.5908637091346154 0.6539685985576923 0.5950236129807692 0.6539685985576923 0.5950236129807692 0.6445821466346153 0.5908637091346154 0.6445821466346153 0.5908637091346154 0.6539685985576923
1 0.5706241730769231 0.6809902019230769 0.5763840408653846 0.6809902019230769 0.5763840408653846 0.6690438100961539 0.5706241730769231 0.6690438100961539 0.5706241730769231 0.6809902019230769
1 0.6000942211538461 0.65716228125 0.602755923076923 0.65716228125 0.602755923076923 0.6449655841346154 0.6000942211538461 0.6449655841346154 0.6000942211538461 0.65716228125
0 0.814750608173077 0.5429234158653846 0.8216254519230769 0.5429234158653846 0.8216254519230769 0.53536803125 0.814750608173077 0.53536803125 0.814750608173077 0.5429234158653846
0 0.7283775865384615 0.5407012451923077 0.7317525072115385 0.5407012451923077 0.7317525072115385 0.5275904326923077 0.7283775865384615 0.5275904326923077 0.7283775865384615 0.5407012451923077
0 0.5620363918269231 0.5385146274038461 0.5655563124999999 0.5385146274038461 0.5655563124999999 0.5315458990384616 0.5620363918269231 0.5315458990384616 0.5620363918269231 0.5385146274038461