1 0.6656657259615385 0.5103344975961538 0.6554133485576923 0.5103344975961538 0.6554133485576923 0.53518875 0.6656657259615385 0.53518875 0.6656657259615385 0.5103344975961538
1 0.7253159302884615 0.5066892067307692 0.7120810408653846 0.5066892067307692 0.7120810408653846 0.5332004086538462 0.7253159302884615 0.5332004086538462 0.7253159302884615 0.5066892067307692
0 0.23532237740384615 0.4148601514423077 0.23410889903846155 0.4148601514423077 0.22825979326923077 0.4148601514423077 0.22825979326923077 0.44489203846153846 0.23532237740384615 0.44489203846153846 0.23532237740384615 0.4148601514423077
0 0.6048693485576924 0.38936617788461536 0.5958979567307693 0.38936617788461536 0.5958979567307693 0.43415950480769233 0.6048693485576924 0.43415950480769233 0.6048693485576924 0.38936617788461536
0 0.5241215913461539 0.38318705769230765 0.5204437836538461 0.38318705769230765 0.5204437836538461 0.3986210673076923 0.5241215913461539 0.3986210673076923 0.5241215913461539 0.38318705769230765
0 0.5332535673076924 0.41836948317307693 0.5332535673076924 0.40524565625 0.5332535673076924 0.3991987932692308 0.5332535673076924 0.39088182211538464 0.530205125 0.39088182211538464 0.5226704855769231 0.39088182211538464 0.5226704855769231 0.41836948317307693 0.5332535673076924 0.41836948317307693
0 0.3244424110576923 0.4831302427884615 0.3084505120192308 0.4831302427884615 0.3077403557692308 0.4831302427884615 0.3077403557692308 0.5199808100961538 0.3244424110576923 0.5199808100961538 0.3244424110576923 0.4831302427884615
0 0.3626185408653846 0.4645724014423077 0.34994287259615386 0.4645724014423077 0.34994287259615386 0.5024834182692308 0.3626185408653846 0.5024834182692308 0.3626185408653846 0.4645724014423077
1 0.3027333365384615 0.22164968028846152 0.2899443317307692 0.22164968028846152 0.2899443317307692 0.24998485096153844 0.3027333365384615 0.24998485096153844 0.3027333365384615 0.22164968028846152
1 0.14907914423076923 0.02467862980769231 0.0189504375 0.02467862980769231 0.0189504375 0.10432024278846154 0.14907914423076923 0.10432024278846154 0.14907914423076923 0.02467862980769231
1 0.4414965985576923 0.39194255528846156 0.4333333341346154 0.39194255528846156 0.4333333341346154 0.42822373557692306 0.4414965985576923 0.42822373557692306 0.4414965985576923 0.39194255528846156
1 0.3857142860576923 0.4185487548076923 0.37551020432692306 0.4185487548076923 0.37551020432692306 0.45362056009615387 0.3857142860576923 0.45362056009615387 0.3857142860576923 0.4185487548076923
1 0.32040816346153844 0.37863945673076926 0.3088435384615385 0.37863945673076926 0.3088435384615385 0.4137112644230769 0.32040816346153844 0.4137112644230769 0.32040816346153844 0.37863945673076926
1 0.26054421875 0.3931519302884615 0.24829931971153846 0.3931519302884615 0.24829931971153846 0.4270143629807693 0.26054421875 0.4270143629807693 0.26054421875 0.3931519302884615
1 0.17210884375 0.30486772596153844 0.16054421875 0.30486772596153844 0.16054421875 0.33631141586538466 0.17210884375 0.33631141586538466 0.17210884375 0.30486772596153844
1 0.11088435336538462 0.30244898076923077 0.09931972836538461 0.30244898076923077 0.09931972836538461 0.33752078846153843 0.11088435336538462 0.33752078846153843 0.11088435336538462 0.30244898076923077
0 0.34171117307692306 0.4762161298076923 0.32421327884615386 0.4762161298076923 0.32421327884615386 0.5015886201923077 0.34171117307692306 0.5015886201923077 0.34171117307692306 0.4762161298076923