1 0 0.06704459615384616 0.10816326442307693 0.06704459615384616 0.10816326442307693 0.002947846153846154 0 0.002947846153846154 0 0.06704459615384616
1 0.11224489903846153 0.30529100480769233 0.09659863942307692 0.30529100480769233 0.09659863942307692 0.3899470889423077 0.11224489903846153 0.3899470889423077 0.11224489903846153 0.30529100480769233
1 0.051020408653846154 0.39599395192307696 0.022448980769230766 0.39599395192307696 0.022448980769230766 0.4383219951923077 0.051020408653846154 0.4383219951923077 0.051020408653846154 0.39599395192307696
1 0.09183673557692308 0.3452003028846154 0.034693877403846156 0.3452003028846154 0.034693877403846156 0.39599395192307696 0.09183673557692308 0.39599395192307696 0.09183673557692308 0.3452003028846154
1 0.12585033894230768 0.3367346947115385 0.11836734615384616 0.3367346947115385 0.11836734615384616 0.35608465624999996 0.12585033894230768 0.35608465624999996 0.12585033894230768 0.3367346947115385
1 0.14353741586538463 0.3367346947115385 0.1333333341346154 0.3367346947115385 0.1333333341346154 0.35729402884615385 0.14353741586538463 0.35729402884615385 0.14353741586538463 0.3367346947115385
1 0.1802721081730769 0.3101284951923077 0.15238095192307693 0.3101284951923077 0.15238095192307693 0.39599395192307696 0.1802721081730769 0.39599395192307696 0.1802721081730769 0.3101284951923077
1 0.20136054326923075 0.2835222980769231 0.19115646153846155 0.2835222980769231 0.19115646153846155 0.29924414182692305 0.20136054326923075 0.29924414182692305 0.20136054326923075 0.2835222980769231
1 0.20340136057692307 0.32222222115384613 0.18979591826923076 0.32222222115384613 0.18979591826923076 0.35729402884615385 0.20340136057692307 0.35729402884615385 0.20340136057692307 0.32222222115384613
1 0.21972789182692307 0.29924414182692305 0.20136054326923075 0.29924414182692305 0.20136054326923075 0.35366591105769235 0.21972789182692307 0.35366591105769235 0.21972789182692307 0.29924414182692305
1 0.3170068028846154 0.3452003028846154 0.27959183653846154 0.3452003028846154 0.27959183653846154 0.4189720336538461 0.3170068028846154 0.4189720336538461 0.3170068028846154 0.3452003028846154
1 0.3170068028846154 0.30408163221153844 0.3006802716346154 0.30408163221153844 0.3006802716346154 0.3452003028846154 0.3170068028846154 0.3452003028846154 0.3170068028846154 0.30408163221153844
1 0.3299319735576923 0.30408163221153844 0.3170068028846154 0.30408163221153844 0.3170068028846154 0.3210128509615385 0.3299319735576923 0.3210128509615385 0.3299319735576923 0.30408163221153844
1 0.3414965985576923 0.3016628870192308 0.33469387740384615 0.3016628870192308 0.33469387740384615 0.31859410576923075 0.3414965985576923 0.31859410576923075 0.3414965985576923 0.3016628870192308
1 0.34965986298076923 0.3016628870192308 0.3414965985576923 0.3016628870192308 0.3414965985576923 0.3198034759615384 0.34965986298076923 0.3198034759615384 0.34965986298076923 0.3016628870192308
1 0.3598639447115385 0.3016628870192308 0.34965986298076923 0.3016628870192308 0.34965986298076923 0.3306878317307692 0.3598639447115385 0.3306878317307692 0.3598639447115385 0.3016628870192308
1 0.3680272115384616 0.3306878317307692 0.34965986298076923 0.3306878317307692 0.34965986298076923 0.39357520673076923 0.3680272115384616 0.39357520673076923 0.3680272115384616 0.3306878317307692
1 0.3646258509615385 0.4189720336538461 0.4054421778846154 0.4189720336538461 0.4054421778846154 0.3306878317307692 0.3646258509615385 0.3306878317307692 0.3646258509615385 0.4189720336538461
1 0.38367346874999997 0.30529100480769233 0.37074830048076923 0.30529100480769233 0.37074830048076923 0.3306878317307692 0.38367346874999997 0.3306878317307692 0.38367346874999997 0.30529100480769233
1 0.4054421778846154 0.30650037740384617 0.38843537499999997 0.30650037740384617 0.38843537499999997 0.3306878317307692 0.4054421778846154 0.3306878317307692 0.4054421778846154 0.30650037740384617
1 0.42108843509615385 0.31375661298076923 0.4136054423076923 0.31375661298076923 0.4136054423076923 0.33794406730769233 0.42108843509615385 0.33794406730769233 0.42108843509615385 0.31375661298076923
1 0.4136054423076923 0.3911564639423077 0.4442176875 0.3911564639423077 0.4442176875 0.32222222115384613 0.4136054423076923 0.32222222115384613 0.4136054423076923 0.3911564639423077
1 0.46938775480769235 0.4298563870192308 0.5040816322115385 0.4298563870192308 0.524489795673077 0.4298563870192308 0.524489795673077 0.36092214663461536 0.46938775480769235 0.36092214663461536 0.46938775480769235 0.4298563870192308
1 0.5537414951923076 0.4189720336538461 0.5850340144230769 0.4189720336538461 0.5850340144230769 0.36696900961538464 0.5537414951923076 0.36696900961538464 0.5537414951923076 0.4189720336538461
1 0.5816326538461538 0.3294784591346154 0.5673469375 0.3294784591346154 0.5673469375 0.35366591105769235 0.5816326538461538 0.35366591105769235 0.5816326538461538 0.3294784591346154
1 0.5816326538461538 0.35245653846153846 0.5945578221153845 0.35245653846153846 0.5945578221153845 0.3294784591346154 0.5816326538461538 0.3294784591346154 0.5816326538461538 0.35245653846153846
1 0.6442176875 0.30891912259615384 0.6333333341346153 0.30891912259615384 0.6333333341346153 0.34761904807692307 0.6442176875 0.34761904807692307 0.6442176875 0.30891912259615384
1 0.6442176875 0.3681783822115384 0.6625850336538461 0.3681783822115384 0.6625850336538461 0.31859410576923075 0.6442176875 0.31859410576923075 0.6442176875 0.3681783822115384
1 0.7741496610576923 0.32222222115384613 0.759183673076923 0.32222222115384613 0.759183673076923 0.35487528365384613 0.7741496610576923 0.35487528365384613 0.7741496610576923 0.32222222115384613
1 0.8006802716346153 0.32343159374999997 0.7870748293269231 0.32343159374999997 0.7870748293269231 0.3657596370192308 0.8006802716346153 0.3657596370192308 0.8006802716346153 0.32343159374999997
1 0.8605442187500001 0.32343159374999997 0.8414965985576923 0.32343159374999997 0.8414965985576923 0.3730158725961538 0.8605442187500001 0.3730158725961538 0.8605442187500001 0.32343159374999997
1 0.8564625841346154 0.3657596370192308 0.81632653125 0.3657596370192308 0.81632653125 0.5060468629807692 0.8564625841346154 0.5060468629807692 0.8564625841346154 0.3657596370192308
1 0.8564625841346154 0.5290249447115385 0.8993197283653847 0.5290249447115385 0.8993197283653847 0.3742252451923077 0.8564625841346154 0.3742252451923077 0.8564625841346154 0.5290249447115385
1 0.9251700673076922 0.3028722596153846 0.9074829927884616 0.3028722596153846 0.9074829927884616 0.3681783822115384 0.9251700673076922 0.3681783822115384 0.9251700673076922 0.3028722596153846
1 0.9666666658653846 0.32464096875000004 0.9326530625 0.32464096875000004 0.9326530625 0.35729402884615385 0.9666666658653846 0.35729402884615385 0.9666666658653846 0.32464096875000004
1 1 0.38027210817307694 0.9768707475961539 0.38027210817307694 0.9768707475961539 0.43227513221153846 1 0.43227513221153846 1 0.38027210817307694
1 0.9823129254807692 0.3452003028846154 0.9952380961538462 0.3452003028846154 0.9952380961538462 0.32343159374999997 0.9823129254807692 0.32343159374999997 0.9823129254807692 0.3452003028846154
1 0.6740867043269231 0.28289559134615383 0.6701634615384615 0.28289559134615383 0.6701634615384615 0.28860212740384616 0.6740867043269231 0.28860212740384616 0.6740867043269231 0.28289559134615383
1 0.6642785961538462 0.28448074038461535 0.6623169735576924 0.28448074038461535 0.6623169735576924 0.29050430528846155 0.6642785961538462 0.29050430528846155 0.6642785961538462 0.28448074038461535
1 0.735610295673077 0.2901872764423077 0.730617076923077 0.2901872764423077 0.730617076923077 0.29525975240384617 0.735610295673077 0.29525975240384617 0.735610295673077 0.2901872764423077
1 0.4027210889423077 0.4189720336538461 0.3646258509615385 0.4189720336538461 0.3646258509615385 0.4957671947115384 0.4027210889423077 0.4957671947115384 0.4027210889423077 0.4189720336538461
1 0.5040816322115385 0.4558578990384615 0.524489795673077 0.4558578990384615 0.524489795673077 0.4298563870192308 0.5040816322115385 0.4298563870192308 0.5040816322115385 0.4558578990384615
1 0.010002334134615385 0.33369919951923077 0.020752088942307692 0.33369919951923077 0.020752088942307692 0.30103328125 0.010002334134615385 0.30103328125 0.010002334134615385 0.33369919951923077
1 0.881042 0.4208990264423077 0.8940104519230769 0.4208990264423077 0.8940104519230769 0.4000661706730769 0.881042 0.4000661706730769 0.881042 0.4208990264423077
1 0.9390094230769231 0.31617920192307697 0.948540454326923 0.31617920192307697 0.948540454326923 0.30423503125 0.9390094230769231 0.30423503125 0.9390094230769231 0.31617920192307697
1 0.9746336057692309 0.3370120576923077 0.9811959567307693 0.3370120576923077 0.9811959567307693 0.32673451682692306 0.9746336057692309 0.32673451682692306 0.9746336057692309 0.3370120576923077
1 0.8908855240384616 0.31117931730769227 0.89869784375 0.31117931730769227 0.89869784375 0.29562411778846154 0.8908855240384616 0.29562411778846154 0.8908855240384616 0.31117931730769227