1 0.9826692572115385 0.8764892211538461 0.8871072235576923 0.8764892211538461 0.8871072235576923 0.9427167692307693 0.9826692572115385 0.9427167692307693 0.9826692572115385 0.8764892211538461
0 0.09102688701923077 1 0.09102688701923077 0.916801641826923 0.036767088942307694 0.916801641826923 0.036767088942307694 1 0.09102688701923077 1
0 0.32431186298076925 0.7780269375 0.2853355096153846 0.7780269375 0.2853355096153846 0.9188209471153846 0.32431186298076925 0.9188209471153846 0.32431186298076925 0.7780269375
0 0.28948193028846153 0.6792499879807692 0.25506664182692307 0.6792499879807692 0.25506664182692307 0.7979297548076923 0.28948193028846153 0.7979297548076923 0.28948193028846153 0.6792499879807692
0 0.3927278004807692 0.8155451322115385 0.3927278004807692 0.7566498365384615 0.36701999278846154 0.7566498365384615 0.36701999278846154 0.9151352403846154 0.3927278004807692 0.9151352403846154 0.3927278004807692 0.8155451322115385
0 0.4091628125 1 0.4091628125 0.8881977908653845 0.38156423798076927 0.8881977908653845 0.38156423798076927 1 0.4091628125 1
0 0.7373631370192307 1 0.7373631370192307 0.879403233173077 0.6838743125 0.879403233173077 0.6838743125 1 0.7373631370192307 1
0 0.71580175 0.79463196875 0.6726789759615385 0.79463196875 0.6726789759615385 0.9671230600961539 0.71580175 0.9671230600961539 0.71580175 0.79463196875
0 0.6652154182692308 0.7076492812499999 0.6171169423076923 0.7076492812499999 0.6171169423076923 0.8683461105769231 0.6652154182692308 0.8683461105769231 0.6652154182692308 0.7076492812499999
0 0.5117978629807692 0.6457294038461538 0.4819436346153846 0.6457294038461538 0.4819436346153846 0.7688320192307692 0.5117978629807692 0.7688320192307692 0.5117978629807692 0.6457294038461538
0 0.5445545841346153 0.6295122908653846 0.5242371225961538 0.6295122908653846 0.5242371225961538 0.7386092211538462 0.5445545841346153 0.7386092211538462 0.5445545841346153 0.6295122908653846
0 0.8605849038461538 0.73225321875 0.8183909302884615 0.73225321875 0.8183909302884615 0.8860504038461539 0.8605849038461538 0.8860504038461539 0.8605849038461538 0.73225321875
0 0.8972060889423077 0.7709384014423077 0.8589926802884615 0.7709384014423077 0.8589926802884615 0.9162437187500001 0.8972060889423077 0.9162437187500001 0.8972060889423077 0.7709384014423077
0 0.910209264423077 0.7232895793269231 0.8778340144230768 0.7232895793269231 0.8778340144230768 0.8487805360576922 0.910209264423077 0.8487805360576922 0.910209264423077 0.7232895793269231
0 0.9452382259615385 0.7487651875 0.9155166826923077 0.7487651875 0.9155166826923077 0.8487805360576922 0.9452382259615385 0.8487805360576922 0.9452382259615385 0.7487651875
0 0.927458375 0.7921680745192308 0.9051672163461538 0.7921680745192308 0.9051672163461538 0.9709690961538461 0.927458375 0.9709690961538461 0.927458375 0.7921680745192308
0 0.963018076923077 0.8044341081730769 0.9399308076923076 0.8044341081730769 0.9399308076923076 0.8764892211538461 0.963018076923077 0.8764892211538461 0.963018076923077 0.8044341081730769
0 0.9871668293269231 0.8346274182692308 0.9401961778846153 0.8346274182692308 0.9401961778846153 0.9959729326923077 0.9871668293269231 0.9959729326923077 0.9871668293269231 0.8346274182692308
0 0.0318530625 0.49403030528846154 0.017788403846153846 0.49403030528846154 0.017788403846153846 0.5553604711538461 0.0318530625 0.5553604711538461 0.0318530625 0.49403030528846154
0 0.07829297115384616 0.5374331923076923 0.060778490384615386 0.5374331923076923 0.060778490384615386 0.5935738822115385 0.07829297115384616 0.5935738822115385 0.07829297115384616 0.5374331923076923
0 0.4208331706730769 0.5917637403846154 0.4035840625 0.5917637403846154 0.4035840625 0.6961429639423078 0.4208331706730769 0.6961429639423078 0.4208331706730769 0.5917637403846154
0 0.3959546490384615 0.575841485576923 0.37107612500000003 0.575841485576923 0.37107612500000003 0.6737338653846153 0.3959546490384615 0.6737338653846153 0.3959546490384615 0.575841485576923
0 0.45168253846153844 0.5628677980769231 0.4331065769230769 0.5628677980769231 0.4331065769230769 0.6625293173076923 0.45168253846153844 0.6625293173076923 0.45168253846153844 0.5628677980769231
0 0.3259630697115385 0.5339718533653847 0.3007528341346154 0.5339718533653847 0.3007528341346154 0.6100448461538461 0.3259630697115385 0.6100448461538461 0.3259630697115385 0.5339718533653847
0 0.19192002644230768 0.45590010096153843 0.1840650480769231 0.45590010096153843 0.1840650480769231 0.5113803124999999 0.19192002644230768 0.5113803124999999 0.19192002644230768 0.45590010096153843
0 0.2065685 0.4502388533653846 0.19404299278846154 0.4502388533653846 0.19404299278846154 0.5060964831730769 0.2065685 0.5060964831730769 0.2065685 0.4502388533653846
0 0.24924014182692306 0.4483517716346154 0.2352285576923077 0.4483517716346154 0.2352285576923077 0.5076061466346153 0.24924014182692306 0.5076061466346153 0.24924014182692306 0.4483517716346154
0 0.27046981490384614 0.4879804951923077 0.2602795721153846 0.4879804951923077 0.2602795721153846 0.565350858173077 0.27046981490384614 0.565350858173077 0.27046981490384614 0.4879804951923077
0 0.28681666346153845 0.4823192475961538 0.27344196875 0.4823192475961538 0.27344196875 0.5181738076923077 0.28681666346153845 0.5181738076923077 0.28681666346153845 0.4823192475961538
0 0.28681666346153845 0.5068513149038462 0.2753526394230769 0.5068513149038462 0.2753526394230769 0.5766733509615385 0.28681666346153845 0.5766733509615385 0.28681666346153845 0.5068513149038462
0 0.29615771875 0.49779332211538463 0.2849059927884615 0.49779332211538463 0.2849059927884615 0.5812023461538461 0.29615771875 0.5812023461538461 0.29615771875 0.49779332211538463
0 0.11279249759615384 0.46018752644230765 0.1026022548076923 0.46018752644230765 0.1026022548076923 0.48893156009615385 0.11279249759615384 0.48893156009615385 0.11279249759615384 0.46018752644230765
0 0.1278740576923077 0.45922134134615383 0.1278740576923077 0.4529411322115384 0.11877077403846154 0.4529411322115384 0.11877077403846154 0.5104291971153846 0.1278740576923077 0.5104291971153846 0.1278740576923077 0.45922134134615383
0 0.14037408894230768 0.4575305144230769 0.12977623557692308 0.4575305144230769 0.12977623557692308 0.5152601298076923 0.14037408894230768 0.5152601298076923 0.14037408894230768 0.4575305144230769
0 0.16632524038461538 0.4130859591346154 0.15368933894230768 0.4130859591346154 0.15368933894230768 0.46815856009615386 0.16632524038461538 0.46815856009615386 0.16632524038461538 0.4130859591346154
0 0.05903148557692307 0.3908019302884615 0.05142277163461539 0.3908019302884615 0.05142277163461539 0.4323479278846154 0.05903148557692307 0.4323479278846154 0.05903148557692307 0.3908019302884615
0 0.06685759134615385 0.3863574735576923 0.05827061298076923 0.3863574735576923 0.05827061298076923 0.43041555528846154 0.06685759134615385 0.43041555528846154 0.06685759134615385 0.3863574735576923
0 0.07196630048076923 0.3913816418269231 0.06490106490384616 0.3913816418269231 0.06490106490384616 0.4209469326923077 0.07196630048076923 0.4209469326923077 0.07196630048076923 0.3913816418269231
0 0.08087936538461539 0.38075359375 0.0720749951923077 0.38075359375 0.0720749951923077 0.4166957139423077 0.08087936538461539 0.4166957139423077 0.08087936538461539 0.38075359375
0 0.018922689903846154 0.37978740865384614 0.009900927884615385 0.37978740865384614 0.009900927884615385 0.41031888701923075 0.018922689903846154 0.41031888701923075 0.018922689903846154 0.37978740865384614
0 0.04370536057692308 0.3753429543269231 0.036640125 0.3753429543269231 0.036640125 0.4157295288461539 0.04370536057692308 0.4157295288461539 0.04370536057692308 0.3753429543269231
0 0.03490099038461539 0.36935260096153844 0.028705322115384617 0.36935260096153844 0.028705322115384617 0.3993043653846154 0.03490099038461539 0.3993043653846154 0.03490099038461539 0.36935260096153844
0 0.02718357932692308 0.36993231249999997 0.018379209134615385 0.36993231249999997 0.018379209134615385 0.4012367379807692 0.02718357932692308 0.4012367379807692 0.02718357932692308 0.36993231249999997
1 0.06946629326923076 0.36626080528846156 0.04750971634615385 0.36626080528846156 0.04750971634615385 0.385971 0.06946629326923076 0.385971 0.06946629326923076 0.36626080528846156
1 1 0.48344311298076925 0.7518626490384615 0.48344311298076925 0.7518626490384615 0.6720476538461538 1 0.6720476538461538 1 0.48344311298076925
1 0.7348558461538462 0.4503293389423077 0.5429219302884616 0.4503293389423077 0.5429219302884616 0.5971817307692308 0.7348558461538462 0.5971817307692308 0.7348558461538462 0.4503293389423077
1 0.5210560408653846 0.40425799999999995 0.3955296418269231 0.40425799999999995 0.3955296418269231 0.5410322860576924 0.5210560408653846 0.5410322860576924 0.5210560408653846 0.40425799999999995
0 0.3719314158653846 0.32437248557692305 0.3682357548076923 0.32437248557692305 0.3682357548076923 0.34330973076923077 0.3719314158653846 0.34330973076923077 0.3719314158653846 0.32437248557692305
0 0.3749749014423077 0.3257251442307692 0.3710618485576923 0.3257251442307692 0.3710618485576923 0.34330973076923077 0.3749749014423077 0.34330973076923077 0.3749749014423077 0.3257251442307692
0 0.35682268269230766 0.3346140552884615 0.34921396634615387 0.3346140552884615 0.34921396634615387 0.34601505048076925 0.35682268269230766 0.34601505048076925 0.35682268269230766 0.3346140552884615
0 0.34834439903846154 0.32707780528846153 0.3429096033653846 0.32707780528846153 0.3429096033653846 0.3456285769230769 0.34834439903846154 0.3456285769230769 0.34834439903846154 0.32707780528846153
0 0.3448661298076923 0.31760918269230765 0.3384530697115385 0.31760918269230765 0.3384530697115385 0.3351937668269231 0.3448661298076923 0.3351937668269231 0.3448661298076923 0.31760918269230765
0 0.32160520192307696 0.3195415552884615 0.3171486682692307 0.3195415552884615 0.3171486682692307 0.34350296874999997 0.32160520192307696 0.34350296874999997 0.32160520192307696 0.3195415552884615
0 0.32497477644230766 0.3234062980769231 0.32095302644230767 0.3234062980769231 0.32095302644230767 0.34582181490384617 0.32497477644230766 0.34582181490384617 0.32497477644230766 0.3234062980769231
0 0.30899647596153845 0.33113578605769234 0.3054095096153846 0.33113578605769234 0.3054095096153846 0.35219864182692306 0.30899647596153845 0.35219864182692306 0.30899647596153845 0.33113578605769234
0 0.30997473798076924 0.3239860096153846 0.30595298798076925 0.3239860096153846 0.30595298798076925 0.34292325480769226 0.30997473798076924 0.34292325480769226 0.30997473798076924 0.3239860096153846
0 0.2855516466346154 0.29198963221153845 0.2829777259615385 0.29198963221153845 0.2829777259615385 0.30262540865384613 0.2855516466346154 0.30262540865384613 0.2855516466346154 0.29198963221153845
0 0.2904907884615385 0.2913712740384615 0.2881951322115385 0.2913712740384615 0.2881951322115385 0.29928626923076923 0.2904907884615385 0.29928626923076923 0.2904907884615385 0.2913712740384615
0 0.29335054567307695 0.29139959374999996 0.29121349759615384 0.29139959374999996 0.29121349759615384 0.29690843028846153 0.29335054567307695 0.29690843028846153 0.29335054567307695 0.29139959374999996
0 0.30055096634615386 0.2845655168269231 0.2978379158653846 0.2845655168269231 0.2978379158653846 0.29346988701923077 0.30055096634615386 0.29346988701923077 0.30055096634615386 0.2845655168269231
0 0.30618576442307693 0.2886466875 0.30389010576923076 0.2886466875 0.30389010576923076 0.2959433245192308 0.30618576442307693 0.2959433245192308 0.30618576442307693 0.2886466875
0 0.31084664423076924 0.2872862980769231 0.3087596826923077 0.2872862980769231 0.3087596826923077 0.2966853557692308 0.31084664423076924 0.2966853557692308 0.31084664423076924 0.2872862980769231
0 0.3452511177884615 0.2847308076923077 0.3419902379807693 0.2847308076923077 0.3419902379807693 0.29381295673076924 0.3452511177884615 0.29381295673076924 0.3452511177884615 0.2847308076923077
0 0.36481638221153845 0.2837646201923077 0.3616642019230769 0.2837646201923077 0.3616642019230769 0.29690475 0.36481638221153845 0.29690475 0.36481638221153845 0.2837646201923077
0 0.40057734375 0.2829916730769231 0.3974251610576923 0.2829916730769231 0.3974251610576923 0.2922670576923077 0.40057734375 0.2922670576923077 0.40057734375 0.2829916730769231
0 0.42897415384615384 0.27714624759615386 0.42584914423076925 0.27714624759615386 0.42584914423076925 0.2865665600961539 0.42897415384615384 0.2865665600961539 0.42897415384615384 0.27714624759615386
0 0.45296419230769225 0.27484848076923074 0.44965983653846153 0.27484848076923074 0.44965983653846153 0.2853605841346154 0.45296419230769225 0.2853605841346154 0.45296419230769225 0.27484848076923074
0 0.5407061682692308 0.27514072596153843 0.5367931153846154 0.27514072596153843 0.5367931153846154 0.28364316346153845 0.5407061682692308 0.28364316346153845 0.5407061682692308 0.27514072596153843
0 0.5324452788461538 0.2752953173076923 0.5293148365384616 0.2752953173076923 0.5293148365384616 0.2831793942307692 0.5324452788461538 0.2831793942307692 0.5324452788461538 0.2752953173076923
0 0.5118365312500001 0.27374941826923077 0.5087930456730769 0.27374941826923077 0.5087930456730769 0.282715625 0.5118365312500001 0.282715625 0.5118365312500001 0.27374941826923077
0 0.5224452524038461 0.2743677788461538 0.520532204326923 0.2743677788461538 0.520532204326923 0.2830248052884615 0.5224452524038461 0.2830248052884615 0.5224452524038461 0.2743677788461538
0 0.23910747836538462 0.29549873798076925 0.23693355769230767 0.29549873798076925 0.23693355769230767 0.3040011754807692 0.23910747836538462 0.3040011754807692 0.23910747836538462 0.29549873798076925
0 0.24211009375 0.29509742307692305 0.239884 0.29509742307692305 0.239884 0.3033290192307692 0.24211009375 0.3033290192307692 0.24211009375 0.29509742307692305
0 0.24432856490384613 0.29360851682692307 0.24223140625 0.29360851682692307 0.24223140625 0.30057877884615386 0.24432856490384613 0.30057877884615386 0.24432856490384613 0.29360851682692307
0 0.246553375 0.29325189903846155 0.24463857932692307 0.29325189903846155 0.24463857932692307 0.3022646105769231 0.246553375 0.3022646105769231 0.246553375 0.29325189903846155
0 0.24559468509615384 0.28202188701923075 0.24265989663461537 0.28202188701923075 0.24265989663461537 0.28975137740384616 0.24559468509615384 0.28975137740384616 0.24559468509615384 0.28202188701923075
0 0.053919670673076917 0.2822479326923077 0.05092835817307692 0.2822479326923077 0.05092835817307692 0.28942089663461534 0.053919670673076917 0.28942089663461534 0.053919670673076917 0.2822479326923077
0 0.05989450240384615 0.28314842067307694 0.05752380288461538 0.28314842067307694 0.05752380288461538 0.2888218894230769 0.05989450240384615 0.2888218894230769 0.05989450240384615 0.28314842067307694
0 0.06285787740384616 0.2828242235576923 0.060737925480769235 0.2828242235576923 0.060737925480769235 0.2891460889423077 0.06285787740384616 0.2891460889423077 0.06285787740384616 0.2828242235576923
0 0.07986370673076923 0.282086875 0.07783493509615386 0.282086875 0.07783493509615386 0.28674722355769233 0.07986370673076923 0.28674722355769233 0.07986370673076923 0.282086875
0 0.08200645432692308 0.28241107211538463 0.08031961057692308 0.28241107211538463 0.08031961057692308 0.2862204014423077 0.08200645432692308 0.2862204014423077 0.08200645432692308 0.28241107211538463
0 0.08802438221153847 0.2815600528846154 0.0859728173076923 0.2815600528846154 0.0859728173076923 0.2856530552884615 0.08802438221153847 0.2856530552884615 0.08802438221153847 0.2815600528846154
0 0.02531488942307692 0.2849420528846154 0.02357675721153846 0.2849420528846154 0.02357675721153846 0.2897037139423077 0.02531488942307692 0.2897037139423077 0.02531488942307692 0.2849420528846154
0 0.023063865384615388 0.28651238701923076 0.021183262019230768 0.28651238701923076 0.021183262019230768 0.29026093028846156 0.023063865384615388 0.29026093028846156 0.023063865384615388 0.28651238701923076
0 0.020869829326923075 0.28549926923076924 0.018960730769230768 0.28549926923076924 0.018960730769230768 0.28985568028846154 0.020869829326923075 0.28985568028846154 0.020869829326923075 0.28549926923076924
0 0.0061099038461538465 0.2867432860576923 0.004309084134615384 0.2867432860576923 0.004309084134615384 0.2915252091346154 0.0061099038461538465 0.2915252091346154 0.0061099038461538465 0.2867432860576923
0 0.012583735576923077 0.2858922644230769 0.010714531250000001 0.2858922644230769 0.010714531250000001 0.2911604855769231 0.012583735576923077 0.2911604855769231 0.012583735576923077 0.2858922644230769
0 0.018008990384615384 0.28548701682692307 0.015501521634615385 0.28548701682692307 0.015501521634615385 0.2907147139423077 0.018008990384615384 0.2907147139423077 0.018008990384615384 0.28548701682692307
0 0.3025834158653846 0.32341660096153846 0.29904942307692306 0.32341660096153846 0.29904942307692306 0.3398417620192308 0.3025834158653846 0.3398417620192308 0.3025834158653846 0.32341660096153846
0 0.29837007451923075 0.3258320649038462 0.29375049519230767 0.3258320649038462 0.29375049519230767 0.3420156802884616 0.29837007451923075 0.3420156802884616 0.29837007451923075 0.3258320649038462
0 0.2923917980769231 0.32365814663461534 0.28777222115384615 0.32365814663461534 0.28777222115384615 0.33863402884615385 0.2923917980769231 0.33863402884615385 0.2923917980769231 0.32365814663461534
0 0.2888591802884615 0.3258320649038462 0.2834243822115385 0.3258320649038462 0.2834243822115385 0.3449142379807692 0.2888591802884615 0.3449142379807692 0.2888591802884615 0.3258320649038462
0 0.2834243822115385 0.3231750528846154 0.27785371634615386 0.3231750528846154 0.27785371634615386 0.34032485576923077 0.2834243822115385 0.34032485576923077 0.2834243822115385 0.3231750528846154
0 0.27595153846153847 0.31786102884615386 0.2709243509615385 0.31786102884615386 0.2709243509615385 0.3393586682692308 0.27595153846153847 0.3393586682692308 0.27595153846153847 0.31786102884615386
0 0.25951128125 0.32172577403846153 0.25516344230769233 0.32172577403846153 0.25516344230769233 0.34032485576923077 0.25951128125 0.34032485576923077 0.25951128125 0.32172577403846153
0 0.25108734615384615 0.31931031009615385 0.24592428846153844 0.31931031009615385 0.24592428846153844 0.33766784375 0.25108734615384615 0.33766784375 0.25108734615384615 0.31931031009615385
0 0.22395140865384616 0.3175711730769231 0.2201253125 0.3175711730769231 0.2201253125 0.3336485096153846 0.22395140865384616 0.3336485096153846 0.22395140865384616 0.3175711730769231
0 0.18210043990384614 0.32402304807692306 0.17879608173076925 0.32402304807692306 0.17879608173076925 0.33886366586538463 0.18210043990384614 0.33886366586538463 0.18210043990384614 0.32402304807692306
0 0.18914393509615385 0.32757861298076923 0.18697001682692307 0.32757861298076923 0.18697001682692307 0.342883 0.18914393509615385 0.342883 0.18914393509615385 0.32757861298076923
0 0.19810047836538464 0.32386845913461537 0.19810047836538464 0.3217042019230769 0.19436133894230767 0.3217042019230769 0.19436133894230767 0.33505562499999997 0.19810047836538464 0.33505562499999997 0.19810047836538464 0.32386845913461537
0 0.15620504567307694 0.3266699447115385 0.16003114182692307 0.3266699447115385 0.16003114182692307 0.3124476875 0.15620504567307694 0.3124476875 0.15620504567307694 0.3266699447115385
0 0.26598312740384616 0.3452361466346154 0.26048746153846153 0.3452361466346154 0.26048746153846153 0.3668787139423077 0.26598312740384616 0.3668787139423077 0.26598312740384616 0.3452361466346154
0 0.2613918100961538 0.34721489423076923 0.2568700600961539 0.34721489423076923 0.2568700600961539 0.3668787139423077 0.2613918100961538 0.3668787139423077 0.2613918100961538 0.34721489423076923
0 0.23426130769230769 0.3478332548076923 0.22966999278846154 0.3478332548076923 0.22966999278846154 0.36353957451923075 0.23426130769230769 0.36353957451923075 0.23426130769230769 0.3478332548076923
0 0.22723520192307692 0.34202068028846155 0.2243830216346154 0.34202068028846155 0.2243830216346154 0.3556245793269231 0.22723520192307692 0.3556245793269231 0.22723520192307692 0.34202068028846155
0 0.22076143990384617 0.32982640625 0.21396794471153846 0.32982640625 0.21396794471153846 0.3477008485576923 0.22076143990384617 0.3477008485576923 0.22076143990384617 0.32982640625
0 0.2124440264423077 0.3304903701923077 0.20938314903846156 0.3304903701923077 0.20938314903846156 0.3430554278846154 0.2124440264423077 0.3430554278846154 0.2124440264423077 0.3304903701923077
0 0.21233272355769228 0.34315436298076923 0.20893793028846153 0.34315436298076923 0.20893793028846153 0.35700560576923074 0.21233272355769228 0.35700560576923074 0.21233272355769228 0.34315436298076923
0 0.2067674903846154 0.35027786057692306 0.2067674903846154 0.33197443269230764 0.20320574278846154 0.33197443269230764 0.20320574278846154 0.33687293749999997 0.20320574278846154 0.35027786057692306 0.2067674903846154 0.35027786057692306
0 0.21099706730769233 0.32445518509615384 0.20771357932692308 0.32445518509615384 0.20771357932692308 0.3361298052884615 0.21099706730769233 0.3361298052884615 0.21099706730769233 0.32445518509615384
0 0.20338133173076922 0.337504625 0.2031930576923077 0.337504625 0.20004219471153845 0.337504625 0.20004219471153845 0.35382930528846157 0.20338133173076922 0.35382930528846157 0.20338133173076922 0.337504625
0 0.20004219471153845 0.339087625 0.1965360985576923 0.339087625 0.1965360985576923 0.3502675552884615 0.20004219471153845 0.3502675552884615 0.20004219471153845 0.339087625
1 0.29882993990384615 0.37052739182692307 0.24339501923076926 0.37052739182692307 0.24339501923076926 0.42439226201923075 0.29882993990384615 0.42439226201923075 0.29882993990384615 0.37052739182692307
1 0.24244393028846153 0.36473027644230765 0.2088840625 0.36473027644230765 0.2088840625 0.41086565625 0.24244393028846153 0.41086565625 0.24244393028846153 0.36473027644230765
1 0.20893793028846153 0.35700560576923074 0.18782422596153847 0.35700560576923074 0.18782422596153847 0.3973390528846154 0.20893793028846153 0.3973390528846154 0.20893793028846153 0.35700560576923074
1 0.19514815865384616 0.3433176610576923 0.1852003076923077 0.3433176610576923 0.1852003076923077 0.3565505456730769 0.19514815865384616 0.3565505456730769 0.19514815865384616 0.3433176610576923
1 0.17657419951923076 0.3294664182692308 0.15591327644230768 0.3294664182692308 0.15591327644230768 0.3868501394230769 0.17657419951923076 0.3868501394230769 0.17657419951923076 0.3294664182692308
1 0.18782422596153847 0.33911281971153845 0.17560028365384614 0.33911281971153845 0.17560028365384614 0.3960018533653846 0.18782422596153847 0.3960018533653846 0.18782422596153847 0.33911281971153845
1 0.15720621875 0.3279524807692308 0.11535828846153845 0.3279524807692308 0.11535828846153845 0.38089947115384615 0.15720621875 0.38089947115384615 0.15720621875 0.3279524807692308
1 0.02265391346153846 0.30811854807692307 0.02265391346153846 0.3047368990384615 0.00009950961538461539 0.3047368990384615 0.00009950961538461539 0.3358963966346154 0.02265391346153846 0.3358963966346154 0.02265391346153846 0.30811854807692307
1 0.0494202860576923 0.3194229254807693 0.0494202860576923 0.3069108173076923 0.021566954326923075 0.3069108173076923 0.021566954326923075 0.34072732692307695 0.0494202860576923 0.34072732692307695 0.0494202860576923 0.3194229254807693
1 0.08455624278846154 0.31903645192307695 0.0483605 0.31903645192307695 0.0483605 0.3518867740384615 0.08455624278846154 0.3518867740384615 0.08455624278846154 0.31903645192307695
1 0.11616832211538462 0.3246670144230769 0.08312476201923077 0.3246670144230769 0.08312476201923077 0.3694980456730769 0.11616832211538462 0.3694980456730769 0.11616832211538462 0.3246670144230769
0 0.06141620673076923 0.30170884134615383 0.05788358894230769 0.30170884134615383 0.05788358894230769 0.31402771153846154 0.06141620673076923 0.31402771153846154 0.06141620673076923 0.30170884134615383
0 0.06685100480769231 0.3055735841346154 0.06426947596153845 0.3055735841346154 0.06426947596153845 0.31233688701923074 0.06685100480769231 0.31233688701923074 0.06685100480769231 0.3055735841346154
0 0.07024775240384615 0.3055735841346154 0.07024775240384615 0.30074265384615384 0.06671513461538461 0.30074265384615384 0.06671513461538461 0.31112915384615386 0.07024775240384615 0.31112915384615386 0.07024775240384615 0.3055735841346154
0 0.07717711778846154 0.3014672932692308 0.07310101923076923 0.3014672932692308 0.07310101923076923 0.30992142307692305 0.07717711778846154 0.30992142307692305 0.07717711778846154 0.3014672932692308
0 0.22968708413461536 0.2967607019230769 0.22725229567307695 0.2967607019230769 0.22725229567307695 0.30418101201923076 0.22968708413461536 0.30418101201923076 0.22968708413461536 0.2967607019230769
0 0.22613924759615384 0.29391625 0.2230783701923077 0.29391625 0.2230783701923077 0.3036863221153846 0.22613924759615384 0.3036863221153846 0.22613924759615384 0.29391625
0 0.22147836778846156 0.29515296875 0.21946097115384616 0.29515296875 0.21946097115384616 0.30343898076923076 0.22147836778846156 0.30343898076923076 0.22147836778846156 0.29515296875
0 0.21946097115384616 0.2942872668269231 0.21660879086538462 0.2942872668269231 0.21660879086538462 0.30121288701923077 0.21946097115384616 0.30121288701923077 0.21946097115384616 0.2942872668269231
1 0.21605226682692308 0.2935452355769231 0.20888703125 0.2935452355769231 0.20888703125 0.30455202644230767 0.21605226682692308 0.30455202644230767 0.21605226682692308 0.2935452355769231
0 0.20450441105769232 0.2928032043269231 0.2007478798076923 0.2928032043269231 0.2007478798076923 0.3044283557692308 0.20450441105769232 0.3044283557692308 0.20450441105769232 0.2928032043269231
0 0.19372177644230767 0.2937925793269231 0.19156525 0.2937925793269231 0.19156525 0.30343898076923076 0.19372177644230767 0.30343898076923076 0.19372177644230767 0.2937925793269231
1 0.19963483413461539 0.2916901586538462 0.1951130841346154 0.2916901586538462 0.1951130841346154 0.3051703846153846 0.19963483413461539 0.3051703846153846 0.19963483413461539 0.2916901586538462
0 0.1895478533653846 0.2930505480769231 0.18711306249999998 0.2930505480769231 0.18711306249999998 0.3036863221153846 0.1895478533653846 0.3036863221153846 0.1895478533653846 0.2930505480769231
0 0.18773915144230768 0.296884375 0.185582625 0.296884375 0.185582625 0.3036863221153846 0.18773915144230768 0.3036863221153846 0.18773915144230768 0.296884375
0 0.1834260985576923 0.2963896875 0.18175652884615384 0.2963896875 0.18175652884615384 0.30356265144230765 0.1834260985576923 0.30356265144230765 0.1834260985576923 0.2963896875
0 0.18060133653846153 0.2989153701923077 0.17770741826923078 0.2989153701923077 0.17770741826923078 0.30406011778846154 0.18060133653846153 0.30406011778846154 0.18060133653846153 0.2989153701923077
0 0.17770741826923078 0.29663981009615387 0.17548132451923076 0.29663981009615387 0.17548132451923076 0.30406011778846154 0.17770741826923078 0.30406011778846154 0.17770741826923078 0.29663981009615387
0 0.17548132451923076 0.29545256009615384 0.1714743581730769 0.29545256009615384 0.1714743581730769 0.30406011778846154 0.17548132451923076 0.30406011778846154 0.17548132451923076 0.29545256009615384
0 0.17086218269230768 0.29713449759615385 0.16852478605769233 0.29713449759615385 0.16852478605769233 0.30584099278846155 0.17086218269230768 0.30584099278846155 0.17086218269230768 0.29713449759615385
0 0.16852478605769233 0.29505681009615387 0.1653526033653846 0.29505681009615387 0.1653526033653846 0.30475268028846153 0.16852478605769233 0.30475268028846153 0.16852478605769233 0.29505681009615387
1 0.09680661538461538 0.30297383413461537 0.07802396153846154 0.30297383413461537 0.07802396153846154 0.31333134855769235 0.09680661538461538 0.31333134855769235 0.09680661538461538 0.30297383413461537
0 0.22034712019230768 0.48976864182692303 0.20292070913461538 0.48976864182692303 0.20292070913461538 0.5582743437500001 0.22034712019230768 0.5582743437500001 0.22034712019230768 0.48976864182692303
0 0.15885618750000002 0.6132630841346154 0.17652804086538462 0.6132630841346154 0.17652804086538462 0.5639564326923077 0.15885618750000002 0.5639564326923077 0.15885618750000002 0.6132630841346154
0 0.19288494230769232 0.32487922596153845 0.1899252427884615 0.32487922596153845 0.1899252427884615 0.3348878653846154 0.19288494230769232 0.3348878653846154 0.19288494230769232 0.32487922596153845
0 0.19504037259615387 0.3293974110576923 0.19095470432692307 0.3293974110576923 0.19095470432692307 0.3419797019230769 0.19504037259615387 0.3419797019230769 0.19504037259615387 0.3293974110576923
1 0.19810047836538464 0.337504625 0.2031930576923077 0.337504625 0.2031930576923077 0.3235998557692307 0.19810047836538464 0.3235998557692307 0.19810047836538464 0.337504625
0 0.2308685048076923 0.32689621394230767 0.2268471778846154 0.32689621394230767 0.2268471778846154 0.3439823918269231 0.2308685048076923 0.3439823918269231 0.2308685048076923 0.32689621394230767
0 0.23655696634615384 0.3171335 0.23323304807692308 0.3171335 0.23323304807692308 0.3315459423076923 0.23655696634615384 0.3315459423076923 0.23655696634615384 0.3171335
0 0.23323304807692308 0.31799853125 0.23065738701923078 0.31799853125 0.23065738701923078 0.32817874999999996 0.23323304807692308 0.32817874999999996 0.23323304807692308 0.31799853125
0 0.23113994471153848 0.3181129182692307 0.22859846634615386 0.3181129182692307 0.22859846634615386 0.32937978605769236 0.23113994471153848 0.32937978605769236 0.23113994471153848 0.3181129182692307
0 0.23397096153846153 0.32743525 0.2302713389423077 0.32743525 0.2302713389423077 0.3425911899038461 0.23397096153846153 0.3425911899038461 0.23397096153846153 0.32743525
0 0.23748962259615383 0.33527630528846153 0.23748962259615383 0.33049145913461536 0.23504465624999998 0.33049145913461536 0.23504465624999998 0.34536143990384616 0.23748962259615383 0.34536143990384616 0.23748962259615383 0.33527630528846153
0 0.24592428846153844 0.31607169711538463 0.24255199278846154 0.31607169711538463 0.24255199278846154 0.3266865745192308 0.24592428846153844 0.3266865745192308 0.24592428846153844 0.31607169711538463
0 0.24735273557692306 0.32482728365384617 0.24378179567307695 0.32482728365384617 0.24378179567307695 0.34141303125 0.24735273557692306 0.34141303125 0.24735273557692306 0.32482728365384617
0 0.23983546394230768 0.33559708173076924 0.23705592307692308 0.33559708173076924 0.23705592307692308 0.35517969951923073 0.23983546394230768 0.35517969951923073 0.23983546394230768 0.33559708173076924
0 0.24574360096153847 0.3356198149038461 0.241883125 0.3356198149038461 0.241883125 0.35535113221153847 0.24574360096153847 0.35535113221153847 0.24574360096153847 0.3356198149038461
0 0.24329059134615386 0.3364776995192308 0.2389475552884615 0.3364776995192308 0.2389475552884615 0.3546362307692308 0.24329059134615386 0.3546362307692308 0.24329059134615386 0.3364776995192308
0 0.24195550961538462 0.3261859567307692 0.23825588701923076 0.3261859567307692 0.23825588701923076 0.3364776995192308 0.24195550961538462 0.3364776995192308 0.24195550961538462 0.3261859567307692
0 0.24275190865384613 0.3292124447115385 0.23985655288461538 0.3292124447115385 0.23985655288461538 0.3364776995192308 0.24275190865384613 0.3364776995192308 0.24275190865384613 0.3292124447115385
0 0.24981829326923075 0.3417680817307692 0.25448303365384617 0.3417680817307692 0.25448303365384617 0.32503935576923076 0.24981829326923075 0.32503935576923076 0.24981829326923075 0.3417680817307692
0 0.25353802163461536 0.32137190384615383 0.24956696153846153 0.32137190384615383 0.24956696153846153 0.33254225961538464 0.25353802163461536 0.33254225961538464 0.25353802163461536 0.32137190384615383
0 0.26801480528846156 0.32458896634615386 0.26354107692307693 0.32458896634615386 0.26354107692307693 0.3432658028846154 0.26801480528846156 0.3432658028846154 0.26801480528846156 0.32458896634615386
0 0.2719858677884615 0.3189591057692308 0.2677132043269231 0.3189591057692308 0.2677132043269231 0.33790403124999996 0.2719858677884615 0.33790403124999996 0.2719858677884615 0.3189591057692308
0 0.26801480528846156 0.31940592067307694 0.26434534375 0.31940592067307694 0.26434534375 0.334329516826923 0.26801480528846156 0.334329516826923 0.26801480528846156 0.31940592067307694
0 0.4348056778846154 0.8214605697115385 0.39415899519230774 0.8214605697115385 0.39415899519230774 0.9815812548076923 0.4348056778846154 0.9815812548076923 0.4348056778846154 0.8214605697115385
0 0.5176474855769231 1 0.5176474855769231 0.9393717908653846 0.4799686586538462 0.9393717908653846 0.4799686586538462 1 0.5176474855769231 1
0 0.31533217548076925 0.6747296899038461 0.28395035817307696 0.6747296899038461 0.28395035817307696 0.7902735096153847 0.31533217548076925 0.7902735096153847 0.31533217548076925 0.6747296899038461
0 0.30297346634615385 0.3562395649038462 0.30595298798076925 0.3562395649038462 0.30595298798076925 0.33406154086538464 0.30297346634615385 0.33406154086538464 0.30297346634615385 0.3562395649038462
0 0.2560262908653846 0.29278238461538464 0.25267072355769227 0.29278238461538464 0.25267072355769227 0.3027119807692308 0.2560262908653846 0.3027119807692308 0.2560262908653846 0.29278238461538464
0 0.25070067788461536 0.2934751466346154 0.24773478846153846 0.2934751466346154 0.24773478846153846 0.3012109951923077 0.25070067788461536 0.3012109951923077 0.25070067788461536 0.2934751466346154
0 0.31208643990384616 0.3187549495192308 0.30873763701923074 0.3187549495192308 0.30873763701923074 0.33799835576923076 0.31208643990384616 0.33799835576923076 0.31208643990384616 0.3187549495192308
0 0.3148940216346154 0.3220624110576923 0.3109363461538462 0.3220624110576923 0.3109363461538462 0.3375774038461538 0.3148940216346154 0.3375774038461538 0.3148940216346154 0.3220624110576923
0 0.3283907139423077 0.32717393990384613 0.32409477403846154 0.32717393990384613 0.32409477403846154 0.3455153100961538 0.3283907139423077 0.3455153100961538 0.3283907139423077 0.32717393990384613
0 0.3353251057692308 0.32681312500000004 0.33004820432692306 0.32681312500000004 0.33004820432692306 0.34533490384615384 0.3353251057692308 0.34533490384615384 0.3353251057692308 0.32681312500000004
0 0.3380312091346154 0.32579081971153845 0.3340058798076923 0.32579081971153845 0.3340058798076923 0.3446132740384616 0.3380312091346154 0.3446132740384616 0.3380312091346154 0.32579081971153845
0 0.8532201634615385 0.71891203125 0.8234074350961538 0.71891203125 0.8234074350961538 0.8247660264423077 0.8532201634615385 0.8247660264423077 0.8532201634615385 0.71891203125
0 0.12107143990384615 0.4674475192307692 0.11312225961538462 0.4674475192307692 0.11312225961538462 0.4946288317307692 0.12107143990384615 0.4946288317307692 0.12107143990384615 0.4674475192307692
0 0.10437076201923076 0.4493805192307692 0.09617845673076923 0.4493805192307692 0.09617845673076923 0.4856498269230769 0.10437076201923076 0.4856498269230769 0.10437076201923076 0.4493805192307692
0 0.10754197836538461 0.46394462019230764 0.08999458653846154 0.46394462019230764 0.08999458653846154 0.4980528028846154 0.10754197836538461 0.4980528028846154 0.10754197836538461 0.46394462019230764
0 0.010866259615384614 0.35375558413461533 0.004398673076923077 0.35375558413461533 0.004398673076923077 0.3790125528846154 0.010866259615384614 0.3790125528846154 0.010866259615384614 0.35375558413461533
0 0.01882220673076923 0.35356314903846153 0.011055687500000001 0.35356314903846153 0.011055687500000001 0.38132176201923074 0.01882220673076923 0.38132176201923074 0.01882220673076923 0.35356314903846153
0 0 0.3883456057692308 0.0059682115384615386 0.3883456057692308 0.0059682115384615386 0.36159727163461536 0 0.36159727163461536 0 0.3883456057692308
1 0.004201699519230769 0.29554464903846156 0.024497478365384615 0.29554464903846156 0.024497478365384615 0.29073379807692307 0.004201699519230769 0.29073379807692307 0.004201699519230769 0.29554464903846156
0 0.02831985096153846 0.29404125721153845 0.025512266826923077 0.29404125721153845 0.025512266826923077 0.3015582139423077 0.02831985096153846 0.3015582139423077 0.02831985096153846 0.29404125721153845
1 0.05064520673076923 0.2939209855769231 0.0635330264423077 0.2939209855769231 0.0635330264423077 0.28911013461538465 0.05064520673076923 0.28911013461538465 0.05064520673076923 0.2939209855769231
1 0.08841829326923077 0.28617081730769234 0.07772918269230769 0.28617081730769234 0.07772918269230769 0.2902119326923077 0.08841829326923077 0.2902119326923077 0.08841829326923077 0.28617081730769234
1 0.5085186947115384 0.29124705528846156 0.541330204326923 0.29124705528846156 0.541330204326923 0.28297840625 0.5085186947115384 0.28297840625 0.5085186947115384 0.29124705528846156
1 0.4260068076923077 0.2939026538461538 0.42947400480769227 0.2939026538461538 0.42947400480769227 0.2865665600961539 0.4260068076923077 0.2865665600961539 0.4260068076923077 0.2939026538461538
1 0.3974251610576923 0.30082265865384616 0.4004369014423077 0.30082265865384616 0.4004369014423077 0.2922670576923077 0.3974251610576923 0.2922670576923077 0.3974251610576923 0.30082265865384616
1 0.3419902379807693 0.30324694951923076 0.34466191346153846 0.30324694951923076 0.34466191346153846 0.29381295673076924 0.3419902379807693 0.29381295673076924 0.3419902379807693 0.30324694951923076
1 0.31129808413461535 0.29796159134615385 0.30427846634615385 0.29796159134615385 0.30427846634615385 0.30368739663461536 0.31129808413461535 0.30368739663461536 0.31129808413461535 0.29796159134615385
1 0.2978379158653846 0.30133834615384614 0.30039703125 0.30133834615384614 0.30039703125 0.29346988701923077 0.2978379158653846 0.29346988701923077 0.2978379158653846 0.30133834615384614
1 0.29139540384615387 0.30251287259615384 0.28297186298076926 0.30251287259615384 0.28297186298076926 0.3082386778846154 0.29139540384615387 0.3082386778846154 0.29139540384615387 0.30251287259615384
0 0.27159478365384615 0.29324625240384616 0.2694299014423077 0.29324625240384616 0.2694299014423077 0.3006068533653846 0.27159478365384615 0.3006068533653846 0.27159478365384615 0.29324625240384616
0 0.2694299014423077 0.29064839182692304 0.2660202115384615 0.29064839182692304 0.2660202115384615 0.3006068533653846 0.2694299014423077 0.3006068533653846 0.2694299014423077 0.29064839182692304
1 0.26731913942307695 0.30902584375000003 0.2697546346153846 0.30902584375000003 0.2697546346153846 0.3006068533653846 0.26731913942307695 0.3006068533653846 0.26731913942307695 0.30902584375000003
1 0.21733573798076922 0.3135916418269231 0.24217692548076922 0.3135916418269231 0.24217692548076922 0.3041954471153846 0.21733573798076922 0.3041954471153846 0.21733573798076922 0.3135916418269231
1 0.25030348076923076 0.3026165120192308 0.24264520913461537 0.3026165120192308 0.24264520913461537 0.3082933173076923 0.25030348076923076 0.3082933173076923 0.25030348076923076 0.3026165120192308
1 0.21667280288461538 0.3077207932692308 0.16687481009615385 0.3077207932692308 0.16687481009615385 0.32078737500000004 0.21667280288461538 0.32078737500000004 0.21667280288461538 0.3077207932692308
1 0.16447988221153848 0.3125657067307692 0.16003114182692307 0.3125657067307692 0.16003114182692307 0.3219619014423077 0.16447988221153848 0.3219619014423077 0.16447988221153848 0.3125657067307692
1 0.15620504567307694 0.3143274927884615 0.10179882692307693 0.3143274927884615 0.10179882692307693 0.3266699447115385 0.15620504567307694 0.3266699447115385 0.15620504567307694 0.3143274927884615
0 0.10587436778846154 0.29923350721153846 0.10359109375 0.29923350721153846 0.10359109375 0.3103586009615385 0.10587436778846154 0.3103586009615385 0.10587436778846154 0.29923350721153846
0 0.10837243990384615 0.2999581418269231 0.10587436778846154 0.2999581418269231 0.10587436778846154 0.3090506490384615 0.10837243990384615 0.3090506490384615 0.10837243990384615 0.2999581418269231
0 0.11097030048076924 0.3005354423076923 0.10823713461538462 0.3005354423076923 0.10823713461538462 0.30957984374999997 0.11097030048076924 0.30957984374999997 0.11097030048076924 0.3005354423076923
0 0.14732342067307694 0.2969333173076923 0.14427905528846152 0.2969333173076923 0.14427905528846152 0.3072315456730769 0.14732342067307694 0.3072315456730769 0.14732342067307694 0.2969333173076923
1 0.1647016826923077 0.29610645192307694 0.14753483653846153 0.29610645192307694 0.14753483653846153 0.30768256490384616 0.1647016826923077 0.30768256490384616 0.1647016826923077 0.29610645192307694
1 0.14368709375 0.29753467307692305 0.11121384855769231 0.29753467307692305 0.11121384855769231 0.3103886682692308 0.14368709375 0.3103886682692308 0.14368709375 0.29753467307692305