1 0.21179316346153848 0.8733238605769231 0.18241543990384615 0.8733238605769231 0.18241543990384615 0.9252858149038462 0.21179316346153848 0.9252858149038462 0.21179316346153848 0.8733238605769231
1 0.5004502475961539 0.9257411850961539 0.49150271875 0.9257411850961539 0.49150271875 0.9525837764423077 0.5004502475961539 0.9525837764423077 0.5004502475961539 0.9257411850961539
1 0.49506702163461536 0.3944236394230769 0.4831835817307692 0.3944236394230769 0.4831835817307692 0.4449606177884616 0.49506702163461536 0.4449606177884616 0.49506702163461536 0.3944236394230769
1 0.28481316346153845 0.13073556971153846 0.26640548317307694 0.13073556971153846 0.26640548317307694 0.16263185817307693 0.28481316346153845 0.16263185817307693 0.28481316346153845 0.13073556971153846
1 0.40411356971153845 0.09925351682692307 0.3719583822115385 0.09925351682692307 0.3719583822115385 0.15144744471153845 0.40411356971153845 0.15144744471153845 0.40411356971153845 0.09925351682692307
1 0.41739506009615385 0.18044407211538463 0.3882689831730769 0.18044407211538463 0.3882689831730769 0.23263799999999998 0.41739506009615385 0.23263799999999998 0.41739506009615385 0.18044407211538463
1 0.47075402884615386 0.13694913221153845 0.4476861778846154 0.13694913221153845 0.4476861778846154 0.19121424759615382 0.47075402884615386 0.19121424759615382 0.47075402884615386 0.13694913221153845
1 0.5143266394230769 0.17920135817307692 0.4872976418269231 0.17920135817307692 0.4872976418269231 0.23388071153846154 0.5143266394230769 0.23388071153846154 0.5143266394230769 0.17920135817307692
1 0.5495109375 0.14150574519230769 0.5231809663461539 0.14150574519230769 0.5231809663461539 0.1845864471153846 0.5495109375 0.1845864471153846 0.5495109375 0.14150574519230769
1 0.6007455240384615 0.06252157211538462 0.5917979951923077 0.06252157211538462 0.5917979951923077 0.07975385336538461 0.6007455240384615 0.07975385336538461 0.6007455240384615 0.06252157211538462
0 0.6087039759615385 0.9565937091346155 0.59668946875 0.9565937091346155 0.59668946875 0.9773055841346154 0.6087039759615385 0.9773055841346154 0.6087039759615385 0.9565937091346155
0 0.6349174423076923 0.869215483173077 0.6283640769230769 0.869215483173077 0.6283640769230769 0.8815131586538462 0.6349174423076923 0.8815131586538462 0.6349174423076923 0.869215483173077
0 0.8237417908653846 0.6136956586538461 0.8144214471153847 0.6136956586538461 0.8144214471153847 0.6265370216346154 0.8237417908653846 0.6265370216346154 0.8237417908653846 0.6136956586538461
0 0.7948487235576922 0.607067858173077 0.7890235072115386 0.607067858173077 0.7890235072115386 0.6211519326923077 0.7948487235576922 0.6211519326923077 0.7948487235576922 0.607067858173077
0 0.7989220048076924 0.5455535865384615 0.7918385432692308 0.5455535865384615 0.7918385432692308 0.5588091875 0.7989220048076924 0.5588091875 0.7989220048076924 0.5455535865384615
0 0.7815162620192309 0.47094940865384616 0.774817264423077 0.47094940865384616 0.774817264423077 0.4828587379807692 0.7815162620192309 0.4828587379807692 0.7815162620192309 0.47094940865384616
0 0.6953892932692308 0.37967548557692304 0.6890663701923077 0.37967548557692304 0.6890663701923077 0.39049205528846154 0.6953892932692308 0.39049205528846154 0.6953892932692308 0.37967548557692304
0 0.8263940048076923 0.4051801201923077 0.8178192884615385 0.4051801201923077 0.8178192884615385 0.42174962259615384 0.8263940048076923 0.42174962259615384 0.8263940048076923 0.4051801201923077
0 0.81595521875 0.36243081009615385 0.8101766057692308 0.36243081009615385 0.8101766057692308 0.39490703125000004 0.81595521875 0.39490703125000004 0.81595521875 0.36243081009615385
0 0.9622817331730769 0.9244268509615385 0.9512138245192308 0.9244268509615385 0.9512138245192308 0.9415141490384615 0.9622817331730769 0.9415141490384615 0.9622817331730769 0.9244268509615385
0 0.9675244254807692 0.8990548028846154 0.9608254278846153 0.8990548028846154 0.9608254278846153 0.9182132884615384 0.9675244254807692 0.9182132884615384 0.9675244254807692 0.8990548028846154
0 1 0.6800267139423077 0.9899515048076922 0.6800267139423077 0.9899515048076922 0.7012563870192309 1 0.7012563870192309 1 0.6800267139423077
0 0.8724186875 0.22190590865384616 0.8604769951923077 0.22190590865384616 0.8604769951923077 0.24365337980769233 0.8724186875 0.24365337980769233 0.8724186875 0.22190590865384616
0 0.8185354471153846 0.32391189903846157 0.809797625 0.32391189903846157 0.809797625 0.34099919471153844 0.8185354471153846 0.34099919471153844 0.8185354471153846 0.32391189903846157
0 0.8325159639423076 0.34410597596153847 0.8240694014423077 0.34410597596153847 0.8240694014423077 0.3565331033653846 0.8325159639423076 0.3565331033653846 0.8325159639423076 0.34410597596153847
0 0.8266907499999999 0.24158219230769232 0.8167878822115384 0.24158219230769232 0.8167878822115384 0.2669542403846154 0.8266907499999999 0.2669542403846154 0.8266907499999999 0.24158219230769232
0 0.8400887427884616 0.23122625480769232 0.8290208341346154 0.23122625480769232 0.8290208341346154 0.2467601610576923 0.8400887427884616 0.2467601610576923 0.8400887427884616 0.23122625480769232
0 0.7386025745192307 0.23811942548076923 0.7273162187500001 0.23811942548076923 0.7273162187500001 0.26918723798076927 0.7386025745192307 0.26918723798076927 0.7386025745192307 0.23811942548076923
0 0.7553500673076923 0.19022321153846156 0.7426074086538462 0.19022321153846156 0.7426074086538462 0.20964059615384614 0.7553500673076923 0.20964059615384614 0.7553500673076923 0.19022321153846156
1 0.7396948028846153 0.18245625721153846 0.7396948028846153 0.17080582692307691 0.7320492067307692 0.17080582692307691 0.7320492067307692 0.18245625721153846 0.7391744326923076 0.18245625721153846 0.7396948028846153 0.18245625721153846
0 0.7302288269230769 0.09831426201923077 0.7229473076923078 0.09831426201923077 0.7229473076923078 0.11061193990384616 0.7302288269230769 0.11061193990384616 0.7302288269230769 0.09831426201923077
0 0.7404229543269231 0.08536933894230768 0.7313210552884615 0.08536933894230768 0.7313210552884615 0.10802295432692308 0.7404229543269231 0.10802295432692308 0.7404229543269231 0.08536933894230768
0 0.853403 0.13973801442307693 0.8424515961538461 0.13973801442307693 0.8424515961538461 0.1579644639423077 0.853403 0.1579644639423077 0.853403 0.13973801442307693
0 0.8592282163461539 0.12026885096153846 0.8592282163461539 0.09210069951923076 0.843616639423077 0.09210069951923076 0.843616639423077 0.12026885096153846 0.8559660961538461 0.12026885096153846 0.8592282163461539 0.12026885096153846
0 0.78618584375 0.08249556730769231 0.7776111274038461 0.08249556730769231 0.7776111274038461 0.09376282692307693 0.78618584375 0.09376282692307693 0.78618584375 0.08249556730769231
0 0.7595296586538461 0.035438185096153846 0.7517005697115385 0.035438185096153846 0.7517005697115385 0.04604266586538462 0.7595296586538461 0.04604266586538462 0.7595296586538461 0.035438185096153846
0 0.7514768822115384 0.15599787259615386 0.7429767283653846 0.15599787259615386 0.7429767283653846 0.17137436778846155 0.7514768822115384 0.17137436778846155 0.7514768822115384 0.15599787259615386
0 0.7510295048076923 0.04809728365384615 0.7435732307692308 0.04809728365384615 0.7435732307692308 0.0671853485576923 0.7510295048076923 0.0671853485576923 0.7510295048076923 0.04809728365384615
0 0.9217993125 0.010641867788461538 0.9117333413461538 0.010641867788461538 0.9117333413461538 0.02555441826923077 0.9217993125 0.02555441826923077 0.9217993125 0.010641867788461538
1 0.8718117620192308 0 0.8718117620192308 0.05726463942307692 0.9041999567307692 0.05726463942307692 0.9041999567307692 0 0.8718117620192308 0
1 0.552478625 0.6544411298076922 0.5610384302884616 0.6544411298076922 0.5610384302884616 0.6122020961538461 0.552478625 0.6122020961538461 0.552478625 0.6544411298076922
1 0.45225691826923076 0.5698492884615385 0.46339266346153846 0.5698492884615385 0.46339266346153846 0.5241116682692307 0.45225691826923076 0.5241116682692307 0.45225691826923076 0.5698492884615385
0 0.7440331322115384 0.88635478125 0.7477930456730769 0.88635478125 0.7477930456730769 0.8763994543269231 0.7440331322115384 0.8763994543269231 0.7440331322115384 0.88635478125
0 0.7481130384615385 0.8860703437499999 0.7541129014423077 0.8860703437499999 0.7541129014423077 0.8728439807692308 0.7481130384615385 0.8728439807692308 0.7481130384615385 0.8860703437499999
0 0.8289558822115384 0.75563975 0.8236721634615385 0.75563975 0.8236721634615385 0.7655427427884616 0.8289558822115384 0.7655427427884616 0.8289558822115384 0.75563975
0 0.7727912091346153 0.6981000913461538 0.7781030889423076 0.6981000913461538 0.7781030889423076 0.6887705288461539 0.7727912091346153 0.6887705288461539 0.7727912091346153 0.6981000913461538
0 0.70962465625 0.6635124399038462 0.7138485576923077 0.6635124399038462 0.7138485576923077 0.6554344014423077 0.70962465625 0.6554344014423077 0.70962465625 0.6635124399038462
0 0.7042487788461538 0.6504282932692308 0.7101366442307693 0.6504282932692308 0.7101366442307693 0.6315416153846154 0.7042487788461538 0.6315416153846154 0.7042487788461538 0.6504282932692308
0 0.7875748701923077 0.6340446682692308 0.7803430360576923 0.6340446682692308 0.7803430360576923 0.6449670841346153 0.7875748701923077 0.6449670841346153 0.7875748701923077 0.6340446682692308
0 0.7966626634615385 0.5891034759615384 0.7897508221153846 0.5891034759615384 0.7897508221153846 0.6021876201923078 0.7966626634615385 0.6021876201923078 0.7966626634615385 0.5891034759615384
0 0.7960663677884615 0.5094213413461538 0.7925464495192307 0.5094213413461538 0.7925464495192307 0.5159634134615385 0.7960663677884615 0.5159634134615385 0.7960663677884615 0.5094213413461538
0 0.7939864158653845 0.4973327283653846 0.8028662115384615 0.4973327283653846 0.8028662115384615 0.4805508894230769 0.7939864158653845 0.4805508894230769 0.7939864158653845 0.4973327283653846
0 0.81902584375 0.5104168725961539 0.8283056298076924 0.5104168725961539 0.8283056298076924 0.49576831971153845 0.81902584375 0.49576831971153845 0.81902584375 0.5104168725961539
0 0.8215057860576922 0.41697901201923077 0.8119060048076924 0.41697901201923077 0.8119060048076924 0.44343174038461536 0.8215057860576922 0.44343174038461536 0.8215057860576922 0.41697901201923077
0 0.8721671875 0.2603367091346154 0.8627594038461539 0.2603367091346154 0.8627594038461539 0.27364840384615385 0.8721671875 0.27364840384615385 0.8721671875 0.2603367091346154
0 0.8445838197115385 0.20151494471153847 0.8280721971153846 0.20151494471153847 0.8280721971153846 0.2211980480769231 0.8445838197115385 0.2211980480769231 0.8445838197115385 0.20151494471153847
0 0.8518156538461539 0.16396913701923077 0.8466957716346154 0.16396913701923077 0.8466957716346154 0.17352625 0.8518156538461539 0.17352625 0.8518156538461539 0.16396913701923077
0 0.8731911658653846 0.16180740625 0.8802310048076923 0.16180740625 0.8802310048076923 0.15042989182692307 0.8731911658653846 0.15042989182692307 0.8731911658653846 0.16180740625
0 0.863975375 0.14439980528846152 0.8576395216346153 0.14439980528846152 0.8576395216346153 0.15680130048076923 0.863975375 0.15680130048076923 0.863975375 0.14439980528846152
0 0.859303483173077 0.1441722548076923 0.8657673365384616 0.1441722548076923 0.8657673365384616 0.1225549735576923 0.859303483173077 0.1225549735576923 0.859303483173077 0.1441722548076923
0 0.9414576033653846 0.0197164375 0.9506573918269231 0.0197164375 0.9506573918269231 0.0024723870192307693 0.9414576033653846 0.0024723870192307693 0.9414576033653846 0.0197164375
0 0.9161165817307692 0.060105201923076924 0.9240524014423077 0.060105201923076924 0.9240524014423077 0.050184007211538456 0.9161165817307692 0.050184007211538456 0.9161165817307692 0.060105201923076924
0 0.7782135384615384 0.1194467764423077 0.7858933629807693 0.1194467764423077 0.7858933629807693 0.10294937740384615 0.7782135384615384 0.10294937740384615 0.7782135384615384 0.1194467764423077
0 0.7455742860576924 0.0426485360576923 0.7499261875 0.0426485360576923 0.7499261875 0.03206744471153846 0.7455742860576924 0.03206744471153846 0.7455742860576924 0.0426485360576923
0 0.7707257115384615 0.03889395432692307 0.7762935841346154 0.03889395432692307 0.7762935841346154 0.03206744471153846 0.7707257115384615 0.03206744471153846 0.7707257115384615 0.03889395432692307
0 0.7732216538461538 0.02888173798076923 0.7775095552884616 0.02888173798076923 0.7775095552884616 0.018528197115384615 0.7732216538461538 0.018528197115384615 0.7732216538461538 0.02888173798076923
0 0.7780215432692308 0.029223064903846154 0.7830774278846153 0.029223064903846154 0.7830774278846153 0.017390447115384615 0.7780215432692308 0.017390447115384615 0.7780215432692308 0.029223064903846154
0 0.7913332379807693 0.07200252884615385 0.7979890865384616 0.07200252884615385 0.7979890865384616 0.05368472596153846 0.7913332379807693 0.05368472596153846 0.7913332379807693 0.07200252884615385
1 0.5239188677884615 0.9042114134615384 0.5211189326923077 0.9042114134615384 0.5211189326923077 0.9113223629807692 0.5239188677884615 0.9113223629807692 0.5239188677884615 0.9042114134615384
1 0.5836922067307693 0.28835179086538465 0.5784923245192307 0.28835179086538465 0.5784923245192307 0.30132926923076925 0.5836922067307693 0.30132926923076925 0.5836922067307693 0.28835179086538465
1 0.5777271682692308 0.21278806009615386 0.5860213798076923 0.21278806009615386 0.5860213798076923 0.19831585817307693 0.5777271682692308 0.19831585817307693 0.5777271682692308 0.21278806009615386
1 0.5746040408653846 0.1914893485576923 0.5800311153846154 0.1914893485576923 0.5800311153846154 0.17501470432692307 0.5746040408653846 0.17501470432692307 0.5746040408653846 0.1914893485576923
1 0.6236314086538461 0.01980516826923077 0.6196315 0.01980516826923077 0.6196315 0.028764961538461538 0.6236314086538461 0.028764961538461538 0.6236314086538461 0.01980516826923077
1 0.6054718245192308 0.011840906250000002 0.6090717427884615 0.011840906250000002 0.6090717427884615 0.004018862980769231 0.6054718245192308 0.004018862980769231 0.6054718245192308 0.011840906250000002