1 0.9870984735576923 0.014006060096153846 0.8253592115384615 0.014006060096153846 0.8253592115384615 0.09233825240384615 0.9870984735576923 0.09233825240384615 0.9870984735576923 0.014006060096153846
0 0.3390733509615385 0.9452130096153847 0.33160775 0.9452130096153847 0.33160775 0.9927925192307693 0.3390733509615385 0.9927925192307693 0.3390733509615385 0.9452130096153847
0 0.3368939591346154 0.9265006394230769 0.3256431586538462 0.9265006394230769 0.3256431586538462 0.9861971971153847 0.3368939591346154 0.9861971971153847 0.3368939591346154 0.9265006394230769
0 0.34462527884615385 0.9254749254807693 0.33747092307692306 0.9254749254807693 0.33747092307692306 0.9979929086538462 0.34462527884615385 0.9979929086538462 0.34462527884615385 0.9254749254807693
0 0.4925472980769231 0.9213771201923078 0.48019665865384614 0.9213771201923078 0.48019665865384614 0.9553538990384615 0.4925472980769231 0.9553538990384615 0.4925472980769231 0.9213771201923078
0 0.4414318798076923 0.9208963197115385 0.4167306033653846 0.9208963197115385 0.4167306033653846 0.9545525600961539 0.4414318798076923 0.9545525600961539 0.4414318798076923 0.9208963197115385
0 0.43596046875 0.8769345552884615 0.42739615625 0.8769345552884615 0.42739615625 0.9244138966346154 0.43596046875 0.9244138966346154 0.43596046875 0.8769345552884615
0 0.4530890913461538 0.843678983173077 0.44418671394230774 0.843678983173077 0.44418671394230774 0.8947643509615385 0.4530890913461538 0.8947643509615385 0.4530890913461538 0.843678983173077
0 0.5150499423076923 0.6108123461538462 0.5109030120192307 0.6108123461538462 0.5109030120192307 0.6308458221153846 0.5150499423076923 0.6308458221153846 0.5150499423076923 0.6108123461538462
0 0.5190165697115384 0.6036002932692308 0.514869639423077 0.6036002932692308 0.514869639423077 0.6173833269230768 0.5190165697115384 0.6173833269230768 0.5190165697115384 0.6036002932692308
0 0.4461748461538461 0.6108123461538462 0.44477796875000003 0.6108123461538462 0.4422983677884615 0.6108123461538462 0.4422983677884615 0.6236337692307692 0.4461748461538461 0.6236337692307692 0.4461748461538461 0.6108123461538462
0 0.4429294230769231 0.6122547548076923 0.4408490745192308 0.6122547548076923 0.4397741490384615 0.6122547548076923 0.4397741490384615 0.6247556442307692 0.4429294230769231 0.6247556442307692 0.4429294230769231 0.6122547548076923
0 0.43310300240384614 0.6162614519230769 0.42994772836538464 0.6162614519230769 0.42994772836538464 0.6306855552884615 0.43310300240384614 0.6306855552884615 0.43310300240384614 0.6162614519230769
0 0.4505020769230769 0.5699440504807692 0.4472566538461538 0.5699440504807692 0.4472566538461538 0.5802011923076923 0.4505020769230769 0.5802011923076923 0.4505020769230769 0.5699440504807692
0 0.4887218990384615 0.6010402932692307 0.4841061875 0.6010402932692307 0.4841061875 0.6097588629807692 0.4887218990384615 0.6097588629807692 0.4887218990384615 0.6010402932692307
1 0.46485000721153846 0.5257785264423077 0.4566282692307692 0.5257785264423077 0.4566282692307692 0.5375742379807693 0.46485000721153846 0.5375742379807693 0.46485000721153846 0.5257785264423077
0 0.7313821490384615 0.7736390552884616 0.7252663293269231 0.7736390552884616 0.7252663293269231 0.7995896201923076 0.7313821490384615 0.7995896201923076 0.7313821490384615 0.7736390552884616
0 0.7252663293269231 0.7638947716346153 0.7211121875 0.7638947716346153 0.7211121875 0.7859476249999999 0.7252663293269231 0.7859476249999999 0.7252663293269231 0.7638947716346153
0 0.7246316682692308 0.7517913461538461 0.7188620288461538 0.7517913461538461 0.7188620288461538 0.7829730528846154 0.7246316682692308 0.7829730528846154 0.7246316682692308 0.7517913461538461
0 0.7203621346153847 0.7639973437500001 0.7151117620192308 0.7639973437500001 0.7151117620192308 0.7974356201923077 0.7203621346153847 0.7974356201923077 0.7203621346153847 0.7639973437500001
0 0.7142463149038462 0.7628690576923076 0.7085343701923077 0.7628690576923076 0.7085343701923077 0.7910761947115384 0.7142463149038462 0.7910761947115384 0.7142463149038462 0.7628690576923076
0 0.7103229591346154 0.7553813461538461 0.705014889423077 0.7553813461538461 0.705014889423077 0.7793830528846153 0.7103229591346154 0.7793830528846153 0.7103229591346154 0.7553813461538461
0 0.7122846370192307 0.7896401947115385 0.69947603125 0.7896401947115385 0.69947603125 0.8049233341346155 0.7122846370192307 0.8049233341346155 0.7122846370192307 0.7896401947115385
0 0.7039763533653847 0.7564070600961539 0.6961296394230769 0.7564070600961539 0.6961296394230769 0.7939481947115384 0.7039763533653847 0.7939481947115384 0.7039763533653847 0.7564070600961539
0 0.6972258725961538 0.7698439134615385 0.6896676418269231 0.7698439134615385 0.6896676418269231 0.7988716201923077 0.6972258725961538 0.7988716201923077 0.6972258725961538 0.7698439134615385
0 0.7045679062500001 0.8861417836538461 0.6893549855769231 0.8861417836538461 0.6893549855769231 0.9079782740384614 0.7045679062500001 0.9079782740384614 0.7045679062500001 0.8861417836538461
0 0.7500939855769231 0.8741216971153847 0.7420931153846154 0.8741216971153847 0.7420931153846154 0.8947561778846154 0.7500939855769231 0.8947561778846154 0.7500939855769231 0.8741216971153847
0 0.7511081802884616 0.8839381009615385 0.7296974014423078 0.8839381009615385 0.7296974014423078 0.9037712427884615 0.7511081802884616 0.9037712427884615 0.7511081802884616 0.8839381009615385
0 0.7371348293269231 0.9149899903846154 0.72192190625 0.9149899903846154 0.72192190625 0.9764927668269231 0.7371348293269231 0.9764927668269231 0.7371348293269231 0.9149899903846154
0 0.7225980360576922 0.9149899903846154 0.7061455432692308 0.9149899903846154 0.7061455432692308 0.9833041490384615 0.7225980360576922 0.9833041490384615 0.7225980360576922 0.9149899903846154
0 0.7699271274038462 0.9013672259615385 0.7584329182692309 0.9013672259615385 0.7584329182692309 0.9588633052884615 0.7699271274038462 0.9588633052884615 0.7699271274038462 0.9013672259615385
0 0.806663516826923 0.9163923341346153 0.7886333870192307 0.9163923341346153 0.7886333870192307 0.9540552716346155 0.806663516826923 0.9540552716346155 0.806663516826923 0.9163923341346153
0 0.6765042908653847 0.8010182211538462 0.6868410552884616 0.8010182211538462 0.6868410552884616 0.7771138725961539 0.6765042908653847 0.7771138725961539 0.6765042908653847 0.8010182211538462
0 0.44076453846153846 0.9146161490384616 0.4580765168269231 0.9146161490384616 0.4580765168269231 0.89713609375 0.44076453846153846 0.89713609375 0.44076453846153846 0.9146161490384616
0 0.46746826442307693 0.8663069543269231 0.45864419951923074 0.8663069543269231 0.45864419951923074 0.9044045096153847 0.46746826442307693 0.9044045096153847 0.46746826442307693 0.8663069543269231
0 0.4590062379807692 0.9241465144230769 0.4739651298076923 0.9241465144230769 0.4739651298076923 0.905770045673077 0.4590062379807692 0.905770045673077 0.4590062379807692 0.9241465144230769
0 0.4394797019230769 0.7461227307692307 0.44933307451923077 0.7461227307692307 0.44933307451923077 0.7274582139423077 0.4394797019230769 0.7274582139423077 0.4394797019230769 0.7461227307692307
0 0.6111532427884615 0.6256939158653847 0.6175536322115385 0.6256939158653847 0.6175536322115385 0.6162277932692307 0.6111532427884615 0.6162277932692307 0.6111532427884615 0.6256939158653847
0 0.6588916057692308 0.7086607019230768 0.666098766826923 0.7086607019230768 0.666098766826923 0.6906846322115385 0.6588916057692308 0.6906846322115385 0.6588916057692308 0.7086607019230768
0 0.46963814182692304 0.5565978798076923 0.4726673004807692 0.5565978798076923 0.4726673004807692 0.550135673076923 0.46963814182692304 0.550135673076923 0.46963814182692304 0.5565978798076923
0 0.4522723173076923 0.6149198918269231 0.45526705528846156 0.6149198918269231 0.45526705528846156 0.6002942548076923 0.4522723173076923 0.6002942548076923 0.4522723173076923 0.6149198918269231
0 0.4464687307692307 0.6261216586538462 0.44922251201923075 0.6261216586538462 0.44922251201923075 0.6093297139423076 0.4464687307692307 0.6093297139423076 0.4464687307692307 0.6261216586538462
0 0.43265090384615384 0.6273811466346154 0.4352284423076923 0.6273811466346154 0.4352284423076923 0.6157491778846154 0.43265090384615384 0.6157491778846154 0.43265090384615384 0.6273811466346154
0 0.47676615865384614 0.6358495264423076 0.4799330072115385 0.6358495264423076 0.4799330072115385 0.6194492307692308 0.47676615865384614 0.6194492307692308 0.47676615865384614 0.6358495264423076