0 0.3035487379807692 0.09858121875 0.2975866850961538 0.09858121875 0.2975866850961538 0.12318651442307692 0.3035487379807692 0.12318651442307692 0.3035487379807692 0.09858121875
0 0.31270474759615385 0.09555287259615385 0.3046133894230769 0.09555287259615385 0.3046133894230769 0.12318651442307692 0.31270474759615385 0.12318651442307692 0.31270474759615385 0.09555287259615385
0 0.3046133894230769 0.08949618509615384 0.3046133894230769 0.07586863701923077 0.29950306009615385 0.07586863701923077 0.29950306009615385 0.09555287259615385 0.3046133894230769 0.09555287259615385 0.3046133894230769 0.08949618509615384
0 0.29950306009615385 0.08836055528846153 0.29417979807692307 0.08836055528846153 0.29417979807692307 0.11069459375 0.29950306009615385 0.11069459375 0.29950306009615385 0.08836055528846153
0 0.31270474759615385 0.08306095432692308 0.30780734615384614 0.08306095432692308 0.30780734615384614 0.09555287259615385 0.31270474759615385 0.09555287259615385 0.31270474759615385 0.08306095432692308
0 0.3046133894230769 0.10009538942307693 0.308872 0.10009538942307693 0.308872 0.08949618509615384 0.3046133894230769 0.08949618509615384 0.3046133894230769 0.10009538942307693
0 0.3867036826923077 0.08672278124999999 0.3822382091346154 0.08672278124999999 0.3822382091346154 0.11103481250000001 0.3867036826923077 0.11103481250000001 0.3867036826923077 0.08672278124999999
1 0.272954875 0.3575846658653846 0.25830253365384614 0.3575846658653846 0.25830253365384614 0.3947969591346154 0.272954875 0.3947969591346154 0.272954875 0.3575846658653846
0 0.23548238701923077 0.8865384879807692 0.2248358653846154 0.8865384879807692 0.2248358653846154 0.9253391466346154 0.23548238701923077 0.9253391466346154 0.23548238701923077 0.8865384879807692
0 0.22004493028846153 0.9419004038461539 0.21046306009615384 0.9419004038461539 0.21046306009615384 0.9769156346153847 0.22004493028846153 0.9769156346153847 0.22004493028846153 0.9419004038461539
0 0.2578400865384615 0.9594080192307692 0.24745972596153848 0.9594080192307692 0.24745972596153848 0.9939500697115384 0.2578400865384615 0.9939500697115384 0.2578400865384615 0.9594080192307692
1 0.31920296634615386 0.05455347115384616 0.3042126610576923 0.05455347115384616 0.3042126610576923 0.08090006490384614 0.31920296634615386 0.08090006490384614 0.31920296634615386 0.05455347115384616
1 0.3129002235576923 0.10876083173076924 0.3171588341346154 0.10876083173076924 0.3171588341346154 0.08090006490384614 0.3129002235576923 0.08090006490384614 0.3129002235576923 0.10876083173076924
1 0.3904069086538462 0.05727898076923077 0.386148298076923 0.05727898076923077 0.386148298076923 0.08756242307692307 0.3904069086538462 0.08756242307692307 0.3904069086538462 0.05727898076923077
1 0.40974514423076924 1 0.40974514423076924 0.7803898197115384 0.37907400961538457 0.7803898197115384 0.37907400961538457 1 0.40974514423076924 1
1 0.38843130528846154 1 0.38843130528846154 0.8755800817307692 0.3691968653846154 0.8755800817307692 0.3691968653846154 1 0.38843130528846154 1
1 0.2678261682692308 0.7424985504807692 0.23195653605769231 0.7424985504807692 0.23195653605769231 0.8792767908653847 0.2678261682692308 0.8792767908653847 0.2678261682692308 0.7424985504807692
1 0.22311909134615385 0.9800121177884615 0.23559548317307694 0.9800121177884615 0.23559548317307694 0.9328790745192308 0.22311909134615385 0.9328790745192308 0.22311909134615385 0.9800121177884615
1 0.2927789543269231 0.9217889471153846 0.2459924783653846 0.9217889471153846 0.2459924783653846 0.952286798076923 0.2927789543269231 0.952286798076923 0.2927789543269231 0.9217889471153846