0 0.5066732403846154 0.34854072355769233 0.5028270072115385 0.34854072355769233 0.5028270072115385 0.35994570673076925 0.5066732403846154 0.35994570673076925 0.5066732403846154 0.34854072355769233
0 0.41634082692307695 0.3072167283653846 0.4128525408653846 0.3072167283653846 0.4128525408653846 0.3188058918269231 0.41634082692307695 0.3188058918269231 0.41634082692307695 0.3072167283653846
0 0.27625767307692306 0.39357997836538466 0.2720681826923077 0.39357997836538466 0.2720681826923077 0.4145413701923077 0.27625767307692306 0.4145413701923077 0.27625767307692306 0.39357997836538466
0 0.4685193389423077 0.35855096875000003 0.4648090360576923 0.35855096875000003 0.4648090360576923 0.3734912451923077 0.4685193389423077 0.3734912451923077 0.4685193389423077 0.35855096875000003
0 0.4197296778846154 0.30806879086538463 0.41703497596153843 0.30806879086538463 0.41703497596153843 0.3179862139423077 0.4197296778846154 0.3179862139423077 0.4197296778846154 0.30806879086538463
0 0.40900475240384615 0.3076172451923077 0.40637229326923074 0.3076172451923077 0.40637229326923074 0.31846873076923077 0.40900475240384615 0.31846873076923077 0.40900475240384615 0.3076172451923077
0 0.4333906490384616 0.30636345192307696 0.4296757067307692 0.30636345192307696 0.4296757067307692 0.31650122115384616 0.4333906490384616 0.31650122115384616 0.4333906490384616 0.30636345192307696
0 0.08401486778846154 0.3048861466346154 0.08136661057692307 0.3048861466346154 0.08136661057692307 0.31106635096153845 0.08401486778846154 0.31106635096153845 0.08401486778846154 0.3048861466346154
0 0.3843522067307692 0.3088523870192308 0.38126955048076927 0.3088523870192308 0.38126955048076927 0.3194711466346154 0.3843522067307692 0.3194711466346154 0.3843522067307692 0.3088523870192308
0 0.37103573557692304 0.30841657932692307 0.36822913461538465 0.30841657932692307 0.36822913461538465 0.3191895096153846 0.37103573557692304 0.3191895096153846 0.37103573557692304 0.30841657932692307
0 0.22306356490384616 0.3449740360576923 0.21984764663461537 0.3449740360576923 0.21984764663461537 0.36365379086538463 0.22306356490384616 0.36365379086538463 0.22306356490384616 0.3449740360576923
0 0.36548064423076926 0.3097193389423077 0.3626311298076923 0.3097193389423077 0.3626311298076923 0.32098134375000004 0.36548064423076926 0.32098134375000004 0.36548064423076926 0.3097193389423077
0 0.41715806250000004 0.30758011298076926 0.4143929158653846 0.30758011298076926 0.4143929158653846 0.3186018774038461 0.41715806250000004 0.3186018774038461 0.41715806250000004 0.30758011298076926
0 0.03800623076923077 0.30881440865384613 0.035390531249999996 0.30881440865384613 0.035390531249999996 0.31970059375000004 0.03800623076923077 0.31970059375000004 0.03800623076923077 0.30881440865384613
0 0.2910880721153846 0.3153862860576923 0.28824389903846154 0.3153862860576923 0.28824389903846154 0.32479835817307695 0.2910880721153846 0.32479835817307695 0.2910880721153846 0.3153862860576923
0 0.38091688221153847 0.30935315625 0.37821067307692313 0.30935315625 0.37821067307692313 0.3205253028846154 0.38091688221153847 0.3205253028846154 0.38091688221153847 0.30935315625
0 0.4083788557692308 0.3452994735576923 0.4049465817307692 0.3452994735576923 0.4049465817307692 0.3558418269230769 0.4083788557692308 0.3558418269230769 0.4083788557692308 0.3452994735576923
0 0.48126090384615383 0.37112070673076925 0.47750972115384616 0.37112070673076925 0.47750972115384616 0.3780892836538462 0.48126090384615383 0.3780892836538462 0.48126090384615383 0.37112070673076925
0 0.3825642908653846 0.3093443413461538 0.37973124278846154 0.3093443413461538 0.37973124278846154 0.32007437740384614 0.3825642908653846 0.32007437740384614 0.3825642908653846 0.3093443413461538
0 0.3678053533653846 0.31085917067307695 0.3651936850961538 0.31085917067307695 0.3651936850961538 0.3204431033653846 0.3678053533653846 0.3204431033653846 0.3678053533653846 0.31085917067307695
0 0.0072246730769230764 0.3094417716346154 0.004272199519230769 0.3094417716346154 0.004272199519230769 0.32154617307692307 0.0072246730769230764 0.32154617307692307 0.0072246730769230764 0.3094417716346154
0 0.5193629254807692 0.364949375 0.5158763557692307 0.364949375 0.5158763557692307 0.38800331490384615 0.5193629254807692 0.38800331490384615 0.5193629254807692 0.364949375
0 0.2646344831730769 0.37419450480769234 0.2602527307692308 0.37419450480769234 0.2602527307692308 0.39657943028846154 0.2646344831730769 0.39657943028846154 0.2646344831730769 0.37419450480769234
0 0.10673852644230769 0.30319160096153847 0.10283137259615384 0.30319160096153847 0.10283137259615384 0.3103364447115385 0.10673852644230769 0.3103364447115385 0.10673852644230769 0.30319160096153847
0 0.44582061778846155 0.30816483653846155 0.44217872596153845 0.30816483653846155 0.44217872596153845 0.3165302139423077 0.44582061778846155 0.3165302139423077 0.44582061778846155 0.30816483653846155
0 0.4479051586538461 0.3588415360576923 0.4452215817307692 0.3588415360576923 0.4452215817307692 0.37023939903846154 0.4479051586538461 0.37023939903846154 0.4479051586538461 0.3588415360576923
0 0.4728807451923077 0.34784709855769236 0.46987292067307695 0.34784709855769236 0.46987292067307695 0.36157492307692307 0.4728807451923077 0.36157492307692307 0.4728807451923077 0.34784709855769236
0 0.02672505048076923 0.30809006971153846 0.02321181730769231 0.30809006971153846 0.02321181730769231 0.3214968918269231 0.02672505048076923 0.3214968918269231 0.02672505048076923 0.30809006971153846
0 0.2520660072115385 0.3132332692307692 0.24968531971153848 0.3132332692307692 0.24968531971153848 0.32415760096153845 0.2520660072115385 0.32415760096153845 0.2520660072115385 0.3132332692307692
0 0.3899348581730769 0.30879708653846155 0.38682314423076924 0.30879708653846155 0.38682314423076924 0.3196134206730769 0.3899348581730769 0.3196134206730769 0.3899348581730769 0.30879708653846155
0 0.4592557596153846 0.3052482331730769 0.45560153365384615 0.3052482331730769 0.45560153365384615 0.3163375288461538 0.4592557596153846 0.3163375288461538 0.4592557596153846 0.3052482331730769
0 0.07537948317307692 0.3067110408653846 0.07295549759615384 0.3067110408653846 0.07295549759615384 0.31847974999999995 0.07537948317307692 0.31847974999999995 0.07537948317307692 0.3067110408653846
0 0.43652006730769227 0.3558054326923077 0.4339094807692308 0.3558054326923077 0.4339094807692308 0.36417538701923075 0.43652006730769227 0.36417538701923075 0.43652006730769227 0.3558054326923077
0 0.22830136538461537 0.3443732091346154 0.2252530408653846 0.3443732091346154 0.2252530408653846 0.36310506730769226 0.22830136538461537 0.36310506730769226 0.22830136538461537 0.3443732091346154
0 0.4760229423076923 0.3081799254807692 0.4734220817307693 0.3081799254807692 0.4734220817307693 0.3175987235576923 0.4760229423076923 0.3175987235576923 0.4760229423076923 0.3081799254807692
0 0.06166843509615384 0.30861943509615386 0.05932123557692308 0.30861943509615386 0.05932123557692308 0.31711626442307694 0.06166843509615384 0.31711626442307694 0.06166843509615384 0.30861943509615386
0 0.2864729567307692 0.3137629471153846 0.2842424399038462 0.3137629471153846 0.2842424399038462 0.3232890649038461 0.2864729567307692 0.3232890649038461 0.2864729567307692 0.3137629471153846
0 0.4378743485576923 0.30449408173076925 0.43492806730769235 0.30449408173076925 0.43492806730769235 0.3152016802884615 0.4378743485576923 0.3152016802884615 0.4378743485576923 0.30449408173076925
0 0.07797414423076923 0.3061081201923077 0.07556557692307692 0.3061081201923077 0.07556557692307692 0.3179288221153846 0.07797414423076923 0.3179288221153846 0.07797414423076923 0.3061081201923077
0 0.49830614663461537 0.31101936057692303 0.49568055528846156 0.31101936057692303 0.49568055528846156 0.32266181730769233 0.49830614663461537 0.32266181730769233 0.49830614663461537 0.31101936057692303
0 0.4165367764423077 0.34429764903846155 0.41338977884615385 0.34429764903846155 0.41338977884615385 0.35759534374999996 0.4165367764423077 0.35759534374999996 0.4165367764423077 0.34429764903846155
0 0.4005943942307692 0.30743863221153844 0.3978539783653846 0.30743863221153844 0.3978539783653846 0.31775402403846154 0.4005943942307692 0.31775402403846154 0.4005943942307692 0.30743863221153844
0 0.45406831009615384 0.3067458822115384 0.4503973004807692 0.3067458822115384 0.4503973004807692 0.3159702716346154 0.45406831009615384 0.3159702716346154 0.45406831009615384 0.3067458822115384
0 0.42156623317307695 0.34905028125 0.4179043774038461 0.34905028125 0.4179043774038461 0.35893984134615387 0.42156623317307695 0.35893984134615387 0.42156623317307695 0.34905028125
0 0.4511297548076923 0.3499757548076923 0.44794619951923076 0.3499757548076923 0.44794619951923076 0.3680379230769231 0.4511297548076923 0.3680379230769231 0.4511297548076923 0.3499757548076923
0 0.4065340360576923 0.30777475000000004 0.40363372115384616 0.30777475000000004 0.40363372115384616 0.3183492596153846 0.4065340360576923 0.3183492596153846 0.4065340360576923 0.30777475000000004
0 0.5139944711538461 0.37101307692307695 0.5104274759615385 0.37101307692307695 0.5104274759615385 0.3876268461538462 0.5139944711538461 0.3876268461538462 0.5139944711538461 0.37101307692307695
0 0.40226589903846155 0.3080835697115385 0.3992603629807692 0.3080835697115385 0.3992603629807692 0.31849865384615383 0.40226589903846155 0.31849865384615383 0.40226589903846155 0.3080835697115385
0 0.3988198605769231 0.3080203028846154 0.3962523149038461 0.3080203028846154 0.3962523149038461 0.31833309615384614 0.3988198605769231 0.31833309615384614 0.3988198605769231 0.3080203028846154
0 0.3969430600961538 0.30906406009615384 0.3941019375 0.30906406009615384 0.3941019375 0.3181488605769231 0.3969430600961538 0.3181488605769231 0.3969430600961538 0.30906406009615384
0 0.048945173076923074 0.30643584615384617 0.04637709375 0.30643584615384617 0.04637709375 0.32189921634615387 0.048945173076923074 0.32189921634615387 0.048945173076923074 0.30643584615384617
0 0.4643058774038461 0.30756920673076926 0.46163660576923077 0.30756920673076926 0.46163660576923077 0.3166049543269231 0.4643058774038461 0.3166049543269231 0.4643058774038461 0.30756920673076926
0 0.37765185096153847 0.3101827836538461 0.3738166802884615 0.3101827836538461 0.3738166802884615 0.31973800721153844 0.37765185096153847 0.31973800721153844 0.37765185096153847 0.3101827836538461
0 0.4969218245192308 0.36730736778846157 0.4946359326923077 0.36730736778846157 0.4946359326923077 0.37671915625 0.4969218245192308 0.37671915625 0.4969218245192308 0.36730736778846157
0 0.30958340865384615 0.3131122163461538 0.3067639038461538 0.3131122163461538 0.3067639038461538 0.321579375 0.30958340865384615 0.321579375 0.30958340865384615 0.3131122163461538
0 0.2337783173076923 0.32884524278846156 0.23099323798076923 0.32884524278846156 0.23099323798076923 0.34410674519230766 0.2337783173076923 0.34410674519230766 0.2337783173076923 0.32884524278846156
0 0.25105486057692306 0.3125958485576923 0.24872309374999998 0.3125958485576923 0.24872309374999998 0.3239578245192308 0.25105486057692306 0.3239578245192308 0.25105486057692306 0.3125958485576923
0 0.4255689615384615 0.3069039519230769 0.4228645961538462 0.3069039519230769 0.4228645961538462 0.31822009615384617 0.4255689615384615 0.31822009615384617 0.4255689615384615 0.3069039519230769
0 0.46687434615384615 0.3077137139423077 0.46400340384615385 0.3077137139423077 0.46400340384615385 0.31686621875000004 0.46687434615384615 0.31686621875000004 0.46687434615384615 0.3077137139423077
0 0.19454031009615386 0.30886934134615385 0.19179153365384616 0.30886934134615385 0.19179153365384616 0.32324119711538457 0.19454031009615386 0.32324119711538457 0.19454031009615386 0.30886934134615385
0 0.3603686009615385 0.30929025721153847 0.35798060096153844 0.30929025721153847 0.35798060096153844 0.3210985817307692 0.3603686009615385 0.3210985817307692 0.3603686009615385 0.30929025721153847
0 0.35894409855769227 0.3095895 0.35641291826923077 0.3095895 0.35641291826923077 0.32124438701923075 0.35894409855769227 0.32124438701923075 0.35894409855769227 0.3095895
0 0.047798850961538464 0.3083285 0.04403830769230769 0.3083285 0.04403830769230769 0.32636936298076924 0.047798850961538464 0.32636936298076924 0.047798850961538464 0.3083285
0 0.29983059615384616 0.3148325048076923 0.2968693100961538 0.3148325048076923 0.2968693100961538 0.3217394230769231 0.29983059615384616 0.3217394230769231 0.29983059615384616 0.3148325048076923
0 0.47772010096153844 0.30823926682692304 0.47504046875 0.30823926682692304 0.47504046875 0.3185240288461539 0.47772010096153844 0.3185240288461539 0.47772010096153844 0.30823926682692304
0 0.4582375216346154 0.3559271346153846 0.45545889423076924 0.3559271346153846 0.45545889423076924 0.3696395865384616 0.4582375216346154 0.3696395865384616 0.4582375216346154 0.3559271346153846
0 0.2566085985576923 0.3674200841346154 0.2531519735576923 0.3674200841346154 0.2531519735576923 0.3774846105769231 0.2566085985576923 0.3774846105769231 0.2566085985576923 0.3674200841346154
0 0.05693552403846154 0.3156849615384615 0.05456279086538462 0.3156849615384615 0.05456279086538462 0.32470765384615385 0.05693552403846154 0.32470765384615385 0.05693552403846154 0.3156849615384615
0 0.5134338701923077 0.30577285096153844 0.5108265865384616 0.30577285096153844 0.5108265865384616 0.31581731730769236 0.5134338701923077 0.31581731730769236 0.5134338701923077 0.30577285096153844
0 0.1899554423076923 0.30679047115384617 0.1874604375 0.30679047115384617 0.1874604375 0.3197754759615385 0.1899554423076923 0.3197754759615385 0.1899554423076923 0.30679047115384617
0 0.2501197668269231 0.3120777548076923 0.24790355288461538 0.3120777548076923 0.24790355288461538 0.32329172115384613 0.2501197668269231 0.32329172115384613 0.2501197668269231 0.3120777548076923
0 0.24725267067307694 0.3694286201923077 0.24453339663461537 0.3694286201923077 0.24453339663461537 0.38181016586538463 0.24725267067307694 0.38181016586538463 0.24725267067307694 0.3694286201923077
0 0.3220714254807693 0.3138731201923077 0.31953401682692306 0.3138731201923077 0.31953401682692306 0.32099213701923074 0.3220714254807693 0.32099213701923074 0.3220714254807693 0.3138731201923077
0 0.30839891346153847 0.3351688533653846 0.3049718533653846 0.3351688533653846 0.3049718533653846 0.35425680528846154 0.30839891346153847 0.35425680528846154 0.30839891346153847 0.3351688533653846
0 0.36952864423076925 0.3095395961538462 0.3668457668269231 0.3095395961538462 0.3668457668269231 0.31918733413461536 0.36952864423076925 0.31918733413461536 0.36952864423076925 0.3095395961538462
0 0.5205729158653847 0.3513183317307692 0.5186776802884615 0.3513183317307692 0.5186776802884615 0.3638877860576923 0.5205729158653847 0.3638877860576923 0.5205729158653847 0.3513183317307692
0 0.48587786298076924 0.34854770192307694 0.4826297115384615 0.34854770192307694 0.4826297115384615 0.36992843028846156 0.48587786298076924 0.36992843028846156 0.48587786298076924 0.34854770192307694
0 0.051401365384615386 0.30710319230769234 0.04913436298076923 0.30710319230769234 0.04913436298076923 0.31939866826923075 0.051401365384615386 0.31939866826923075 0.051401365384615386 0.30710319230769234
0 0.3566649110576923 0.3098864807692308 0.35399780288461535 0.3098864807692308 0.35399780288461535 0.3204986298076923 0.3566649110576923 0.3204986298076923 0.3566649110576923 0.3098864807692308
0 0.1909565456730769 0.34024180528846154 0.18716088942307693 0.34024180528846154 0.18716088942307693 0.35421727403846154 0.1909565456730769 0.35421727403846154 0.1909565456730769 0.34024180528846154
0 0.29164381009615387 0.40172370673076924 0.2882920264423077 0.40172370673076924 0.2882920264423077 0.42374558653846156 0.29164381009615387 0.42374558653846156 0.29164381009615387 0.40172370673076924
0 0.29390122115384615 0.3147702259615385 0.2916820216346154 0.3147702259615385 0.2916820216346154 0.3225857764423077 0.29390122115384615 0.3225857764423077 0.29390122115384615 0.3147702259615385
0 0.49167788701923076 0.34760945673076926 0.48839521394230767 0.34760945673076926 0.48839521394230767 0.3657725576923077 0.49167788701923076 0.3657725576923077 0.49167788701923076 0.34760945673076926
0 0.3068518629807692 0.3779513605769231 0.30345551201923077 0.3779513605769231 0.30345551201923077 0.3929584927884615 0.3068518629807692 0.3929584927884615 0.3068518629807692 0.3779513605769231
0 0.06987470673076923 0.3069164134615385 0.06781200480769231 0.3069164134615385 0.06781200480769231 0.3168953221153846 0.06987470673076923 0.3168953221153846 0.06987470673076923 0.3069164134615385
0 0.30395479326923075 0.3135663341346154 0.3009460769230769 0.3135663341346154 0.3009460769230769 0.32241224999999996 0.30395479326923075 0.32241224999999996 0.30395479326923075 0.3135663341346154
0 0.22416202163461538 0.32307490624999996 0.22063886298076923 0.32307490624999996 0.22063886298076923 0.3316050769230769 0.22416202163461538 0.3316050769230769 0.22416202163461538 0.32307490624999996
0 0.34562381009615384 0.31135575961538464 0.34281345913461536 0.31135575961538464 0.34281345913461536 0.3200250120192308 0.34562381009615384 0.3200250120192308 0.34562381009615384 0.31135575961538464
0 0.42455361778846157 0.3063764230769231 0.4214432403846154 0.3063764230769231 0.4214432403846154 0.31702304326923075 0.42455361778846157 0.31702304326923075 0.42455361778846157 0.3063764230769231
0 0.45048004807692305 0.3058815841346154 0.4476197884615385 0.3058815841346154 0.4476197884615385 0.31628887019230767 0.45048004807692305 0.31628887019230767 0.45048004807692305 0.3058815841346154
0 0.4279453918269231 0.3083518125 0.42531941826923075 0.3083518125 0.42531941826923075 0.3174733485576923 0.4279453918269231 0.3174733485576923 0.4279453918269231 0.3083518125
0 0.21642095192307692 0.3319856995192308 0.21359839423076923 0.3319856995192308 0.21359839423076923 0.3477566754807692 0.21642095192307692 0.3477566754807692 0.21642095192307692 0.3319856995192308
0 0.21952088701923078 0.3323583533653846 0.21692895913461538 0.3323583533653846 0.21692895913461538 0.3470991346153846 0.21952088701923078 0.3470991346153846 0.21952088701923078 0.3323583533653846
0 0.2907198269230769 0.3962838341346154 0.28668699278846155 0.3962838341346154 0.28668699278846155 0.42328951682692306 0.2907198269230769 0.42328951682692306 0.2907198269230769 0.3962838341346154
0 0.1929874735576923 0.30827871394230766 0.19064782451923076 0.30827871394230766 0.19064782451923076 0.3208755216346154 0.1929874735576923 0.3208755216346154 0.1929874735576923 0.30827871394230766
0 0.20287262499999997 0.32214513701923075 0.2003143317307692 0.32214513701923075 0.2003143317307692 0.33549137740384616 0.20287262499999997 0.33549137740384616 0.20287262499999997 0.32214513701923075
0 0.2579242235576923 0.3144602451923077 0.25592757932692306 0.3144602451923077 0.25592757932692306 0.32540379326923075 0.2579242235576923 0.32540379326923075 0.2579242235576923 0.3144602451923077
0 0.2546235721153846 0.37406534375 0.25152260576923074 0.37406534375 0.25152260576923074 0.39184946153846156 0.2546235721153846 0.39184946153846156 0.2546235721153846 0.37406534375
0 0.4336990985576923 0.3391185625 0.43068796875 0.3391185625 0.43068796875 0.35573832211538464 0.4336990985576923 0.35573832211538464 0.4336990985576923 0.3391185625
0 0.2568365576923077 0.3693669927884615 0.2527454206730769 0.3693669927884615 0.2527454206730769 0.39209750240384617 0.2568365576923077 0.39209750240384617 0.2568365576923077 0.3693669927884615
0 0.39158684374999997 0.3094285192307692 0.3881744711538462 0.3094285192307692 0.3881744711538462 0.31927026923076923 0.39158684374999997 0.31927026923076923 0.39158684374999997 0.3094285192307692
0 0.4605075192307692 0.30763555528846154 0.4574011490384615 0.30763555528846154 0.4574011490384615 0.3164828822115385 0.4605075192307692 0.3164828822115385 0.4605075192307692 0.30763555528846154
0 0.0461015625 0.3065236682692308 0.043274069711538465 0.3065236682692308 0.043274069711538465 0.3200743221153846 0.0461015625 0.3200743221153846 0.0461015625 0.3065236682692308
0 0.5121619230769231 0.30478948076923074 0.5096792548076923 0.30478948076923074 0.5096792548076923 0.31528328846153847 0.5121619230769231 0.31528328846153847 0.5121619230769231 0.30478948076923074
0 0.2527983990384616 0.3133708245192308 0.25070260336538464 0.3133708245192308 0.25070260336538464 0.3246359375 0.2527983990384616 0.3246359375 0.2527983990384616 0.3133708245192308
0 0.4960484831730769 0.34580247596153846 0.4926254278846154 0.34580247596153846 0.4926254278846154 0.3602966875 0.4960484831730769 0.3602966875 0.4960484831730769 0.34580247596153846
0 0.2588489375 0.31376834375 0.256632375 0.31376834375 0.256632375 0.32445034375 0.2588489375 0.32445034375 0.2588489375 0.31376834375
0 0.2573857932692308 0.3149633629807692 0.2552083653846154 0.3149633629807692 0.2552083653846154 0.3280384495192308 0.2573857932692308 0.3280384495192308 0.2573857932692308 0.3149633629807692
0 0.4634530072115384 0.35141420673076923 0.45837284855769234 0.35141420673076923 0.45837284855769234 0.36889247115384616 0.4634530072115384 0.36889247115384616 0.4634530072115384 0.35141420673076923
0 0.07350954326923077 0.3094193076923077 0.07092951923076923 0.3094193076923077 0.07092951923076923 0.3215820889423077 0.07350954326923077 0.3215820889423077 0.07350954326923077 0.3094193076923077
0 0.2990720745192308 0.3356547331730769 0.29695320192307695 0.3356547331730769 0.29695320192307695 0.3484554447115385 0.2990720745192308 0.3484554447115385 0.2990720745192308 0.3356547331730769
0 0.46264419471153845 0.30788156009615386 0.4597272235576923 0.30788156009615386 0.4597272235576923 0.31679093990384616 0.46264419471153845 0.31679093990384616 0.46264419471153845 0.30788156009615386
0 0.18718207692307692 0.30467498317307695 0.18474737740384617 0.30467498317307695 0.18474737740384617 0.31487542548076924 0.18718207692307692 0.31487542548076924 0.18718207692307692 0.30467498317307695
0 0.43110736298076924 0.35741596875000003 0.42795260817307695 0.35741596875000003 0.42795260817307695 0.3630080336538462 0.43110736298076924 0.3630080336538462 0.43110736298076924 0.35741596875000003
0 0.25228730769230767 0.3743880384615385 0.2489479230769231 0.3743880384615385 0.2489479230769231 0.39160972836538466 0.25228730769230767 0.39160972836538466 0.25228730769230767 0.3743880384615385
0 0.22661803605769232 0.3450287139423077 0.22394593509615385 0.3450287139423077 0.22394593509615385 0.3622079639423077 0.22661803605769232 0.3622079639423077 0.22661803605769232 0.3450287139423077
0 0.5050406129807692 0.37064971874999997 0.5024894711538461 0.37064971874999997 0.5024894711538461 0.3853328004807692 0.5050406129807692 0.3853328004807692 0.5050406129807692 0.37064971874999997
0 0.1885029326923077 0.3086639110576923 0.18614255528846155 0.3086639110576923 0.18614255528846155 0.3188655432692308 0.1885029326923077 0.3188655432692308 0.1885029326923077 0.3086639110576923
0 0.3786818509615385 0.3091287692307692 0.37599375961538467 0.3091287692307692 0.37599375961538467 0.3193167235576923 0.3786818509615385 0.3193167235576923 0.3786818509615385 0.3091287692307692
0 0.5093406033653847 0.3102361057692308 0.5065211610576923 0.3102361057692308 0.5065211610576923 0.31882098076923077 0.5093406033653847 0.31882098076923077 0.5093406033653847 0.3102361057692308
0 0.38048572596153846 0.45293700721153846 0.3758186346153846 0.45293700721153846 0.3758186346153846 0.4853029591346154 0.38048572596153846 0.4853029591346154 0.38048572596153846 0.45293700721153846
0 0.49789339663461535 0.3681205192307692 0.4953757596153846 0.3681205192307692 0.4953757596153846 0.3775563846153846 0.49789339663461535 0.3775563846153846 0.49789339663461535 0.3681205192307692
0 0.4948321658653846 0.36734653125 0.4924806586538461 0.36734653125 0.4924806586538461 0.37644845432692303 0.4948321658653846 0.37644845432692303 0.4948321658653846 0.36734653125
0 0.2597589639423077 0.31366509375 0.25771835576923074 0.31366509375 0.25771835576923074 0.3253388028846154 0.2597589639423077 0.3253388028846154 0.2597589639423077 0.31366509375
0 0.2643774038461538 0.35559802644230765 0.26130542788461536 0.35559802644230765 0.26130542788461536 0.3693987524038462 0.2643774038461538 0.3693987524038462 0.2643774038461538 0.35559802644230765
0 0.5070398317307693 0.3709641057692308 0.5045656201923077 0.3709641057692308 0.5045656201923077 0.38627726201923074 0.5070398317307693 0.38627726201923074 0.5070398317307693 0.3709641057692308
0 0.30266329326923075 0.3357332019230769 0.3003173822115385 0.3357332019230769 0.3003173822115385 0.3498366730769231 0.30266329326923075 0.3498366730769231 0.30266329326923075 0.3357332019230769
0 0.24883923557692308 0.31139871153846155 0.24673110576923077 0.31139871153846155 0.24673110576923077 0.32264370432692313 0.24883923557692308 0.32264370432692313 0.24883923557692308 0.31139871153846155
0 0.32423985817307693 0.3097610192307692 0.3216451009615385 0.3097610192307692 0.3216451009615385 0.3198944375 0.32423985817307693 0.3198944375 0.32423985817307693 0.3097610192307692
0 0.24079014423076922 0.36875115865384617 0.2383177764423077 0.36875115865384617 0.2383177764423077 0.38198052884615386 0.24079014423076922 0.38198052884615386 0.24079014423076922 0.36875115865384617
0 0.35550314663461535 0.3104671610576923 0.3526205072115385 0.3104671610576923 0.3526205072115385 0.3190578028846154 0.35550314663461535 0.3190578028846154 0.35550314663461535 0.3104671610576923
0 0.27630380048076925 0.37069631490384614 0.27376403846153846 0.37069631490384614 0.27376403846153846 0.38304875721153847 0.27630380048076925 0.38304875721153847 0.27630380048076925 0.37069631490384614
0 0.3262425745192308 0.31160120192307694 0.3238389326923077 0.31160120192307694 0.3238389326923077 0.32032035576923074 0.3262425745192308 0.32032035576923074 0.3262425745192308 0.31160120192307694
0 0.44769089903846154 0.30873367788461537 0.4439777379807692 0.30873367788461537 0.4439777379807692 0.31647423557692306 0.44769089903846154 0.31647423557692306 0.44769089903846154 0.30873367788461537
0 0.19563280769230768 0.3079698052884616 0.19297412259615385 0.3079698052884616 0.19297412259615385 0.3219514927884616 0.19563280769230768 0.3219514927884616 0.19563280769230768 0.3079698052884616
0 0.28359842307692307 0.3943739158653846 0.28022375 0.3943739158653846 0.28022375 0.4161109639423077 0.28359842307692307 0.4161109639423077 0.28359842307692307 0.3943739158653846
0 0.34982992788461537 0.31094840625 0.3468276346153846 0.31094840625 0.3468276346153846 0.3189283028846154 0.34982992788461537 0.3189283028846154 0.34982992788461537 0.31094840625
0 0.37201118509615383 0.4455540120192308 0.36132971394230773 0.4455540120192308 0.36132971394230773 0.4943295528846154 0.37201118509615383 0.4943295528846154 0.37201118509615383 0.4455540120192308
0 0.3212329855769231 0.3984379230769231 0.31216030048076926 0.3984379230769231 0.31216030048076926 0.44860226682692306 0.3212329855769231 0.44860226682692306 0.3212329855769231 0.3984379230769231
0 0.3831270528846154 0.4454338076923077 0.3745988533653846 0.4454338076923077 0.3745988533653846 0.4847419447115385 0.3831270528846154 0.4847419447115385 0.3831270528846154 0.4454338076923077
0 0.41150309375 0.45501807932692306 0.39279117548076925 0.45501807932692306 0.39279117548076925 0.5145277788461539 0.41150309375 0.5145277788461539 0.41150309375 0.45501807932692306
0 0.34953613221153845 0.46110302884615384 0.3430070865384615 0.46110302884615384 0.3430070865384615 0.5045941947115384 0.34953613221153845 0.5045941947115384 0.34953613221153845 0.46110302884615384
0 0.33954461298076927 0.4520080552884615 0.3332949326923077 0.4520080552884615 0.3332949326923077 0.500711625 0.33954461298076927 0.500711625 0.33954461298076927 0.4520080552884615
0 0.3542924254807692 0.42177802163461536 0.34574190865384613 0.42177802163461536 0.34574190865384613 0.45774897836538464 0.3542924254807692 0.45774897836538464 0.3542924254807692 0.42177802163461536
0 0.3296940793269231 0.45392060576923077 0.3199910168269231 0.45392060576923077 0.3199910168269231 0.47388882211538463 0.3296940793269231 0.47388882211538463 0.3296940793269231 0.45392060576923077
0 0.4046691586538461 0.3791674014423077 0.396736875 0.3791674014423077 0.396736875 0.42172585817307695 0.4046691586538461 0.42172585817307695 0.4046691586538461 0.3791674014423077
0 0.3219370528846154 0.3356234230769231 0.31200917548076923 0.3356234230769231 0.31200917548076923 0.35899745913461534 0.3219370528846154 0.35899745913461534 0.3219370528846154 0.3356234230769231
0 0.4926096274038461 0.3491005216346154 0.48420038221153844 0.3491005216346154 0.48420038221153844 0.37619256009615387 0.4926096274038461 0.37619256009615387 0.4926096274038461 0.3491005216346154
0 0.3284220384615385 0.4269379230769231 0.31838372596153847 0.4269379230769231 0.31838372596153847 0.4719080600961538 0.3284220384615385 0.4719080600961538 0.3284220384615385 0.4269379230769231
0 0.2868345889423077 0.39177101923076924 0.27839590625 0.39177101923076924 0.27839590625 0.4163815240384615 0.2868345889423077 0.4163815240384615 0.2868345889423077 0.39177101923076924
0 0.40079774759615383 0.3774509014423077 0.3936502139423077 0.3774509014423077 0.3936502139423077 0.42127832451923075 0.40079774759615383 0.42127832451923075 0.40079774759615383 0.3774509014423077
0 0.32977361778846154 0.33779336298076923 0.31990251682692306 0.33779336298076923 0.31990251682692306 0.36364621874999997 0.32977361778846154 0.36364621874999997 0.32977361778846154 0.33779336298076923
0 0.3139183990384616 0.3340119831730769 0.30392662740384613 0.3340119831730769 0.30392662740384613 0.35628534855769234 0.3139183990384616 0.35628534855769234 0.3139183990384616 0.3340119831730769
0 0.2936623581730769 0.3947579278846154 0.2852794951923077 0.3947579278846154 0.2852794951923077 0.42415155528846155 0.2936623581730769 0.42415155528846155 0.2936623581730769 0.3947579278846154
0 0.27575375240384614 0.31746868509615384 0.2661946923076923 0.31746868509615384 0.2661946923076923 0.3372054206730769 0.27575375240384614 0.3372054206730769 0.27575375240384614 0.31746868509615384
0 0.48914531009615386 0.34845075240384615 0.48227815625 0.34845075240384615 0.48227815625 0.3754205480769231 0.48914531009615386 0.3754205480769231 0.48914531009615386 0.34845075240384615
0 0.2961053221153846 0.3886200528846154 0.2884760528846154 0.3886200528846154 0.2884760528846154 0.4228667091346154 0.2961053221153846 0.4228667091346154 0.2961053221153846 0.3886200528846154
0 0.5225001009615384 0.34913070192307694 0.5190203677884615 0.34913070192307694 0.5190203677884615 0.36357263701923076 0.5225001009615384 0.36357263701923076 0.5225001009615384 0.34913070192307694
0 0.6433551778846154 0.36054602644230765 0.6385864254807692 0.36054602644230765 0.6385864254807692 0.3840747980769231 0.6433551778846154 0.3840747980769231 0.6433551778846154 0.36054602644230765
0 0.5162580168269231 0.3082778076923077 0.5134509399038462 0.3082778076923077 0.5134509399038462 0.31776611778846153 0.5162580168269231 0.31776611778846153 0.5162580168269231 0.3082778076923077
0 0.5313607211538461 0.34577097115384614 0.5257460913461538 0.34577097115384614 0.5257460913461538 0.36783269230769233 0.5313607211538461 0.36783269230769233 0.5313607211538461 0.34577097115384614
0 0.5906310408653846 0.3582402548076923 0.5867010745192307 0.3582402548076923 0.5867010745192307 0.3772855408653846 0.5906310408653846 0.3772855408653846 0.5906310408653846 0.3582402548076923
0 0.6298943846153846 0.36523454326923077 0.6251712788461539 0.36523454326923077 0.6251712788461539 0.38806570673076923 0.6298943846153846 0.38806570673076923 0.6298943846153846 0.36523454326923077
0 0.5429157259615385 0.35201885096153845 0.5396792091346154 0.35201885096153845 0.5396792091346154 0.36983721634615385 0.5429157259615385 0.36983721634615385 0.5429157259615385 0.35201885096153845
0 0.5499112451923077 0.3527097355769231 0.5455863942307693 0.3527097355769231 0.5455863942307693 0.37785288461538463 0.5499112451923077 0.37785288461538463 0.5499112451923077 0.3527097355769231
0 0.53895371875 0.38089774759615386 0.5344804759615385 0.38089774759615386 0.5344804759615385 0.39651342307692305 0.53895371875 0.39651342307692305 0.53895371875 0.38089774759615386
0 0.6004626586538462 0.30244787740384615 0.5977635072115385 0.30244787740384615 0.5977635072115385 0.3099708557692308 0.6004626586538462 0.3099708557692308 0.6004626586538462 0.30244787740384615
0 0.6296552019230769 0.36450263221153845 0.6256792692307692 0.36450263221153845 0.6256792692307692 0.3750645384615385 0.6296552019230769 0.3750645384615385 0.6296552019230769 0.36450263221153845
0 0.8083545673076924 0.2993846466346154 0.8052027379807692 0.2993846466346154 0.8052027379807692 0.31127887259615383 0.8083545673076924 0.31127887259615383 0.8083545673076924 0.2993846466346154
0 0.5267217307692308 0.3699232884615385 0.5226874350961539 0.3699232884615385 0.5226874350961539 0.3885752355769231 0.5267217307692308 0.3885752355769231 0.5267217307692308 0.3699232884615385
0 0.7792280841346154 0.29772437740384616 0.77663803125 0.29772437740384616 0.77663803125 0.3076135985576923 0.7792280841346154 0.3076135985576923 0.7792280841346154 0.29772437740384616
0 0.617755954326923 0.36183350240384615 0.6124875384615385 0.36183350240384615 0.6124875384615385 0.38149863221153846 0.617755954326923 0.38149863221153846 0.617755954326923 0.36183350240384615
0 0.7670434326923077 0.29853258413461536 0.7642875673076923 0.29853258413461536 0.7642875673076923 0.3110067572115385 0.7670434326923077 0.3110067572115385 0.7670434326923077 0.29853258413461536
0 0.58478590625 0.36671538221153843 0.5818272908653846 0.36671538221153843 0.5818272908653846 0.3782622163461538 0.58478590625 0.3782622163461538 0.58478590625 0.36671538221153843
0 0.5606587740384615 0.30707564182692304 0.5582150144230769 0.30707564182692304 0.5582150144230769 0.3129627091346154 0.5606587740384615 0.3129627091346154 0.5606587740384615 0.30707564182692304
0 0.9860128389423076 0.568906375 0.9720390961538462 0.568906375 0.9720390961538462 0.6262371490384615 0.9860128389423076 0.6262371490384615 0.9860128389423076 0.568906375
0 0.5796141298076922 0.37083090384615386 0.5768728245192307 0.37083090384615386 0.5768728245192307 0.3810011129807692 0.5796141298076922 0.3810011129807692 0.5796141298076922 0.37083090384615386
0 0.6167162572115384 0.30238277403846153 0.6126892091346154 0.30238277403846153 0.6126892091346154 0.3110661538461538 0.6167162572115384 0.3110661538461538 0.6167162572115384 0.30238277403846153
0 0.5007788028846154 0.3494726105769231 0.49793497596153846 0.3494726105769231 0.49793497596153846 0.3657696754807693 0.5007788028846154 0.3657696754807693 0.5007788028846154 0.3494726105769231
0 0.6275164278846154 0.3636236971153846 0.6235928221153846 0.3636236971153846 0.6235928221153846 0.3725556274038461 0.6275164278846154 0.3725556274038461 0.6275164278846154 0.3636236971153846
0 0.5234474182692308 0.30834418509615386 0.5212542548076923 0.30834418509615386 0.5212542548076923 0.31723333413461535 0.5234474182692308 0.31723333413461535 0.5234474182692308 0.30834418509615386
0 0.5840438846153846 0.34317214423076925 0.5801685961538461 0.34317214423076925 0.5801685961538461 0.3721787620192308 0.5840438846153846 0.3721787620192308 0.5840438846153846 0.34317214423076925
0 0.5789859134615385 0.38101139903846154 0.5759205504807693 0.38101139903846154 0.5759205504807693 0.3949988461538462 0.5789859134615385 0.3949988461538462 0.5789859134615385 0.38101139903846154
0 0.5836687091346154 0.34546200721153847 0.5801699951923077 0.34546200721153847 0.5801699951923077 0.3556224399038461 0.5836687091346154 0.3556224399038461 0.5836687091346154 0.34546200721153847
0 0.6351186105769231 0.3637159278846154 0.6314807884615384 0.3637159278846154 0.6314807884615384 0.3879652524038461 0.6351186105769231 0.3879652524038461 0.6351186105769231 0.3637159278846154
0 0.6197733557692308 0.36436728124999995 0.6159328461538462 0.36436728124999995 0.6159328461538462 0.38377408653846157 0.6197733557692308 0.38377408653846157 0.6197733557692308 0.36436728124999995
0 0.5407407115384616 0.34553381009615386 0.5372707355769231 0.34553381009615386 0.5372707355769231 0.3634322548076923 0.5407407115384616 0.3634322548076923 0.5407407115384616 0.34553381009615386
0 0.5651585889423077 0.36441978124999996 0.5626849495192308 0.36441978124999996 0.5626849495192308 0.37901724278846155 0.5651585889423077 0.37901724278846155 0.5651585889423077 0.36441978124999996
0 0.5665140793269231 0.3609229182692308 0.5632583629807693 0.3609229182692308 0.5632583629807693 0.3792903197115385 0.5665140793269231 0.3792903197115385 0.5665140793269231 0.3609229182692308
0 0.5414511995192307 0.3060202139423077 0.5389733629807693 0.3060202139423077 0.5389733629807693 0.3167338629807693 0.5414511995192307 0.3167338629807693 0.5414511995192307 0.3060202139423077
0 0.9997395841346154 0.5707760288461539 0.9842321394230769 0.5707760288461539 0.9842321394230769 0.6469627091346154 0.9997395841346154 0.6469627091346154 0.9997395841346154 0.5707760288461539
0 0.5148976009615385 0.3752427572115385 0.5116695408653846 0.3752427572115385 0.5116695408653846 0.38874734855769233 0.5148976009615385 0.38874734855769233 0.5148976009615385 0.3752427572115385
0 0.5532697668269231 0.3497506875 0.5499590552884616 0.3497506875 0.5499590552884616 0.3692254230769231 0.5532697668269231 0.3692254230769231 0.5532697668269231 0.3497506875
0 0.5657178245192308 0.3599125336538461 0.5631572091346154 0.3599125336538461 0.5631572091346154 0.3729626971153846 0.5657178245192308 0.3729626971153846 0.5657178245192308 0.3599125336538461
0 0.5109990745192308 0.3047145697115385 0.5085874567307692 0.3047145697115385 0.5085874567307692 0.3123679831730769 0.5109990745192308 0.3123679831730769 0.5109990745192308 0.3047145697115385
0 0.5036348990384615 0.3696539975961538 0.5011707620192307 0.3696539975961538 0.5011707620192307 0.3850394350961538 0.5036348990384615 0.3850394350961538 0.5036348990384615 0.3696539975961538
0 0.5306058894230768 0.3057991322115385 0.528442795673077 0.3057991322115385 0.528442795673077 0.31354234375 0.5306058894230768 0.31354234375 0.5306058894230768 0.3057991322115385
0 0.9848436995192308 0.56727334375 0.9806942620192308 0.56727334375 0.9806942620192308 0.57605415625 0.9848436995192308 0.57605415625 0.9848436995192308 0.56727334375
0 0.5383869807692307 0.3092319350961539 0.5359383894230769 0.3092319350961539 0.5359383894230769 0.3185896971153846 0.5383869807692307 0.3185896971153846 0.5383869807692307 0.3092319350961539
0 0.5444175721153847 0.30367428846153843 0.5415695817307692 0.30367428846153843 0.5415695817307692 0.32161167307692307 0.5444175721153847 0.32161167307692307 0.5444175721153847 0.30367428846153843
0 0.5496935528846154 0.35063815625 0.5459718701923078 0.35063815625 0.5459718701923078 0.36751375480769227 0.5496935528846154 0.36751375480769227 0.5496935528846154 0.35063815625
0 0.5095384591346154 0.31292747115384617 0.5071705504807692 0.31292747115384617 0.5071705504807692 0.32371967548076924 0.5095384591346154 0.32371967548076924 0.5095384591346154 0.31292747115384617
0 0.5444490432692308 0.30248237980769227 0.5421168653846153 0.30248237980769227 0.5421168653846153 0.31391607211538464 0.5444490432692308 0.31391607211538464 0.5444490432692308 0.30248237980769227
0 0.683780860576923 0.2969973822115385 0.680712 0.2969973822115385 0.680712 0.31299656009615384 0.683780860576923 0.31299656009615384 0.683780860576923 0.2969973822115385
0 0.5084911658653846 0.37037082211538463 0.5055386850961539 0.37037082211538463 0.5055386850961539 0.38629924519230774 0.5084911658653846 0.38629924519230774 0.5084911658653846 0.37037082211538463
0 0.5288752884615385 0.30705298076923077 0.5265452379807692 0.30705298076923077 0.5265452379807692 0.31482993269230775 0.5288752884615385 0.31482993269230775 0.5288752884615385 0.30705298076923077
0 0.5106760024038461 0.34500653365384615 0.5075436586538461 0.34500653365384615 0.5075436586538461 0.35942405528846155 0.5106760024038461 0.35942405528846155 0.5106760024038461 0.34500653365384615
0 0.5532251370192308 0.3463383701923077 0.550339 0.3463383701923077 0.550339 0.3541536394230769 0.5532251370192308 0.3541536394230769 0.5532251370192308 0.3463383701923077
0 0.6181248990384615 0.36230206009615384 0.6146959951923077 0.36230206009615384 0.6146959951923077 0.3785574158653846 0.6181248990384615 0.3785574158653846 0.6181248990384615 0.36230206009615384
0 0.58323625 0.3594839038461538 0.5799345649038462 0.3594839038461538 0.5799345649038462 0.37130556490384614 0.58323625 0.37130556490384614 0.58323625 0.3594839038461538
0 0.5792896274038462 0.3740749783653846 0.5763582860576923 0.3740749783653846 0.5763582860576923 0.38494449278846155 0.5792896274038462 0.38494449278846155 0.5792896274038462 0.3740749783653846
0 0.6432226826923078 0.3598466658653846 0.6394266754807691 0.3598466658653846 0.6394266754807691 0.37418467307692305 0.6432226826923078 0.37418467307692305 0.6432226826923078 0.3598466658653846
0 0.7149877548076924 0.2973808846153846 0.7129295360576923 0.2973808846153846 0.7129295360576923 0.3060140264423077 0.7149877548076924 0.3060140264423077 0.7149877548076924 0.2973808846153846
0 0.5631136586538461 0.3649337211538462 0.5598200480769231 0.3649337211538462 0.5598200480769231 0.3797952163461539 0.5631136586538461 0.3797952163461539 0.5631136586538461 0.3649337211538462
0 0.8022534687499999 0.2994587379807692 0.7998641971153847 0.2994587379807692 0.7998641971153847 0.3066902716346154 0.8022534687499999 0.3066902716346154 0.8022534687499999 0.2994587379807692
0 0.9996051778846154 0.5736928870192307 0.9874431610576924 0.5736928870192307 0.9874431610576924 0.6019846033653846 0.9996051778846154 0.6019846033653846 0.9996051778846154 0.5736928870192307
0 0.5000901225961538 0.35067245913461537 0.49488369711538466 0.35067245913461537 0.49488369711538466 0.3653275096153846 0.5000901225961538 0.3653275096153846 0.5000901225961538 0.35067245913461537
0 0.9997472764423077 0.9272998389423077 0.9844389591346154 0.9995099110576924 0.9997472764423077 0.9995099110576924 0.9997472764423077 0.9272998389423077
0 0.9997472764423077 0.9003772307692308 0.9986541754807692 0.9003772307692308 0.9986541754807692 0.9073918653846154 0.9997472764423077 0.9073918653846154 0.9997472764423077 0.9003772307692308
0 0.9997472764423077 0.9318098846153846 0.9933433533653846 0.999550826923077 0.9997472764423077 0.999550826923077 0.9997472764423077 0.9318098846153846
0 0.9997472764423077 0.8828513245192308 0.99839146875 0.8828513245192308 0.99839146875 0.9109757043269231 0.9997472764423077 0.9109757043269231 0.9997472764423077 0.8828513245192308
0 0.5387755096153847 0.9275132283653846 0.5387755096153847 0.8277399855769231 0.5156462572115385 0.8277399855769231 0.5156462572115385 0.9498866201923076 0.5387755096153847 0.9498866201923076 0.5387755096153847 0.9275132283653846
0 0.6469387764423077 0.6741496610576923 0.6265306129807692 0.6741496610576923 0.6265306129807692 0.780574451923077 0.6469387764423077 0.780574451923077 0.6469387764423077 0.6741496610576923
0 0.8639455793269231 0.876719576923077 0.8639455793269231 0.7660619807692307 0.8346938774038463 0.7660619807692307 0.8346938774038463 0.9148148149038462 0.8639455793269231 0.9148148149038462 0.8639455793269231 0.876719576923077
0 0.9564625841346154 0.57981859375 0.942857141826923 0.57981859375 0.942857141826923 0.6402872259615384 0.9564625841346154 0.6402872259615384 0.9564625841346154 0.57981859375
0 0.9251700673076922 0.5338624350961538 0.9081632644230768 0.5338624350961538 0.9081632644230768 0.6052154182692308 0.9251700673076922 0.6052154182692308 0.9251700673076922 0.5338624350961538
0 0.8925170072115385 0.5653061225961539 0.8816326538461539 0.5653061225961539 0.8816326538461539 0.5870748293269231 0.8925170072115385 0.5870748293269231 0.8925170072115385 0.5653061225961539
0 0.8448979591346154 0.5828420264423078 0.8448979591346154 0.5665154951923077 0.8340136057692308 0.5665154951923077 0.8340136057692308 0.6148904014423077 0.8448979591346154 0.6148904014423077 0.8448979591346154 0.5828420264423078
0 0.8340136057692308 0.5761904759615384 0.8176870745192308 0.5761904759615384 0.8176870745192308 0.6100529110576923 0.8340136057692308 0.6100529110576923 0.8340136057692308 0.5761904759615384
0 0.8401360552884616 0.5338624350961538 0.8272108846153846 0.5338624350961538 0.8272108846153846 0.5665154951923077 0.8401360552884616 0.5665154951923077 0.8401360552884616 0.5338624350961538
0 0.7761904759615385 0.5205593341346154 0.7680272115384615 0.5205593341346154 0.7680272115384615 0.57981859375 0.7761904759615385 0.57981859375 0.7761904759615385 0.5205593341346154
0 0.7959183677884615 0.48306878365384615 0.7877551009615384 0.48306878365384615 0.7877551009615384 0.5362811778846154 0.7959183677884615 0.5362811778846154 0.7959183677884615 0.48306878365384615
0 0.5551020408653846 0.5894935745192308 0.5421768701923078 0.5894935745192308 0.5421768701923078 0.6620559326923078 0.5551020408653846 0.6620559326923078 0.5551020408653846 0.5894935745192308
0 0.5421768701923078 0.5846560841346153 0.5272108846153846 0.5846560841346153 0.5272108846153846 0.6596371875 0.5421768701923078 0.6596371875 0.5421768701923078 0.5846560841346153
0 0.5102040817307693 0.5616780048076924 0.4986394567307692 0.5616780048076924 0.4986394567307692 0.64391534375 0.5102040817307693 0.64391534375 0.5102040817307693 0.5616780048076924
0 0.46190476201923075 0.5290249447115385 0.4510204086538462 0.5290249447115385 0.4510204086538462 0.5991685552884616 0.46190476201923075 0.5991685552884616 0.46190476201923075 0.5290249447115385
0 0.4687074831730769 0.5290249447115385 0.46190476201923075 0.5290249447115385 0.46190476201923075 0.5943310649038461 0.4687074831730769 0.5943310649038461 0.4687074831730769 0.5290249447115385
0 0.49251700721153846 0.5217687067307692 0.4802721081730769 0.5217687067307692 0.4802721081730769 0.5858654567307693 0.49251700721153846 0.5858654567307693 0.49251700721153846 0.5217687067307692
0 0.49251700721153846 0.5024187451923077 0.49251700721153846 0.4806500384615384 0.47551020432692304 0.4806500384615384 0.47551020432692304 0.538699923076923 0.49251700721153846 0.538699923076923 0.49251700721153846 0.5024187451923077
0 0.5047619038461538 0.5072562355769231 0.49251700721153846 0.5072562355769231 0.49251700721153846 0.5532123966346154 0.5047619038461538 0.5532123966346154 0.5047619038461538 0.5072562355769231
0 0.5469387764423077 0.5411186682692308 0.5333333341346154 0.5411186682692308 0.5333333341346154 0.57981859375 0.5469387764423077 0.57981859375 0.5469387764423077 0.5411186682692308
0 0.5272108846153846 0.5350718052884615 0.5163265312499999 0.5350718052884615 0.5163265312499999 0.6173091466346154 0.5272108846153846 0.6173091466346154 0.5272108846153846 0.5350718052884615
0 0.4061224495192307 0.5060468629807692 0.41904762019230773 0.5060468629807692 0.41904762019230773 0.45501807932692306 0.4061224495192307 0.45501807932692306 0.4061224495192307 0.5060468629807692
0 0.7646258509615385 0.6523809519230769 0.7496598629807691 0.6523809519230769 0.7496598629807691 0.7116402115384616 0.7646258509615385 0.7116402115384616 0.7646258509615385 0.6523809519230769
0 0.7442176875000001 0.8325774759615385 0.7673469374999999 0.8325774759615385 0.7673469374999999 0.7128495841346154 0.7442176875000001 0.7128495841346154 0.7442176875000001 0.8325774759615385
0 0.7387755096153845 1 0.7387755096153845 0.9256991682692307 0.7081632644230769 0.9256991682692307 0.7081632644230769 1 0.7387755096153845 1
0 0.811564625 0.5229780817307692 0.8027210889423078 0.5229780817307692 0.8027210889423078 0.5858654567307693 0.811564625 0.5858654567307693 0.811564625 0.5229780817307692
0 0.76054421875 0.508465608173077 0.7537414951923077 0.508465608173077 0.7537414951923077 0.5532123966346154 0.76054421875 0.5532123966346154 0.76054421875 0.508465608173077
0 0.7068027211538461 0.4927437644230769 0.6986394567307692 0.4927437644230769 0.6986394567307692 0.5278155697115385 0.7068027211538461 0.5278155697115385 0.7068027211538461 0.4927437644230769
0 0.6979591826923077 0.49637188221153844 0.6863945576923077 0.49637188221153844 0.6863945576923077 0.5447467884615385 0.6979591826923077 0.5447467884615385 0.6979591826923077 0.49637188221153844
0 0.7374149663461539 0.4733938028846154 0.7306122451923076 0.4733938028846154 0.7306122451923076 0.5 0.7374149663461539 0.5 0.7374149663461539 0.4733938028846154
0 0.7469387764423078 0.4818594110576923 0.7469387764423078 0.4733938028846154 0.7374149663461539 0.4733938028846154 0.7374149663461539 0.5108843533653846 0.7469387764423078 0.5108843533653846 0.7469387764423078 0.4818594110576923
0 0.759183673076923 0.4806500384615384 0.7469387764423078 0.4806500384615384 0.7469387764423078 0.5 0.759183673076923 0.5 0.759183673076923 0.4806500384615384
0 0.7700680264423077 0.48306878365384615 0.759183673076923 0.48306878365384615 0.759183673076923 0.5 0.7700680264423077 0.5 0.7700680264423077 0.48306878365384615
0 0.6687074831730769 0.46613756490384617 0.6687074831730769 0.4625094471153846 0.6687074831730769 0.4467876033653846 0.66054421875 0.4467876033653846 0.66054421875 0.48548752884615387 0.6687074831730769 0.48548752884615387 0.6687074831730769 0.46613756490384617
0 0.6863945576923077 0.5435374158653846 0.6863945576923077 0.4951625096153846 0.6741496610576923 0.4951625096153846 0.6741496610576923 0.5302343149038461 0.6741496610576923 0.5435374158653846 0.6863945576923077 0.5435374158653846
0 0.66054421875 0.5338624350961538 0.6687074831730769 0.5338624350961538 0.6687074831730769 0.48548752884615387 0.66054421875 0.48548752884615387 0.66054421875 0.5338624350961538
0 0.7054421778846154 0.4588813317307692 0.6925170072115385 0.4588813317307692 0.6925170072115385 0.48306878365384615 0.7054421778846154 0.48306878365384615 0.7054421778846154 0.4588813317307692
0 0.7054421778846154 0.5217687067307692 0.7149659855769231 0.5217687067307692 0.7149659855769231 0.47460317548076925 0.7054421778846154 0.47460317548076925 0.7054421778846154 0.5217687067307692
0 0.7149659855769231 0.5217687067307692 0.72789115625 0.5217687067307692 0.72789115625 0.4758125480769231 0.7149659855769231 0.4758125480769231 0.7149659855769231 0.5217687067307692
0 0.6863945576923077 0.4600907019230769 0.6802721081730769 0.4600907019230769 0.6802721081730769 0.4951625096153846 0.6863945576923077 0.4951625096153846 0.6863945576923077 0.4600907019230769
0 0.6802721081730769 0.4625094471153846 0.6687074831730769 0.4625094471153846 0.6687074831730769 0.4951625096153846 0.6802721081730769 0.4951625096153846 0.6802721081730769 0.4625094471153846
1 0.7877551009615384 0.5 0.7700680264423077 0.5 0.7700680264423077 0.5205593341346154 0.7877551009615384 0.5205593341346154 0.7877551009615384 0.5
1 0.5442176875 0.5374905528846153 0.6482993197115385 0.5374905528846153 0.6482993197115385 0.41292517067307694 0.5442176875 0.41292517067307694 0.5442176875 0.5374905528846153
1 0.4789115649038462 0.4939531370192308 0.5346938774038461 0.4939531370192308 0.5346938774038461 0.38752834375 0.4789115649038462 0.38752834375 0.4789115649038462 0.4939531370192308
1 0.4244897956730769 0.44557823076923075 0.4727891153846154 0.44557823076923075 0.4727891153846154 0.38027210817307694 0.4244897956730769 0.38027210817307694 0.4244897956730769 0.44557823076923075
1 0.34897959134615386 0.4105064254807692 0.3877551009615384 0.4105064254807692 0.3877551009615384 0.3512471658653846 0.34897959134615386 0.3512471658653846 0.34897959134615386 0.4105064254807692
1 0.5380952379807693 0.9650037788461538 0.6068027211538461 0.9650037788461538 0.6068027211538461 0.9226757379807692 0.5380952379807693 0.9226757379807692 0.5380952379807693 0.9650037788461538
1 0.5578231298076923 0.6735449735576923 0.5979591826923077 0.6735449735576923 0.5979591826923077 0.6457294038461538 0.5578231298076923 0.6457294038461538 0.5578231298076923 0.6735449735576923
1 0.6469387764423077 0.780574451923077 0.7081632644230769 0.780574451923077 0.7081632644230769 0.7630385480769231 0.6469387764423077 0.7630385480769231 0.6469387764423077 0.780574451923077
1 0.7714285721153846 0.8404383966346154 0.8238095240384615 0.8404383966346154 0.8238095240384615 0.7727135288461539 0.7714285721153846 0.7727135288461539 0.7714285721153846 0.8404383966346154
1 0.7727891153846154 0.7545729399038461 0.8088435384615384 0.7545729399038461 0.8088435384615384 0.7231292524038462 0.7727891153846154 0.7231292524038462 0.7727891153846154 0.7545729399038461
1 0.9571428581730769 0.939606954326923 0.9571428581730769 0.8851851850961538 0.888435375 0.8851851850961538 0.888435375 0.9142101298076923 0.888435375 0.939606954326923 0.9571428581730769 0.939606954326923
1 0.888435375 0.8851851850961538 0.8639455793269231 0.8851851850961538 0.8639455793269231 0.9069538918269231 0.888435375 0.9069538918269231 0.888435375 0.8851851850961538
1 0.8448979591346154 0.5828420264423078 0.8714285721153847 0.5828420264423078 0.8714285721153847 0.5665154951923077 0.8448979591346154 0.5665154951923077 0.8448979591346154 0.5828420264423078
1 0.5551020408653846 0.6336356778846154 0.5755102043269231 0.6336356778846154 0.5755102043269231 0.5894935745192308 0.5551020408653846 0.5894935745192308 0.5551020408653846 0.6336356778846154
1 0.41904762019230773 0.5235827668269231 0.4442176875 0.5235827668269231 0.4442176875 0.5060468629807692 0.41904762019230773 0.5060468629807692 0.41904762019230773 0.5235827668269231