0 0.26711939182692307 0.5284434326923078 0.2536087596153846 0.5284434326923078 0.2536087596153846 0.5802736899038462 0.26711939182692307 0.5802736899038462 0.26711939182692307 0.5284434326923078
0 0.25289767548076925 0.4576508894230769 0.24152030048076922 0.4576508894230769 0.24152030048076922 0.5018962283653846 0.25289767548076925 0.5018962283653846 0.25289767548076925 0.4576508894230769
0 0.46764559375000003 0.4791414831730769 0.45555713701923073 0.4791414831730769 0.45555713701923073 0.52717928125 0.46764559375000003 0.52717928125 0.46764559375000003 0.4791414831730769
0 0.45555713701923073 0.48672639903846154 0.4448908485576923 0.48672639903846154 0.4448908485576923 0.52717928125 0.45555713701923073 0.52717928125 0.45555713701923073 0.48672639903846154
0 0.6183957908653847 0.5259151274038462 0.6127071033653846 0.5259151274038462 0.6127071033653846 0.5726887740384615 0.6183957908653847 0.5726887740384615 0.6183957908653847 0.5259151274038462
0 0.6127071033653846 0.5246509759615384 0.6020408173076923 0.5246509759615384 0.6020408173076923 0.5726887740384615 0.6127071033653846 0.5726887740384615 0.6127071033653846 0.5246509759615384
0 0.4093365576923077 0.3072167307692308 0.3979591826923077 0.3072167307692308 0.3979591826923077 0.3375563942307692 0.4093365576923077 0.3375563942307692 0.4093365576923077 0.3072167307692308
0 0.38942615384615387 0.31227334134615387 0.3801820384615385 0.31227334134615387 0.3801820384615385 0.33629224038461536 0.38942615384615387 0.33629224038461536 0.38942615384615387 0.31227334134615387
0 0.2269527139423077 0.4639190625 0.21355471875 0.4639190625 0.21355471875 0.5115563774038462 0.2269527139423077 0.5115563774038462 0.2269527139423077 0.4639190625
0 0.23860314423076925 0.4778995793269231 0.23103036298076923 0.4778995793269231 0.23103036298076923 0.49912925240384615 0.23860314423076925 0.49912925240384615 0.23860314423076925 0.4778995793269231
0 0.27366888942307693 0.1776230889423077 0.26644562259615384 0.1776230889423077 0.26644562259615384 0.20413429086538462 0.27366888942307693 0.20413429086538462 0.27366888942307693 0.1776230889423077
0 0.24151370192307692 0.15856816346153846 0.23335840144230768 0.15856816346153846 0.23335840144230768 0.1896359783653846 0.24151370192307692 0.1896359783653846 0.24151370192307692 0.15856816346153846
0 0.3101264375 0.15216817067307692 0.3009641682692308 0.15216817067307692 0.3009641682692308 0.17303778846153847 0.3101264375 0.17303778846153847 0.3101264375 0.15216817067307692
1 0.3306513990384615 0.1262511201923077 0.32503187019230767 0.1262511201923077 0.32503187019230767 0.14362550240384617 0.3306513990384615 0.14362550240384617 0.3306513990384615 0.1262511201923077