0 0.5253006802884616 0.7832989278846154 0.5197278918269231 0.7832989278846154 0.5197278918269231 0.8080668798076923 0.5253006802884616 0.8080668798076923 0.5253006802884616 0.7832989278846154
0 0.5461986394230769 0.7715341514423077 0.5399292524038461 0.7715341514423077 0.5399292524038461 0.7963021009615385 0.5461986394230769 0.7963021009615385 0.5461986394230769 0.7715341514423077
0 0.7224380961538461 0.6935151033653846 0.7182585048076924 0.6935151033653846 0.7182585048076924 0.7114718677884616 0.7224380961538461 0.7114718677884616 0.7224380961538461 0.6935151033653846
0 0.7454258509615385 0.6532671802884615 0.7426394567307693 0.6532671802884615 0.7426394567307693 0.6637935600961539 0.7454258509615385 0.6637935600961539 0.7454258509615385 0.6532671802884615
0 0.7987156466346155 0.68608471875 0.7934911562500001 0.68608471875 0.7934911562500001 0.6972302956730769 0.7987156466346155 0.6972302956730769 0.7987156466346155 0.68608471875
0 0.8060299326923077 0.6786543317307692 0.8008054423076924 0.6786543317307692 0.8008054423076924 0.6941343028846153 0.8060299326923077 0.6941343028846153 0.8060299326923077 0.6786543317307692
0 0.7262693870192307 0.6935151033653846 0.7224380961538461 0.6935151033653846 0.7224380961538461 0.7108526682692309 0.7262693870192307 0.7108526682692309 0.7262693870192307 0.6935151033653846
0 0.8858846514423077 0.7506112403846154 0.8787364326923076 0.7506112403846154 0.8787364326923076 0.7823811009615385 0.8858846514423077 0.7823811009615385 0.8858846514423077 0.7506112403846154
0 0.8977983485576922 0.7866170817307693 0.8912458149038461 0.7866170817307693 0.8912458149038461 0.8152099543269231 0.8977983485576922 0.8152099543269231 0.8977983485576922 0.7866170817307693
1 0.8960112932692308 0.8162689495192308 0.9085206754807692 0.8162689495192308 0.9085206754807692 0.7760271274038462 0.8960112932692308 0.7760271274038462 0.8960112932692308 0.8162689495192308
1 0.6505891322115385 0.7972070336538462 0.6410581754807693 0.7972070336538462 0.6410581754807693 0.8141509591346154 0.6505891322115385 0.8141509591346154 0.6505891322115385 0.7972070336538462
0 0.7299230240384615 0.6261787283653846 0.7271105841346154 0.6261787283653846 0.7271105841346154 0.6375614639423077 0.7299230240384615 0.6375614639423077 0.7299230240384615 0.6261787283653846
1 0.7438057091346154 0.6071791322115385 0.7413163990384616 0.6071791322115385 0.7413163990384616 0.6167108437500001 0.7438057091346154 0.6167108437500001 0.7438057091346154 0.6071791322115385
1 0.7377739206730769 0.6109237331730769 0.7354760985576922 0.6109237331730769 0.7354760985576922 0.6198597139423078 0.7377739206730769 0.6198597139423078 0.7377739206730769 0.6109237331730769
1 0.728821983173077 0.6080301778846153 0.726811389423077 0.6080301778846153 0.726811389423077 0.6160300072115384 0.728821983173077 0.6160300072115384 0.728821983173077 0.6080301778846153
1 0.7309283221153847 0.583434954326923 0.7287741129807692 0.583434954326923 0.7287741129807692 0.5880306009615385 0.7309283221153847 0.5880306009615385 0.7309283221153847 0.583434954326923
1 0.7176679663461538 0.5838604783653847 0.7112053365384615 0.5838604783653847 0.7112053365384615 0.5906688437500001 0.7176679663461538 0.5906688437500001 0.7176679663461538 0.5838604783653847
1 0.7041203822115385 0.5828392211538461 0.7019661706730769 0.5828392211538461 0.7019661706730769 0.5903284254807692 0.7041203822115385 0.5903284254807692 0.7041203822115385 0.5828392211538461
1 0.7074235024038462 0.5782435769230769 0.7056043918269231 0.5782435769230769 0.7056043918269231 0.5843711057692308 0.7074235024038462 0.5843711057692308 0.7074235024038462 0.5782435769230769
1 0.690189826923077 0.5840306875 0.6882749735576923 0.5840306875 0.6882749735576923 0.5927964591346154 0.690189826923077 0.5927964591346154 0.690189826923077 0.5840306875
0 0.6939716610576923 0.6142428100961539 0.6913387379807693 0.6142428100961539 0.6913387379807693 0.6252213004807692 0.6939716610576923 0.6252213004807692 0.6939716610576923 0.6142428100961539
1 0.7575527524038462 0.5786015841346154 0.7575527524038462 0.5723683389423078 0.7534621850961538 0.5723683389423078 0.7534621850961538 0.5786015841346154 0.7553613774038461 0.5786015841346154 0.7575527524038462 0.5786015841346154
1 0.7508325360576923 0.5765238365384615 0.7482028846153846 0.5765238365384615 0.7482028846153846 0.5832765192307693 0.7508325360576923 0.5832765192307693 0.7508325360576923 0.5765238365384615
1 0.7717868149038462 0.6472855673076924 0.767579375 0.6472855673076924 0.767579375 0.6614142572115385 0.7717868149038462 0.6614142572115385 0.7717868149038462 0.6472855673076924
1 0.801706391826923 0.6537265865384616 0.79633021875 0.6537265865384616 0.79633021875 0.6657775288461539 0.801706391826923 0.6657775288461539 0.801706391826923 0.6537265865384616
1 0.8585978317307692 0.6559904350961538 0.847647266826923 0.6559904350961538 0.847647266826923 0.6725858269230769 0.8585978317307692 0.6725858269230769 0.8585978317307692 0.6559904350961538
1 0.9747144158653847 0.8445895913461539 0.9695719903846154 0.8445895913461539 0.9695719903846154 0.8731794110576924 0.9747144158653847 0.8731794110576924 0.9747144158653847 0.8445895913461539
1 0.9695719903846154 0.846916670673077 0.9648970552884616 0.846916670673077 0.9648970552884616 0.8701874519230769 0.9695719903846154 0.8701874519230769 0.9695719903846154 0.846916670673077
0 0.710273201923077 0.6213682884615385 0.7074868076923077 0.6213682884615385 0.7074868076923077 0.6332569038461539 0.710273201923077 0.6332569038461539 0.710273201923077 0.6213682884615385
1 0.7161246298076923 0.6183961346153846 0.713616875 0.6183961346153846 0.713616875 0.6302847500000001 0.7161246298076923 0.6302847500000001 0.7161246298076923 0.6183961346153846
1 0.7417594591346154 0.6238450841346155 0.7350721129807692 0.6238450841346155 0.7350721129807692 0.6392012139423078 0.7417594591346154 0.6392012139423078 0.7417594591346154 0.6238450841346155
0 0.6854742908653846 0.5837210024038462 0.6838024519230769 0.5837210024038462 0.6838024519230769 0.5921421057692308 0.6854742908653846 0.5921421057692308 0.6854742908653846 0.5837210024038462
0 0.9138715697115385 0.9318500408653846 0.9138715697115385 0.9018576009615384 0.9057083028846153 0.9018576009615384 0.9057083028846153 0.9196523052884615 0.9057083028846153 0.9318500408653846 0.9138715697115385 0.9318500408653846
1 0.9823129254807692 0.03801965144230769 0.8285714278846155 0.03801965144230769 0.8285714278846155 0.08034769471153846 0.9823129254807692 0.08034769471153846 0.9823129254807692 0.03801965144230769
1 0.7830688221153845 0.5942310336538461 0.7807862067307692 0.5942310336538461 0.7807862067307692 0.6029962740384616 0.7830688221153845 0.6029962740384616 0.7830688221153845 0.5942310336538461
1 0.7802383798076923 0.5942310336538461 0.7770427211538462 0.5942310336538461 0.7770427211538462 0.6042948269230769 0.7802383798076923 0.6042948269230769 0.7802383798076923 0.5942310336538461