1 0.5380430913461539 0.5929152163461539 0.5280878894230769 0.5929152163461539 0.5280878894230769 0.61314165625 0.5380430913461539 0.61314165625 0.5380430913461539 0.5929152163461539
0 0.26478134134615383 0.20668120432692308 0.26478134134615383 0.19373628124999998 0.2516746081730769 0.19373628124999998 0.2516746081730769 0.20668120432692308 0.25395789903846155 0.20668120432692308 0.26478134134615383 0.20668120432692308
0 0.2553322403846154 0.2189265048076923 0.2631201706730769 0.2189265048076923 0.2631201706730769 0.20668120432692308 0.2553322403846154 0.20668120432692308 0.2553322403846154 0.2189265048076923
0 0.40161601923076923 0.19315204567307692 0.3943461514423077 0.19315204567307692 0.3943461514423077 0.20607625721153847 0.40161601923076923 0.20607625721153847 0.40161601923076923 0.19315204567307692
0 0.4116819927884615 0.21668073798076926 0.40459853124999995 0.21668073798076926 0.40459853124999995 0.22861077884615386 0.4116819927884615 0.22861077884615386 0.4116819927884615 0.21668073798076926
0 0.4512002524038462 0.23358162740384614 0.4431847548076923 0.23358162740384614 0.4431847548076923 0.2465058389423077 0.4512002524038462 0.2465058389423077 0.4512002524038462 0.23358162740384614
0 0.564966701923077 0.09288585576923077 0.5579764447115385 0.09288585576923077 0.5579764447115385 0.1047951826923077 0.564966701923077 0.1047951826923077 0.564966701923077 0.09288585576923077
0 0.8488294350961538 0.2027623557692308 0.8378780288461538 0.2027623557692308 0.8378780288461538 0.22057456971153847 0.8488294350961538 0.22057456971153847 0.8488294350961538 0.2027623557692308
0 0.8625769423076922 0.21767490625000002 0.8502274855769231 0.21767490625000002 0.8502274855769231 0.23880102163461536 0.8625769423076922 0.23880102163461536 0.8625769423076922 0.21767490625000002
0 0.8660720721153846 0.18205048076923078 0.8572177427884615 0.18205048076923078 0.8572177427884615 0.19489184375 0.8660720721153846 0.19489184375 0.8660720721153846 0.18205048076923078
0 0.9371396947115385 0.24252915865384614 0.9224601538461539 0.24252915865384614 0.9224601538461539 0.2603413725961538 0.9371396947115385 0.2603413725961538 0.9371396947115385 0.24252915865384614
0 0.9732560288461538 0.25702747115384617 0.9602075480769231 0.25702747115384617 0.9602075480769231 0.26945459615384615 0.9732560288461538 0.26945459615384615 0.9732560288461538 0.25702747115384617
0 0.9974889230769232 0.2624125600961538 0.98513946875 0.2624125600961538 0.98513946875 0.2802247716346154 0.9974889230769232 0.2802247716346154 0.9974889230769232 0.2624125600961538
0 0.9897996394230769 0.32330547596153847 0.9734890384615384 0.32330547596153847 0.9734890384615384 0.34401735096153846 0.9897996394230769 0.34401735096153846 0.9897996394230769 0.32330547596153847
0 0.569920514423077 0.10134330769230769 0.5624787307692307 0.10134330769230769 0.5624787307692307 0.11144609615384615 0.569920514423077 0.11144609615384615 0.569920514423077 0.10134330769230769