1 0.1420956298076923 0.031078002403846155 0.017209853365384616 0.031078002403846155 0.017209853365384616 0.09064411778846154 0.1420956298076923 0.09064411778846154 0.1420956298076923 0.031078002403846155
1 0.11655015865384614 0.5479931274038461 0.11122689903846153 0.5479931274038461 0.11122689903846153 0.5602957764423077 0.11655015865384614 0.5602957764423077 0.11655015865384614 0.5479931274038461
1 0.5049589495192308 0.9450692139423077 0.50005303125 0.9450692139423077 0.50005303125 0.957667125 0.5049589495192308 0.957667125 0.5049589495192308 0.9450692139423077
1 0.29226698076923074 0.8614620384615385 0.2885194038461539 0.8614620384615385 0.2885194038461539 0.8726669110576922 0.29226698076923074 0.8726669110576922 0.29226698076923074 0.8614620384615385
1 0.27388842067307695 0.8914710360576923 0.2663932692307692 0.8914710360576923 0.2663932692307692 0.9026759110576923 0.27388842067307695 0.9026759110576923 0.27388842067307695 0.8914710360576923
1 0.39381085096153845 0.9565804350961538 0.38733776442307694 0.9565804350961538 0.38733776442307694 0.9686938125 0.39381085096153845 0.9686938125 0.39381085096153845 0.9565804350961538
1 0.29165746634615386 0.5719428725961538 0.28825057932692305 0.5719428725961538 0.28825057932692305 0.5846619182692308 0.29165746634615386 0.5846619182692308 0.29165746634615386 0.5719428725961538
1 0.2669575360576923 0.5928384471153846 0.2618472043269231 0.5928384471153846 0.2618472043269231 0.6037404855769231 0.2669575360576923 0.6037404855769231 0.2669575360576923 0.5928384471153846
1 0.5070710985576923 0.7396951586538462 0.4987242235576923 0.7396951586538462 0.4987242235576923 0.7490830240384615 0.5070710985576923 0.7490830240384615 0.5070710985576923 0.7396951586538462
1 0.19171383894230767 0.39131193028846156 0.18728488461538462 0.39131193028846156 0.18728488461538462 0.40191113701923076 0.19171383894230767 0.40191113701923076 0.19171383894230767 0.39131193028846156
1 0.2521959735576923 0.46421415384615383 0.24559512980769233 0.46421415384615383 0.24559512980769233 0.4782202451923077 0.2521959735576923 0.4782202451923077 0.2521959735576923 0.46421415384615383
1 0.39548485817307694 0.4371719855769231 0.38228317067307693 0.4371719855769231 0.38228317067307693 0.4507995336538461 0.39548485817307694 0.4507995336538461 0.39548485817307694 0.4371719855769231
1 0.31667131490384615 0.3615134038461539 0.31019822836538463 0.3615134038461539 0.31019822836538463 0.37362677884615386 0.31667131490384615 0.37362677884615386 0.31667131490384615 0.3615134038461539
1 0.280899 0.38937416826923077 0.2679528293269231 0.38937416826923077 0.2679528293269231 0.3975506995192308 0.280899 0.3975506995192308 0.280899 0.38937416826923077
1 0.2618204302884615 0.33849798798076924 0.2577321658653846 0.33849798798076924 0.2577321658653846 0.3469773509615385 0.2618204302884615 0.3469773509615385 0.2618204302884615 0.33849798798076924
1 0.31905613701923075 0.33001862259615383 0.31309408413461537 0.33001862259615383 0.31309408413461537 0.33880082211538465 0.31905613701923075 0.33880082211538465 0.31905613701923075 0.33001862259615383
1 0.3306395528846154 0.3436461730769231 0.3178637259615385 0.3436461730769231 0.3178637259615385 0.3487943581730769 0.3306395528846154 0.3487943581730769 0.3306395528846154 0.3436461730769231
1 0.31667131490384615 0.2979181754807692 0.30508789903846156 0.2979181754807692 0.30508789903846156 0.31154572355769233 0.31667131490384615 0.31154572355769233 0.31667131490384615 0.2979181754807692
1 0.3785063173076923 0.26763473317307696 0.3679449663461538 0.26763473317307696 0.3679449663461538 0.2773254350961538 0.3785063173076923 0.2773254350961538 0.3785063173076923 0.26763473317307696
1 0.4003103942307692 0.28398779326923074 0.3917931778846154 0.28398779326923074 0.3917931778846154 0.2945869951923077 0.4003103942307692 0.2945869951923077 0.4003103942307692 0.28398779326923074
1 0.39077111057692304 0.3224477620192308 0.3791876947115385 0.3224477620192308 0.3791876947115385 0.33213846394230767 0.39077111057692304 0.33213846394230767 0.39077111057692304 0.3224477620192308
1 0.3766325288461539 0.2013139951923077 0.37356633173076925 0.2013139951923077 0.37356633173076925 0.2125188701923077 0.3766325288461539 0.2125188701923077 0.3766325288461539 0.2013139951923077
1 0.38276492548076924 0.19222896394230768 0.3798690721153846 0.19222896394230768 0.3798690721153846 0.20525084375 0.38276492548076924 0.20525084375 0.38276492548076924 0.19222896394230768
1 0.35312500721153844 0.22705492067307692 0.3480146778846154 0.22705492067307692 0.3480146778846154 0.23462578125 0.35312500721153844 0.23462578125 0.35312500721153844 0.22705492067307692
1 0.3638567019230769 0.2213010673076923 0.35755396153846153 0.2213010673076923 0.35755396153846153 0.23280877644230769 0.3638567019230769 0.23280877644230769 0.3638567019230769 0.2213010673076923
0 0.5197217908653846 0.12984507451923077 0.5154631826923077 0.12984507451923077 0.5154631826923077 0.13983860817307692 0.5197217908653846 0.13983860817307692 0.5197217908653846 0.12984507451923077
0 0.5221066129807692 0.11409768509615385 0.520573514423077 0.11409768509615385 0.520573514423077 0.11924587019230769 0.5221066129807692 0.11924587019230769 0.5221066129807692 0.11409768509615385
0 0.5221066129807692 0.11985153846153847 0.5248321225961539 0.11985153846153847 0.5248321225961539 0.11409768509615385 0.5221066129807692 0.11409768509615385 0.5221066129807692 0.11985153846153847
0 0.5089900961538462 0.12136570913461539 0.5105231971153846 0.12136570913461539 0.5105231971153846 0.11742886298076922 0.5089900961538462 0.11742886298076922 0.5089900961538462 0.12136570913461539
0 0.5096714735576924 0.11954870432692308 0.5066052764423077 0.11954870432692308 0.5066052764423077 0.12439405288461539 0.5096714735576924 0.12439405288461539 0.5096714735576924 0.11954870432692308
0 0.5883749591346153 0.18512597596153846 0.5858197932692307 0.18512597596153846 0.5858197932692307 0.19534663701923077 0.5883749591346153 0.19534663701923077 0.5883749591346153 0.18512597596153846
0 0.5664431225961539 0.16392756490384613 0.5623974447115384 0.16392756490384613 0.5623974447115384 0.17679802884615384 0.5664431225961539 0.17679802884615384 0.5664431225961539 0.16392756490384613
0 0.6424592932692307 0.14007935576923078 0.6388394759615384 0.14007935576923078 0.6388394759615384 0.1521927331730769 0.6424592932692307 0.1521927331730769 0.6424592932692307 0.14007935576923078
0 0.8448087500000001 0.12105108413461538 0.8429008942307692 0.12105108413461538 0.8429008942307692 0.13413353125 0.8448087500000001 0.13413353125 0.8448087500000001 0.12105108413461538
0 0.8429008942307692 0.12129335096153845 0.8397665576923077 0.12129335096153845 0.8397665576923077 0.13025725 0.8429008942307692 0.13025725 0.8429008942307692 0.12129335096153845
0 0.97615503125 0.38923493990384617 0.9679785024038462 0.38923493990384617 0.9679785024038462 0.4071021706730769 0.97615503125 0.4071021706730769 0.97615503125 0.38923493990384617
1 0.48568076682692307 0.07753073798076923 0.47290493990384613 0.07753073798076923 0.47290493990384613 0.09172610336538461 0.48568076682692307 0.09172610336538461 0.48568076682692307 0.07753073798076923
1 0.6713887668269231 0.14551587740384614 0.6543543293269232 0.14551587740384614 0.6543543293269232 0.15971124278846152 0.6713887668269231 0.15971124278846152 0.6713887668269231 0.14551587740384614
1 0.6610084062499999 0.12185693990384615 0.6532896778846153 0.12185693990384615 0.6532896778846153 0.13226687259615383 0.6610084062499999 0.13226687259615383 0.6610084062499999 0.12185693990384615
1 0.706788454326923 0.15261356009615384 0.6980050721153847 0.15261356009615384 0.6980050721153847 0.16538938701923078 0.706788454326923 0.16538938701923078 0.706788454326923 0.15261356009615384
1 0.7602872283653846 0.14078409134615383 0.7520361754807693 0.14078409134615383 0.7520361754807693 0.15166720192307692 0.7602872283653846 0.15166720192307692 0.7602872283653846 0.14078409134615383
1 0.7877020240384615 0.14551587740384614 0.7722645673076923 0.14551587740384614 0.7722645673076923 0.15545263221153846 0.7877020240384615 0.15545263221153846 0.7877020240384615 0.14551587740384614
1 0.7975500576923077 0.1256423701923077 0.7839757427884616 0.1256423701923077 0.7839757427884616 0.1384181971153846 0.7975500576923077 0.1384181971153846 0.7975500576923077 0.1256423701923077
1 0.8739388557692307 0.1303445841346154 0.8571705841346154 0.1303445841346154 0.8571705841346154 0.14643266105769231 0.8739388557692307 0.14643266105769231 0.8739388557692307 0.1303445841346154
1 0.16860407932692306 0.3189334110576923 0.16157737259615385 0.3189334110576923 0.16157737259615385 0.3283969879807692 0.16860407932692306 0.3283969879807692 0.16860407932692306 0.3189334110576923
1 0.3064332283653846 0.10884092548076924 0.2817332956730769 0.10884092548076924 0.2817332956730769 0.12890370673076923 0.3064332283653846 0.12890370673076923 0.3064332283653846 0.10884092548076924
1 0.31984784615384615 0.09899880769230769 0.3119694206730769 0.09899880769230769 0.3119694206730769 0.10959801201923078 0.31984784615384615 0.10959801201923078 0.31984784615384615 0.09899880769230769
1 0.3460382908653846 0.0959704639423077 0.3328366033653846 0.0959704639423077 0.3328366033653846 0.106191125 0.3460382908653846 0.106191125 0.3460382908653846 0.0959704639423077
1 0.26722280769230766 0.6036819807692309 0.2552987043269231 0.6036819807692309 0.2552987043269231 0.6146597283653846 0.26722280769230766 0.6146597283653846 0.26722280769230766 0.6036819807692309
1 0.30129168028846154 0.6884756177884616 0.29298739182692307 0.6884756177884616 0.29298739182692307 0.7047529663461538 0.30129168028846154 0.7047529663461538 0.30129168028846154 0.6884756177884616
1 0.3808182956730769 0.22501198557692306 0.3771552091346154 0.22501198557692306 0.3771552091346154 0.2302837283653846 0.3808182956730769 0.2302837283653846 0.3808182956730769 0.22501198557692306
1 0.40550051201923076 0.21121242788461536 0.4016629927884615 0.21121242788461536 0.4016629927884615 0.2178796298076923 0.40550051201923076 0.2178796298076923 0.40550051201923076 0.21121242788461536
1 0.4027095889423077 0.22966352403846152 0.3959939326923077 0.22966352403846152 0.3959939326923077 0.23788123798076924 0.4027095889423077 0.23788123798076924 0.4027095889423077 0.22966352403846152
1 0.4141349254807692 0.19105576923076925 0.4111695721153846 0.19105576923076925 0.4111695721153846 0.19431184375 0.4141349254807692 0.19431184375 0.4141349254807692 0.19105576923076925
1 0.43000829567307697 0.2102821201923077 0.4231182067307693 0.2102821201923077 0.4231182067307693 0.22005034615384614 0.43000829567307697 0.22005034615384614 0.43000829567307697 0.2102821201923077
1 0.44649217788461537 0.20175430288461538 0.44300352644230767 0.20175430288461538 0.44300352644230767 0.20795635096153847 0.44649217788461537 0.20795635096153847 0.44649217788461537 0.20175430288461538