0 0.9236333798076923 0.7675168341346155 0.9158578870192307 0.7675168341346155 0.9158578870192307 0.7801379254807692 0.9236333798076923 0.7801379254807692 0.9236333798076923 0.7675168341346155
0 0.9094346538461539 0.7789359158653847 0.9094346538461539 0.76871884375 0.9043636778846154 0.76871884375 0.9043636778846154 0.7789359158653847 0.9076355480769231 0.7789359158653847 0.9094346538461539 0.7789359158653847
0 0.89692625 0.7784213269230769 0.89692625 0.7675168341346155 0.8913481778846154 0.7675168341346155 0.8913481778846154 0.7810394326923077 0.89692625 0.7810394326923077 0.89692625 0.7784213269230769
0 0.8872913990384615 0.7681178389423077 0.8796849399038462 0.7681178389423077 0.8796849399038462 0.7789359158653847 0.8872913990384615 0.7789359158653847 0.8872913990384615 0.7681178389423077
0 0.87529009375 0.7672163317307692 0.8680216995192308 0.7672163317307692 0.8680216995192308 0.7789359158653847 0.87529009375 0.7789359158653847 0.87529009375 0.7672163317307692
0 0.8643029855769231 0.7678173365384615 0.8575416850961539 0.7678173365384615 0.8575416850961539 0.7828424447115385 0.8643029855769231 0.7828424447115385 0.8643029855769231 0.7678173365384615
0 0.8512874855769231 0.7669158293269231 0.8462165096153846 0.7669158293269231 0.8462165096153846 0.7813399326923077 0.8512874855769231 0.7813399326923077 0.8512874855769231 0.7669158293269231
0 0.8392861802884616 0.7663148245192308 0.8320177836538462 0.7663148245192308 0.8320177836538462 0.7792364182692307 0.8392861802884616 0.7792364182692307 0.8392861802884616 0.7663148245192308
0 0.8132551802884616 0.7678173365384615 0.8059867836538461 0.7678173365384615 0.8059867836538461 0.7855469639423076 0.8132551802884616 0.7855469639423076 0.8132551802884616 0.7678173365384615
0 0.8015919399038461 0.7732286490384616 0.8015919399038461 0.7696203485576922 0.7958448365384616 0.7696203485576922 0.7958448365384616 0.7804384278846155 0.8015919399038461 0.7804384278846155 0.8015919399038461 0.7732286490384616
0 0.7892525697115385 0.7681178389423077 0.7823222379807693 0.7681178389423077 0.7823222379807693 0.7813399326923077 0.7892525697115385 0.7813399326923077 0.7892525697115385 0.7681178389423077
0 0.7823222379807693 0.7918575096153847 0.7737015817307692 0.7918575096153847 0.7737015817307692 0.8083851274038462 0.7823222379807693 0.8083851274038462 0.7823222379807693 0.7918575096153847
0 0.7951687043269231 0.7906555 0.7887454711538461 0.7906555 0.7887454711538461 0.8032765913461539 0.7951687043269231 0.8032765913461539 0.7951687043269231 0.7906555
0 0.8073390432692308 0.7909560024038461 0.8010848413461538 0.7909560024038461 0.8010848413461538 0.805680608173077 0.8073390432692308 0.805680608173077 0.8073390432692308 0.7909560024038461
0 0.8217068028846154 0.7906555 0.8107196923076923 0.7906555 0.8107196923076923 0.8041780985576923 0.8217068028846154 0.8041780985576923 0.8217068028846154 0.7906555
0 0.8337081081730768 0.7912565048076924 0.829313264423077 0.7912565048076924 0.829313264423077 0.8047791033653847 0.8337081081730768 0.8047791033653847 0.8337081081730768 0.7912565048076924
0 0.846723608173077 0.7912565048076924 0.8386100480769231 0.7912565048076924 0.8386100480769231 0.8044786009615384 0.846723608173077 0.8044786009615384 0.846723608173077 0.7912565048076924
0 0.8575416850961539 0.7951532884615384 0.8575416850961539 0.7909560024038461 0.8509494206730769 0.7909560024038461 0.8509494206730769 0.8023750841346153 0.8575416850961539 0.8023750841346153 0.8575416850961539 0.7951532884615384
0 0.8730926730769231 0.7924585144230769 0.8668384711538462 0.7924585144230769 0.8668384711538462 0.8038775961538461 0.8730926730769231 0.8038775961538461 0.8730926730769231 0.7924585144230769
0 0.8818823605769232 0.7918575096153847 0.8769804206730769 0.7918575096153847 0.8769804206730769 0.805680608173077 0.8818823605769232 0.805680608173077 0.8818823605769232 0.7918575096153847
0 0.8918552764423077 0.7930595192307692 0.8856010745192309 0.7930595192307692 0.8856010745192309 0.8017740817307693 0.8918552764423077 0.8017740817307693 0.8918552764423077 0.7930595192307692
0 0.9045327115384616 0.7897539951923077 0.8965881850961538 0.7897539951923077 0.8965881850961538 0.8062816129807693 0.9045327115384616 0.8062816129807693 0.9045327115384616 0.7897539951923077
0 0.9182243413461539 0.7906555 0.9119701394230769 0.7906555 0.9119701394230769 0.8050796033653846 0.9182243413461539 0.8050796033653846 0.9182243413461539 0.7906555
0 0.8754591274038461 0.8107891466346153 0.8673455697115385 0.8107891466346153 0.8673455697115385 0.8222082283653845 0.8754591274038461 0.8222082283653845 0.8754591274038461 0.8107891466346153
0 0.8560203942307693 0.8177006947115385 0.8480758677884614 0.8177006947115385 0.8480758677884614 0.8333268076923077 0.8560203942307693 0.8333268076923077 0.8560203942307693 0.8177006947115385
0 0.8332010120192308 0.82100621875 0.8332010120192308 0.8077841225961537 0.8227209975961538 0.8077841225961537 0.8227209975961538 0.82100621875 0.8309353774038463 0.82100621875 0.8332010120192308 0.82100621875
0 0.8059867836538461 0.8270162620192308 0.7992254855769231 0.8270162620192308 0.7992254855769231 0.8393368509615384 0.8059867836538461 0.8393368509615384 0.8059867836538461 0.8270162620192308
1 0.8299893942307693 0.7627088004807692 0.8157906658653846 0.7627088004807692 0.8157906658653846 0.7804384278846155 0.8299893942307693 0.7804384278846155 0.8299893942307693 0.7627088004807692
0 0.7219776466346153 0.7999710673076923 0.7145402187500001 0.7999710673076923 0.7145402187500001 0.8140946682692308 0.7219776466346153 0.8140946682692308 0.7219776466346153 0.7999710673076923
0 0.6327285072115385 0.7729258725961539 0.6273194663461539 0.7729258725961539 0.6273194663461539 0.7840444519230769 0.6327285072115385 0.7840444519230769 0.6327285072115385 0.7729258725961539
0 0.6457440048076923 0.7984685576923076 0.6396588365384616 0.7984685576923076 0.6396588365384616 0.8131931634615385 0.6457440048076923 0.8131931634615385 0.6457440048076923 0.7984685576923076
0 0.6650137067307693 0.7960645384615385 0.6589285384615385 0.7960645384615385 0.6589285384615385 0.8080846274038461 0.6650137067307693 0.8080846274038461 0.6650137067307693 0.7960645384615385
0 0.6815788894230769 0.8152966778846154 0.6716059735576922 0.8152966778846154 0.6716059735576922 0.8288192740384616 0.6815788894230769 0.8288192740384616 0.6815788894230769 0.8152966778846154
1 0.6998343942307692 0.81229165625 0.6898614807692307 0.81229165625 0.6898614807692307 0.8261147548076924 0.6998343942307692 0.8261147548076924 0.6998343942307692 0.81229165625