0 0.1367780144230769 0.6549227620192308 0.12942193269230767 0.6549227620192308 0.12942193269230767 0.6842480192307693 0.1367780144230769 0.6842480192307693 0.1367780144230769 0.6549227620192308
0 0.15527967307692309 0.6565079110576922 0.14814650480769231 0.6565079110576922 0.14814650480769231 0.6699816778846154 0.15527967307692309 0.6699816778846154 0.15527967307692309 0.6565079110576922
0 0.15037562019230769 0.5931019567307693 0.14435700721153846 0.5931019567307693 0.14435700721153846 0.6041979975961538 0.15037562019230769 0.6041979975961538 0.15037562019230769 0.5931019567307693
0 0.2058805985576923 0.6993069326923076 0.193843375 0.6993069326923076 0.193843375 0.7345764951923077 0.2058805985576923 0.7345764951923077 0.2058805985576923 0.6993069326923076
0 0.22438225721153846 0.7040623798076923 0.21345959134615383 0.7040623798076923 0.21345959134615383 0.7448799639423077 0.22438225721153846 0.7448799639423077 0.22438225721153846 0.7040623798076923
0 0.1410133341346154 0.600235125 0.13633218990384616 0.600235125 0.13633218990384616 0.6113311682692307 0.1410133341346154 0.6113311682692307 0.1410133341346154 0.600235125
0 0.13365725240384616 0.6030091370192308 0.12897610817307692 0.6030091370192308 0.12897610817307692 0.6121237427884615 0.13365725240384616 0.6121237427884615 0.13365725240384616 0.6030091370192308
0 0.0826105048076923 0.6275789447115384 0.0743627764423077 0.6275789447115384 0.0743627764423077 0.6557153389423077 0.0826105048076923 0.6557153389423077 0.0826105048076923 0.6275789447115384
0 0.0743627764423077 0.6402601370192307 0.06767542788461539 0.6402601370192307 0.06767542788461539 0.6557153389423077 0.0743627764423077 0.6557153389423077 0.0743627764423077 0.6402601370192307
0 0.06477757692307692 0.6295603798076923 0.05809023076923077 0.6295603798076923 0.05809023076923077 0.6434304350961538 0.06477757692307692 0.6434304350961538 0.06477757692307692 0.6295603798076923
0 0.0563069375 0.6085571586538461 0.046721742788461536 0.6085571586538461 0.046721742788461536 0.6418452860576923 0.0563069375 0.6418452860576923 0.0563069375 0.6085571586538461
0 0.05051123798076924 0.6430341466346154 0.042486423076923074 0.6430341466346154 0.042486423076923074 0.6656225192307693 0.05051123798076924 0.6656225192307693 0.05051123798076924 0.6430341466346154
0 0.03891983653846154 0.6434304350961538 0.02955755048076923 0.6434304350961538 0.02955755048076923 0.6842480192307693 0.03891983653846154 0.6842480192307693 0.03891983653846154 0.6434304350961538
0 0.18815587259615382 0.40834334615384615 0.1821640096153846 0.40834334615384615 0.1821640096153846 0.42711150961538463 0.18815587259615382 0.42711150961538463 0.18815587259615382 0.40834334615384615
0 0.2519264134615385 0.38678532211538463 0.24693319471153846 0.38678532211538463 0.24693319471153846 0.39769114663461536 0.2519264134615385 0.39769114663461536 0.2519264134615385 0.38678532211538463
0 0.25278239423076926 0.44232893990384614 0.24764651201923077 0.44232893990384614 0.24764651201923077 0.4626188461538462 0.25278239423076926 0.4626188461538462 0.25278239423076926 0.44232893990384614
0 0.2593449110576923 0.44258256250000005 0.25435168990384616 0.44258256250000005 0.25435168990384616 0.46211159615384617 0.2593449110576923 0.46211159615384617 0.2593449110576923 0.44258256250000005
0 0.3025719206730769 0.36446642548076924 0.29729337499999997 0.36446642548076924 0.29729337499999997 0.38602444951923076 0.3025719206730769 0.38602444951923076 0.3025719206730769 0.36446642548076924
0 0.2671913966346154 0.38399545913461536 0.2626261682692308 0.38399545913461536 0.2626261682692308 0.3961694038461539 0.2671913966346154 0.3961694038461539 0.2671913966346154 0.38399545913461536
0 0.3818927716346154 0.4354810961538461 0.3760435721153846 0.4354810961538461 0.3760435721153846 0.45729274519230767 0.3818927716346154 0.45729274519230767 0.3818927716346154 0.4354810961538461
0 0.3667704519230769 0.4489231586538462 0.3603505985576923 0.4489231586538462 0.3603505985576923 0.46160435096153846 0.3667704519230769 0.46160435096153846 0.3667704519230769 0.4489231586538462
0 0.3633465288461538 0.41164045673076927 0.35550004326923074 0.41164045673076927 0.35550004326923074 0.43319848076923073 0.3633465288461538 0.43319848076923073 0.3633465288461538 0.41164045673076927
0 0.37090768990384615 0.41468394230769234 0.3663424615384615 0.41468394230769234 0.3663424615384615 0.4324376105769231 0.37090768990384615 0.4324376105769231 0.37090768990384615 0.41468394230769234
0 0.4616416129807692 0.40606073317307695 0.45450844230769233 0.40606073317307695 0.45450844230769233 0.42558976682692307 0.4616416129807692 0.42558976682692307 0.4616416129807692 0.40606073317307695
0 0.43897012259615387 0.9399372572115384 0.4282703677884615 0.9399372572115384 0.4282703677884615 0.9609404807692308 0.43897012259615387 0.9609404807692308 0.43897012259615387 0.9399372572115384
0 0.4860044615384615 0.9593553317307693 0.4746359735576923 0.9593553317307693 0.4746359735576923 0.9934360336538461 0.4860044615384615 0.9934360336538461 0.4860044615384615 0.9593553317307693
0 0.4761963533653846 0.8971382379807692 0.4697319182692308 0.8971382379807692 0.4697319182692308 0.9165563100961538 0.4761963533653846 0.9165563100961538 0.4761963533653846 0.8971382379807692
0 0.4868961081730769 0.9153674495192308 0.48020876201923074 0.9153674495192308 0.48020876201923074 0.9387483966346154 0.4868961081730769 0.9387483966346154 0.4868961081730769 0.9153674495192308
0 0.4637133052884615 0.8769275889423077 0.45256772836538467 0.8769275889423077 0.45256772836538467 0.9078379927884614 0.4637133052884615 0.9078379927884614 0.4637133052884615 0.8769275889423077
0 0.4541281081730769 0.8127290576923076 0.4465491153846154 0.8127290576923076 0.4465491153846154 0.854339216346154 0.4541281081730769 0.854339216346154 0.4541281081730769 0.8127290576923076
0 0.642934204326923 0.9268597788461539 0.6337948293269231 0.9268597788461539 0.6337948293269231 0.9660922139423077 0.642934204326923 0.9660922139423077 0.642934204326923 0.9268597788461539
0 0.5702487067307692 0.684211639423077 0.5602176875 0.684211639423077 0.5602176875 0.7134378221153846 0.5702487067307692 0.7134378221153846 0.5702487067307692 0.684211639423077
0 0.6488250336538461 0.46526294711538463 0.6413017692307693 0.46526294711538463 0.6413017692307693 0.4925076947115385 0.6488250336538461 0.4925076947115385 0.6488250336538461 0.46526294711538463
0 0.6204038100961539 0.4068105817307692 0.6170601370192308 0.4068105817307692 0.6170601370192308 0.42315743028846153 0.6204038100961539 0.42315743028846153 0.6204038100961539 0.4068105817307692
0 0.5288785504807693 0.43177271394230765 0.5230293509615385 0.43177271394230765 0.5230293509615385 0.45130174999999995 0.5288785504807693 0.45130174999999995 0.5288785504807693 0.43177271394230765
0 0.8899345384615385 0.6190359350961538 0.8852551778846153 0.6190359350961538 0.8852551778846153 0.645007014423077 0.8899345384615385 0.645007014423077 0.8899345384615385 0.6190359350961538
0 0.8833149543269231 0.6038185048076923 0.87920625 0.6038185048076923 0.87920625 0.6297895841346153 0.8833149543269231 0.6297895841346153 0.8833149543269231 0.6038185048076923
0 0.8784073341346155 0.6178185408653847 0.872016014423077 0.6178185408653847 0.872016014423077 0.6466302067307693 0.8784073341346155 0.6466302067307693 0.8784073341346155 0.6178185408653847
0 0.6135551634615385 0.3504323653846154 0.6094464567307692 0.3504323653846154 0.6094464567307692 0.36504109615384617 0.6135551634615385 0.36504109615384617 0.6135551634615385 0.3504323653846154
0 0.3299369711538462 0.3910963389423077 0.32451576201923077 0.3910963389423077 0.32451576201923077 0.40783551201923074 0.3299369711538462 0.40783551201923074 0.3299369711538462 0.3910963389423077
0 0.3510511538461539 0.40479202403846154 0.3470565793269231 0.40479202403846154 0.3470565793269231 0.42000945432692305 0.3510511538461539 0.42000945432692305 0.3510511538461539 0.40479202403846154
1 0.35173772115384616 0.3751348798076923 0.33100694711538464 0.3751348798076923 0.33100694711538464 0.3993083990384615 0.35173772115384616 0.3993083990384615 0.35173772115384616 0.3751348798076923
1 0.22713015625 0.39336409134615385 0.20350153125 0.39336409134615385 0.20350153125 0.4151598894230769 0.22713015625 0.4151598894230769 0.22713015625 0.39336409134615385
0 0.5570176250000001 0.26569656009615383 0.5543296177884616 0.26569656009615383 0.5543296177884616 0.2748383798076923 0.5570176250000001 0.2748383798076923 0.5570176250000001 0.26569656009615383
0 0.5491289086538461 0.2635149903846154 0.5469083822115385 0.2635149903846154 0.5469083822115385 0.27515003365384616 0.5491289086538461 0.27515003365384616 0.5491289086538461 0.2635149903846154
0 0.5522843942307692 0.26528102403846154 0.549596389423077 0.26528102403846154 0.549596389423077 0.2768121826923077 0.5522843942307692 0.2768121826923077 0.5522843942307692 0.26528102403846154
0 0.5719624855769231 0.26108520192307694 0.5700450889423077 0.26108520192307694 0.5700450889423077 0.26822725000000003 0.5719624855769231 0.26822725000000003 0.5719624855769231 0.26108520192307694
0 0.5956103701923077 0.2506967692307692 0.5924147115384616 0.2506967692307692 0.5924147115384616 0.2591373701923077 0.5956103701923077 0.2591373701923077 0.5956103701923077 0.2506967692307692
0 0.6126026875 0.24341789423076923 0.6101922475961539 0.24341789423076923 0.6101922475961539 0.2521182043269231 0.6126026875 0.2521182043269231 0.6126026875 0.24341789423076923
0 0.6237053245192308 0.24030136298076923 0.6212948846153845 0.24030136298076923 0.6212948846153845 0.2496509519230769 0.6237053245192308 0.2496509519230769 0.6237053245192308 0.24030136298076923
0 0.6484671249999999 0.22965322115384618 0.6460566850961539 0.22965322115384618 0.6460566850961539 0.23796396634615385 0.6484671249999999 0.23796396634615385 0.6484671249999999 0.22965322115384618
0 0.6523776586538462 0.22581502884615384 0.6502155649038461 0.22581502884615384 0.6502155649038461 0.2357879230769231 0.6523776586538462 0.2357879230769231 0.6523776586538462 0.22581502884615384
0 0.6634802932692309 0.21885477884615384 0.6615519423076923 0.21885477884615384 0.6615519423076923 0.22747717788461538 0.6634802932692309 0.22747717788461538 0.6634802932692309 0.21885477884615384
0 0.6659345624999999 0.21791981971153845 0.6639477740384615 0.21791981971153845 0.6639477740384615 0.22591891346153847 0.6659345624999999 0.22591891346153847 0.6659345624999999 0.21791981971153845
0 0.6766281538461538 0.21895866346153847 0.6741738870192309 0.21895866346153847 0.6741738870192309 0.22965874759615384 0.6766281538461538 0.22965874759615384 0.6766281538461538 0.21895866346153847
1 0.6909447115384615 0.21937420192307694 0.6873217451923076 0.21937420192307694 0.6873217451923076 0.2270616418269231 0.6909447115384615 0.2270616418269231 0.6909447115384615 0.21937420192307694
0 0.5829254134615385 0.254532875 0.5806347644230769 0.254532875 0.5806347644230769 0.2612645793269231 0.5829254134615385 0.2612645793269231 0.5829254134615385 0.254532875
0 0.6264319110576924 0.23948895673076923 0.6246788629807691 0.23948895673076923 0.6246788629807691 0.24442346153846153 0.6264319110576924 0.24442346153846153 0.6264319110576924 0.23948895673076923
0 0.6385571586538461 0.23663213701923078 0.6367310673076924 0.23663213701923078 0.6367310673076924 0.24221592067307693 0.6385571586538461 0.24221592067307693 0.6385571586538461 0.23663213701923078
0 0.6355623701923078 0.23806054807692306 0.633371060096154 0.23806054807692306 0.633371060096154 0.2435144735576923 0.6355623701923078 0.2435144735576923 0.6355623701923078 0.23806054807692306
0 0.8313762355769231 0.36272557692307694 0.8255248076923076 0.36272557692307694 0.8255248076923076 0.38303529807692305 0.8313762355769231 0.38303529807692305 0.8313762355769231 0.36272557692307694
0 0.8876092451923078 0.35779893509615385 0.8831581466346154 0.35779893509615385 0.8831581466346154 0.3754511514423077 0.8876092451923078 0.3754511514423077 0.8876092451923078 0.35779893509615385
0 0.9730285120192307 0.2798914014423077 0.9706545913461538 0.2798914014423077 0.9706545913461538 0.29141606971153844 0.9730285120192307 0.29141606971153844 0.9730285120192307 0.2798914014423077
0 0.9747632980769231 0.3094335048076923 0.9720241610576923 0.3094335048076923 0.9720241610576923 0.3167378701923077 0.9747632980769231 0.3167378701923077 0.9747632980769231 0.3094335048076923
0 0.9710417235576922 0.3094140264423077 0.9692886754807692 0.3094140264423077 0.9692886754807692 0.31502377884615385 0.9710417235576922 0.31502377884615385 0.9710417235576922 0.3094140264423077
0 0.9692886754807692 0.30785576201923076 0.967243454326923 0.30785576201923076 0.967243454326923 0.31419270432692303 0.9692886754807692 0.31419270432692303 0.9692886754807692 0.30785576201923076
0 0.8721785745192308 0.2767421730769231 0.8682049999999999 0.2767421730769231 0.8682049999999999 0.29128597596153843 0.8721785745192308 0.29128597596153843 0.8721785745192308 0.2767421730769231
1 0.8586684182692307 0.2663537403846154 0.8496460649038462 0.2663537403846154 0.8496460649038462 0.27491380769230767 0.8586684182692307 0.27491380769230767 0.8586684182692307 0.2663537403846154
0 0.792399891826923 0.24826222596153846 0.7902508798076924 0.24826222596153846 0.7902508798076924 0.2585702716346154 0.792399891826923 0.2585702716346154 0.792399891826923 0.24826222596153846
0 0.7951976610576923 0.2491993221153846 0.7932919326923076 0.2491993221153846 0.7932919326923076 0.2587144399038462 0.7951976610576923 0.2587144399038462 0.7951976610576923 0.2491993221153846
0 0.7996173245192307 0.24725304807692308 0.797265576923077 0.24725304807692308 0.797265576923077 0.25799359615384615 0.7996173245192307 0.25799359615384615 0.7996173245192307 0.24725304807692308
0 0.8027394735576923 0.24732513221153846 0.801158125 0.24732513221153846 0.801158125 0.2577773461538462 0.8027394735576923 0.2577773461538462 0.8027394735576923 0.24732513221153846
0 0.8052939567307693 0.24718096394230768 0.8035098725961538 0.24718096394230768 0.8035098725961538 0.2582819350961538 0.8052939567307693 0.2582819350961538 0.8052939567307693 0.24718096394230768
0 0.8198504663461539 0.2368008341346154 0.8169310552884615 0.2368008341346154 0.8169310552884615 0.2506410072115385 0.8198504663461539 0.2506410072115385 0.8198504663461539 0.2368008341346154
0 0.6938609471153847 0.27821235096153846 0.6913064615384615 0.27821235096153846 0.6913064615384615 0.2890249855769231 0.6938609471153847 0.2890249855769231 0.6938609471153847 0.27821235096153846
0 0.6962532427884616 0.27821235096153846 0.6945502524038462 0.27821235096153846 0.6945502524038462 0.28844831249999997 0.6962532427884616 0.28844831249999997 0.6962532427884616 0.27821235096153846
0 0.698037326923077 0.27604982451923077 0.6957261250000001 0.27604982451923077 0.6957261250000001 0.28931332211538463 0.698037326923077 0.28931332211538463 0.698037326923077 0.27604982451923077
0 0.6074851971153846 0.26251270192307696 0.6047925961538462 0.26251270192307696 0.6047925961538462 0.27687323076923076 0.6074851971153846 0.27687323076923076 0.6074851971153846 0.26251270192307696
0 0.7190404639423077 0.21917728846153844 0.7179448100961537 0.21917728846153844 0.7179448100961537 0.22826716586538462 0.7190404639423077 0.22826716586538462 0.7190404639423077 0.21917728846153844
0 0.7546143942307691 0.22557012019230768 0.754895670673077 0.22557012019230768 0.754895670673077 0.21966616826923074 0.7528911177884615 0.21966616826923074 0.7528911177884615 0.22557012019230768 0.7542374591346154 0.22557012019230768 0.7546143942307691 0.22557012019230768
0 0.7530107932692308 0.2281763701923077 0.7517242884615385 0.2281763701923077 0.7517242884615385 0.2355164206730769 0.7530107932692308 0.2355164206730769 0.7530107932692308 0.2281763701923077
0 0.754895670673077 0.23487815625 0.754895670673077 0.2286018798076923 0.7538185985576923 0.2286018798076923 0.7538185985576923 0.23487815625 0.754422983173077 0.23487815625 0.754895670673077 0.23487815625
0 0.7724585504807693 0.2290616153846154 0.7703186009615385 0.2290616153846154 0.7703186009615385 0.2369239543269231 0.7724585504807693 0.2369239543269231 0.7724585504807693 0.2290616153846154
0 0.8475485048076923 0.20789467788461538 0.8442540288461539 0.20789467788461538 0.8442540288461539 0.2174458389423077 0.8475485048076923 0.2174458389423077 0.8475485048076923 0.20789467788461538
0 0.8602702427884614 0.18726056971153845 0.8571785072115384 0.18726056971153845 0.8571785072115384 0.1938382548076923 0.8602702427884614 0.1938382548076923 0.8602702427884614 0.18726056971153845
0 0.9778464086538462 0.20799755528846153 0.9758823942307693 0.20799755528846153 0.9758823942307693 0.21644492548076924 0.9778464086538462 0.21644492548076924 0.9778464086538462 0.20799755528846153
1 0.9851004495192307 0.031242403846153847 0.8263791514423077 0.031242403846153847 0.8263791514423077 0.08998436298076923 0.9851004495192307 0.08998436298076923 0.9851004495192307 0.031242403846153847
1 0.15991389423076924 0.3984692764423077 0.14039604567307692 0.3984692764423077 0.14039604567307692 0.41446793990384617 0.15991389423076924 0.41446793990384617 0.15991389423076924 0.3984692764423077
1 0.2493285504807692 0.37477131009615383 0.2463964326923077 0.37477131009615383 0.2463964326923077 0.38678532211538463 0.2493285504807692 0.38678532211538463 0.2493285504807692 0.37477131009615383
1 0.2417888173076923 0.37062246153846157 0.23849766346153847 0.37062246153846157 0.23849766346153847 0.3866859495192308 0.2417888173076923 0.3866859495192308 0.2417888173076923 0.37062246153846157
1 0.22509369471153845 0.3795584423076923 0.21940897355769232 0.3795584423076923 0.21940897355769232 0.399238875 0.22509369471153845 0.399238875 0.22509369471153845 0.3795584423076923
1 0.2926061658653846 0.3741373629807692 0.2841329423076923 0.3741373629807692 0.2841329423076923 0.3844350168269231 0.2926061658653846 0.3844350168269231 0.2926061658653846 0.3741373629807692
1 0.27321827884615385 0.37958405528846156 0.26890986057692307 0.37958405528846156 0.26890986057692307 0.3926901610576923 0.27321827884615385 0.3926901610576923 0.27321827884615385 0.37958405528846156
1 0.39109861778846156 0.40140251682692313 0.37305337019230767 0.40140251682692313 0.37305337019230767 0.4271665985576923 0.39109861778846156 0.4271665985576923 0.39109861778846156 0.40140251682692313
1 0.4277500985576923 0.37347757932692305 0.4184002307692308 0.37347757932692305 0.4184002307692308 0.38976712740384617 0.4277500985576923 0.38976712740384617 0.4277500985576923 0.37347757932692305
1 0.4097736682692308 0.38946527163461536 0.38827944471153847 0.38946527163461536 0.38827944471153847 0.4027415841346154 0.4097736682692308 0.4027415841346154 0.4097736682692308 0.38946527163461536
0 0.7636408197115384 0.22792792067307693 0.7619534014423077 0.22792792067307693 0.7619534014423077 0.2361093341346154 0.7636408197115384 0.2361093341346154 0.7636408197115384 0.22792792067307693
0 0.7569991466346154 0.22765049278846156 0.7554283149038461 0.22765049278846156 0.7554283149038461 0.23502293028846152 0.7569991466346154 0.23502293028846152 0.7569991466346154 0.22765049278846156
1 0.5725552788461539 0.2688473701923077 0.5785379375 0.2688473701923077 0.5785379375 0.2568479639423077 0.5725552788461539 0.2568479639423077 0.5725552788461539 0.2688473701923077
1 0.7225148389423077 0.22766758894230768 0.7275770889423078 0.22766758894230768 0.7275770889423078 0.2194861754807692 0.7225148389423077 0.2194861754807692 0.7225148389423077 0.22766758894230768
1 0.755770204326923 0.22557012019230768 0.7542374591346154 0.22557012019230768 0.7542374591346154 0.2316385673076923 0.755770204326923 0.2316385673076923 0.755770204326923 0.22557012019230768
1 1 0.15865565144230767 0.9729414591346154 0.15865565144230767 0.9729414591346154 0.18129089423076922 1 0.18129089423076922 1 0.15865565144230767
1 1 0.13274784134615383 0.9865941923076923 0.13274784134615383 0.9865941923076923 0.14638352884615385 1 0.14638352884615385 1 0.13274784134615383
1 0.2735284326923077 0.3613973966346154 0.26972407451923075 0.3613973966346154 0.26972407451923075 0.3747058293269231 0.2735284326923077 0.3747058293269231 0.2735284326923077 0.3613973966346154
1 0.4209641538461538 0.37549669951923076 0.3992425 0.37549669951923076 0.3992425 0.3990591706730769 0.4209641538461538 0.3990591706730769 0.4209641538461538 0.37549669951923076
1 0.3739619326923077 0.3833508557692307 0.3501540192307692 0.3833508557692307 0.3501540192307692 0.41171309134615386 0.3739619326923077 0.41171309134615386 0.3739619326923077 0.3833508557692307
1 0.3912410793269231 0.4317848245192308 0.4088147548076923 0.4317848245192308 0.4088147548076923 0.4027415841346154 0.3912410793269231 0.4027415841346154 0.3912410793269231 0.4317848245192308