0 0.7150756995192308 0.51710265625 0.7114533870192308 0.51710265625 0.7114533870192308 0.522551608173077 0.7150756995192308 0.522551608173077 0.7150756995192308 0.51710265625
0 0.5076819591346153 0.7800589687499999 0.5061215793269231 0.7800589687499999 0.5061215793269231 0.785210701923077 0.5076819591346153 0.785210701923077 0.5076819591346153 0.7800589687499999
1 0.14693877644230768 0.03560090625 0.014965985576923078 0.03560090625 0.014965985576923078 0.09486016586538462 0.14693877644230768 0.09486016586538462 0.14693877644230768 0.03560090625
0 0.4824952788461539 0.8170722307692307 0.47949915625000006 0.8170722307692307 0.47949915625000006 0.8270593052884615 0.4824952788461539 0.8270593052884615 0.4824952788461539 0.8170722307692307
0 0.48059859615384615 0.8078856442307691 0.47839943269230767 0.8078856442307691 0.47839943269230767 0.8129123028846154 0.48059859615384615 0.8129123028846154 0.48059859615384615 0.8078856442307691
0 0.46928861057692306 0.831455096153846 0.46702661298076925 0.831455096153846 0.46702661298076925 0.8364817572115384 0.46928861057692306 0.8364817572115384 0.46928861057692306 0.831455096153846
0 0.4731214375 0.8303380600961539 0.47073377403846156 0.8303380600961539 0.47073377403846156 0.835029610576923 0.4731214375 0.835029610576923 0.4731214375 0.8303380600961539
0 0.44968028605769234 0.8562655721153847 0.44673497836538456 0.8562655721153847 0.44673497836538456 0.8658650985576923 0.44968028605769234 0.8658650985576923 0.44968028605769234 0.8562655721153847
0 0.4542209711538462 0.8396845745192307 0.4518892692307693 0.8396845745192307 0.4518892692307693 0.846666048076923 0.4542209711538462 0.846666048076923 0.4542209711538462 0.8396845745192307
0 0.4069675889423077 0.8961198004807692 0.4023655456730769 0.8961198004807692 0.4023655456730769 0.9008922908653846 0.4069675889423077 0.9008922908653846 0.4069675889423077 0.8961198004807692
0 0.38510787500000004 0.8715755600961538 0.3824233485576923 0.8715755600961538 0.3824233485576923 0.8783934038461538 0.38510787500000004 0.8783934038461538 0.38510787500000004 0.8715755600961538
0 0.3868336418269231 0.8674848533653846 0.3843408677884615 0.8674848533653846 0.3843408677884615 0.8729391298076923 0.3868336418269231 0.8729391298076923 0.3868336418269231 0.8674848533653846
0 0.3808893341346154 0.8865748197115385 0.3778213028846154 0.8865748197115385 0.3778213028846154 0.8899837403846154 0.3808893341346154 0.8899837403846154 0.3808893341346154 0.8865748197115385
0 0.3780130552884616 0.9302090240384615 0.3747532740384615 0.9302090240384615 0.3747532740384615 0.9353224086538462 0.3780130552884616 0.9353224086538462 0.3780130552884616 0.9302090240384615
0 0.37628728846153847 0.9404357908653846 0.37168524278846155 0.9404357908653846 0.37168524278846155 0.9472536370192307 0.37628728846153847 0.9472536370192307 0.37628728846153847 0.9404357908653846
0 0.4161716802884615 0.9138461971153846 0.4131036490384616 0.9138461971153846 0.4131036490384616 0.9189595817307693 0.4161716802884615 0.9189595817307693 0.4161716802884615 0.9138461971153846
0 0.42326650000000005 0.901574076923077 0.42000671874999995 0.901574076923077 0.42000671874999995 0.9083919206730768 0.42326650000000005 0.9083919206730768 0.42326650000000005 0.901574076923077
0 0.42767679326923075 0.8633941466346153 0.42518401923076926 0.8633941466346153 0.42518401923076926 0.8681666370192308 0.42767679326923075 0.8681666370192308 0.42767679326923075 0.8633941466346153
0 0.42518401923076926 0.8586216538461537 0.42192423557692305 0.8586216538461537 0.42192423557692305 0.8633941466346153 0.42518401923076926 0.8633941466346153 0.42518401923076926 0.8586216538461537
0 0.4104191225961538 0.8627123605769231 0.4083098533653846 0.8627123605769231 0.4083098533653846 0.8688484206730769 0.4104191225961538 0.8688484206730769 0.4104191225961538 0.8627123605769231
0 0.4165551826923077 0.8729391298076923 0.4138706586538462 0.8729391298076923 0.4138706586538462 0.8780525120192307 0.4165551826923077 0.8780525120192307 0.4165551826923077 0.8729391298076923
0 0.43216378846153847 0.9056102403846154 0.43001616586538466 0.9056102403846154 0.43001616586538466 0.9102463749999999 0.43216378846153847 0.9102463749999999 0.43216378846153847 0.9056102403846154
0 0.43001616586538466 0.9017922475961538 0.4278685456730769 0.9017922475961538 0.4278685456730769 0.9056102403846154 0.43001616586538466 0.9056102403846154 0.43001616586538466 0.9017922475961538
0 0.43231718750000003 0.8677030240384614 0.4297093629807692 0.8677030240384614 0.4297093629807692 0.8739754399038462 0.43231718750000003 0.8739754399038462 0.43231718750000003 0.8677030240384614
0 0.3885977596153846 0.9099736610576923 0.3855297283653846 0.9099736610576923 0.3855297283653846 0.91706421875 0.3885977596153846 0.91706421875 0.3885977596153846 0.9099736610576923
0 0.3849161225961539 0.9236093509615385 0.3829219038461539 0.9236093509615385 0.3829219038461539 0.9268819158653846 0.3849161225961539 0.9268819158653846 0.3849161225961539 0.9236093509615385
0 0.38246169951923076 0.9266092019230769 0.3797004711538462 0.9266092019230769 0.3797004711538462 0.9315180504807692 0.38246169951923076 0.9315180504807692 0.38246169951923076 0.9266092019230769
0 0.3806208798076923 0.9203367860576923 0.3786266610576923 0.9203367860576923 0.3786266610576923 0.9247002067307692 0.3806208798076923 0.9247002067307692 0.3806208798076923 0.9203367860576923
0 0.3747532740384615 0.9257910600961539 0.3732576081730769 0.9257910600961539 0.3732576081730769 0.9302090240384615 0.3747532740384615 0.9302090240384615 0.3747532740384615 0.9257910600961539
0 0.36497392788461536 0.9080646658653847 0.3608320865384615 0.9080646658653847 0.3608320865384615 0.9148825096153845 0.36497392788461536 0.9148825096153845 0.36497392788461536 0.9080646658653847
0 0.3605252836538462 0.9105190889423077 0.3557698365384615 0.9105190889423077 0.3557698365384615 0.9192459302884616 0.3605252836538462 0.9192459302884616 0.3605252836538462 0.9105190889423077
0 0.541192326923077 0.7410875 0.543035485576923 0.7410875 0.543035485576923 0.7366457163461538 0.541192326923077 0.7366457163461538 0.541192326923077 0.7410875
0 0.5859049447115384 0.6822879639423077 0.5877336177884616 0.6822879639423077 0.5877336177884616 0.679603673076923 0.5859049447115384 0.679603673076923 0.5859049447115384 0.6822879639423077
0 0.7160488245192307 0.5173310552884616 0.7200218557692307 0.5173310552884616 0.7200218557692307 0.5141999639423077 0.7160488245192307 0.5141999639423077 0.7160488245192307 0.5173310552884616
0 0.3852177932692307 0.9012416586538462 0.38741934375000003 0.9012416586538462 0.38741934375000003 0.8966906538461538 0.3852177932692307 0.8966906538461538 0.3852177932692307 0.9012416586538462
0 0.4516149951923077 0.9123188100961539 0.44796963701923076 0.9123188100961539 0.44796963701923076 0.9184353629807693 0.4516149951923077 0.9184353629807693 0.4516149951923077 0.9123188100961539
0 0.43453506490384614 0.9273189278846155 0.43191368509615385 0.9273189278846155 0.43191368509615385 0.9344549086538462 0.43453506490384614 0.9344549086538462 0.43453506490384614 0.9273189278846155
0 0.43637822355769235 0.9394064038461539 0.43895864423076925 0.9394064038461539 0.43895864423076925 0.9341636442307693 0.43637822355769235 0.9341636442307693 0.43637822355769235 0.9394064038461539
0 0.43613246875 0.9313966322115385 0.4394091947115385 0.9313966322115385 0.4394091947115385 0.9267363990384615 0.43613246875 0.9267363990384615 0.43613246875 0.9313966322115385
0 0.4367468557692308 0.9138479471153846 0.43412547596153844 0.9138479471153846 0.43412547596153844 0.9183625480769231 0.4367468557692308 0.9183625480769231 0.4367468557692308 0.9138479471153846
1 0.40268251442307695 0.9846451201923077 0.4053448533653846 0.9846451201923077 0.4053448533653846 0.9787288100961539 0.40268251442307695 0.9787288100961539 0.40268251442307695 0.9846451201923077
0 0.3576787451923077 0.9776365697115386 0.3634130144230769 0.9776365697115386 0.3634130144230769 0.9707190384615385 0.3576787451923077 0.9707190384615385 0.3576787451923077 0.9776365697115386
0 0.4018121346153846 0.9416836129807693 0.3993545913461538 0.9416836129807693 0.3993545913461538 0.9484191033653846 0.4018121346153846 0.9484191033653846 0.4018121346153846 0.9416836129807693
0 0.33545845432692306 0.9601607019230769 0.3312089495192308 0.9601607019230769 0.3312089495192308 0.968079454326923 0.33545845432692306 0.968079454326923 0.33545845432692306 0.9601607019230769
0 0.31248761538461534 0.9023490432692308 0.3163915264423077 0.9023490432692308 0.3163915264423077 0.8943847812500001 0.31248761538461534 0.8943847812500001 0.31248761538461534 0.9023490432692308
0 0.2834962788461538 0.9379606730769231 0.2881681730769231 0.9379606730769231 0.2881681730769231 0.9302239591346153 0.2834962788461538 0.9302239591346153 0.2834962788461538 0.9379606730769231
0 0.28932014663461536 0.9375055721153847 0.29264806971153845 0.9375055721153847 0.29264806971153845 0.9312479375 0.28932014663461536 0.9312479375 0.28932014663461536 0.9375055721153847
0 0.2932880552884615 0.9413739278846154 0.29578399759615387 0.9413739278846154 0.29578399759615387 0.9322719134615384 0.2932880552884615 0.9322719134615384 0.2932880552884615 0.9413739278846154
0 0.10487667067307692 0.9913284399038461 0.11047654326923076 0.9913284399038461 0.11047654326923076 0.9753288076923077 0.10487667067307692 0.9753288076923077 0.10487667067307692 0.9913284399038461
0 0.1316760576923077 0.9591513990384615 0.12667617307692308 0.9591513990384615 0.12667617307692308 0.9676845384615385 0.1316760576923077 0.9676845384615385 0.1316760576923077 0.9591513990384615
0 0.23139717307692306 0.968507295673077 0.23747703365384615 0.968507295673077 0.23747703365384615 0.9575564350961538 0.23139717307692306 0.9575564350961538 0.23139717307692306 0.968507295673077
0 0.20827770192307693 0.9612541298076922 0.21531754086538463 0.9612541298076922 0.21531754086538463 0.9505877067307692 0.20827770192307693 0.9505877067307692 0.20827770192307693 0.9612541298076922