0 0.005587317307692307 0.7823529831730769 0.0018788197115384615 0.7823529831730769 0.0018788197115384615 0.7949628461538462 0.005587317307692307 0.7949628461538462 0.005587317307692307 0.7823529831730769
0 0.03548612259615384 0.7586781826923077 0.03249676682692308 0.7586781826923077 0.03249676682692308 0.7699023221153846 0.03548612259615384 0.7699023221153846 0.03548612259615384 0.7586781826923077
0 0.05119544711538461 0.7751530408653846 0.04736236057692308 0.7751530408653846 0.04736236057692308 0.7877908221153846 0.05119544711538461 0.7877908221153846 0.05119544711538461 0.7751530408653846
0 0.1368646466346154 0.6995993725961539 0.13511001201923076 0.6995993725961539 0.13511001201923076 0.7059340288461539 0.1368646466346154 0.7059340288461539 0.1368646466346154 0.6995993725961539
0 0.13341582692307694 0.7213790889423077 0.13135728846153846 0.7213790889423077 0.13135728846153846 0.7284278581730769 0.13341582692307694 0.7284278581730769 0.13341582692307694 0.7213790889423077
0 0.11628890865384614 0.7511740216346153 0.11372115625 0.7511740216346153 0.11372115625 0.7614740432692308 0.11628890865384614 0.7614740432692308 0.11628890865384614 0.7511740216346153
0 0.10677687259615384 0.7665574254807692 0.10326914903846154 0.7665574254807692 0.10326914903846154 0.7785355745192307 0.10677687259615384 0.7785355745192307 0.10677687259615384 0.7665574254807692
0 0.03924232692307693 0.7817529759615385 0.03518332932692308 0.7817529759615385 0.03518332932692308 0.7888075072115384 0.03924232692307693 0.7888075072115384 0.03924232692307693 0.7817529759615385
0 0.13492964182692307 0.7216094399038462 0.1327146923076923 0.7216094399038462 0.1327146923076923 0.728607233173077 0.13492964182692307 0.728607233173077 0.13492964182692307 0.7216094399038462
0 0.23941752163461538 0.7297669591346154 0.23639008173076922 0.7297669591346154 0.23639008173076922 0.7401366057692308 0.23941752163461538 0.7401366057692308 0.23941752163461538 0.7297669591346154
0 0.03382615625 0.7179283990384615 0.030949379807692308 0.7179283990384615 0.030949379807692308 0.7249348966346154 0.03382615625 0.7249348966346154 0.03382615625 0.7179283990384615
0 0.14377976923076924 0.7493715649038462 0.14108017307692308 0.7493715649038462 0.14108017307692308 0.7598871298076924 0.14377976923076924 0.7598871298076924 0.14377976923076924 0.7493715649038462
0 0.032523266826923074 0.7583642451923077 0.029426213942307693 0.7583642451923077 0.029426213942307693 0.7687036009615384 0.032523266826923074 0.7687036009615384 0.032523266826923074 0.7583642451923077
0 0.09255752644230769 0.7375123197115384 0.08972803846153846 0.7375123197115384 0.08972803846153846 0.748201610576923 0.09255752644230769 0.748201610576923 0.09255752644230769 0.7375123197115384
0 0.15588973317307692 0.7230808966346154 0.15404555048076923 0.7230808966346154 0.15404555048076923 0.7308622019230769 0.15588973317307692 0.7308622019230769 0.15588973317307692 0.7230808966346154
1 0.3280791610576923 0.7107310552884616 0.3280791610576923 0.7022624254807692 0.32407131250000004 0.7022624254807692 0.32407131250000004 0.7107310552884616 0.3276869423076923 0.7107310552884616 0.3280791610576923 0.7107310552884616
0 0.007517182692307693 0.7582045384615385 0.0044728533653846155 0.7582045384615385 0.0044728533653846155 0.7703490649038461 0.007517182692307693 0.7703490649038461 0.007517182692307693 0.7582045384615385
0 0.011089257211538462 0.7822481514423077 0.0079996875 0.7822481514423077 0.0079996875 0.7948637788461539 0.011089257211538462 0.7948637788461539 0.011089257211538462 0.7822481514423077
0 0.25292727163461537 0.7293829471153846 0.2506503413461539 0.7293829471153846 0.2506503413461539 0.7386185817307692 0.25292727163461537 0.7386185817307692 0.25292727163461537 0.7293829471153846
0 0.11314922115384615 0.7403035480769231 0.11075263701923076 0.7403035480769231 0.11075263701923076 0.7506114807692307 0.11314922115384615 0.7506114807692307 0.11314922115384615 0.7403035480769231
0 0.27714344711538463 0.7021106850961538 0.2742988918269231 0.7021106850961538 0.2742988918269231 0.7106855600961539 0.27714344711538463 0.7106855600961539 0.27714344711538463 0.7021106850961538
0 0.19443039903846152 0.7317113245192307 0.19209087740384617 0.7317113245192307 0.19209087740384617 0.7415984543269231 0.19443039903846152 0.7415984543269231 0.19443039903846152 0.7317113245192307
0 0.28946167548076923 0.7083357067307693 0.28738889663461537 0.7083357067307693 0.28738889663461537 0.7153684254807692 0.28946167548076923 0.7153684254807692 0.28946167548076923 0.7083357067307693
0 0.24672026682692308 0.7006934278846154 0.24448749278846152 0.7006934278846154 0.24448749278846152 0.709578451923077 0.24672026682692308 0.709578451923077 0.24672026682692308 0.7006934278846154
0 0.06968234375 0.6918829471153847 0.06711600721153846 0.6918829471153847 0.06711600721153846 0.7014953052884615 0.06968234375 0.7014953052884615 0.06968234375 0.6918829471153847
0 0.09598844951923077 0.7770864975961539 0.09288312500000001 0.7770864975961539 0.09288312500000001 0.7902890817307693 0.09598844951923077 0.7902890817307693 0.09598844951923077 0.7770864975961539
0 0.04600818990384615 0.7290225 0.043250870192307694 0.7290225 0.043250870192307694 0.7396686129807691 0.04600818990384615 0.7396686129807691 0.04600818990384615 0.7290225
0 0.024403822115384614 0.7631587836538463 0.020650759615384616 0.7631587836538463 0.020650759615384616 0.773459935096154 0.024403822115384614 0.773459935096154 0.024403822115384614 0.7631587836538463
0 0.3103990552884615 0.7091283173076923 0.3076237355769231 0.7091283173076923 0.3076237355769231 0.7174266105769231 0.3103990552884615 0.7174266105769231 0.3103990552884615 0.7091283173076923
0 0.20336039903846154 0.7443565072115385 0.20112263461538463 0.7443565072115385 0.20112263461538463 0.7530699567307693 0.20336039903846154 0.7530699567307693 0.20336039903846154 0.7443565072115385
0 0.2291428557692308 0.7283525264423076 0.22688302884615386 0.7283525264423076 0.22688302884615386 0.7375960745192308 0.2291428557692308 0.7375960745192308 0.2291428557692308 0.7283525264423076
0 0.1843847283653846 0.7472188317307692 0.18212153125 0.7472188317307692 0.18212153125 0.7588409423076924 0.1843847283653846 0.7588409423076924 0.1843847283653846 0.7472188317307692
0 0.13011657451923078 0.6990111177884616 0.12777846634615384 0.6990111177884616 0.12777846634615384 0.7058108870192308 0.13011657451923078 0.7058108870192308 0.13011657451923078 0.6990111177884616
0 0.003354959134615385 0.7463846850961539 0.0005787524038461539 0.7463846850961539 0.0005787524038461539 0.7574430120192308 0.003354959134615385 0.7574430120192308 0.003354959134615385 0.7463846850961539
0 0.06678075721153846 0.6938452259615384 0.06339471634615385 0.6938452259615384 0.06339471634615385 0.7054390817307692 0.06678075721153846 0.7054390817307692 0.06678075721153846 0.6938452259615384
0 0.21475351682692306 0.7314514711538462 0.21208672596153846 0.7314514711538462 0.21208672596153846 0.7408727019230769 0.21475351682692306 0.7408727019230769 0.21475351682692306 0.7314514711538462
0 0.011030139423076922 0.6775254423076924 0.007662108173076923 0.6775254423076924 0.007662108173076923 0.6849169134615385 0.011030139423076922 0.6849169134615385 0.011030139423076922 0.6775254423076924
0 0.1303613028846154 0.7289503317307692 0.12789238221153848 0.7289503317307692 0.12789238221153848 0.7382438389423077 0.1303613028846154 0.7382438389423077 0.1303613028846154 0.7289503317307692
0 0.25280229326923076 0.7020108822115384 0.2509118870192308 0.7020108822115384 0.2509118870192308 0.7077379014423077 0.25280229326923076 0.7077379014423077 0.25280229326923076 0.7020108822115384
0 0.09220113701923077 0.7664203798076923 0.08972902403846154 0.7664203798076923 0.08972902403846154 0.7777011442307693 0.09220113701923077 0.7777011442307693 0.09220113701923077 0.7664203798076923
0 0.16998995192307692 0.7245628076923077 0.16690818509615385 0.7245628076923077 0.16690818509615385 0.73173296875 0.16998995192307692 0.73173296875 0.16998995192307692 0.7245628076923077
0 0.2506666033653846 0.7280615360576923 0.24848806009615385 0.7280615360576923 0.24848806009615385 0.7384505096153846 0.2506666033653846 0.7384505096153846 0.2506666033653846 0.7280615360576923
0 0.20790568990384614 0.7238168221153847 0.20510977163461538 0.7238168221153847 0.20510977163461538 0.7309205240384615 0.20790568990384614 0.7309205240384615 0.20790568990384614 0.7238168221153847
0 0.2153096201923077 0.6967653629807693 0.21248315144230767 0.6967653629807693 0.21248315144230767 0.70483884375 0.2153096201923077 0.70483884375 0.2153096201923077 0.6967653629807693
0 0.18283211298076923 0.6956093125 0.18006820673076923 0.6956093125 0.18006820673076923 0.7077237740384615 0.18283211298076923 0.7077237740384615 0.18283211298076923 0.6956093125
0 0.09902281009615385 0.6940320048076922 0.09711819471153847 0.6940320048076922 0.09711819471153847 0.699665889423077 0.09902281009615385 0.699665889423077 0.09902281009615385 0.6940320048076922
0 0.14835197115384616 0.6952247908653846 0.14588926682692308 0.6952247908653846 0.14588926682692308 0.70530678125 0.14835197115384616 0.70530678125 0.14835197115384616 0.6952247908653846
0 0.22139806730769232 0.7147923798076923 0.21920286778846154 0.7147923798076923 0.21920286778846154 0.72153925 0.22139806730769232 0.72153925 0.22139806730769232 0.7147923798076923
0 0.1764905144230769 0.7511307884615385 0.17387970432692307 0.7511307884615385 0.17387970432692307 0.7618118293269232 0.1764905144230769 0.7618118293269232 0.1764905144230769 0.7511307884615385
0 0.0573788798076923 0.7656274302884616 0.05471352644230769 0.7656274302884616 0.05471352644230769 0.7767560600961538 0.0573788798076923 0.7767560600961538 0.0573788798076923 0.7656274302884616
0 0.060177771634615386 0.7652377091346154 0.057665069711538466 0.7652377091346154 0.057665069711538466 0.7760832043269231 0.060177771634615386 0.7760832043269231 0.060177771634615386 0.7652377091346154
0 0.073731 0.7204642403846153 0.07025153605769231 0.7204642403846153 0.07025153605769231 0.7294946177884616 0.073731 0.7294946177884616 0.073731 0.7204642403846153
0 0.16523469230769233 0.7460233341346154 0.16218318990384617 0.7460233341346154 0.16218318990384617 0.7564299399038461 0.16523469230769233 0.7564299399038461 0.16523469230769233 0.7460233341346154
0 0.07161693509615384 0.6925703822115385 0.06926929086538461 0.6925703822115385 0.06926929086538461 0.7043910841346155 0.07161693509615384 0.7043910841346155 0.07161693509615384 0.6925703822115385
0 0.04585412019230769 0.7802514543269231 0.04295731009615385 0.7802514543269231 0.04295731009615385 0.7946019495192308 0.04585412019230769 0.7946019495192308 0.04585412019230769 0.7802514543269231
0 0.15021406730769232 0.7502644278846154 0.1472990360576923 0.7502644278846154 0.1472990360576923 0.7602598389423078 0.15021406730769232 0.7602598389423078 0.15021406730769232 0.7502644278846154
0 0.11209656490384615 0.7639856971153847 0.10972750961538462 0.7639856971153847 0.10972750961538462 0.7787258004807692 0.11209656490384615 0.7787258004807692 0.11209656490384615 0.7639856971153847
0 0.1414940673076923 0.7125873149038462 0.13900186298076925 0.7125873149038462 0.13900186298076925 0.721719641826923 0.1414940673076923 0.721719641826923 0.1414940673076923 0.7125873149038462
0 0.10766673076923078 0.6932248149038462 0.10532240865384615 0.6932248149038462 0.10532240865384615 0.6995504302884614 0.10766673076923078 0.6995504302884614 0.10766673076923078 0.6932248149038462
0 0.25705976442307693 0.7002596826923077 0.25500329326923077 0.7002596826923077 0.25500329326923077 0.7086465913461539 0.25705976442307693 0.7086465913461539 0.25705976442307693 0.7002596826923077
0 0.23548334375000002 0.7030415288461539 0.23337667788461539 0.7030415288461539 0.23337667788461539 0.7103750168269231 0.23548334375000002 0.7103750168269231 0.23548334375000002 0.7030415288461539
0 0.2602429855769231 0.7300147163461539 0.2579532788461539 0.7300147163461539 0.2579532788461539 0.7391783533653846 0.2602429855769231 0.7391783533653846 0.2602429855769231 0.7300147163461539
0 0.07475969711538462 0.7509123629807692 0.07209802403846154 0.7509123629807692 0.07209802403846154 0.7613859951923078 0.07475969711538462 0.7613859951923078 0.07475969711538462 0.7509123629807692
0 0.3356948221153846 0.7032339038461538 0.33323853846153845 0.7032339038461538 0.33323853846153845 0.7108542548076924 0.3356948221153846 0.7108542548076924 0.3356948221153846 0.7032339038461538
0 0.1514212451923077 0.7499693125 0.14877889903846153 0.7499693125 0.14877889903846153 0.7596441754807692 0.1514212451923077 0.7596441754807692 0.1514212451923077 0.7499693125
0 0.18864213701923077 0.6936679423076922 0.18643568269230767 0.6936679423076922 0.18643568269230767 0.7008691850961538 0.18864213701923077 0.7008691850961538 0.18864213701923077 0.6936679423076922
0 0.061172620192307695 0.6787555841346153 0.058050552884615386 0.6787555841346153 0.058050552884615386 0.68745071875 0.061172620192307695 0.68745071875 0.061172620192307695 0.6787555841346153
0 0.2592872764423077 0.7169673221153846 0.2567515841346154 0.7169673221153846 0.2567515841346154 0.725997358173077 0.2592872764423077 0.725997358173077 0.2592872764423077 0.7169673221153846
0 0.33845310096153847 0.7019978269230769 0.3360202788461538 0.7019978269230769 0.3360202788461538 0.708824610576923 0.33845310096153847 0.708824610576923 0.33845310096153847 0.7019978269230769
0 0.16141913701923077 0.6958342379807692 0.15913457932692307 0.6958342379807692 0.15913457932692307 0.7039307764423076 0.16141913701923077 0.7039307764423076 0.16141913701923077 0.6958342379807692
0 0.15000023798076922 0.7374770552884615 0.14784061057692308 0.7374770552884615 0.14784061057692308 0.7444693100961538 0.15000023798076922 0.7444693100961538 0.15000023798076922 0.7374770552884615
0 0.1577912019230769 0.6923382788461538 0.1552349735576923 0.6923382788461538 0.1552349735576923 0.7021868677884615 0.1577912019230769 0.7021868677884615 0.1577912019230769 0.6923382788461538
0 0.00383259375 0.7155578605769232 0.0013543221153846153 0.7155578605769232 0.0013543221153846153 0.7244583701923077 0.00383259375 0.7244583701923077 0.00383259375 0.7155578605769232
0 0.25181344471153844 0.7286915528846154 0.24952735817307692 0.7286915528846154 0.24952735817307692 0.7381812764423077 0.25181344471153844 0.7381812764423077 0.25181344471153844 0.7286915528846154
0 0.20001397115384614 0.6956553149038461 0.19778790384615386 0.6956553149038461 0.19778790384615386 0.7028219711538461 0.20001397115384614 0.7028219711538461 0.20001397115384614 0.6956553149038461
0 0.17409144951923078 0.6928523870192307 0.17142249759615383 0.6928523870192307 0.17142249759615383 0.7023660721153846 0.17409144951923078 0.7023660721153846 0.17409144951923078 0.6928523870192307
0 0.06485106490384615 0.7711785216346154 0.06184543269230769 0.7711785216346154 0.06184543269230769 0.7829523149038462 0.06485106490384615 0.7829523149038462 0.06485106490384615 0.7711785216346154
0 0.16011598798076923 0.7367080697115385 0.15794752403846155 0.7367080697115385 0.15794752403846155 0.7453766442307692 0.16011598798076923 0.7453766442307692 0.16011598798076923 0.7367080697115385
0 0.12522678365384615 0.7213724206730769 0.12275004326923077 0.7213724206730769 0.12275004326923077 0.7318561129807691 0.12522678365384615 0.7318561129807691 0.12522678365384615 0.7213724206730769
0 0.26501843028846156 0.7012949639423076 0.26294285576923077 0.7012949639423076 0.26294285576923077 0.7070253725961538 0.26501843028846156 0.7070253725961538 0.26501843028846156 0.7012949639423076
0 0.045938810096153845 0.6989765865384616 0.04338897836538461 0.6989765865384616 0.04338897836538461 0.7075936201923076 0.045938810096153845 0.7075936201923076 0.045938810096153845 0.6989765865384616
0 0.16884121875000002 0.7411987307692307 0.16628629326923078 0.7411987307692307 0.16628629326923078 0.7503888173076922 0.16884121875000002 0.7503888173076922 0.16884121875000002 0.7411987307692307
0 0.08453084615384615 0.6915568605769231 0.08174211298076924 0.6915568605769231 0.08174211298076924 0.70086178125 0.08453084615384615 0.70086178125 0.08453084615384615 0.6915568605769231
0 0.13240479567307692 0.7062065408653846 0.12972122115384616 0.7062065408653846 0.12972122115384616 0.7140944302884615 0.13240479567307692 0.7140944302884615 0.13240479567307692 0.7062065408653846
0 0.3028200480769231 0.7055918942307693 0.3009671201923077 0.7055918942307693 0.3009671201923077 0.71344971875 0.3028200480769231 0.71344971875 0.3028200480769231 0.7055918942307693
0 0.10021549759615385 0.7395982524038461 0.09793335576923078 0.7395982524038461 0.09793335576923078 0.7489540384615385 0.10021549759615385 0.7489540384615385 0.10021549759615385 0.7395982524038461
0 0.1916067596153846 0.7339410288461538 0.18918541346153847 0.7339410288461538 0.18918541346153847 0.7430757307692308 0.1916067596153846 0.7430757307692308 0.1916067596153846 0.7339410288461538
0 0.0890995889423077 0.7652368052884615 0.08633558653846155 0.7652368052884615 0.08633558653846155 0.7747572716346153 0.0890995889423077 0.7747572716346153 0.0890995889423077 0.7652368052884615
0 0.1453604375 0.6937303341346154 0.14306170192307693 0.6937303341346154 0.14306170192307693 0.7059961394230769 0.1453604375 0.7059961394230769 0.1453604375 0.6937303341346154
0 0.19550269471153847 0.7046191730769231 0.1934077259615385 0.7046191730769231 0.1934077259615385 0.7119969687500001 0.19550269471153847 0.7119969687500001 0.19550269471153847 0.7046191730769231
0 0.08816016586538462 0.763937548076923 0.08553678125 0.763937548076923 0.08553678125 0.7736221322115384 0.08816016586538462 0.7736221322115384 0.08816016586538462 0.763937548076923
0 0.06545680769230769 0.6932934807692307 0.06232525 0.6932934807692307 0.06232525 0.7051232235576923 0.06545680769230769 0.7051232235576923 0.06545680769230769 0.6932934807692307
0 0.24806076682692307 0.7290652235576923 0.24563007451923077 0.7290652235576923 0.24563007451923077 0.7381022692307693 0.24806076682692307 0.7381022692307693 0.24806076682692307 0.7290652235576923
0 0.0038849759615384614 0.6785983605769231 0.0011523245192307692 0.6785983605769231 0.0011523245192307692 0.6850658269230769 0.0038849759615384614 0.6850658269230769 0.0038849759615384614 0.6785983605769231
0 0.11008091826923076 0.741702608173077 0.10802063221153846 0.741702608173077 0.10802063221153846 0.7514620168269232 0.11008091826923076 0.7514620168269232 0.11008091826923076 0.741702608173077
0 0.04954673317307692 0.7766660336538462 0.046631781250000004 0.7766660336538462 0.046631781250000004 0.7880813028846153 0.04954673317307692 0.7880813028846153 0.04954673317307692 0.7766660336538462
0 0.31425717548076926 0.7143221826923077 0.31098105048076924 0.7143221826923077 0.31098105048076924 0.7228164687499999 0.31425717548076926 0.7228164687499999 0.31425717548076926 0.7143221826923077
0 0.3225324639423077 0.7175791418269231 0.3201924014423077 0.7175791418269231 0.3201924014423077 0.7264673317307693 0.3225324639423077 0.7264673317307693 0.3225324639423077 0.7175791418269231
0 0.07740399038461539 0.7565170841346155 0.07450688701923078 0.7565170841346155 0.07450688701923078 0.7669531923076923 0.07740399038461539 0.7669531923076923 0.07740399038461539 0.7565170841346155
0 0.02176106971153846 0.8738615817307692 0.01853438701923077 0.8738615817307692 0.01853438701923077 0.8870409927884615 0.02176106971153846 0.8870409927884615 0.02176106971153846 0.8738615817307692
0 0.20404640865384616 0.7293726033653846 0.20171709134615384 0.7293726033653846 0.20171709134615384 0.7382862235576924 0.20404640865384616 0.7382862235576924 0.20404640865384616 0.7293726033653846
0 0.15099096394230768 0.6952466057692307 0.14829565625 0.6952466057692307 0.14829565625 0.7053292740384615 0.15099096394230768 0.7053292740384615 0.15099096394230768 0.6952466057692307
0 0.07947993990384615 0.7201464615384615 0.07748531490384615 0.7201464615384615 0.07748531490384615 0.7293036562499999 0.07947993990384615 0.7293036562499999 0.07947993990384615 0.7201464615384615
0 0.03918391346153846 0.7978543870192307 0.036192079326923074 0.7978543870192307 0.036192079326923074 0.8124483461538462 0.03918391346153846 0.8124483461538462 0.03918391346153846 0.7978543870192307
0 0.1689563269230769 0.6978426322115384 0.16680232692307692 0.6978426322115384 0.16680232692307692 0.7072907620192308 0.1689563269230769 0.7072907620192308 0.1689563269230769 0.6978426322115384
0 0.06738240625 0.693348016826923 0.06442625961538462 0.693348016826923 0.06442625961538462 0.700232329326923 0.06738240625 0.700232329326923 0.06738240625 0.693348016826923
0 0.03803451923076923 0.6995143197115384 0.03530696153846154 0.6995143197115384 0.03530696153846154 0.7127601899038462 0.03803451923076923 0.7127601899038462 0.03803451923076923 0.6995143197115384
0 0.04852742067307692 0.7291722043269231 0.04602560576923077 0.7291722043269231 0.04602560576923077 0.7386308461538462 0.04852742067307692 0.7386308461538462 0.04852742067307692 0.7291722043269231
0 0.18438787499999998 0.6961447259615384 0.18221378365384616 0.6961447259615384 0.18221378365384616 0.7074543149038461 0.18438787499999998 0.7074543149038461 0.18438787499999998 0.6961447259615384
0 0.13133552884615385 0.7045045072115385 0.12882509134615383 0.7045045072115385 0.12882509134615383 0.7111867259615384 0.13133552884615385 0.7111867259615384 0.13133552884615385 0.7045045072115385
0 0.08820695913461538 0.6902972740384615 0.08584527884615384 0.6902972740384615 0.08584527884615384 0.6981638028846154 0.08820695913461538 0.6981638028846154 0.08820695913461538 0.6902972740384615
0 0.30034612019230766 0.7012797596153846 0.29848175 0.7012797596153846 0.29848175 0.7067689687500001 0.30034612019230766 0.7067689687500001 0.30034612019230766 0.7012797596153846
0 0.17466357451923079 0.7128074350961539 0.17251971634615385 0.7128074350961539 0.17251971634615385 0.721332579326923 0.17466357451923079 0.721332579326923 0.17466357451923079 0.7128074350961539
0 0.20975745432692308 0.7384128149038461 0.2073005673076923 0.7384128149038461 0.2073005673076923 0.7510580552884616 0.20975745432692308 0.7510580552884616 0.20975745432692308 0.7384128149038461
0 0.08239617307692308 0.7669828052884615 0.07966354807692308 0.7669828052884615 0.07966354807692308 0.7802981899038461 0.08239617307692308 0.7802981899038461 0.08239617307692308 0.7669828052884615
0 0.20772566826923075 0.7023984567307693 0.20594490384615385 0.7023984567307693 0.20594490384615385 0.7085919423076923 0.20772566826923075 0.7085919423076923 0.20772566826923075 0.7023984567307693
0 0.17030577644230768 0.7143017235576923 0.16806158894230772 0.7143017235576923 0.16806158894230772 0.7208806346153847 0.17030577644230768 0.7208806346153847 0.17030577644230768 0.7143017235576923
0 0.15653572115384615 0.7580403076923077 0.15653572115384615 0.7481532908653846 0.153908125 0.7481532908653846 0.153908125 0.7580403076923077 0.15545694951923078 0.7580403076923077 0.15653572115384615 0.7580403076923077
0 0.08511250721153846 0.747571423076923 0.08248109855769231 0.747571423076923 0.08248109855769231 0.7573942403846154 0.08511250721153846 0.7573942403846154 0.08511250721153846 0.747571423076923
0 0.06952039423076922 0.7306237668269231 0.06710994951923077 0.7306237668269231 0.06710994951923077 0.7403219158653845 0.06952039423076922 0.7403219158653845 0.06952039423076922 0.7306237668269231
0 0.21937074519230768 0.7143078846153846 0.21718578365384617 0.7143078846153846 0.21718578365384617 0.72156078125 0.21937074519230768 0.72156078125 0.21937074519230768 0.7143078846153846
0 0.07123247836538461 0.7188741057692307 0.06839400961538461 0.7188741057692307 0.06839400961538461 0.7274524831730769 0.07123247836538461 0.7274524831730769 0.07123247836538461 0.7188741057692307
0 0.21690684855769232 0.6987518870192309 0.2148320360576923 0.6987518870192309 0.2148320360576923 0.7058940192307692 0.21690684855769232 0.7058940192307692 0.21690684855769232 0.6987518870192309
0 0.037485016826923075 0.73195778125 0.035166473557692306 0.73195778125 0.035166473557692306 0.7384922740384615 0.037485016826923075 0.7384922740384615 0.037485016826923075 0.73195778125
0 0.14972275 0.6954319134615384 0.14681124759615385 0.6954319134615384 0.14681124759615385 0.70675303125 0.14972275 0.70675303125 0.14972275 0.6954319134615384
0 0.044052521634615385 0.7299345240384615 0.04162540384615385 0.7299345240384615 0.04162540384615385 0.7397581322115384 0.044052521634615385 0.7397581322115384 0.044052521634615385 0.7299345240384615
0 0.11185738942307692 0.7418285240384616 0.10952786538461538 0.7418285240384616 0.10952786538461538 0.7520540600961538 0.11185738942307692 0.7520540600961538 0.11185738942307692 0.7418285240384616
0 0.1967748966346154 0.7458978149038462 0.1931440985576923 0.7458978149038462 0.1931440985576923 0.7598302211538462 0.1967748966346154 0.7598302211538462 0.1967748966346154 0.7458978149038462
0 0.044294346153846156 0.6988097019230769 0.04138066346153846 0.6988097019230769 0.04138066346153846 0.7095049831730769 0.044294346153846156 0.7095049831730769 0.044294346153846156 0.6988097019230769
0 0.04260685096153846 0.7736866129807692 0.039538317307692306 0.7736866129807692 0.039538317307692306 0.7856618245192308 0.04260685096153846 0.7856618245192308 0.04260685096153846 0.7736866129807692
0 0.15357178124999998 0.7230192956730769 0.1515840360576923 0.7230192956730769 0.1515840360576923 0.7301156490384616 0.15357178124999998 0.7301156490384616 0.15357178124999998 0.7230192956730769
0 0.07545003846153846 0.6928727331730768 0.07339741346153847 0.6928727331730768 0.07339741346153847 0.7004876586538462 0.07545003846153846 0.7004876586538462 0.07545003846153846 0.6928727331730768
0 0.32543051923076927 0.7204736778846154 0.3232637716346154 0.7204736778846154 0.3232637716346154 0.729132983173077 0.32543051923076927 0.729132983173077 0.32543051923076927 0.7204736778846154
0 0.08509804326923076 0.7137620721153847 0.08298106250000001 0.7137620721153847 0.08298106250000001 0.7213270408653846 0.08509804326923076 0.7213270408653846 0.08509804326923076 0.7137620721153847
0 0.04188977163461539 0.7276251322115385 0.03983894951923077 0.7276251322115385 0.03983894951923077 0.7354145769230769 0.04188977163461539 0.7354145769230769 0.04188977163461539 0.7276251322115385
0 0.2373523076923077 0.7179968942307693 0.2354310673076923 0.7179968942307693 0.2354310673076923 0.7252579302884615 0.2373523076923077 0.7252579302884615 0.2373523076923077 0.7179968942307693
0 0.2871459639423077 0.708198829326923 0.2848819423076923 0.708198829326923 0.2848819423076923 0.7155207884615385 0.2871459639423077 0.7155207884615385 0.2871459639423077 0.708198829326923
0 0.0074373677884615385 0.93991575 0.003969514423076923 0.93991575 0.003969514423076923 0.9520099783653847 0.0074373677884615385 0.9520099783653847 0.0074373677884615385 0.93991575
1 0.9564625841346154 0.876114891826923 0.8863945576923077 0.876114891826923 0.8863945576923077 0.9414210120192308 0.9564625841346154 0.9414210120192308 0.9564625841346154 0.876114891826923
0 0.12782197355769231 0.7299878317307692 0.1259071778846154 0.7299878317307692 0.1259071778846154 0.7387107908653847 0.12782197355769231 0.7387107908653847 0.12782197355769231 0.7299878317307692
0 0.06228608653846154 0.7310743846153845 0.06049096634615385 0.7310743846153845 0.06049096634615385 0.7401803028846154 0.06228608653846154 0.7401803028846154 0.06228608653846154 0.7310743846153845
0 0.061687713942307695 0.7209046923076923 0.05965324278846154 0.7209046923076923 0.05965324278846154 0.7282234663461539 0.061687713942307695 0.7282234663461539 0.061687713942307695 0.7209046923076923
0 0.05646989423076923 0.7202664278846154 0.05460296875 0.7202664278846154 0.05460296875 0.726478875 0.05646989423076923 0.726478875 0.05646989423076923 0.7202664278846154
0 0.051826514423076925 0.7226918341346154 0.04928941105769231 0.7226918341346154 0.04928941105769231 0.7344784663461539 0.051826514423076925 0.7344784663461539 0.051826514423076925 0.7226918341346154
0 0.057646262019230766 0.7774347211538462 0.054916180288461534 0.7774347211538462 0.054916180288461534 0.7870087019230769 0.057646262019230766 0.7870087019230769 0.057646262019230766 0.7774347211538462
0 0.06205926682692308 0.783219 0.05929178846153846 0.783219 0.05929178846153846 0.7953194471153846 0.06205926682692308 0.7953194471153846 0.06205926682692308 0.783219
0 0.07560781490384615 0.7679072475961538 0.07321431971153845 0.7679072475961538 0.07321431971153845 0.7796619663461539 0.07560781490384615 0.7796619663461539 0.07560781490384615 0.7679072475961538
0 0.15102898317307692 0.7592198076923077 0.14932960336538462 0.7592198076923077 0.14932960336538462 0.7669640937500001 0.15102898317307692 0.7669640937500001 0.15102898317307692 0.7592198076923077
0 0.15509792548076923 0.7673045 0.15713239663461537 0.7673045 0.15713239663461537 0.7569220528846153 0.15509792548076923 0.7569220528846153 0.15509792548076923 0.7673045
1 0.16154435096153846 0.7493792427884615 0.1577745985576923 0.7493792427884615 0.1577745985576923 0.7598574302884615 0.16154435096153846 0.7598574302884615 0.16154435096153846 0.7493792427884615
0 0.17037036298076924 0.7491664879807692 0.1682760552884615 0.7491664879807692 0.1682760552884615 0.7593255432692309 0.17037036298076924 0.7593255432692309 0.17037036298076924 0.7491664879807692
0 0.17333231249999997 0.7533152139423076 0.1709388197115385 0.7533152139423076 0.1709388197115385 0.7657613846153846 0.17333231249999997 0.7657613846153846 0.17333231249999997 0.7533152139423076
0 0.18212153125 0.7420923822115385 0.17955539903846154 0.7420923822115385 0.17955539903846154 0.7485814110576924 0.18212153125 0.7485814110576924 0.18212153125 0.7420923822115385
0 0.18018369230769232 0.7508153413461538 0.17785003605769228 0.7508153413461538 0.17785003605769228 0.7574639375000001 0.18018369230769232 0.7574639375000001 0.18018369230769232 0.7508153413461538
0 0.22068153125 0.7290452980769231 0.21898691826923075 0.7290452980769231 0.21898691826923075 0.7356938942307691 0.22068153125 0.7356938942307691 0.22068153125 0.7290452980769231
0 0.2205646610576923 0.7364210841346155 0.21828569951923077 0.7364210841346155 0.21828569951923077 0.745770673076923 0.2205646610576923 0.745770673076923 0.2205646610576923 0.7364210841346155
0 0.21717543509615386 0.7400570360576922 0.2152470841346154 0.7400570360576922 0.2152470841346154 0.7473289375000001 0.21717543509615386 0.7473289375000001 0.21717543509615386 0.7400570360576922
0 0.2154808221153846 0.7449395985576923 0.2134940360576923 0.7449395985576923 0.2134940360576923 0.7533542283653846 0.2154808221153846 0.7533542283653846 0.2154808221153846 0.7449395985576923
0 0.2134940360576923 0.7440046394230768 0.21127350721153848 0.7440046394230768 0.21127350721153848 0.7521076153846155 0.2134940360576923 0.7521076153846155 0.2134940360576923 0.7440046394230768
0 0.2312599591346154 0.722692983173077 0.22959025721153845 0.722692983173077 0.22959025721153845 0.7265055528846154 0.2312599591346154 0.7265055528846154 0.2312599591346154 0.722692983173077
0 0.2350002139423077 0.7176813221153846 0.23301810096153847 0.7176813221153846 0.23301810096153847 0.7250612668269232 0.2350002139423077 0.7250612668269232 0.2350002139423077 0.7176813221153846
0 0.23593517307692308 0.7345687572115385 0.23327988942307692 0.7345687572115385 0.23327988942307692 0.7416827572115385 0.23593517307692308 0.7416827572115385 0.23593517307692308 0.7345687572115385
0 0.20067191346153848 0.7405053822115384 0.19899646634615384 0.7405053822115384 0.19899646634615384 0.7489092091346153 0.20067191346153848 0.7489092091346153 0.20067191346153848 0.7405053822115384
0 0.2011206923076923 0.7328462019230769 0.19857760576923075 0.7328462019230769 0.19857760576923075 0.7398139302884614 0.2011206923076923 0.7398139302884614 0.2011206923076923 0.7328462019230769
0 0.1983382548076923 0.7242828076923077 0.19624394711538462 0.7242828076923077 0.19624394711538462 0.7312505360576923 0.1983382548076923 0.7312505360576923 0.1983382548076923 0.7242828076923077
0 0.20055223798076924 0.7235913557692307 0.19884687259615383 0.7235913557692307 0.19884687259615383 0.7303463293269231 0.20055223798076924 0.7303463293269231 0.20055223798076924 0.7235913557692307
0 0.1964234591346154 0.7339631658653847 0.1947779326923077 0.7339631658653847 0.1947779326923077 0.742047858173077 0.1964234591346154 0.742047858173077 0.1964234591346154 0.7339631658653847
0 0.20080303365384616 0.7171387620192308 0.19949409134615384 0.7171387620192308 0.19949409134615384 0.7226570961538462 0.20080303365384616 0.7226570961538462 0.20080303365384616 0.7171387620192308
0 0.19949409134615384 0.7143463509615385 0.1968014110576923 0.7143463509615385 0.1968014110576923 0.7199976586538461 0.19949409134615384 0.7199976586538461 0.19949409134615384 0.7143463509615385
0 0.19377214423076922 0.7146122956730768 0.19193962259615385 0.7146122956730768 0.19193962259615385 0.7215933221153846 0.19377214423076922 0.7215933221153846 0.19377214423076922 0.7146122956730768
0 0.18992011298076922 0.7136814927884616 0.18745181971153846 0.7136814927884616 0.18745181971153846 0.7213938629807692 0.18992011298076922 0.7213938629807692 0.18992011298076922 0.7136814927884616
0 0.19051848557692308 0.7047723725961539 0.18838677884615385 0.7047723725961539 0.18838677884615385 0.712817173076923 0.19051848557692308 0.712817173076923 0.19051848557692308 0.7047723725961539
0 0.20027945673076925 0.7015145600961539 0.1989331153846154 0.7015145600961539 0.1989331153846154 0.7080966706730769 0.20027945673076925 0.7080966706730769 0.20027945673076925 0.7015145600961539
0 0.20274774759615385 0.7042404855769231 0.20087782932692308 0.7042404855769231 0.20087782932692308 0.7118198846153846 0.20274774759615385 0.7118198846153846 0.20274774759615385 0.7042404855769231
1 0.20458026682692307 0.7066339807692308 0.20312173076923076 0.7066339807692308 0.20312173076923076 0.7106896225961539 0.20458026682692307 0.7106896225961539 0.20458026682692307 0.7066339807692308
1 0.18883556009615385 0.7015145600961539 0.18659165865384614 0.7015145600961539 0.18659165865384614 0.7069664086538462 0.18883556009615385 0.7069664086538462 0.18883556009615385 0.7015145600961539
0 0.21179814903846153 0.7068334375 0.21000302884615385 0.7068334375 0.21000302884615385 0.7152771538461539 0.21179814903846153 0.7152771538461539 0.21179814903846153 0.7068334375
0 0.2144160360576923 0.7089609879807692 0.21258351442307694 0.7089609879807692 0.21258351442307694 0.7126842019230769 0.2144160360576923 0.7126842019230769 0.2144160360576923 0.7089609879807692
0 0.21684692788461538 0.7140139206730769 0.21464042548076925 0.7140139206730769 0.21464042548076925 0.7212608918269231 0.21684692788461538 0.7212608918269231 0.21684692788461538 0.7140139206730769
0 0.24213256009615383 0.7125090432692307 0.2402626442307692 0.7125090432692307 0.2402626442307692 0.7186922379807693 0.24213256009615383 0.7186922379807693 0.24213256009615383 0.7125090432692307
0 0.24381548798076924 0.7007410288461539 0.24179597596153846 0.7007410288461539 0.24179597596153846 0.7073231370192308 0.24381548798076924 0.7073231370192308 0.24381548798076924 0.7007410288461539
0 0.2402626442307692 0.6996772524038462 0.2374951658653846 0.6996772524038462 0.2374951658653846 0.7108468942307693 0.2402626442307692 0.7108468942307693 0.2402626442307692 0.6996772524038462
0 0.2461715841346154 0.7140382211538461 0.24418947115384615 0.7140382211538461 0.24418947115384615 0.7202879014423077 0.2461715841346154 0.7202879014423077 0.2461715841346154 0.7140382211538461
0 0.2495748341346154 0.7127085 0.24766751682692306 0.7127085 0.24766751682692306 0.7186257524038461 0.2495748341346154 0.7186257524038461 0.2495748341346154 0.7127085
0 0.2609065360576923 0.7016053461538461 0.2592236105769231 0.7016053461538461 0.2592236105769231 0.7092512307692308 0.2609065360576923 0.7092512307692308 0.2609065360576923 0.7016053461538461
0 0.2327829735576923 0.704198298076923 0.23121224278846153 0.704198298076923 0.23121224278846153 0.7085198846153846 0.2327829735576923 0.7085198846153846 0.2327829735576923 0.704198298076923
0 0.2298659014423077 0.699610766826923 0.22829517067307695 0.699610766826923 0.22829517067307695 0.7065253052884616 0.2298659014423077 0.7065253052884616 0.2298659014423077 0.699610766826923
0 0.22743500721153845 0.6980815889423078 0.2255650889423077 0.6980815889423078 0.2255650889423077 0.7055280168269231 0.22743500721153845 0.7055280168269231 0.22743500721153845 0.6980815889423078
0 0.29582354326923077 0.7086032668269231 0.294552 0.7086032668269231 0.294552 0.7130578269230768 0.29582354326923077 0.7130578269230768 0.29582354326923077 0.7086032668269231
0 0.2979926490384615 0.7014892692307693 0.2966463076923077 0.7014892692307693 0.2966463076923077 0.707140576923077 0.2979926490384615 0.707140576923077 0.2979926490384615 0.7014892692307693
0 0.2919715144230769 0.7094675841346153 0.2901015961538462 0.7094675841346153 0.2901015961538462 0.7161161802884616 0.2919715144230769 0.7161161802884616 0.2919715144230769 0.7094675841346153
0 0.2917471225961539 0.7223658629807693 0.28965281490384615 0.7223658629807693 0.28965281490384615 0.7276847379807693 0.2917471225961539 0.7276847379807693 0.2917471225961539 0.7223658629807693
0 0.2829585096153846 0.7240280120192307 0.28078940625 0.7240280120192307 0.28078940625 0.7296128317307692 0.2829585096153846 0.7296128317307692 0.2829585096153846 0.7240280120192307
0 0.29458939903846154 0.7195069639423076 0.29305606490384617 0.7195069639423076 0.29305606490384617 0.725623673076923 0.29458939903846154 0.725623673076923 0.29458939903846154 0.7195069639423076
0 0.29795525 0.7135897139423076 0.29623492548076924 0.7135897139423076 0.29623492548076924 0.7189750769230769 0.29795525 0.7189750769230769 0.29795525 0.7135897139423076
0 0.29623492548076924 0.7137226850961539 0.29488858653846156 0.7137226850961539 0.29488858653846156 0.7183767043269231 0.29623492548076924 0.7183767043269231 0.29623492548076924 0.7137226850961539
0 0.2983292331730769 0.7204377692307692 0.29657151201923077 0.7204377692307692 0.29657151201923077 0.726089076923077 0.2983292331730769 0.726089076923077 0.2983292331730769 0.7204377692307692
0 0.3018820769230769 0.722299375 0.30023655048076925 0.722299375 0.30023655048076925 0.7265544783653847 0.3018820769230769 0.7265544783653847 0.3018820769230769 0.722299375
0 0.29900240384615384 0.7303441778846154 0.29720728365384613 0.7303441778846154 0.29720728365384613 0.7345327932692308 0.29900240384615384 0.7345327932692308 0.29900240384615384 0.7303441778846154
0 0.2961975264423077 0.7197064230769231 0.29500078125 0.7197064230769231 0.29500078125 0.7254242163461538 0.2961975264423077 0.7254242163461538 0.2961975264423077 0.7197064230769231
0 0.31209182932692303 0.7235626081730769 0.31104467548076925 0.7235626081730769 0.31104467548076925 0.7304771490384615 0.31209182932692303 0.7304771490384615 0.31209182932692303 0.7235626081730769
0 0.28198195673076926 0.7131404615384616 0.28052108173076923 0.7131404615384616 0.28052108173076923 0.7170361225961539 0.28198195673076926 0.7170361225961539 0.28198195673076926 0.7131404615384616
0 0.2850497884615385 0.7123613293269231 0.2832236971153846 0.7123613293269231 0.2832236971153846 0.7175555456730769 0.2850497884615385 0.7175555456730769 0.2850497884615385 0.7123613293269231
0 0.28380804807692306 0.7170361225961539 0.28198195673076926 0.7170361225961539 0.28198195673076926 0.7237886057692309 0.28380804807692306 0.7237886057692309 0.28380804807692306 0.7170361225961539
0 0.27935238461538464 0.7185943870192308 0.2778915096153846 0.7185943870192308 0.2778915096153846 0.7233990384615385 0.27935238461538464 0.7233990384615385 0.27935238461538464 0.7185943870192308
0 0.27986368990384614 0.7233990384615385 0.2778915096153846 0.7233990384615385 0.2778915096153846 0.7340471802884616 0.27986368990384614 0.7340471802884616 0.27986368990384614 0.7233990384615385
0 0.2792793389423077 0.7106732091346154 0.2778915096153846 0.7106732091346154 0.2778915096153846 0.7156077139423077 0.2792793389423077 0.7156077139423077 0.2792793389423077 0.7106732091346154
0 0.25579339903846154 0.7187549591346154 0.2540892307692308 0.7187549591346154 0.2540892307692308 0.7257673677884615 0.25579339903846154 0.7257673677884615 0.25579339903846154 0.7187549591346154
0 0.2560423221153846 0.7302607548076924 0.25418496875 0.7302607548076924 0.25418496875 0.7380220600961539 0.2560423221153846 0.7380220600961539 0.2560423221153846 0.7302607548076924
0 0.27503062740384615 0.7262087692307693 0.2732729038461538 0.7262087692307693 0.2732729038461538 0.7331233100961538 0.27503062740384615 0.7331233100961538 0.27503062740384615 0.7262087692307693
0 0.27248753846153845 0.7272060600961539 0.2711411971153846 0.7272060600961539 0.2711411971153846 0.7340541153846154 0.27248753846153845 0.7340541153846154 0.27248753846153845 0.7272060600961539
0 0.27084201201923075 0.7258098557692307 0.2690094903846154 0.7258098557692307 0.2690094903846154 0.7313281899038462 0.27084201201923075 0.7313281899038462 0.27084201201923075 0.7258098557692307
0 0.3054425 0.7061590961538461 0.3035141490384615 0.7061590961538461 0.3035141490384615 0.7125999254807692 0.3054425 0.7125999254807692 0.3054425 0.7061590961538461
0 0.2667165048076923 0.703909045673077 0.2648256442307692 0.703909045673077 0.2648256442307692 0.7090151682692307 0.2667165048076923 0.7090151682692307 0.2667165048076923 0.703909045673077
0 0.2673866826923077 0.7098236370192308 0.26566336778846156 0.7098236370192308 0.26566336778846156 0.7181210841346153 0.2673866826923077 0.7181210841346153 0.2673866826923077 0.7098236370192308
0 0.25867436298076923 0.6999943533653846 0.25726219951923074 0.6999943533653846 0.25726219951923074 0.7066748629807692 0.25867436298076923 0.7066748629807692 0.25867436298076923 0.6999943533653846
0 0.15367676923076923 0.7372579879807692 0.15185359855769232 0.7372579879807692 0.15185359855769232 0.7458180552884616 0.15367676923076923 0.7458180552884616 0.15367676923076923 0.7372579879807692
0 0.1618109110576923 0.7436572620192308 0.16050196874999997 0.7436572620192308 0.16050196874999997 0.7473970961538462 0.1618109110576923 0.7473970961538462 0.1618109110576923 0.7436572620192308
0 0.09462477884615385 0.6904649014423078 0.09294185336538462 0.6904649014423078 0.09294185336538462 0.6961162091346154 0.09462477884615385 0.6961162091346154 0.09462477884615385 0.6904649014423078
0 0.0922312860576923 0.69458703125 0.09073535096153845 0.69458703125 0.09073535096153845 0.6989751057692307 0.0922312860576923 0.6989751057692307 0.0922312860576923 0.69458703125
0 0.09054835817307692 0.6979113293269231 0.08908982211538462 0.6979113293269231 0.08908982211538462 0.7022994038461537 0.09054835817307692 0.7022994038461537 0.09054835817307692 0.6979113293269231
0 0.08621782932692307 0.7674441442307691 0.08370466105769231 0.7674441442307691 0.08370466105769231 0.7768053677884615 0.08621782932692307 0.7768053677884615 0.08621782932692307 0.7674441442307691
1 0.04988684615384616 0.6431899014423077 0.04595881730769231 0.6431899014423077 0.04595881730769231 0.649159375 0.04988684615384616 0.649159375 0.04988684615384616 0.6431899014423077
1 0.03968664423076924 0.6426267427884615 0.037532567307692305 0.6426267427884615 0.037532567307692305 0.6476951658653847 0.03968664423076924 0.6476951658653847 0.03968664423076924 0.6426267427884615
1 0.02726901201923077 0.6395856899038462 0.023594406249999998 0.6395856899038462 0.023594406249999998 0.6471320072115384 0.02726901201923077 0.6471320072115384 0.02726901201923077 0.6395856899038462
0 0.06763172836538461 0.6782344687499999 0.06585777884615385 0.6782344687499999 0.06585777884615385 0.68465446875 0.06763172836538461 0.68465446875 0.06763172836538461 0.6782344687499999
0 0.057189764423076925 0.6798924038461538 0.05547055528846154 0.6798924038461538 0.05547055528846154 0.684275125 0.057189764423076925 0.684275125 0.057189764423076925 0.6798924038461538
0 0.053978411057692306 0.6795464014423077 0.05271333413461539 0.6795464014423077 0.05271333413461539 0.6839867884615385 0.053978411057692306 0.6839867884615385 0.053978411057692306 0.6795464014423077
0 0.05164288221153846 0.6793733990384615 0.05005342548076923 0.6793733990384615 0.05005342548076923 0.6851401370192308 0.05164288221153846 0.6851401370192308 0.05164288221153846 0.6793733990384615
0 0.047717896634615384 0.6794310649038462 0.0459338125 0.6794310649038462 0.0459338125 0.6847364639423077 0.047717896634615384 0.6847364639423077 0.047717896634615384 0.6794310649038462
0 0.04492823798076923 0.6787390576923078 0.043468531250000005 0.6787390576923078 0.043468531250000005 0.6844481274038461 0.04492823798076923 0.6844481274038461 0.04492823798076923 0.6787390576923078
1 0.04291708653846154 0.6792580649038461 0.04161957211538462 0.6792580649038461 0.04161957211538462 0.6847364639423077 0.04291708653846154 0.6847364639423077 0.04291708653846154 0.6792580649038461
0 0.04126275480769231 0.6777010432692308 0.03944623076923077 0.6777010432692308 0.03944623076923077 0.6827181057692309 0.04126275480769231 0.6827181057692309 0.04126275480769231 0.6777010432692308
0 0.03892722596153846 0.6779317139423077 0.037791899038461536 0.6779317139423077 0.037791899038461536 0.6830641105769231 0.03892722596153846 0.6830641105769231 0.03892722596153846 0.6779317139423077
0 0.03701338942307692 0.6781623822115385 0.035586122596153846 0.6781623822115385 0.035586122596153846 0.6826027716346155 0.03701338942307692 0.6826027716346155 0.03701338942307692 0.6781623822115385
0 0.034742735576923076 0.6775857091346154 0.033088403846153844 0.6775857091346154 0.033088403846153844 0.6828911081730769 0.034742735576923076 0.6828911081730769 0.034742735576923076 0.6775857091346154
0 0.03247208173076923 0.6781047163461539 0.030979939903846156 0.6781047163461539 0.030979939903846156 0.68329478125 0.03247208173076923 0.68329478125 0.03247208173076923 0.6781047163461539
0 0.03123944230769231 0.6783353870192308 0.029260730769230768 0.6783353870192308 0.029260730769230768 0.68329478125 0.03123944230769231 0.68329478125 0.03123944230769231 0.6783353870192308
0 0.013236406249999999 0.6784507211538462 0.01164694951923077 0.6784507211538462 0.01164694951923077 0.6838714543269231 0.013236406249999999 0.6838714543269231 0.013236406249999999 0.6784507211538462
0 0.007662108173076923 0.6766053653846154 0.005548625000000001 0.6766053653846154 0.005548625000000001 0.6826027716346155 0.007662108173076923 0.6826027716346155 0.007662108173076923 0.6766053653846154
0 0.016512634615384617 0.677874045673077 0.014858302884615383 0.677874045673077 0.014858302884615383 0.6826604399038462 0.016512634615384617 0.6826604399038462 0.016512634615384617 0.677874045673077
0 0.022351456730769232 0.6782200504807693 0.0207295625 0.6782200504807693 0.0207295625 0.6815070913461538 0.022351456730769232 0.6815070913461538 0.022351456730769232 0.6782200504807693
0 0.026016939903846157 0.6764323629807693 0.024622110576923078 0.6764323629807693 0.024622110576923078 0.6808150841346153 0.026016939903846157 0.6808150841346153 0.026016939903846157 0.6764323629807693
0 0.0258223125 0.6802960769230769 0.024167980769230768 0.6802960769230769 0.024167980769230768 0.684102125 0.0258223125 0.684102125 0.0258223125 0.6802960769230769
0 0.018913040865384614 0.6811034206730769 0.016901889423076924 0.6811034206730769 0.016901889423076924 0.6846211298076923 0.018913040865384614 0.6846211298076923 0.018913040865384614 0.6811034206730769