1 0.25809435096153843 0.41761835576923073 0.2479323966346154 0.41761835576923073 0.2479323966346154 0.43261708413461536 0.25809435096153843 0.43261708413461536 0.25809435096153843 0.41761835576923073
1 0.4745820625 0.7670859158653845 0.4712218221153846 0.7670859158653845 0.4712218221153846 0.7754229182692308 0.4745820625 0.7754229182692308 0.4745820625 0.7670859158653845
1 0.4679354350961538 0.7492302836538461 0.4642059375 0.7492302836538461 0.4642059375 0.7562543749999999 0.4679354350961538 0.7562543749999999 0.4679354350961538 0.7492302836538461
1 0.5117777115384615 0.45747565625000003 0.5047387475961538 0.45747565625000003 0.5047387475961538 0.4747076514423077 0.5117777115384615 0.4747076514423077 0.5117777115384615 0.45747565625000003
1 0.5289712427884615 0.4280376634615385 0.5251055817307692 0.4280376634615385 0.5251055817307692 0.4352176610576923 0.5289712427884615 0.4352176610576923 0.5289712427884615 0.4280376634615385
1 0.4853626346153846 0.15635074519230768 0.46972713221153845 0.15635074519230768 0.46972713221153845 0.18765305528846155 0.4853626346153846 0.18765305528846155 0.4853626346153846 0.15635074519230768
1 0.5619906850961539 0.16185995192307695 0.5490315288461539 0.16185995192307695 0.5490315288461539 0.20718569471153847 0.5619906850961539 0.20718569471153847 0.5619906850961539 0.16185995192307695
1 0.5108067427884616 0.01462858653846154 0.5027292427884615 0.01462858653846154 0.5027292427884615 0.03950215384615385 0.5108067427884616 0.03950215384615385 0.5108067427884616 0.01462858653846154
0 0.592217860576923 0.4691518701923077 0.5868088221153847 0.4691518701923077 0.5868088221153847 0.4860761514423077 0.592217860576923 0.4860761514423077 0.592217860576923 0.4691518701923077
0 0.593227548076923 0.49082007932692306 0.5995020336538461 0.49082007932692306 0.5995020336538461 0.47235722596153845 0.593227548076923 0.47235722596153845 0.593227548076923 0.49082007932692306
0 0.5932068653846154 0.6386349903846154 0.584227014423077 0.6386349903846154 0.584227014423077 0.6602335817307693 0.5932068653846154 0.6602335817307693 0.5932068653846154 0.6386349903846154
0 0.5196708461538462 0.9102495216346154 0.5258912403846154 0.9102495216346154 0.5258912403846154 0.8931008653846154 0.5196708461538462 0.8931008653846154 0.5196708461538462 0.9102495216346154
1 0.5397697331730769 0.8588236658653846 0.5299474975961538 0.8588236658653846 0.5299474975961538 0.8785830192307693 0.5397697331730769 0.8785830192307693 0.5397697331730769 0.8588236658653846
0 0.5795526490384616 0.7695273966346154 0.5686624495192307 0.7695273966346154 0.5686624495192307 0.7997859615384615 0.5795526490384616 0.7997859615384615 0.5795526490384616 0.7695273966346154
0 0.6189045817307692 0.4041137331730769 0.6125940360576924 0.4041137331730769 0.6125940360576924 0.41773649759615383 0.6189045817307692 0.41773649759615383 0.6189045817307692 0.4041137331730769
0 0.6842099326923077 0.23236688221153848 0.6751948677884615 0.23236688221153848 0.6751948677884615 0.24939533653846152 0.6842099326923077 0.24939533653846152 0.6842099326923077 0.23236688221153848
0 0.6787163774038463 0.21884428365384614 0.6712507764423077 0.21884428365384614 0.6712507764423077 0.23612315865384614 0.6787163774038463 0.23612315865384614 0.6787163774038463 0.21884428365384614
0 0.669342625 0.019927192307692305 0.6603187548076923 0.019927192307692305 0.6603187548076923 0.037143461538461535 0.669342625 0.037143461538461535 0.669342625 0.019927192307692305
0 0.6880177548076923 0.5964341899038461 0.6822953004807691 0.5964341899038461 0.6822953004807691 0.6136504591346154 0.6880177548076923 0.6136504591346154 0.6880177548076923 0.5964341899038461
1 0.70684990625 0.5308369158653846 0.6914341466346153 0.5308369158653846 0.6914341466346153 0.5598453918269231 0.70684990625 0.5598453918269231 0.70684990625 0.5308369158653846
1 0.69981815625 0.5042324567307692 0.6908030913461538 0.5042324567307692 0.6908030913461538 0.5197784350961538 0.69981815625 0.5197784350961538 0.69981815625 0.5042324567307692
1 0.6888324615384616 0.4421690793269231 0.6826120649038461 0.4421690793269231 0.6826120649038461 0.4553110408653846 0.6888324615384616 0.4553110408653846 0.6888324615384616 0.4421690793269231
1 0.7132407860576924 0.3984990889423077 0.7020846442307692 0.3984990889423077 0.7020846442307692 0.41452587259615387 0.7132407860576924 0.41452587259615387 0.7132407860576924 0.3984990889423077
1 0.7078317475961539 0.41452587259615387 0.6992674375000001 0.41452587259615387 0.6992674375000001 0.4327563365384615 0.7078317475961539 0.4327563365384615 0.7078317475961539 0.41452587259615387
0 0.7346515673076923 0.3808696298076923 0.7292425264423077 0.3808696298076923 0.7292425264423077 0.3974974158653846 0.7346515673076923 0.3974974158653846 0.7346515673076923 0.3808696298076923
0 0.7330739302884616 0.40470946875 0.740849423076923 0.40470946875 0.740849423076923 0.3838746514423077 0.7330739302884616 0.3838746514423077 0.7330739302884616 0.40470946875
0 0.7307879182692307 0.25588012259615384 0.7228258125 0.25588012259615384 0.7228258125 0.26972726201923075 0.7307879182692307 0.26972726201923075 0.7307879182692307 0.25588012259615384
0 0.7338458269230769 0.24634098076923075 0.7243259182692309 0.24634098076923075 0.7243259182692309 0.2624446923076923 0.7338458269230769 0.2624446923076923 0.7338458269230769 0.24634098076923075
1 0.74680009375 0.19468415625 0.7311138822115384 0.19468415625 0.7311138822115384 0.2148779014423077 0.74680009375 0.2148779014423077 0.74680009375 0.19468415625
0 0.7462591899038462 0.17513148317307692 0.7383259326923077 0.17513148317307692 0.7383259326923077 0.19051719471153847 0.7462591899038462 0.19051719471153847 0.7462591899038462 0.17513148317307692
0 0.7473409975961538 0.14484086538461538 0.7414812067307692 0.14484086538461538 0.7414812067307692 0.15878416586538463 0.7473409975961538 0.15878416586538463 0.7473409975961538 0.14484086538461538
0 0.7486932572115385 0.11519131971153847 0.73976834375 0.11519131971153847 0.73976834375 0.13346185096153845 0.7486932572115385 0.13346185096153845 0.7486932572115385 0.11519131971153847
0 0.7522992836538461 0.0946770360576923 0.7418418076923078 0.0946770360576923 0.7418418076923078 0.11070381971153845 0.7522992836538461 0.11070381971153845 0.7522992836538461 0.0946770360576923
0 0.7322858389423076 0.08874712740384615 0.7270571033653846 0.08874712740384615 0.7270571033653846 0.10349176682692307 0.7322858389423076 0.10349176682692307 0.7322858389423076 0.08874712740384615
0 0.7883595432692307 0.14628327403846153 0.7780823701923077 0.14628327403846153 0.7780823701923077 0.16118818269230767 0.7883595432692307 0.16118818269230767 0.7883595432692307 0.14628327403846153
1 0.7807296874999999 0.19185137740384617 0.7726302163461539 0.19185137740384617 0.7726302163461539 0.20593741586538464 0.7807296874999999 0.20593741586538464 0.7807296874999999 0.19185137740384617
1 0.7828488028846153 0.04177026442307692 0.771886483173077 0.04177026442307692 0.771886483173077 0.057873973557692304 0.7828488028846153 0.057873973557692304 0.7828488028846153 0.04177026442307692
1 0.7825603197115385 0.01664026923076923 0.7742520360576923 0.01664026923076923 0.7742520360576923 0.03079512259615385 0.7825603197115385 0.03079512259615385 0.7825603197115385 0.01664026923076923
1 0.7620203966346154 0.012434841346153847 0.7550968269230769 0.012434841346153847 0.7550968269230769 0.022486838942307692 0.7620203966346154 0.022486838942307692 0.7620203966346154 0.012434841346153847
1 0.7591932716346155 0.025871697115384614 0.7540582908653846 0.025871697115384614 0.7540582908653846 0.03592369471153846 0.7591932716346155 0.03592369471153846 0.7591932716346155 0.025871697115384614
1 0.7676746442307691 0.040949692307692305 0.7598279326923076 0.040949692307692305 0.7598279326923076 0.05530968990384615 0.7676746442307691 0.05530968990384615 0.7676746442307691 0.040949692307692305
1 0.7621357884615385 0.052232548076923076 0.753481326923077 0.052232548076923076 0.753481326923077 0.07233654326923077 0.7621357884615385 0.07233654326923077 0.7621357884615385 0.052232548076923076
0 0.8713520552884616 0.63996090625 0.854272733173077 0.63996090625 0.854272733173077 0.6675069375 0.8713520552884616 0.6675069375 0.8713520552884616 0.63996090625
0 0.7985916586538462 0.938302920673077 0.7921758173076923 0.938302920673077 0.7921758173076923 0.9520064615384616 0.7985916586538462 0.9520064615384616 0.7985916586538462 0.938302920673077
0 0.8131773125 0.9450316057692307 0.8078692427884615 0.9450316057692307 0.8078692427884615 0.9605404014423077 0.8131773125 0.9605404014423077 0.8131773125 0.9450316057692307
1 0.9732856394230769 0.653072625 0.9562697067307693 0.653072625 0.9562697067307693 0.6805184903846153 0.9732856394230769 0.6805184903846153 0.9732856394230769 0.653072625
0 0.8800030889423076 0.4174132451923077 0.8707063028846154 0.4174132451923077 0.8707063028846154 0.4311862596153846 0.8800030889423076 0.4311862596153846 0.8800030889423076 0.4174132451923077
0 0.8763407187500001 0.43869881490384616 0.8653536081730769 0.43869881490384616 0.8653536081730769 0.4587322908653846 0.8763407187500001 0.4587322908653846 0.8763407187500001 0.43869881490384616
0 0.8969628725961538 0.3326414903846154 0.8887929687499999 0.3326414903846154 0.8887929687499999 0.3451624134615384 0.8969628725961538 0.3451624134615384 0.8969628725961538 0.3326414903846154
0 0.9062596586538461 0.3161138725961538 0.8990757788461539 0.3161138725961538 0.8990757788461539 0.32713228365384617 0.9062596586538461 0.32713228365384617 0.9062596586538461 0.3161138725961538
0 0.8999209399038463 0.29382662740384613 0.8923144807692308 0.29382662740384613 0.8923144807692308 0.30384336778846155 0.8999209399038463 0.30384336778846155 0.8999209399038463 0.29382662740384613
0 0.8978080360576922 0.3121071778846154 0.8918918990384616 0.3121071778846154 0.8918918990384616 0.32237433413461536 0.8978080360576922 0.32237433413461536 0.8978080360576922 0.3121071778846154
0 0.8906241562499999 0.32763312019230767 0.8859757620192308 0.32763312019230767 0.8859757620192308 0.3373994423076923 0.8906241562499999 0.3373994423076923 0.8906241562499999 0.32763312019230767
0 0.8965684639423077 0.3267441370192307 0.9005125552884615 0.3267441370192307 0.9005125552884615 0.3141230456730769 0.8965684639423077 0.3141230456730769 0.8965684639423077 0.3267441370192307
1 0.8661144807692308 0.4469267235576923 0.8580009230769231 0.4469267235576923 0.8580009230769231 0.48026243028846155 0.8661144807692308 0.48026243028846155 0.8661144807692308 0.4469267235576923
0 0.8680797644230769 0.4299463485576923 0.8607955937499999 0.4299463485576923 0.8607955937499999 0.44238313221153847 0.8680797644230769 0.44238313221153847 0.8680797644230769 0.4299463485576923
0 0.8744263701923077 0.3935335 0.8665652331730769 0.3935335 0.8665652331730769 0.40776528125 0.8744263701923077 0.40776528125 0.8744263701923077 0.3935335
1 0.8923172500000001 0.22192368990384617 0.8830281274038462 0.22192368990384617 0.8830281274038462 0.2609008221153846 0.8923172500000001 0.2609008221153846 0.8923172500000001 0.22192368990384617
0 0.9729779879807693 0.6963429471153847 0.9624195432692308 0.6963429471153847 0.9624195432692308 0.7111132307692307 0.9729779879807693 0.7111132307692307 0.9729779879807693 0.6963429471153847
1 0.9997254134615384 0.44197814423076925 0.9666942163461538 0.44197814423076925 0.9666942163461538 0.5435238341346154 0.9997254134615384 0.5435238341346154 0.9997254134615384 0.44197814423076925