1 0.919437673076923 0.7245819206730769 0.9107640552884615 0.7245819206730769 0.9107640552884615 0.7545527283653846 0.919437673076923 0.7545527283653846 0.919437673076923 0.7245819206730769
1 0.59900596875 0.5557012788461538 0.5925637475961538 0.5557012788461538 0.5925637475961538 0.5675782980769231 0.59900596875 0.5675782980769231 0.59900596875 0.5557012788461538
1 0.5127638461538462 0.5035240288461538 0.5078773028846154 0.5035240288461538 0.5078773028846154 0.5127541682692308 0.5127638461538462 0.5127541682692308 0.5127638461538462 0.5035240288461538
1 0.4540488100961539 0.4700447572115385 0.4474634278846154 0.4700447572115385 0.4474634278846154 0.4817521033653846 0.4540488100961539 0.4817521033653846 0.4540488100961539 0.4700447572115385
1 0.4308501009615385 0.43998701923076927 0.42674616586538466 0.43998701923076927 0.42674616586538466 0.4496583052884615 0.4308501009615385 0.4496583052884615 0.4308501009615385 0.43998701923076927
1 0.39835811298076923 0.4199462427884615 0.3930806442307692 0.4199462427884615 0.3930806442307692 0.4275909711538462 0.39835811298076923 0.4275909711538462 0.39835811298076923 0.4199462427884615
1 0.2688460168269231 0.4504198245192308 0.2612871418269231 0.4504198245192308 0.2612871418269231 0.45802111778846155 0.2688460168269231 0.45802111778846155 0.2688460168269231 0.4504198245192308
1 0.25626578846153847 0.40699765865384613 0.24901232451923078 0.40699765865384613 0.24901232451923078 0.41717795913461536 0.25626578846153847 0.41717795913461536 0.25626578846153847 0.40699765865384613
1 0.24702716346153847 0.41079830528846156 0.24267508653846154 0.41079830528846156 0.24267508653846154 0.41758517307692306 0.24702716346153847 0.41758517307692306 0.24702716346153847 0.41079830528846156
1 0.19257458173076922 0.40677549519230766 0.18822250480769231 0.40677549519230766 0.18822250480769231 0.4146482620192308 0.19257458173076922 0.4146482620192308 0.19257458173076922 0.40677549519230766
1 0.03036434855769231 0.3907146346153846 0.015600923076923076 0.3907146346153846 0.015600923076923076 0.39972844471153846 0.03036434855769231 0.39972844471153846 0.03036434855769231 0.3907146346153846
1 0.17550810576923076 0.3556255264423077 0.17301596875 0.3556255264423077 0.17301596875 0.35901353124999996 0.17550810576923076 0.35901353124999996 0.17550810576923076 0.3556255264423077
1 0.31141665384615386 0.4542858798076923 0.30659119230769233 0.4542858798076923 0.30659119230769233 0.46014973317307695 0.31141665384615386 0.46014973317307695 0.31141665384615386 0.4542858798076923
1 0.28551796875 0.4400606057692308 0.27629461538461536 0.4400606057692308 0.27629461538461536 0.4476618966346154 0.28551796875 0.4476618966346154 0.28551796875 0.4400606057692308
1 0.35606483173076925 0.40649615144230766 0.35335951682692307 0.40649615144230766 0.35156004807692304 0.40649615144230766 0.35156004807692304 0.4139617067307692 0.35606483173076925 0.4139617067307692 0.35606483173076925 0.40649615144230766
1 0.34311731971153847 0.38550029807692304 0.3405763173076923 0.38550029807692304 0.3405763173076923 0.3910601009615385 0.34311731971153847 0.3910601009615385 0.34311731971153847 0.38550029807692304
1 0.3474722091346154 0.38683465144230766 0.3445324639423077 0.38683465144230766 0.3445324639423077 0.3937288052884615 0.3474722091346154 0.3937288052884615 0.3474722091346154 0.38683465144230766
1 0.3483166033653846 0.3766602139423077 0.3458459663461539 0.3766602139423077 0.3458459663461539 0.3827759951923077 0.3483166033653846 0.3827759951923077 0.3483166033653846 0.3766602139423077
1 0.37536313942307686 0.39539446634615383 0.37153208894230766 0.39539446634615383 0.37153208894230766 0.40227472115384616 0.37536313942307686 0.40227472115384616 0.37536313942307686 0.39539446634615383
1 0.3790497692307693 0.37504160096153843 0.37318591586538463 0.37504160096153843 0.37318591586538463 0.38155699278846156 0.3790497692307693 0.38155699278846156 0.3790497692307693 0.37504160096153843
1 0.39198078846153844 0.3947316610576923 0.38758289903846155 0.3947316610576923 0.38758289903846155 0.4048305192307692 0.39198078846153844 0.4048305192307692 0.39198078846153844 0.3947316610576923
1 0.3968673341346154 0.3962519182692308 0.39301918028846156 0.3962519182692308 0.39301918028846156 0.40179000240384616 0.3968673341346154 0.40179000240384616 0.3968673341346154 0.3962519182692308
1 0.4042582331730769 0.40016115384615386 0.4012041418269231 0.40016115384615386 0.4012041418269231 0.40559064903846154 0.4042582331730769 0.40559064903846154 0.4042582331730769 0.40016115384615386
1 0.39967709615384617 0.40363603124999997 0.3951570432692308 0.40363603124999997 0.3951570432692308 0.41406065865384617 0.39967709615384617 0.41406065865384617 0.39967709615384617 0.40363603124999997
1 0.40517445913461536 0.40656795673076923 0.4016317139423077 0.40656795673076923 0.4016317139423077 0.41362630048076926 0.40517445913461536 0.41362630048076926 0.40517445913461536 0.40656795673076923
1 0.41305401201923075 0.4087397548076923 0.40761773076923075 0.4087397548076923 0.40761773076923075 0.41807848317307694 0.41305401201923075 0.41807848317307694 0.41305401201923075 0.4087397548076923
1 0.4271028293269231 0.41406065865384617 0.42282710096153847 0.41406065865384617 0.42282710096153847 0.4224220793269231 0.4271028293269231 0.4224220793269231 0.4271028293269231 0.41406065865384617
1 0.4203838293269231 0.41482078846153847 0.4203838293269231 0.4070023173076923 0.4156194495192308 0.4070023173076923 0.4156194495192308 0.41482078846153847 0.41787947596153846 0.41482078846153847 0.4203838293269231 0.41482078846153847
1 0.4156194495192308 0.4059164182692308 0.4109772307692308 0.4059164182692308 0.4109772307692308 0.4113459110576923 0.4156194495192308 0.4113459110576923 0.4156194495192308 0.4059164182692308
1 0.42985150961538465 0.39234268269230765 0.42478171875 0.39234268269230765 0.42478171875 0.4116716802884615 0.42985150961538465 0.4116716802884615 0.42985150961538465 0.39234268269230765
1 0.4352267091346154 0.40081269471153846 0.4308288173076923 0.40081269471153846 0.4308288173076923 0.4114545024038462 0.4352267091346154 0.4114545024038462 0.4352267091346154 0.40081269471153846
0 0.4462825144230769 0.38376408173076926 0.44060190865384613 0.38376408173076926 0.44060190865384613 0.40450475 0.4462825144230769 0.40450475 0.4462825144230769 0.38376408173076926
0 0.43931918990384616 0.3826781826923077 0.4336996634615385 0.3826781826923077 0.4336996634615385 0.4003783341346154 0.43931918990384616 0.4003783341346154 0.43931918990384616 0.3826781826923077
0 0.7755433870192309 0.48345602884615385 0.7587667692307692 0.48345602884615385 0.7587667692307692 0.5281936802884615 0.7755433870192309 0.5281936802884615 0.7755433870192309 0.48345602884615385
0 0.9343346730769231 0.2985393629807692 0.9183782451923077 0.2985393629807692 0.9183782451923077 0.3226645576923077 0.9343346730769231 0.3226645576923077 0.9343346730769231 0.2985393629807692
0 0.7731121057692308 0.37254803365384614 0.7629954326923076 0.37254803365384614 0.7629954326923076 0.4146266129807692 0.7731121057692308 0.4146266129807692 0.7731121057692308 0.37254803365384614
0 0.7176612764423077 0.36118003125 0.7076400432692308 0.36118003125 0.7076400432692308 0.4030889375 0.7176612764423077 0.4030889375 0.7176612764423077 0.36118003125
0 0.7743927211538462 0.2929733365384615 0.7675210192307692 0.2929733365384615 0.7675210192307692 0.3085831322115385 0.7743927211538462 0.3085831322115385 0.7743927211538462 0.2929733365384615
0 0.72151878125 0.28856187259615385 0.7133109134615385 0.28856187259615385 0.7133109134615385 0.30552904326923075 0.72151878125 0.30552904326923075 0.72151878125 0.28856187259615385
0 0.6216285528846155 0.40164805288461536 0.6135161250000001 0.40164805288461536 0.6135161250000001 0.42137238701923074 0.6216285528846155 0.42137238701923074 0.6216285528846155 0.40164805288461536
0 0.5502153293269231 0.42629286538461536 0.5409576177884615 0.42629286538461536 0.5409576177884615 0.446314125 0.5502153293269231 0.446314125 0.5502153293269231 0.42629286538461536
0 0.6081953269230769 0.35733179807692306 0.6004073966346154 0.35733179807692306 0.6004073966346154 0.3791855096153846 0.6081953269230769 0.3791855096153846 0.6081953269230769 0.35733179807692306
0 0.5902000528846154 0.33988954807692306 0.5838771322115385 0.33988954807692306 0.5838771322115385 0.36512821153846153 0.5902000528846154 0.36512821153846153 0.5902000528846154 0.33988954807692306
0 0.5838771322115385 0.3367082043269231 0.5780314134615385 0.3367082043269231 0.5780314134615385 0.36321940384615387 0.5838771322115385 0.36321940384615387 0.5838771322115385 0.3367082043269231
0 0.5745716995192308 0.3379807403846154 0.5696803846153846 0.3379807403846154 0.5696803846153846 0.36173477644230767 0.5745716995192308 0.36173477644230767 0.5745716995192308 0.3379807403846154
0 0.5696803846153846 0.3309817836538462 0.5634767620192307 0.3309817836538462 0.5634767620192307 0.3585534326923077 0.5696803846153846 0.3585534326923077 0.5696803846153846 0.3309817836538462
0 0.5662421466346154 0.36334241586538457 0.5574616370192308 0.36334241586538457 0.5574616370192308 0.37854499999999996 0.5662421466346154 0.37854499999999996 0.5662421466346154 0.36334241586538457
0 0.5641042836538461 0.3522119543269231 0.5589886826923076 0.3522119543269231 0.5589886826923076 0.3667358509615385 0.5641042836538461 0.3667358509615385 0.5641042836538461 0.3522119543269231
0 0.5583015120192308 0.3522119543269231 0.5540257860576923 0.3522119543269231 0.5540257860576923 0.36619290144230765 0.5583015120192308 0.36619290144230765 0.5583015120192308 0.3522119543269231
0 0.5500554663461539 0.33551625961538456 0.5463142067307692 0.33551625961538456 0.5463142067307692 0.35994898317307694 0.5500554663461539 0.35994898317307694 0.5500554663461539 0.33551625961538456
0 0.5426492980769231 0.34203165384615386 0.5378391057692308 0.34203165384615386 0.5378391057692308 0.36307094230769227 0.5426492980769231 0.36307094230769227 0.5426492980769231 0.34203165384615386
0 0.5930608774038462 0.3112616923076923 0.5894341442307692 0.3112616923076923 0.5894341442307692 0.33891817788461537 0.5930608774038462 0.33891817788461537 0.5930608774038462 0.3112616923076923
0 0.5992644975961539 0.3075289158653846 0.5943016009615385 0.3075289158653846 0.5943016009615385 0.3227993677884615 0.5992644975961539 0.3227993677884615 0.5992644975961539 0.3075289158653846
0 0.6082358894230769 0.3046444951923077 0.6012687451923078 0.3046444951923077 0.6012687451923078 0.3292468918269231 0.6082358894230769 0.3292468918269231 0.6082358894230769 0.3046444951923077
0 0.6279642980769231 0.28249332692307694 0.6235053269230769 0.28249332692307694 0.6235053269230769 0.29834744951923076 0.6279642980769231 0.29834744951923076 0.6279642980769231 0.28249332692307694
0 0.6269259086538461 0.29639283173076925 0.6330340889423076 0.29639283173076925 0.6330340889423076 0.28325345673076924 0.6269259086538461 0.28325345673076924 0.6269259086538461 0.29639283173076925
0 0.6455558605769232 0.28412217548076923 0.6404860697115384 0.28412217548076923 0.6404860697115384 0.2938952644230769 0.6455558605769232 0.2938952644230769 0.6455558605769232 0.28412217548076923
0 0.6465331682692308 0.2935694951923077 0.6532521682692308 0.2935694951923077 0.6532521682692308 0.28281909615384615 0.6465331682692308 0.28281909615384615 0.6465331682692308 0.2935694951923077
0 0.57433715625 0.2798166778846154 0.5691452019230769 0.2798166778846154 0.5691452019230769 0.2890468173076923 0.57433715625 0.2890468173076923 0.57433715625 0.2798166778846154
0 0.5651748846153846 0.2769661923076923 0.5594484639423076 0.2769661923076923 0.5594484639423076 0.29081140144230766 0.5651748846153846 0.29081140144230766 0.5651748846153846 0.2769661923076923
0 0.4927517836538462 0.3713291009615384 0.4867963076923077 0.3713291009615384 0.4867963076923077 0.3897893798076923 0.4927517836538462 0.3897893798076923 0.4927517836538462 0.3713291009615384
0 0.5081749399038462 0.3690215673076923 0.5015322932692308 0.3690215673076923 0.5015322932692308 0.38205235096153844 0.5081749399038462 0.38205235096153844 0.5081749399038462 0.3690215673076923
0 0.5166610168269231 0.32939728846153843 0.5107360817307692 0.32939728846153843 0.5107360817307692 0.34992077644230773 0.5166610168269231 0.34992077644230773 0.5166610168269231 0.32939728846153843
0 0.4378652475961538 0.30786230288461536 0.43263664423076925 0.30786230288461536 0.43263664423076925 0.32601853124999997 0.4378652475961538 0.32601853124999997 0.4378652475961538 0.30786230288461536
0 0.4282557668269231 0.3136618533653846 0.42521344471153844 0.3136618533653846 0.42521344471153844 0.32426550721153846 0.4282557668269231 0.32426550721153846 0.4282557668269231 0.3136618533653846
0 0.42707486538461537 0.3048373341346154 0.42359220673076925 0.3048373341346154 0.42359220673076925 0.3212053918269231 0.42707486538461537 0.3212053918269231 0.42707486538461537 0.3048373341346154
0 0.39127255048076925 0.29966699759615384 0.3880474302884615 0.29966699759615384 0.3880474302884615 0.3134796298076923 0.39127255048076925 0.3134796298076923 0.39127255048076925 0.29966699759615384
0 0.3764663197115385 0.2963658653846154 0.3732412019230769 0.2963658653846154 0.3732412019230769 0.3107866009615385 0.3764663197115385 0.3107866009615385 0.3764663197115385 0.2963658653846154
0 0.37886072836538465 0.2944546826923077 0.37558674278846155 0.2944546826923077 0.37558674278846155 0.30731172596153844 0.37886072836538465 0.30731172596153844 0.37886072836538465 0.2944546826923077
0 0.37176683894230766 0.2974599086538462 0.3688837788461538 0.2974599086538462 0.3688837788461538 0.31092505288461536 0.37176683894230766 0.31092505288461536 0.37176683894230766 0.2974599086538462
0 0.3688837788461538 0.29832862740384614 0.3666848317307692 0.29832862740384614 0.3666848317307692 0.30962197596153845 0.3688837788461538 0.30962197596153845 0.3688837788461538 0.29832862740384614
0 0.3659518509615385 0.2937244158653846 0.3629221947115384 0.2937244158653846 0.3629221947115384 0.30458340384615384 0.3659518509615385 0.30458340384615384 0.3659518509615385 0.2937244158653846
0 0.3614562307692308 0.29407190384615384 0.3580845144230769 0.29407190384615384 0.3580845144230769 0.3061470985576923 0.3614562307692308 0.3061470985576923 0.3614562307692308 0.29407190384615384
0 0.3219844014423077 0.3192946177884615 0.3184172259615385 0.3192946177884615 0.3184172259615385 0.33050109375 0.3219844014423077 0.33050109375 0.3219844014423077 0.3192946177884615
0 0.3132412091346154 0.2987361778846154 0.3096984639423077 0.2987361778846154 0.3096984639423077 0.3103552956730769 0.3132412091346154 0.3103552956730769 0.3132412091346154 0.2987361778846154
0 0.27598130769230766 0.2956854807692308 0.27317154326923077 0.2956854807692308 0.27317154326923077 0.3014407451923077 0.27598130769230766 0.3014407451923077 0.27598130769230766 0.2956854807692308
0 0.26982349759615387 0.27777629567307693 0.2682353701923077 0.27777629567307693 0.2682353701923077 0.2838573293269231 0.26982349759615387 0.2838573293269231 0.26982349759615387 0.27777629567307693
0 0.2718391971153846 0.27636462740384615 0.27025106971153845 0.27636462740384615 0.27025106971153845 0.28309719951923074 0.2718391971153846 0.28309719951923074 0.2718391971153846 0.27636462740384615
0 0.26238181250000003 0.29224663701923076 0.26062265625000003 0.29224663701923076 0.26062265625000003 0.29801493028846154 0.26238181250000003 0.29801493028846154 0.26238181250000003 0.29224663701923076
0 0.2590980528846154 0.2989878966346154 0.2590980528846154 0.29516553125 0.25632249519230765 0.29516553125 0.25632249519230765 0.2989878966346154 0.2589793052884616 0.2989878966346154 0.2590980528846154 0.2989878966346154
0 0.26238181250000003 0.30030834855769234 0.2602708245192308 0.30030834855769234 0.2602708245192308 0.3044087043269231 0.26238181250000003 0.3044087043269231 0.26238181250000003 0.30030834855769234
1 0.25749589423076924 0.28280386778846156 0.24483974278846155 0.28280386778846156 0.24483974278846155 0.29235977884615383 0.25749589423076924 0.29235977884615383 0.25749589423076924 0.28280386778846156
1 0.3063162139423077 0.2892928942307692 0.28579654567307694 0.2892928942307692 0.28579654567307694 0.3056237932692308 0.3063162139423077 0.3056237932692308 0.3063162139423077 0.2892928942307692
0 0.3349523846153846 0.3260360216346154 0.3377683197115384 0.3260360216346154 0.3377683197115384 0.3171615576923077 0.3349523846153846 0.3171615576923077 0.3349523846153846 0.3260360216346154
1 0.3063162139423077 0.28166370432692306 0.29943319711538463 0.28166370432692306 0.29943319711538463 0.2892928942307692 0.3063162139423077 0.2892928942307692 0.3063162139423077 0.28166370432692306
1 0.3069210264423077 0.29816110336538465 0.32855253125 0.29816110336538465 0.32855253125 0.2758611682692308 0.3069210264423077 0.2758611682692308 0.3069210264423077 0.29816110336538465
1 0.3288085264423077 0.30180190865384615 0.33981627403846154 0.30180190865384615 0.33981627403846154 0.2874662379807692 0.3288085264423077 0.2874662379807692 0.3288085264423077 0.30180190865384615
0 0.35165600240384615 0.30316721153846155 0.35479193028846157 0.30316721153846155 0.35479193028846157 0.2914483677884615 0.35165600240384615 0.2914483677884615 0.35165600240384615 0.30316721153846155
0 0.3552399206730769 0.3022570096153846 0.35754386778846153 0.3022570096153846 0.35754386778846153 0.29258612019230773 0.3552399206730769 0.29258612019230773 0.3552399206730769 0.3022570096153846
0 0.3880474302884615 0.29948999759615386 0.3857774615384616 0.29948999759615386 0.3857774615384616 0.3080822980769231 0.3880474302884615 0.3080822980769231 0.3880474302884615 0.29948999759615386
0 0.3870062331730769 0.3074269543269231 0.3847125264423077 0.3074269543269231 0.3847125264423077 0.3163833365384615 0.3870062331730769 0.3163833365384615 0.3870062331730769 0.3074269543269231
1 0.07917996875000001 0.4235407644230769 0.08511903365384615 0.4235407644230769 0.08511903365384615 0.41844363701923076 0.07917996875000001 0.41844363701923076 0.07917996875000001 0.4235407644230769
1 0.5827666923076923 0.4978557091346154 0.5786067884615385 0.4978557091346154 0.5786067884615385 0.5056777524038462 0.5827666923076923 0.5056777524038462 0.5827666923076923 0.4978557091346154
1 0.45576687980769226 0.5620403389423078 0.4620745745192308 0.5620403389423078 0.4620745745192308 0.5427440697115384 0.45576687980769226 0.5427440697115384 0.45576687980769226 0.5620403389423078
1 0.46555609615384613 0.55963740625 0.4692424110576923 0.55963740625 0.4692424110576923 0.55206453125 0.46555609615384613 0.55206453125 0.46555609615384613 0.55963740625
1 0.4568755 0.5696172187499999 0.4624433725961538 0.5696172187499999 0.4624433725961538 0.5596050024038461 0.4568755 0.5596050024038461 0.4568755 0.5696172187499999
1 0.4188945793269231 0.42069749038461535 0.4234512764423077 0.42069749038461535 0.4234512764423077 0.41406065865384617 0.4188945793269231 0.41406065865384617 0.4188945793269231 0.42069749038461535
1 0.43195028125 0.44672925 0.43855493028846154 0.44672925 0.43855493028846154 0.43699009375000003 0.43195028125 0.43699009375000003 0.43195028125 0.44672925
1 0.3561248173076923 0.44654720913461543 0.36431662980769236 0.44654720913461543 0.36431662980769236 0.43507867067307693 0.3561248173076923 0.43507867067307693 0.3561248173076923 0.44654720913461543
1 0.3595551370192308 0.4138709807692308 0.36774694951923076 0.4138709807692308 0.36774694951923076 0.40404080528846154 0.3595551370192308 0.40404080528846154 0.3595551370192308 0.4138709807692308
0 0.43630218028846157 0.38756615865384614 0.43307665624999997 0.38756615865384614 0.43307665624999997 0.3994897980769231 0.43630218028846157 0.3994897980769231 0.43630218028846157 0.38756615865384614
1 0.43742855528846153 0.41095833413461536 0.43993729807692306 0.41095833413461536 0.43993729807692306 0.4020383605769231 0.43742855528846153 0.4020383605769231 0.43742855528846153 0.41095833413461536
1 0.4412172692307692 0.4132338389423077 0.4442891995192308 0.4132338389423077 0.4442891995192308 0.40450475 0.4412172692307692 0.40450475 0.4412172692307692 0.4132338389423077
1 0.43348624519230766 0.4231550336538462 0.4359437884615385 0.4231550336538462 0.4359437884615385 0.4168746442307692 0.43348624519230766 0.4168746442307692 0.43348624519230766 0.4231550336538462
1 0.4398349014423077 0.4166926033653846 0.44193405288461535 0.4166926033653846 0.44193405288461535 0.41296077884615384 0.4398349014423077 0.41296077884615384 0.4398349014423077 0.4166926033653846
1 0.23532708653846154 0.3256259519230769 0.25457784615384615 0.3256259519230769 0.25457784615384615 0.30541948076923076 0.23532708653846154 0.30541948076923076 0.23532708653846154 0.3256259519230769
1 0.25636980528846154 0.32653615144230774 0.27792451201923074 0.32653615144230774 0.27792451201923074 0.31388435336538467 0.25636980528846154 0.31388435336538467 0.25636980528846154 0.32653615144230774
0 0.26734675240384614 0.30841338701923077 0.2656690673076923 0.30841338701923077 0.2656690673076923 0.3134464375 0.26734675240384614 0.3134464375 0.26734675240384614 0.30841338701923077
0 0.2784823725961539 0.3184422043269231 0.28070530288461537 0.3184422043269231 0.28070530288461537 0.3082642596153846 0.2784823725961539 0.3082642596153846 0.2784823725961539 0.3184422043269231
0 0.28542378846153843 0.3164662668269231 0.2877515745192308 0.3164662668269231 0.2877515745192308 0.30718308653846155 0.28542378846153843 0.30718308653846155 0.28542378846153843 0.3164662668269231
1 0.2785452860576923 0.32772538461538464 0.28720632692307696 0.32772538461538464 0.28720632692307696 0.3188150240384615 0.2785452860576923 0.3188150240384615 0.2785452860576923 0.32772538461538464
0 0.27468661538461536 0.3110976802884616 0.2773079951923077 0.3110976802884616 0.2773079951923077 0.3046106394230769 0.27468661538461536 0.3046106394230769 0.27468661538461536 0.3110976802884616
0 0.27938412740384616 0.2972661129807692 0.2769934302884615 0.2972661129807692 0.2769934302884615 0.3066984230769231 0.27938412740384616 0.3066984230769231 0.27938412740384616 0.2972661129807692
0 0.27124736538461536 0.3121042908653846 0.27355418028846157 0.3121042908653846 0.27355418028846157 0.3046106394230769 0.27124736538461536 0.3046106394230769 0.27124736538461536 0.3121042908653846
0 0.2737848605769231 0.2839937764423077 0.27516894951923077 0.2839937764423077 0.27516894951923077 0.2783269350961538 0.2737848605769231 0.2783269350961538 0.2737848605769231 0.2839937764423077
0 0.2795728677884615 0.2851495144230769 0.28162802884615384 0.2851495144230769 0.28162802884615384 0.27862518990384616 0.2795728677884615 0.27862518990384616 0.2795728677884615 0.2851495144230769
0 0.2793212139423077 0.27456146875000004 0.2778322716346154 0.27456146875000004 0.2778322716346154 0.27970636298076923 0.2793212139423077 0.27970636298076923 0.2793212139423077 0.27456146875000004
0 0.2886358605769231 0.28810511538461536 0.2907001971153846 0.28810511538461536 0.2907001971153846 0.2818138028846154 0.2886358605769231 0.2818138028846154 0.2886358605769231 0.28810511538461536
1 0.28447442067307693 0.2809400096153846 0.2965327668269231 0.2809400096153846 0.2965327668269231 0.2688234086538462 0.28447442067307693 0.2688234086538462 0.28447442067307693 0.2809400096153846