1 0.40290269951923074 0.43933006490384613 0.3997654927884616 0.43933006490384613 0.3997654927884616 0.45222899759615387 0.40290269951923074 0.45222899759615387 0.40290269951923074 0.43933006490384613
1 0.31161216105769235 0.3454403341346154 0.31117185817307697 0.3454403341346154 0.3091628076923077 0.3454403341346154 0.3091628076923077 0.35020401682692304 0.31161216105769235 0.35020401682692304 0.31161216105769235 0.3454403341346154
1 0.03449471875 0.2763576658653846 0.03279809134615384 0.2763576658653846 0.03279809134615384 0.2795688485576923 0.03449471875 0.2795688485576923 0.03449471875 0.2763576658653846
0 0.42890729807692307 0.37220998798076926 0.4262710889423077 0.37220998798076926 0.4262710889423077 0.38449907692307694 0.42890729807692307 0.38449907692307694 0.42890729807692307 0.37220998798076926
1 0.29378366346153845 0.4290517596153846 0.29378366346153845 0.4226403701923077 0.2908489543269231 0.4226403701923077 0.2908489543269231 0.43187668509615385 0.29378366346153845 0.43187668509615385 0.29378366346153845 0.4290517596153846
1 0.4487914399038461 0.5473414254807693 0.4487914399038461 0.542641420673077 0.44529393509615384 0.542641420673077 0.44529393509615384 0.5525720673076923 0.4487914399038461 0.5525720673076923 0.4487914399038461 0.5473414254807693
1 0.33063157451923075 0.5329113990384615 0.33063157451923075 0.526842358173077 0.32794361057692306 0.526842358173077 0.32794361057692306 0.5287835841346153 0.32794361057692306 0.5329113990384615 0.33063157451923075 0.5329113990384615
1 0.14168643990384616 0.3567359639423077 0.14168643990384616 0.34972506009615384 0.13874489423076922 0.34972506009615384 0.13874489423076922 0.35201830528846156 0.13874489423076922 0.3567359639423077 0.14168643990384616 0.3567359639423077
1 0.2861201923076923 0.4219776298076923 0.2833554254807692 0.4219776298076923 0.2833554254807692 0.43107192307692305 0.2861201923076923 0.43107192307692305 0.2861201923076923 0.4219776298076923
1 0.16126855288461536 0.41267965865384615 0.1591412548076923 0.41267965865384615 0.1591412548076923 0.41833128846153844 0.16126855288461536 0.41833128846153844 0.16126855288461536 0.41267965865384615
0 0.43718675 0.36656988701923077 0.43477338221153844 0.36656988701923077 0.43477338221153844 0.3772776009615385 0.43718675 0.3772776009615385 0.43718675 0.36656988701923077
0 0.4357425048076923 0.3796539591346154 0.43331006250000004 0.3796539591346154 0.43331006250000004 0.39355935096153843 0.4357425048076923 0.39355935096153843 0.4357425048076923 0.3796539591346154
1 0.39215262740384615 0.38499137019230767 0.3913656129807693 0.38499137019230767 0.3897790576923077 0.38499137019230767 0.3897790576923077 0.39525544951923075 0.39215262740384615 0.39525544951923075 0.39215262740384615 0.38499137019230767
1 0.33956781971153843 0.4020667740384616 0.33669134855769234 0.4020667740384616 0.33669134855769234 0.41301077403846154 0.33956781971153843 0.41301077403846154 0.33956781971153843 0.4020667740384616
1 0.11124549759615385 0.3694944879807692 0.11124549759615385 0.36597812740384617 0.10722723798076922 0.36597812740384617 0.10722723798076922 0.3719018149038461 0.11124549759615385 0.3719018149038461 0.11124549759615385 0.3694944879807692
1 0.045698341346153845 0.3116660793269231 0.04322946875 0.3116660793269231 0.04322946875 0.3150349375 0.045698341346153845 0.3150349375 0.045698341346153845 0.3116660793269231
1 0.46770423317307697 0.6076295072115385 0.46448113221153847 0.6076295072115385 0.46448113221153847 0.6166980889423077 0.46770423317307697 0.6166980889423077 0.46770423317307697 0.6076295072115385
0 0.42597831009615383 0.37312158653846156 0.42330369951923075 0.37312158653846156 0.42330369951923075 0.3863808533653846 0.42597831009615383 0.3863808533653846 0.42597831009615383 0.37312158653846156
1 0.3664800649038461 0.3542664134615385 0.3640299471153846 0.3542664134615385 0.3640299471153846 0.36244659375 0.3664800649038461 0.36244659375 0.3664800649038461 0.3542664134615385
1 0.3957445793269231 0.40063216586538464 0.3944197043269231 0.40063216586538464 0.39355373317307696 0.40063216586538464 0.39355373317307696 0.40683350721153844 0.3957445793269231 0.40683350721153844 0.3957445793269231 0.40063216586538464
1 0.2916715625 0.32625240625 0.2889772980769231 0.32625240625 0.28790950721153846 0.32625240625 0.28790950721153846 0.3312493798076923 0.2916715625 0.3312493798076923 0.2916715625 0.32625240625
1 0.026492463942307694 0.3133575168269231 0.024270197115384615 0.3133575168269231 0.024270197115384615 0.31666285096153846 0.026492463942307694 0.31666285096153846 0.026492463942307694 0.3133575168269231
1 0.3621883701923077 0.3399855168269231 0.35959221394230767 0.3399855168269231 0.35959221394230767 0.34986738942307694 0.3621883701923077 0.34986738942307694 0.3621883701923077 0.3399855168269231
1 0.13889352403846153 0.34784918990384617 0.13889352403846153 0.33804801682692304 0.1358653221153846 0.33804801682692304 0.1358653221153846 0.3435347211538462 0.1358653221153846 0.34784918990384617 0.13889352403846153 0.34784918990384617
0 0.4626793221153846 0.40450778605769233 0.45999918028846154 0.40450778605769233 0.45999918028846154 0.41699721875 0.4626793221153846 0.41699721875 0.4626793221153846 0.40450778605769233
1 0.2818682355769231 0.33249020192307693 0.2797108966346154 0.33249020192307693 0.2797108966346154 0.3383160072115385 0.2818682355769231 0.3383160072115385 0.2818682355769231 0.33249020192307693
0 0.46488472596153846 0.3116380192307692 0.4612901995192308 0.3116380192307692 0.4612901995192308 0.3211506875 0.46488472596153846 0.3211506875 0.46488472596153846 0.3116380192307692
1 0.45304527403846157 0.4349041129807692 0.4500669471153846 0.4349041129807692 0.4500669471153846 0.4424736009615385 0.45304527403846157 0.4424736009615385 0.45304527403846157 0.4349041129807692
1 0.3827082956730769 0.3780236706730769 0.3771555576923077 0.3780236706730769 0.3771555576923077 0.3831695552884616 0.3827082956730769 0.3831695552884616 0.3827082956730769 0.3780236706730769
1 0.3349249831730769 0.34128833413461535 0.33278271394230774 0.34128833413461535 0.33278271394230774 0.34776840144230764 0.3349249831730769 0.34776840144230764 0.3349249831730769 0.34128833413461535
1 0.2851534855769231 0.35668399999999995 0.2828028052884615 0.35668399999999995 0.2828028052884615 0.3616194278846154 0.2851534855769231 0.3616194278846154 0.2851534855769231 0.35668399999999995
1 0.1888670432692308 0.3280945961538461 0.1888670432692308 0.32597890625 0.18639499278846156 0.32597890625 0.18639499278846156 0.3298011778846154 0.1888670432692308 0.3298011778846154 0.1888670432692308 0.3280945961538461
1 0.09003416826923077 0.4502144423076923 0.08523318028846154 0.4502144423076923 0.08523318028846154 0.45638323076923076 0.09003416826923077 0.45638323076923076 0.09003416826923077 0.4502144423076923
1 0.40763126923076926 0.3872310504807693 0.40763126923076926 0.37299929086538464 0.40529731009615383 0.37299929086538464 0.40529731009615383 0.3762118197115385 0.40529731009615383 0.3872310504807693 0.40763126923076926 0.3872310504807693
1 0.13979051923076924 0.4102436778846154 0.13707881009615386 0.4102436778846154 0.13707881009615386 0.41555401923076923 0.13979051923076924 0.41555401923076923 0.13979051923076924 0.4102436778846154
1 0.05313724759615384 0.3504226682692308 0.05313724759615384 0.3462690552884615 0.05065669951923077 0.3462690552884615 0.05065669951923077 0.3475037259615385 0.05065669951923077 0.3504226682692308 0.05313724759615384 0.3504226682692308
0 0.4631525985576923 0.3104599567307692 0.46035420192307697 0.3104599567307692 0.46035420192307697 0.3199851706730769 0.4631525985576923 0.3199851706730769 0.4631525985576923 0.3104599567307692
1 0.05527241586538461 0.45718202884615383 0.051905838942307686 0.45718202884615383 0.050777375 0.45718202884615383 0.050777375 0.46243896394230766 0.05527241586538461 0.46243896394230766 0.05527241586538461 0.45718202884615383
1 0.4139821057692308 0.5676775336538461 0.4123578581730769 0.5676775336538461 0.4111091298076923 0.5676775336538461 0.4111091298076923 0.574936875 0.4139821057692308 0.574936875 0.4139821057692308 0.5676775336538461
0 0.4213195168269231 0.35624841826923076 0.41907075240384617 0.35624841826923076 0.41907075240384617 0.36577781490384614 0.4213195168269231 0.36577781490384614 0.4213195168269231 0.35624841826923076
1 0.12991787500000002 0.34523143749999996 0.12991787500000002 0.3428009591346154 0.12783479807692308 0.3428009591346154 0.12783479807692308 0.3492642427884615 0.12991787500000002 0.3492642427884615 0.12991787500000002 0.34523143749999996
0 0.41433706249999996 0.3577468317307692 0.4113203990384615 0.3577468317307692 0.4113203990384615 0.36768680288461536 0.41433706249999996 0.36768680288461536 0.41433706249999996 0.3577468317307692
0 0.4733076418269231 0.31630184134615386 0.4709086418269231 0.31630184134615386 0.4709086418269231 0.32617642307692307 0.4733076418269231 0.32617642307692307 0.4733076418269231 0.31630184134615386
1 0.1904650528846154 0.3621986057692308 0.1904650528846154 0.36071350721153844 0.18768992548076924 0.36071350721153844 0.18768992548076924 0.3650436682692308 0.1904650528846154 0.3650436682692308 0.1904650528846154 0.3621986057692308
1 0.3888607019230769 0.4029191201923077 0.38710804086538464 0.4029191201923077 0.38710804086538464 0.40749257451923077 0.3888607019230769 0.40749257451923077 0.3888607019230769 0.4029191201923077
0 0.32522659375 0.30406635576923075 0.32192243028846157 0.30406635576923075 0.32192243028846157 0.3119836875 0.32522659375 0.3119836875 0.32522659375 0.30406635576923075
1 0.028259151442307694 0.3447767740384616 0.025864189903846153 0.3447767740384616 0.025864189903846153 0.34882318028846154 0.028259151442307694 0.34882318028846154 0.028259151442307694 0.3447767740384616
1 0.22252798076923078 0.31252783413461543 0.2204412451923077 0.31252783413461543 0.2204412451923077 0.3160906466346154 0.22252798076923078 0.3160906466346154 0.22252798076923078 0.31252783413461543
0 0.47476933894230766 0.31663021394230767 0.47270100961538464 0.31663021394230767 0.47270100961538464 0.3261224807692308 0.47476933894230766 0.3261224807692308 0.47476933894230766 0.31663021394230767
0 0.3830339110576923 0.32281471634615383 0.3798843076923077 0.32281471634615383 0.3798843076923077 0.3307595721153846 0.3830339110576923 0.3307595721153846 0.3830339110576923 0.32281471634615383
1 0.4020965264423077 0.37949187740384616 0.4020965264423077 0.37396870432692303 0.3995875985576923 0.37396870432692303 0.3995875985576923 0.37604214663461544 0.3995875985576923 0.37949187740384616 0.4020965264423077 0.37949187740384616
1 0.13288370673076924 0.3059532451923077 0.1316762043269231 0.3059532451923077 0.13053773317307693 0.3059532451923077 0.13053773317307693 0.31089641346153846 0.13288370673076924 0.31089641346153846 0.13288370673076924 0.3059532451923077
1 0.32345498317307697 0.3522212836538462 0.3226552379807692 0.3522212836538462 0.3212275817307692 0.3522212836538462 0.3212275817307692 0.3571589158653846 0.32345498317307697 0.3571589158653846 0.32345498317307697 0.3522212836538462
1 0.34264837980769236 0.31856672596153846 0.3412241081730769 0.31856672596153846 0.3398332596153846 0.31856672596153846 0.3398332596153846 0.3290126081730769 0.34264837980769236 0.3290126081730769 0.34264837980769236 0.31856672596153846
0 0.4243309326923077 0.3547431947115385 0.4215111730769231 0.3547431947115385 0.4215111730769231 0.3658134471153846 0.4243309326923077 0.3658134471153846 0.4243309326923077 0.3547431947115385
1 0.14121610336538462 0.3198665192307692 0.13932016586538462 0.3198665192307692 0.13932016586538462 0.3256464350961539 0.14121610336538462 0.3256464350961539 0.14121610336538462 0.3198665192307692
1 0.3866678870192307 0.3840465120192308 0.38487567067307693 0.3840465120192308 0.3841661442307692 0.3840465120192308 0.3841661442307692 0.3886034086538462 0.3866678870192307 0.3886034086538462 0.3866678870192307 0.3840465120192308
1 0.3754478461538462 0.360884264423077 0.37388469951923076 0.360884264423077 0.3725746802884615 0.360884264423077 0.3725746802884615 0.3693647596153846 0.3754478461538462 0.3693647596153846 0.3754478461538462 0.360884264423077
1 0.13278402403846154 0.4511978701923077 0.13278402403846154 0.4455569230769231 0.1301283918269231 0.4455569230769231 0.1301283918269231 0.4480723269230769 0.1301283918269231 0.4511978701923077 0.13278402403846154 0.4511978701923077
1 0.08670701923076923 0.28927584134615386 0.08491044471153845 0.28927584134615386 0.08358702644230769 0.28927584134615386 0.08358702644230769 0.2939285841346154 0.08670701923076923 0.2939285841346154 0.08670701923076923 0.28927584134615386
1 0.41219762259615383 0.39443901923076924 0.41102631971153847 0.39443901923076924 0.4096745817307692 0.39443901923076924 0.4096745817307692 0.4006283798076923 0.41219762259615383 0.4006283798076923 0.41219762259615383 0.39443901923076924
1 0.3844704639423077 0.3509015408653846 0.38243551442307694 0.3509015408653846 0.38176552403846153 0.3509015408653846 0.38176552403846153 0.36348111298076924 0.3844704639423077 0.36348111298076924 0.3844704639423077 0.3509015408653846
1 0.3425968485576923 0.3825252668269231 0.3415457644230769 0.3825252668269231 0.3401678389423077 0.3825252668269231 0.3401678389423077 0.3878390552884615 0.3425968485576923 0.3878390552884615 0.3425968485576923 0.3825252668269231
1 0.35921586298076924 0.3865716875 0.35921586298076924 0.38295771394230765 0.3564558028846154 0.38295771394230765 0.3564558028846154 0.3885411850961538 0.35921586298076924 0.3885411850961538 0.35921586298076924 0.3865716875
0 0.4119785625 0.3607087884615385 0.4095246947115384 0.3607087884615385 0.4095246947115384 0.36961003124999997 0.4119785625 0.36961003124999997 0.4119785625 0.3607087884615385
1 0.3632648798076923 0.3750567956730769 0.3632648798076923 0.3695043485576923 0.35920508653846156 0.3695043485576923 0.35920508653846156 0.3750567956730769 0.3622529110576923 0.3750567956730769 0.3632648798076923 0.3750567956730769
0 0.47200737019230765 0.3167094759615384 0.46956895192307696 0.3167094759615384 0.46956895192307696 0.3259912836538461 0.47200737019230765 0.3259912836538461 0.47200737019230765 0.3167094759615384
1 0.2651104615384615 0.4171192307692308 0.26341133173076925 0.4171192307692308 0.26341133173076925 0.42099841105769226 0.2651104615384615 0.42099841105769226 0.2651104615384615 0.4171192307692308
1 0.3207874927884615 0.34057416586538464 0.3197843918269231 0.34057416586538464 0.31852931971153847 0.34057416586538464 0.31852931971153847 0.3457288677884615 0.3207874927884615 0.3457288677884615 0.3207874927884615 0.34057416586538464
1 0.35200815144230774 0.3192810048076923 0.3506917884615385 0.3192810048076923 0.34957621875 0.3192810048076923 0.34957621875 0.3298634831730769 0.35200815144230774 0.3298634831730769 0.35200815144230774 0.3192810048076923
0 0.43413356249999996 0.3819701009615385 0.4317583389423077 0.3819701009615385 0.4317583389423077 0.3967331490384615 0.43413356249999996 0.3967331490384615 0.43413356249999996 0.3819701009615385
1 0.4039517403846154 0.3792659086538462 0.4039517403846154 0.3738852620192308 0.40130968028846153 0.3738852620192308 0.40130968028846153 0.38047423076923076 0.4039517403846154 0.38047423076923076 0.4039517403846154 0.3792659086538462
1 0.6957099927884615 0.9180352091346153 0.69112059375 0.9180352091346153 0.69112059375 0.9250918918269231 0.6957099927884615 0.9250918918269231 0.6957099927884615 0.9180352091346153
1 0.7015638990384615 0.9175958701923077 0.6982004807692307 0.9175958701923077 0.6982004807692307 0.9236074951923077 0.7015638990384615 0.9236074951923077 0.7015638990384615 0.9175958701923077
1 0.6544089639423076 0.9107893197115384 0.6510534927884616 0.9107893197115384 0.6510534927884616 0.918772153846154 0.6544089639423076 0.918772153846154 0.6544089639423076 0.9107893197115384
0 0.7244354254807692 0.5970288870192307 0.7203072860576923 0.5970288870192307 0.7203072860576923 0.6153471201923076 0.7244354254807692 0.6153471201923076 0.7244354254807692 0.5970288870192307
1 0.7704887379807693 0.798166685096154 0.7704887379807693 0.7878128629807691 0.7672690072115385 0.7878128629807691 0.7672690072115385 0.7921183557692307 0.7672690072115385 0.798166685096154 0.7704887379807693 0.798166685096154
0 0.9338286081730769 0.5417268533653846 0.9301239014423076 0.5417268533653846 0.9301239014423076 0.5512152211538461 0.9338286081730769 0.5512152211538461 0.9338286081730769 0.5417268533653846
0 0.7377811442307693 0.5933625408653846 0.7328510913461539 0.5933625408653846 0.7328510913461539 0.6138949927884615 0.7377811442307693 0.6138949927884615 0.7377811442307693 0.5933625408653846
1 0.6412038173076924 0.9904400865384615 0.6381257836538462 0.9904400865384615 0.6368085216346154 0.9904400865384615 0.6368085216346154 0.9978880697115385 0.6412038173076924 0.9978880697115385 0.6412038173076924 0.9904400865384615
1 0.7331454591346154 0.9925116658653846 0.7292613990384615 0.9925116658653846 0.7292613990384615 0.999191170673077 0.7331454591346154 0.999191170673077 0.7331454591346154 0.9925116658653846
1 0.6321578990384615 0.9587568485576923 0.6289985024038462 0.9587568485576923 0.6289985024038462 0.9628724278846155 0.6321578990384615 0.9628724278846155 0.6321578990384615 0.9587568485576923
1 0.7219308221153846 0.9796251081730769 0.7166463221153846 0.9796251081730769 0.7166463221153846 0.9869888870192308 0.7219308221153846 0.9869888870192308 0.7219308221153846 0.9796251081730769
1 0.8096185673076923 0.9853947379807693 0.8053543076923078 0.9853947379807693 0.8053543076923078 0.9919063990384616 0.8096185673076923 0.9919063990384616 0.8096185673076923 0.9853947379807693
1 0.7835236875 0.98955078125 0.7806219735576924 0.98955078125 0.7806219735576924 0.9957430240384616 0.7835236875 0.9957430240384616 0.7835236875 0.98955078125
1 0.7513561249999999 0.9840384038461539 0.7475898100961539 0.9840384038461539 0.7475898100961539 0.9897094711538461 0.7513561249999999 0.9897094711538461 0.7513561249999999 0.9840384038461539
1 0.7749482475961538 0.9850990576923077 0.7714636490384615 0.9850990576923077 0.7714636490384615 0.9914086225961539 0.7749482475961538 0.9914086225961539 0.7749482475961538 0.9850990576923077
1 0.673812548076923 0.9429640024038461 0.673812548076923 0.9372157331730769 0.6703968052884615 0.9372157331730769 0.6703968052884615 0.9429640024038461 0.6716790216346153 0.9429640024038461 0.673812548076923 0.9429640024038461
1 0.6785591754807693 0.9951709399038461 0.6785591754807693 0.9914195865384615 0.6754756923076923 0.9914195865384615 0.6754756923076923 0.9970995865384615 0.6785591754807693 0.9970995865384615 0.6785591754807693 0.9951709399038461
1 0.6433134711538462 0.9103793677884616 0.6417922980769231 0.9103793677884616 0.6417922980769231 0.9146483245192307 0.6433134711538462 0.9146483245192307 0.6433134711538462 0.9103793677884616
1 0.8205519350961539 0.9910739471153847 0.8171782187500001 0.9910739471153847 0.8171782187500001 0.9988571730769231 0.8205519350961539 0.9988571730769231 0.8205519350961539 0.9910739471153847
1 0.7459073389423078 0.9805964278846153 0.7459073389423078 0.9771284302884615 0.7432056418269231 0.9771284302884615 0.7432056418269231 0.9846496586538461 0.7459073389423078 0.9846496586538461 0.7459073389423078 0.9805964278846153
1 0.7916163125 0.9931135384615384 0.7916163125 0.9874178293269231 0.7871724447115385 0.9874178293269231 0.7871724447115385 0.9931135384615384 0.7897333437499999 0.9931135384615384 0.7916163125 0.9931135384615384
1 0.5398570817307692 0.8802154639423077 0.5370320480769231 0.8802154639423077 0.5370320480769231 0.8852377451923077 0.5398570817307692 0.8852377451923077 0.5398570817307692 0.8802154639423077
0 0.9953094134615385 0.5737278389423077 0.986806826923077 0.5737278389423077 0.986806826923077 0.5942296081730769 0.9953094134615385 0.5942296081730769 0.9953094134615385 0.5737278389423077
0 0.8980123341346153 0.6216098677884615 0.8866358461538462 0.6216098677884615 0.8866358461538462 0.6444137427884615 0.8980123341346153 0.6444137427884615 0.8980123341346153 0.6216098677884615
0 0.7956996610576923 0.5919064110576924 0.7899579711538463 0.5919064110576924 0.7899579711538463 0.6177508028846154 0.7956996610576923 0.6177508028846154 0.7956996610576923 0.5919064110576924
0 0.7941726153846154 0.6146016971153846 0.8000975504807692 0.6146016971153846 0.8000975504807692 0.58940884375 0.7941726153846154 0.58940884375 0.7941726153846154 0.6146016971153846
0 0.8079160216346154 0.5854996081730769 0.8030294783653846 0.5854996081730769 0.8030294783653846 0.6048286081730769 0.8079160216346154 0.6048286081730769 0.8079160216346154 0.5854996081730769
0 0.7860775576923077 0.5640120480769231 0.7823637836538461 0.5640120480769231 0.7823637836538461 0.5747841634615385 0.7860775576923077 0.5747841634615385 0.7860775576923077 0.5640120480769231
0 0.7739614086538461 0.5559808076923077 0.7682197187500001 0.5559808076923077 0.7682197187500001 0.5705318509615385 0.7739614086538461 0.5705318509615385 0.7739614086538461 0.5559808076923077
0 0.8007763221153846 0.5671655649038462 0.7959508605769231 0.5671655649038462 0.7959508605769231 0.5782417331730769 0.8007763221153846 0.5782417331730769 0.8007763221153846 0.5671655649038462
0 0.7011354759615384 0.5655174447115384 0.695867170673077 0.5655174447115384 0.695867170673077 0.5894072163461538 0.7011354759615384 0.5894072163461538 0.7011354759615384 0.5655174447115384
0 0.60130675 0.4800985721153846 0.5980083317307693 0.4800985721153846 0.5980083317307693 0.49378089663461544 0.60130675 0.49378089663461544 0.60130675 0.4800985721153846
0 0.6058268028846154 0.4895458918269231 0.60258946875 0.4895458918269231 0.60258946875 0.5012735985576924 0.6058268028846154 0.5012735985576924 0.6058268028846154 0.4895458918269231
0 0.6125458028846154 0.4810758798076923 0.609613875 0.4810758798076923 0.609613875 0.4894373028846154 0.6125458028846154 0.4894373028846154 0.6125458028846154 0.4810758798076923
0 0.6489925528846154 0.46670129567307694 0.6444114182692308 0.46670129567307694 0.6444114182692308 0.48114375 0.6489925528846154 0.48114375 0.6489925528846154 0.46670129567307694
0 0.6343939999999999 0.46485526682692313 0.6311566658653847 0.46485526682692313 0.6311566658653847 0.4748455360576923 0.6343939999999999 0.4748455360576923 0.6343939999999999 0.46485526682692313
0 0.6388739711538461 0.46467424999999996 0.6358198798076924 0.46467424999999996 0.6358198798076924 0.4794696201923077 0.6388739711538461 0.4794696201923077 0.6388739711538461 0.46467424999999996
0 0.6424625264423077 0.4630454014423077 0.6385685600961538 0.4630454014423077 0.6385685600961538 0.47648339903846154 0.6424625264423077 0.47648339903846154 0.6424625264423077 0.4630454014423077
1 0.5322539639423077 0.5446140432692308 0.527672829326923 0.5446140432692308 0.527672829326923 0.5598844951923077 0.5322539639423077 0.5598844951923077 0.5322539639423077 0.5446140432692308
1 0.5748415240384616 0.5351118990384616 0.5694205144230768 0.5351118990384616 0.5694205144230768 0.5471925240384615 0.5748415240384616 0.5471925240384615 0.5748415240384616 0.5351118990384616
1 0.51141665625 0.49199832211538463 0.5078281009615385 0.49199832211538463 0.5078281009615385 0.5088297548076923 0.51141665625 0.5088297548076923 0.51141665625 0.49199832211538463
1 0.5092024423076923 0.4807321225961539 0.5062247019230769 0.4807321225961539 0.5062247019230769 0.49471306971153844 0.5092024423076923 0.49471306971153844 0.5092024423076923 0.4807321225961539
1 0.5232130817307692 0.4745221394230769 0.5197772283653846 0.4745221394230769 0.5197772283653846 0.49386471153846156 0.5232130817307692 0.49386471153846156 0.5232130817307692 0.4745221394230769
1 0.5346480240384616 0.46637789903846155 0.5294942475961538 0.46637789903846155 0.5294942475961538 0.48402375480769233 0.5346480240384616 0.48402375480769233 0.5346480240384616 0.46637789903846155
1 0.5282535240384616 0.4629844639423077 0.5240541490384616 0.4629844639423077 0.5240541490384616 0.4758795120192308 0.5282535240384616 0.4758795120192308 0.5282535240384616 0.4629844639423077
0 0.5219160456730769 0.4529399014423077 0.518251139423077 0.4529399014423077 0.518251139423077 0.4644504278846154 0.5219160456730769 0.4644504278846154 0.5219160456730769 0.4529399014423077
0 0.5240997211538462 0.4334921322115385 0.5192131778846154 0.4334921322115385 0.5192131778846154 0.4489118942307692 0.5240997211538462 0.4489118942307692 0.5240997211538462 0.4334921322115385
0 0.5522042235576923 0.4443063269230769 0.548881375 0.4443063269230769 0.548881375 0.4593351658653846 0.5522042235576923 0.4593351658653846 0.5522042235576923 0.4443063269230769
0 0.5225413725961539 0.4053354543269231 0.5189986274038462 0.4053354543269231 0.5189986274038462 0.4217325264423077 0.5225413725961539 0.4217325264423077 0.5225413725961539 0.4053354543269231
0 0.5253511346153846 0.39425928605769234 0.5226635360576923 0.39425928605769234 0.5226635360576923 0.4057698149038461 0.5253511346153846 0.4057698149038461 0.5253511346153846 0.39425928605769234
0 0.5073335288461538 0.37207301682692306 0.5018361658653846 0.37207301682692306 0.5018361658653846 0.3836106923076923 0.5073335288461538 0.3836106923076923 0.5073335288461538 0.37207301682692306
0 0.5834587355769231 0.3950885576923077 0.5809543822115384 0.3950885576923077 0.5809543822115384 0.40464446634615386 0.5834587355769231 0.40464446634615386 0.5834587355769231 0.3950885576923077
0 0.5882841995192307 0.397586125 0.5849246995192308 0.397586125 0.5849246995192308 0.40670767548076925 0.5882841995192307 0.40670767548076925 0.5882841995192307 0.397586125
0 0.5799984038461539 0.39262746875 0.5769687451923077 0.39262746875 0.5769687451923077 0.40027219711538464 0.5799984038461539 0.40027219711538464 0.5799984038461539 0.39262746875
0 0.514694889423077 0.34663795913461537 0.5109078173076923 0.34663795913461537 0.5109078173076923 0.3596687451923077 0.514694889423077 0.3596687451923077 0.514694889423077 0.34663795913461537
0 0.4862539110576923 0.3648115769230769 0.4831265216346154 0.3648115769230769 0.4831265216346154 0.3767130288461538 0.4862539110576923 0.3767130288461538 0.4862539110576923 0.3648115769230769
0 0.4855697932692308 0.37402 0.48986995432692304 0.37402 0.48986995432692304 0.3637691153846154 0.4855697932692308 0.3637691153846154 0.4855697932692308 0.37402
0 0.5140468966346154 0.40871073317307693 0.5109683725961538 0.40871073317307693 0.5109683725961538 0.4228708533653846 0.5140468966346154 0.4228708533653846 0.5140468966346154 0.40871073317307693
0 0.51751634375 0.4065389350961538 0.5131673197115385 0.4065389350961538 0.5131673197115385 0.4203515697115385 0.51751634375 0.4203515697115385 0.51751634375 0.4065389350961538
1 0.4256210552884615 0.3897244711538462 0.4214674927884615 0.3897244711538462 0.4214674927884615 0.4031896177884615 0.4256210552884615 0.4031896177884615 0.4256210552884615 0.3897244711538462
0 0.4281025024038462 0.36250234615384613 0.42553706730769225 0.36250234615384613 0.42553706730769225 0.3702122283653846 0.4281025024038462 0.3702122283653846 0.4281025024038462 0.36250234615384613
1 0.34497321634615385 0.3842461129807692 0.34301859855769234 0.3842461129807692 0.34301859855769234 0.3890240673076923 0.34497321634615385 0.3890240673076923 0.34497321634615385 0.3842461129807692
1 0.3584112139423077 0.37747010336538456 0.35513723076923076 0.37747010336538456 0.35513723076923076 0.3808581081730769 0.3584112139423077 0.3808581081730769 0.3584112139423077 0.37747010336538456
1 0.3699923245192308 0.3676535793269231 0.3675001875 0.3676535793269231 0.3675001875 0.37130219951923077 0.3699923245192308 0.37130219951923077 0.3699923245192308 0.3676535793269231
1 0.3796967596153846 0.36087583173076926 0.37741376442307695 0.36087583173076926 0.37741376442307695 0.36626884134615384 0.3796967596153846 0.36626884134615384 0.3796967596153846 0.36087583173076926
1 0.37757013461538463 0.3627105673076923 0.3750682235576923 0.3627105673076923 0.3750682235576923 0.3676587908653846 0.37757013461538463 0.3676587908653846 0.37757013461538463 0.3627105673076923
1 0.3723223894230769 0.33730581490384615 0.3699768485576923 0.33730581490384615 0.3699768485576923 0.35085783173076923 0.3723223894230769 0.35085783173076923 0.3723223894230769 0.33730581490384615
1 0.3721269278846154 0.3490335216346154 0.37486339423076925 0.3490335216346154 0.37486339423076925 0.3360896081730769 0.3721269278846154 0.3360896081730769 0.3721269278846154 0.3490335216346154
1 0.3526687067307692 0.3472960841346154 0.35020588942307695 0.3472960841346154 0.35020588942307695 0.3508404591346154 0.3526687067307692 0.3508404591346154 0.3526687067307692 0.3472960841346154
0 0.37614061298076923 0.3313768076923077 0.37406871875 0.3313768076923077 0.37406871875 0.33909103365384613 0.37614061298076923 0.33909103365384613 0.37614061298076923 0.3313768076923077
0 0.3778606778846154 0.3270679615384615 0.3759842451923077 0.3270679615384615 0.3759842451923077 0.33568565384615384 0.3778606778846154 0.33568565384615384 0.3778606778846154 0.3270679615384615
0 0.3800498485576923 0.32797143028846154 0.3783297860576923 0.32797143028846154 0.3783297860576923 0.3348516850961539 0.3800498485576923 0.3348516850961539 0.3800498485576923 0.32797143028846154
1 0.3879208509615385 0.3448560697115385 0.3855753100961538 0.3448560697115385 0.3855753100961538 0.3588424471153846 0.3879208509615385 0.3588424471153846 0.3879208509615385 0.3448560697115385
1 0.39070618269230767 0.3491127932692307 0.3878231201923077 0.3491127932692307 0.3878231201923077 0.36831148317307694 0.39070618269230767 0.36831148317307694 0.39070618269230767 0.3491127932692307
1 0.39021752644230767 0.3669215336538461 0.3943222259615385 0.3669215336538461 0.3943222259615385 0.34615914903846157 0.39021752644230767 0.34615914903846157 0.39021752644230767 0.3669215336538461
1 0.36220033173076926 0.35193113461538467 0.3585412884615385 0.35193113461538467 0.3585412884615385 0.36132719951923076 0.36220033173076926 0.36132719951923076 0.36220033173076926 0.35193113461538467
1 0.34997114423076925 0.32440577163461537 0.34775069951923077 0.32440577163461537 0.34775069951923077 0.33413542548076924 0.34997114423076925 0.33413542548076924 0.34997114423076925 0.32440577163461537
1 0.3258319807692308 0.3528291730769231 0.32376790384615384 0.3528291730769231 0.32376790384615384 0.35572026923076927 0.3258319807692308 0.35572026923076927 0.3258319807692308 0.3528291730769231
1 0.3452348605769231 0.35195133173076926 0.34357343509615385 0.35195133173076926 0.34357343509615385 0.35507872115384614 0.3452348605769231 0.35507872115384614 0.3452348605769231 0.35195133173076926
1 0.3449416682692308 0.3373568533653846 0.3429381850961538 0.3373568533653846 0.3429381850961538 0.34022362500000003 0.3449416682692308 0.34022362500000003 0.3449416682692308 0.3373568533653846
0 0.37636998798076926 0.30094448076923075 0.37411826682692306 0.30094448076923075 0.37411826682692306 0.3091729879807692 0.37636998798076926 0.3091729879807692 0.37636998798076926 0.30094448076923075
1 0.09284973798076922 0.49201729326923077 0.08950932932692307 0.49201729326923077 0.08950932932692307 0.4999918629807692 0.09284973798076922 0.4999918629807692 0.09284973798076922 0.49201729326923077
1 0.10850195192307692 0.48981156249999996 0.10554330288461539 0.48981156249999996 0.10554330288461539 0.49575007211538463 0.10850195192307692 0.49575007211538463 0.10850195192307692 0.48981156249999996
1 0.12844898076923078 0.4855697692307693 0.12539488942307692 0.4855697692307693 0.12539488942307692 0.49235663701923077 0.12844898076923078 0.49235663701923077 0.12844898076923078 0.4855697692307693
1 0.19121478846153844 0.42189516826923074 0.1858701298076923 0.42189516826923074 0.1858701298076923 0.42834269230769234 0.19121478846153844 0.42834269230769234 0.19121478846153844 0.42189516826923074
1 0.21100075961538461 0.40117401201923075 0.20754104807692306 0.40117401201923075 0.20754104807692306 0.4056278942307693 0.21100075961538461 0.4056278942307693 0.21100075961538461 0.40117401201923075
1 0.2372468485576923 0.4079608798076923 0.23163973076923078 0.4079608798076923 0.23163973076923078 0.41411147836538464 0.2372468485576923 0.41411147836538464 0.2372468485576923 0.4079608798076923
1 0.25455346153846153 0.4539689495192307 0.2519574831730769 0.4539689495192307 0.2519574831730769 0.45763385817307695 0.25455346153846153 0.45763385817307695 0.25455346153846153 0.4539689495192307
1 0.02587584855769231 0.4126326418269231 0.023413028846153847 0.4126326418269231 0.023413028846153847 0.41631600961538456 0.02587584855769231 0.41631600961538456 0.02587584855769231 0.4126326418269231
1 0.02300561298076923 0.41447237019230765 0.02044115625 0.41447237019230765 0.02044115625 0.41780825240384617 0.02300561298076923 0.41780825240384617 0.02300561298076923 0.41447237019230765
1 0.06243314663461538 0.3566890072115385 0.05775656971153846 0.3566890072115385 0.05775656971153846 0.3612701442307692 0.06243314663461538 0.3612701442307692 0.06243314663461538 0.3566890072115385
1 0.08105775240384615 0.35305667788461537 0.07880994230769231 0.35305667788461537 0.07880994230769231 0.35687904086538463 0.08105775240384615 0.35687904086538463 0.08105775240384615 0.35305667788461537
1 0.09294580048076923 0.3499326826923077 0.08828831250000001 0.3499326826923077 0.08828831250000001 0.35509070192307696 0.09294580048076923 0.35509070192307696 0.09294580048076923 0.3499326826923077
1 0.10416958173076923 0.3499326826923077 0.10180266105769231 0.3499326826923077 0.10180266105769231 0.3533261153846154 0.10416958173076923 0.3533261153846154 0.10416958173076923 0.3499326826923077
1 0.22230764182692309 0.36690737740384616 0.2201086971153846 0.36690737740384616 0.2201086971153846 0.37103379326923075 0.22230764182692309 0.37103379326923075 0.22230764182692309 0.36690737740384616
1 0.2275606778846154 0.36701596875 0.22542281490384616 0.36701596875 0.22542281490384616 0.37038225480769227 0.2275606778846154 0.37038225480769227 0.2275606778846154 0.36701596875
1 0.23861648557692308 0.35756864903846153 0.23531806730769228 0.35756864903846153 0.23531806730769228 0.3612607043269231 0.23861648557692308 0.3612607043269231 0.23861648557692308 0.35756864903846153
1 0.2198643701923077 0.3424746538461539 0.21705460817307692 0.3424746538461539 0.21705460817307692 0.34594953125 0.2198643701923077 0.34594953125 0.2198643701923077 0.3424746538461539
1 0.2445414206730769 0.34540658173076927 0.24228139423076925 0.34540658173076927 0.24228139423076925 0.3489900480769231 0.2445414206730769 0.3489900480769231 0.2445414206730769 0.34540658173076927
1 0.2585291538461539 0.33628503125000003 0.2568188629807692 0.33628503125000003 0.2568188629807692 0.33997708894230766 0.2585291538461539 0.33997708894230766 0.2585291538461539 0.33628503125000003
1 0.26732493509615385 0.33726234134615385 0.2646984182692308 0.33726234134615385 0.2646984182692308 0.3404114471153846 0.26732493509615385 0.3404114471153846 0.26732493509615385 0.33726234134615385
1 0.26463733653846155 0.36136929326923073 0.2629270456730769 0.36136929326923073 0.2629270456730769 0.36473558173076925 0.26463733653846155 0.36473558173076925 0.26463733653846155 0.36136929326923073
1 0.24057087740384614 0.31613041105769235 0.23843301442307693 0.31613041105769235 0.23843301442307693 0.32025682692307694 0.24057087740384614 0.32025682692307694 0.24057087740384614 0.31613041105769235
1 0.15603365624999999 0.2838792163461539 0.15346821875 0.2838792163461539 0.15346821875 0.29082896875 0.15603365624999999 0.29082896875 0.15603365624999999 0.2838792163461539
1 0.18706321394230768 0.29180627884615384 0.18492535096153845 0.29180627884615384 0.18492535096153845 0.29528115384615383 0.18706321394230768 0.29528115384615383 0.18706321394230768 0.29180627884615384
1 0.15701096394230768 0.26531034615384613 0.15414012019230772 0.26531034615384613 0.15414012019230772 0.2713913798076923 0.15701096394230768 0.2713913798076923 0.15701096394230768 0.26531034615384613
1 0.15630685096153846 0.3185978317307692 0.15388312499999998 0.3185978317307692 0.15388312499999998 0.32193371394230774 0.15630685096153846 0.32193371394230774 0.15630685096153846 0.3185978317307692
1 0.1696764375 0.32054376201923074 0.16736998798076924 0.32054376201923074 0.16736998798076924 0.3286749711538462 0.1696764375 0.3286749711538462 0.1696764375 0.32054376201923074
1 0.17307747355769232 0.31762486778846155 0.16987189903846153 0.31762486778846155 0.16987189903846153 0.324366125 0.17307747355769232 0.324366125 0.17307747355769232 0.31762486778846155
1 0.18088030769230767 0.3235877548076923 0.17850349278846153 0.3235877548076923 0.17850349278846153 0.32848037980769235 0.18088030769230767 0.32848037980769235 0.18088030769230767 0.3235877548076923
1 0.18294438221153844 0.31819474519230767 0.17881623076923076 0.31819474519230767 0.17881623076923076 0.32325416586538464 0.18294438221153844 0.32325416586538464 0.18294438221153844 0.31819474519230767
1 0.14909251201923077 0.3335377620192308 0.14733335576923076 0.3335377620192308 0.14733335576923076 0.33694313942307696 0.14909251201923077 0.33694313942307696 0.14909251201923077 0.3335377620192308
1 0.061782634615384614 0.3471772668269231 0.061782634615384614 0.3432854038461538 0.059405819711538466 0.3432854038461538 0.059405819711538466 0.3471772668269231 0.06025021394230769 0.3471772668269231 0.061782634615384614 0.3471772668269231
1 0.05968728365384616 0.35151391105769225 0.0636590673076923 0.35151391105769225 0.0636590673076923 0.3471772668269231 0.05968728365384616 0.3471772668269231 0.05968728365384616 0.35151391105769225
1 0.06641116826923077 0.3448977475961538 0.06362779326923076 0.3448977475961538 0.06362779326923076 0.34984597115384614 0.06641116826923077 0.34984597115384614 0.06641116826923077 0.3448977475961538
1 0.07535854807692308 0.2933232860576923 0.07285419230769231 0.2933232860576923 0.07285419230769231 0.2974497019230769 0.07535854807692308 0.2974497019230769 0.07535854807692308 0.2933232860576923
1 0.06656521153846154 0.2786028413461538 0.06343782211538461 0.2786028413461538 0.06343782211538461 0.28173023076923076 0.06656521153846154 0.28173023076923076 0.06656521153846154 0.2786028413461538
1 0.10758530769230769 0.28746893509615384 0.10352947596153846 0.28746893509615384 0.10352947596153846 0.2923337596153846 0.10758530769230769 0.2923337596153846 0.10758530769230769 0.28746893509615384
1 0.1386950841346154 0.29220913701923074 0.1354699639423077 0.29220913701923074 0.1354699639423077 0.29516278125 0.1386950841346154 0.29516278125 0.1386950841346154 0.29220913701923074
1 0.13483031730769232 0.270716375 0.13198439423076921 0.270716375 0.13198439423076921 0.2740522572115385 0.13483031730769232 0.2740522572115385 0.13483031730769232 0.270716375
1 0.13977159134615386 0.2703271899038462 0.13780133653846155 0.2703271899038462 0.13780133653846155 0.2741078557692308 0.13977159134615386 0.2741078557692308 0.13977159134615386 0.2703271899038462
1 0.1098376875 0.23339403365384617 0.10749214663461538 0.23339403365384617 0.10749214663461538 0.23730326923076922 0.1098376875 0.23730326923076922 0.1098376875 0.23339403365384617
1 0.10157942548076923 0.24784951923076923 0.09942934855769231 0.24784951923076923 0.09942934855769231 0.25125489903846154 0.10157942548076923 0.25125489903846154 0.10157942548076923 0.24784951923076923
1 0.09002470913461538 0.2337438581730769 0.08786305769230769 0.2337438581730769 0.08786305769230769 0.23650507932692305 0.09002470913461538 0.23650507932692305 0.09002470913461538 0.2337438581730769
1 0.08333101923076923 0.25911045432692303 0.08118938221153846 0.25911045432692303 0.08118938221153846 0.26238406490384614 0.08333101923076923 0.26238406490384614 0.08333101923076923 0.25911045432692303
1 0.12201374759615385 0.2521304639423077 0.12024599759615384 0.2521304639423077 0.12024599759615384 0.2551592668269231 0.12201374759615385 0.2551592668269231 0.12201374759615385 0.2521304639423077
1 0.11885765384615385 0.23247134855769233 0.11623164663461538 0.23247134855769233 0.11623164663461538 0.23605808653846155 0.11885765384615385 0.23605808653846155 0.11885765384615385 0.23247134855769233
1 0.11258500721153847 0.2706051418269231 0.1047665360576923 0.2706051418269231 0.1047665360576923 0.27540047115384614 0.11258500721153847 0.27540047115384614 0.11258500721153847 0.2706051418269231
1 0.13926475721153847 0.2551202764423077 0.13107979567307693 0.2551202764423077 0.13107979567307693 0.2592466923076923 0.13926475721153847 0.2592466923076923 0.13926475721153847 0.2551202764423077
1 0.15154220192307694 0.24784475480769233 0.1435404855769231 0.24784475480769233 0.1435404855769231 0.25229693990384616 0.15154220192307694 0.25229693990384616 0.15154220192307694 0.24784475480769233
1 0.1345614591346154 0.2630473389423077 0.13169061298076923 0.2630473389423077 0.13169061298076923 0.2676081129807692 0.1345614591346154 0.2676081129807692 0.1345614591346154 0.2630473389423077
1 0.15313032692307693 0.25805220432692305 0.14366264903846154 0.25805220432692305 0.14366264903846154 0.2634816971153846 0.15313032692307693 0.2634816971153846 0.15313032692307693 0.25805220432692305
1 0.16443486057692308 0.2577524951923077 0.16174530528846154 0.2577524951923077 0.16174530528846154 0.2637570817307692 0.16443486057692308 0.2637570817307692 0.16443486057692308 0.2577524951923077
1 0.1671556875 0.2551393894230769 0.16374683413461538 0.2551393894230769 0.16374683413461538 0.26075478846153843 0.1671556875 0.26075478846153843 0.1671556875 0.2551393894230769
1 0.17400467067307693 0.25691852403846155 0.16881320432692307 0.25691852403846155 0.16881320432692307 0.26131076923076924 0.17400467067307693 0.26131076923076924 0.17400467067307693 0.25691852403846155
1 0.17913358653846154 0.25235948798076924 0.1771320576923077 0.25235948798076924 0.1771320576923077 0.25702972115384615 0.17913358653846154 0.25702972115384615 0.17913358653846154 0.25235948798076924
1 0.1832617403846154 0.25185910576923076 0.1804470889423077 0.25185910576923076 0.1804470889423077 0.2560289567307692 0.1832617403846154 0.2560289567307692 0.1832617403846154 0.25185910576923076
1 0.1959063221153846 0.2522680985576923 0.19340441105769232 0.2522680985576923 0.19340441105769232 0.25991282692307693 0.1959063221153846 0.25991282692307693 0.1959063221153846 0.2522680985576923
1 0.19439266586538462 0.25051398076923076 0.1923410985576923 0.25051398076923076 0.1923410985576923 0.25611826201923077 0.19439266586538462 0.25611826201923077 0.19439266586538462 0.25051398076923076
1 0.20341314903846155 0.25740118509615384 0.20101131490384613 0.25740118509615384 0.20101131490384613 0.26031896875 0.20341314903846155 0.26031896875 0.20341314903846155 0.25740118509615384
1 0.20195078125000002 0.24407100480769228 0.1995426923076923 0.24407100480769228 0.1995426923076923 0.24879683653846152 0.20195078125000002 0.24879683653846152 0.20195078125000002 0.24407100480769228
1 0.1526103173076923 0.3184587091346154 0.15060683413461537 0.3184587091346154 0.15060683413461537 0.32184671394230774 0.1526103173076923 0.32184671394230774 0.1526103173076923 0.3184587091346154
1 0.15842530528846155 0.3250609735576923 0.15485812740384614 0.3250609735576923 0.15485812740384614 0.3294045697115384 0.15842530528846155 0.3294045697115384 0.15842530528846155 0.3250609735576923
1 0.16062425 0.32210732932692304 0.15783892067307692 0.32210732932692304 0.15783892067307692 0.32592969471153843 0.16062425 0.32592969471153843 0.16062425 0.32210732932692304
0 0.4536204375 0.35277860576923076 0.45068851201923077 0.35277860576923076 0.45068851201923077 0.36222592307692303 0.4536204375 0.36222592307692303 0.4536204375 0.35277860576923076
1 0.2643193269230769 0.3130618557692308 0.2604711730769231 0.3130618557692308 0.2604711730769231 0.3183827596153846 0.2643193269230769 0.3183827596153846 0.2643193269230769 0.3130618557692308
1 0.2741534975961538 0.3159503461538461 0.2712215721153846 0.3159503461538461 0.2712215721153846 0.3190082379807692 0.2741534975961538 0.3190082379807692 0.2741534975961538 0.3159503461538461
1 0.2609335625 0.29922234615384613 0.2588323485576923 0.29922234615384613 0.2588323485576923 0.3034790697115385 0.2609335625 0.3034790697115385 0.2609335625 0.29922234615384613
1 0.2756420625 0.2917513629807692 0.27153736538461537 0.2917513629807692 0.27153736538461537 0.30113352884615385 0.2756420625 0.30113352884615385 0.2756420625 0.2917513629807692
1 0.2915679230769231 0.30995211298076925 0.2888314567307692 0.30995211298076925 0.2888314567307692 0.3162068918269231 0.2915679230769231 0.3162068918269231 0.2915679230769231 0.30995211298076925
1 0.2828224735576923 0.31160789182692306 0.28063330048076923 0.31160789182692306 0.28063330048076923 0.31477697836538465 0.2828224735576923 0.31477697836538465 0.2828224735576923 0.31160789182692306
1 0.2793510721153846 0.31705649759615384 0.2773495432692308 0.31705649759615384 0.2773495432692308 0.3198919975961539 0.2793510721153846 0.3198919975961539 0.2793510721153846 0.31705649759615384
1 0.2802892884615385 0.30788282451923077 0.27741209134615386 0.30788282451923077 0.27741209134615386 0.31594453846153847 0.2802892884615385 0.31594453846153847 0.2802892884615385 0.30788282451923077
1 0.30274176923076923 0.30018695192307693 0.30000530528846153 0.30018695192307693 0.30000530528846153 0.3087872692307692 0.30274176923076923 0.3087872692307692 0.30274176923076923 0.30018695192307693
1 0.30601575480769233 0.30149002884615383 0.30337701923076926 0.30149002884615383 0.30337701923076926 0.3105247091346154 0.30601575480769233 0.3105247091346154 0.30601575480769233 0.30149002884615383
1 0.3103159134615385 0.30183751682692306 0.3078237764423077 0.30183751682692306 0.3078237764423077 0.31000347596153843 0.3103159134615385 0.31000347596153843 0.3103159134615385 0.30183751682692306
1 0.3120750697115385 0.2961039711538462 0.3088010841346154 0.2961039711538462 0.3088010841346154 0.3060942403846154 0.3120750697115385 0.3060942403846154 0.3120750697115385 0.2961039711538462
1 0.31525132451923077 0.2974070504807692 0.31271031971153845 0.2974070504807692 0.31271031971153845 0.3075710625 0.31525132451923077 0.3075710625 0.31525132451923077 0.2974070504807692
1 0.30220425 0.2895885793269231 0.29976097596153845 0.2895885793269231 0.29976097596153845 0.29931823317307693 0.30220425 0.29931823317307693 0.30220425 0.2895885793269231
0 0.3045497908653846 0.28672180528846153 0.3016667307692308 0.28672180528846153 0.3016667307692308 0.3000132067307692 0.3045497908653846 0.3000132067307692 0.3045497908653846 0.28672180528846153
0 0.30660213942307696 0.2990576177884615 0.30660213942307696 0.28965644711538463 0.30660213942307696 0.2852449831730769 0.30401227163461536 0.2852449831730769 0.30401227163461536 0.2867720288461538 0.30401227163461536 0.2990576177884615 0.30660213942307696 0.2990576177884615
0 0.3104136442307693 0.28211759615384613 0.30905946153846153 0.28211759615384613 0.30777491105769234 0.28211759615384613 0.30777491105769234 0.2961039711538462 0.3104136442307693 0.2961039711538462 0.3104136442307693 0.28211759615384613
0 0.3131501081730769 0.2961039711538462 0.3131501081730769 0.28237821153846154 0.3104136442307693 0.28237821153846154 0.3104136442307693 0.2894867764423077 0.3104136442307693 0.2961039711538462 0.3131501081730769 0.2961039711538462
1 0.2900144591346154 0.28356618509615383 0.2870434399038462 0.28356618509615383 0.2870434399038462 0.2971182019230769 0.2900144591346154 0.2971182019230769 0.2900144591346154 0.28356618509615383
1 0.28950625721153844 0.2823152283653846 0.28950625721153844 0.29843865384615387 0.2933373076923077 0.29843865384615387 0.2933373076923077 0.2823152283653846 0.2917736153846154 0.2823152283653846 0.28950625721153844 0.2823152283653846
1 0.2945100793269231 0.2818287451923077 0.2918518004807692 0.2818287451923077 0.2918518004807692 0.292253375 0.2945100793269231 0.292253375 0.2945100793269231 0.2818287451923077
1 0.2983802235576923 0.28419166105769234 0.29447098798076926 0.28419166105769234 0.29447098798076926 0.2967707139423077 0.2983802235576923 0.2967707139423077 0.2983802235576923 0.28419166105769234
1 0.2792209975961538 0.2909176514423077 0.2773054735576923 0.2909176514423077 0.2773054735576923 0.29404504086538463 0.2792209975961538 0.29404504086538463 0.2792209975961538 0.2909176514423077
1 0.23472839903846154 0.2690129014423077 0.23033050721153847 0.2690129014423077 0.23033050721153847 0.2722271610576923 0.23472839903846154 0.2722271610576923 0.23472839903846154 0.2690129014423077
1 0.26825677884615384 0.27537666826923074 0.2660050576923077 0.27537666826923074 0.2660050576923077 0.2835495769230769 0.26825677884615384 0.2835495769230769 0.26825677884615384 0.27537666826923074
1 0.2714779879807692 0.27398671875 0.2689760769230769 0.27398671875 0.2689760769230769 0.28343838221153844 0.2714779879807692 0.28343838221153844 0.2714779879807692 0.27398671875
0 0.27995504326923076 0.2693633966346154 0.27721857932692306 0.2693633966346154 0.27721857932692306 0.27831120192307696 0.27995504326923076 0.27831120192307696 0.27995504326923076 0.2693633966346154
0 0.28298470192307695 0.26658349519230773 0.28098121875 0.26658349519230773 0.28098121875 0.2752706850961538 0.28298470192307695 0.2752706850961538 0.28298470192307695 0.26658349519230773
0 0.2865030144230769 0.27474945432692305 0.28435293509615384 0.27474945432692305 0.28435293509615384 0.2793536658653846 0.2865030144230769 0.2793536658653846 0.2865030144230769 0.27474945432692305
0 0.30629065624999996 0.2693430360576923 0.3034564615384615 0.2693430360576923 0.3034564615384615 0.27863832932692306 0.30629065624999996 0.27863832932692306 0.30629065624999996 0.2693430360576923
0 0.3030655360576923 0.2690824182692308 0.3012575144230769 0.2690824182692308 0.3012575144230769 0.2736866298076923 0.3030655360576923 0.2736866298076923 0.3030655360576923 0.2690824182692308
0 0.31554470192307693 0.2756667668269231 0.31339462259615386 0.2756667668269231 0.31339462259615386 0.2814350600961538 0.31554470192307693 0.2814350600961538 0.31554470192307693 0.2756667668269231
1 0.3238036129807692 0.33088472115384615 0.3180619230769231 0.33088472115384615 0.3180619230769231 0.3372915240384616 0.3238036129807692 0.3372915240384616 0.3238036129807692 0.33088472115384615
1 0.25274790865384617 0.28519688701923074 0.2494739230769231 0.28519688701923074 0.2494739230769231 0.2896273533653846 0.25274790865384617 0.2896273533653846 0.25274790865384617 0.28519688701923074
1 0.2630096514423077 0.28832427403846156 0.25983339903846153 0.28832427403846156 0.25983339903846153 0.2924072548076923 0.2630096514423077 0.2924072548076923 0.2630096514423077 0.28832427403846156
0 0.3199331129807692 0.27285804326923074 0.3178807644230769 0.27285804326923074 0.3178807644230769 0.28128461778846153 0.3199331129807692 0.28128461778846153 0.3199331129807692 0.27285804326923074
0 0.3260608389423077 0.2756726923076923 0.32391075961538457 0.2756726923076923 0.32391075961538457 0.2842903846153846 0.3260608389423077 0.2842903846153846 0.3260608389423077 0.2756726923076923
0 0.3231680048076923 0.27275379567307695 0.32058791105769235 0.27275379567307695 0.32058791105769235 0.28234445432692307 0.3231680048076923 0.28234445432692307 0.3231680048076923 0.27275379567307695
0 0.3351876466346154 0.2980691514423077 0.3318472355769231 0.2980691514423077 0.3318472355769231 0.30994617067307695 0.3351876466346154 0.30994617067307695 0.3351876466346154 0.2980691514423077
1 0.3354739663461539 0.2858527908653846 0.3222077620192308 0.2858527908653846 0.3222077620192308 0.29671177884615385 0.3354739663461539 0.29671177884615385 0.3354739663461539 0.2858527908653846
1 0.2639824375 0.2596558269230769 0.25891264903846156 0.2596558269230769 0.25891264903846156 0.27094917307692307 0.2639824375 0.27094917307692307 0.2639824375 0.2596558269230769
1 0.22171859855769233 0.24746661298076925 0.21909208173076924 0.24746661298076925 0.21909208173076924 0.25213597596153847 0.22171859855769233 0.25213597596153847 0.22171859855769233 0.24746661298076925
1 0.21849348076923075 0.24724943269230767 0.21639226682692309 0.24724943269230767 0.21639226682692309 0.25254861778846155 0.21849348076923075 0.25254861778846155 0.21849348076923075 0.24724943269230767
1 0.21609907451923077 0.2463807139423077 0.21394899278846152 0.2463807139423077 0.21394899278846152 0.2535042091346154 0.21609907451923077 0.2535042091346154 0.21609907451923077 0.2463807139423077
1 0.21394899278846152 0.24716256009615384 0.21165231730769232 0.24716256009615384 0.21165231730769232 0.25081118028846155 0.21394899278846152 0.25081118028846155 0.21394899278846152 0.24716256009615384
1 0.21165231730769232 0.24542512259615384 0.2093067764423077 0.24542512259615384 0.2093067764423077 0.24950810096153847 0.21165231730769232 0.24950810096153847 0.21165231730769232 0.24542512259615384
1 0.21111479807692307 0.2376066514423077 0.20896471875 0.2376066514423077 0.20896471875 0.24368768509615385 0.21111479807692307 0.24368768509615385 0.21111479807692307 0.2376066514423077
1 0.22775143990384614 0.2506699110576923 0.2259531923076923 0.2506699110576923 0.2259531923076923 0.2558822259615385 0.22775143990384614 0.2558822259615385 0.22775143990384614 0.2506699110576923
1 0.2310742908653846 0.248168 0.22861147115384617 0.248168 0.22861147115384617 0.2562297139423077 0.2310742908653846 0.2562297139423077 0.2310742908653846 0.248168
1 0.23947914663461536 0.2588706201923077 0.23373256971153847 0.2588706201923077 0.23373256971153847 0.26505589903846155 0.23947914663461536 0.26505589903846155 0.23947914663461536 0.2588706201923077
1 0.2467894182692308 0.2561602163461539 0.24319292067307693 0.2561602163461539 0.24319292067307693 0.26359645192307696 0.2467894182692308 0.26359645192307696 0.2467894182692308 0.2561602163461539
0 0.2485485745192308 0.2501139302884615 0.24526481490384616 0.2501139302884615 0.24526481490384616 0.2581061466346154 0.2485485745192308 0.2581061466346154 0.2485485745192308 0.2501139302884615
0 0.24483480048076922 0.24941895673076922 0.24131648798076924 0.24941895673076922 0.24131648798076924 0.2561602163461539 0.24483480048076922 0.2561602163461539 0.24483480048076922 0.24941895673076922
1 0.24106249519230769 0.2391155528846154 0.2287506923076923 0.2391155528846154 0.2287506923076923 0.24827782211538463 0.24106249519230769 0.24827782211538463 0.24106249519230769 0.2391155528846154
1 0.25728735096153843 0.23606146153846153 0.241253375 0.23606146153846153 0.241253375 0.2484474951923077 0.25728735096153843 0.2484474951923077 0.25728735096153843 0.23606146153846153
1 0.2954052620192308 0.26208400721153846 0.29302306971153846 0.26208400721153846 0.29302306971153846 0.27022825 0.2954052620192308 0.27022825 0.2954052620192308 0.26208400721153846
1 0.34951264663461534 0.28755946875 0.3370099639423077 0.28755946875 0.3370099639423077 0.30571434134615383 0.34951264663461534 0.30571434134615383 0.34951264663461534 0.28755946875
0 0.46313417788461536 0.295615375 0.46063226682692304 0.295615375 0.46063226682692304 0.30534502884615383 0.46313417788461536 0.30534502884615383 0.46313417788461536 0.295615375
1 0.45271606490384614 0.2922870961538461 0.44442848557692305 0.2922870961538461 0.44442848557692305 0.30542212740384617 0.45271606490384614 0.30542212740384617 0.45271606490384614 0.2922870961538461