1 0.8653411081730769 0.9098356538461538 0.85406284375 0.9098356538461538 0.85406284375 0.9375521730769231 0.8653411081730769 0.9375521730769231 0.8653411081730769 0.9098356538461538
1 0.8336690889423076 0.7142396033653846 0.8251772211538462 0.7142396033653846 0.8251772211538462 0.7338652548076923 0.8336690889423076 0.7338652548076923 0.8336690889423076 0.7142396033653846
1 0.8640275216346154 0.7912325480769231 0.8553233557692308 0.7912325480769231 0.8553233557692308 0.81614203125 0.8640275216346154 0.81614203125 0.8640275216346154 0.7912325480769231
1 0.8638152259615384 0.7689649807692308 0.8553233557692308 0.7689649807692308 0.8553233557692308 0.7912325480769231 0.8638152259615384 0.7912325480769231 0.8638152259615384 0.7689649807692308
1 0.5679471322115385 0.4701803269230769 0.56237434375 0.4701803269230769 0.56237434375 0.48103104807692304 0.5679471322115385 0.48103104807692304 0.5679471322115385 0.4701803269230769
1 0.885995826923077 0.8190929927884615 0.8775039591346154 0.8190929927884615 0.8775039591346154 0.8466443918269231 0.885995826923077 0.8466443918269231 0.885995826923077 0.8190929927884615
1 0.8775039591346154 0.8021092548076924 0.8696489807692308 0.8021092548076924 0.8696489807692308 0.8217349086538461 0.8775039591346154 0.8217349086538461 0.8775039591346154 0.8021092548076924
1 0.8683751995192307 0.7802191033653846 0.8640275216346154 0.7802191033653846 0.8640275216346154 0.79607059375 0.8683751995192307 0.79607059375 0.8683751995192307 0.7802191033653846
1 0.8887556850961539 0.7911641802884616 0.8842974543269231 0.7911641802884616 0.8842974543269231 0.8039963365384615 0.8887556850961539 0.8039963365384615 0.8887556850961539 0.7911641802884616
1 0.8809007067307693 0.748516125 0.8738949134615385 0.748516125 0.8738949134615385 0.7643676153846154 0.8809007067307693 0.7643676153846154 0.8809007067307693 0.748516125
1 0.8775039591346154 0.7379484663461539 0.8694366826923077 0.7379484663461539 0.8694366826923077 0.7564418701923077 0.8775039591346154 0.7564418701923077 0.8775039591346154 0.7379484663461539
1 0.8424749975961539 0.6869972524038462 0.8352569086538462 0.6869972524038462 0.8352569086538462 0.7066229038461539 0.8424749975961539 0.7066229038461539 0.8424749975961539 0.6869972524038462
1 0.8666768245192308 0.682845670673077 0.8600956274038462 0.682845670673077 0.8600956274038462 0.7020939062499999 0.8666768245192308 0.7020939062499999 0.8666768245192308 0.682845670673077
1 0.97828675 0.7689425913461538 0.9700602524038462 0.7689425913461538 0.9700602524038462 0.7897004927884615 0.97828675 0.7897004927884615 0.97828675 0.7689425913461538
1 0.987574733173077 0.6939310817307691 0.9774906370192308 0.6939310817307691 0.9774906370192308 0.7321444927884616 0.987574733173077 0.7321444927884616 0.987574733173077 0.6939310817307691
0 0.7670515072115385 0.5976898966346154 0.7609479759615384 0.5976898966346154 0.7609479759615384 0.6156171754807692 0.7670515072115385 0.6156171754807692 0.7670515072115385 0.5976898966346154
1 0.7954461947115384 0.6316573725961538 0.791731 0.6316573725961538 0.791731 0.64392340625 0.7954461947115384 0.64392340625 0.7954461947115384 0.6316573725961538
1 0.8129606730769231 0.6727014062500001 0.8044688052884615 0.6727014062500001 0.8044688052884615 0.6995923269230769 0.8129606730769231 0.6995923269230769 0.8129606730769231 0.6727014062500001
0 0.7415289927884616 0.40575531730769226 0.7363459663461539 0.40575531730769226 0.7363459663461539 0.4214195721153846 0.7415289927884616 0.4214195721153846 0.7415289927884616 0.40575531730769226
0 0.7467120192307692 0.4066767451923077 0.7415289927884616 0.4066767451923077 0.7415289927884616 0.4214195721153846 0.7467120192307692 0.4214195721153846 0.7467120192307692 0.4066767451923077
0 0.7242853245192309 0.3583679519230769 0.720039391826923 0.3583679519230769 0.720039391826923 0.37535168990384615 0.7242853245192309 0.37535168990384615 0.7242853245192309 0.3583679519230769
0 0.728265889423077 0.36261388701923075 0.7245506971153847 0.36261388701923075 0.7245506971153847 0.3791258533653846 0.728265889423077 0.3791258533653846 0.728265889423077 0.36261388701923075
0 0.7096899254807691 0.3564808701923077 0.7038517644230768 0.3564808701923077 0.7038517644230768 0.37393637980769234 0.7096899254807691 0.37393637980769234 0.7096899254807691 0.3564808701923077
0 0.6927061875 0.33902536057692306 0.6887256225961539 0.33902536057692306 0.6887256225961539 0.3560090985576923 0.6927061875 0.3560090985576923 0.6927061875 0.33902536057692306
0 0.6982789759615385 0.3456301490384615 0.6927061875 0.3456301490384615 0.6927061875 0.3560090985576923 0.6982789759615385 0.3560090985576923 0.6982789759615385 0.3456301490384615
0 0.679437641826923 0.32534401682692304 0.6759878197115385 0.32534401682692304 0.6759878197115385 0.3432712956730769 0.679437641826923 0.3432712956730769 0.679437641826923 0.32534401682692304
0 0.6690881754807693 0.3361947379807692 0.6648422427884615 0.3361947379807692 0.6648422427884615 0.3489325408653846 0.6690881754807693 0.3489325408653846 0.6690881754807693 0.3361947379807692
0 0.657146485576923 0.33147703125 0.6523698076923077 0.33147703125 0.6523698076923077 0.3465736899038462 0.657146485576923 0.3465736899038462 0.657146485576923 0.33147703125
0 0.7065054735576923 0.32864640865384614 0.7025249110576923 0.32864640865384614 0.7025249110576923 0.3470454591346154 0.7065054735576923 0.3470454591346154 0.7065054735576923 0.32864640865384614
0 0.6858037956730769 0.26428032692307696 0.681770158653846 0.26428032692307696 0.681770158653846 0.28466081249999997 0.6858037956730769 0.28466081249999997 0.6858037956730769 0.26428032692307696
0 0.6936587764423077 0.25409008413461537 0.686652983173077 0.25409008413461537 0.686652983173077 0.2733383197115385 0.6936587764423077 0.2733383197115385 0.6936587764423077 0.25409008413461537
0 0.6439813413461538 0.25409008413461537 0.6407968894230769 0.25409008413461537 0.6407968894230769 0.26465774278846155 0.6439813413461538 0.26465774278846155 0.6439813413461538 0.25409008413461537
0 0.6276344927884616 0.2088001153846154 0.6240254495192308 0.2088001153846154 0.6240254495192308 0.22691610336538462 0.6276344927884616 0.22691610336538462 0.6276344927884616 0.2088001153846154
0 0.6308189447115384 0.20162920432692305 0.6259361201923077 0.20162920432692305 0.6259361201923077 0.2189903581730769 0.6308189447115384 0.2189903581730769 0.6308189447115384 0.20162920432692305
0 0.6488641658653846 0.21295169471153846 0.6422829663461538 0.21295169471153846 0.6422829663461538 0.23446443028846156 0.6488641658653846 0.23446443028846156 0.6488641658653846 0.21295169471153846
0 0.7119162932692308 0.2537126682692308 0.70830725 0.2537126682692308 0.70830725 0.27560281971153844 0.7119162932692308 0.27560281971153844 0.7119162932692308 0.2537126682692308
0 0.7157376346153845 0.25220300240384613 0.7119162932692308 0.25220300240384613 0.7119162932692308 0.27296090384615385 0.7157376346153845 0.27296090384615385 0.7157376346153845 0.25220300240384613
0 0.7576547548076923 0.28498323076923077 0.7542580048076922 0.28498323076923077 0.7542580048076922 0.2955508894230769 0.7576547548076923 0.2955508894230769 0.7576547548076923 0.28498323076923077
0 0.7605419879807692 0.26535757692307693 0.7549373557692308 0.26535757692307693 0.7549373557692308 0.2810580985576923 0.7605419879807692 0.2810580985576923 0.7605419879807692 0.26535757692307693
0 0.7377837788461539 0.24452418990384617 0.7262348365384615 0.24452418990384617 0.7262348365384615 0.2614324447115385 0.7377837788461539 0.2614324447115385 0.7377837788461539 0.24452418990384617
0 0.7077225625 0.22248307211538462 0.6985513437499999 0.22248307211538462 0.6985513437499999 0.24059906009615384 0.7077225625 0.24059906009615384 0.7077225625 0.22248307211538462
0 0.7394821538461538 0.21584054326923077 0.7348965432692308 0.21584054326923077 0.7348965432692308 0.23154106490384616 0.7394821538461538 0.23154106490384616 0.7394821538461538 0.21584054326923077
0 0.8174931153846153 0.28916958413461535 0.8116974158653847 0.28916958413461535 0.8116974158653847 0.3006619134615385 0.8174931153846153 0.3006619134615385 0.8174931153846153 0.28916958413461535
0 0.8741126538461538 0.27926240384615386 0.8705460673076922 0.27926240384615386 0.8705460673076922 0.29551018028846154 0.8741126538461538 0.29551018028846154 0.8741126538461538 0.27926240384615386
0 0.8820189447115384 0.2765072884615385 0.8789803293269232 0.2765072884615385 0.8789803293269232 0.29271324278846156 0.8820189447115384 0.29271324278846156 0.8820189447115384 0.2765072884615385
0 0.8767013653846154 0.27629951923076923 0.8737211850961538 0.27629951923076923 0.8737211850961538 0.2904277860576923 0.8767013653846154 0.2904277860576923 0.8767013653846154 0.27629951923076923
0 0.8665336874999999 0.27827332211538464 0.8623263725961539 0.27827332211538464 0.8623263725961539 0.2877267932692308 0.8665336874999999 0.2877267932692308 0.8665336874999999 0.27827332211538464
0 0.8934137548076924 0.2822209254807692 0.8897323557692308 0.2822209254807692 0.8897323557692308 0.2958297716346154 0.8934137548076924 0.2958297716346154 0.8934137548076924 0.2822209254807692
0 0.8994325528846154 0.28014323798076923 0.8970367211538461 0.28014323798076923 0.8970367211538461 0.29572588701923075 0.8994325528846154 0.29572588701923075 0.8994325528846154 0.28014323798076923
0 0.8136012163461538 0.21962943028846155 0.8100220769230769 0.21962943028846155 0.8100220769230769 0.229108875 0.8136012163461538 0.229108875 0.8136012163461538 0.21962943028846155
0 0.818129923076923 0.22222654086538463 0.8148429567307692 0.22222654086538463 0.8148429567307692 0.23170598317307695 0.818129923076923 0.23170598317307695 0.818129923076923 0.22222654086538463
0 0.9757933701923077 0.37599472115384613 0.9709784807692308 0.37599472115384613 0.9709784807692308 0.38867591346153846 0.9757933701923077 0.38867591346153846 0.9757933701923077 0.37599472115384613
0 0.9819951201923077 0.37823919230769226 0.9775540673076922 0.37823919230769226 0.9775540673076922 0.39070531009615383 0.9819951201923077 0.39070531009615383 0.9819951201923077 0.37823919230769226
0 0.9873711346153846 0.38540720913461535 0.9804173774038462 0.38540720913461535 0.9804173774038462 0.3979772115384615 0.9873711346153846 0.3979772115384615 0.9873711346153846 0.38540720913461535
0 0.9498559086538462 0.3582934038461539 0.94284371875 0.3582934038461539 0.94284371875 0.3712789423076923 0.9498559086538462 0.3712789423076923 0.9498559086538462 0.3582934038461539
0 0.9526480168269231 0.3306678942307692 0.9450514759615385 0.3306678942307692 0.9450514759615385 0.34391314423076924 0.9526480168269231 0.34391314423076924 0.9526480168269231 0.3306678942307692
0 0.9568845504807691 0.3314470264423077 0.951990625 0.3314470264423077 0.951990625 0.3474192427884616 0.9568845504807691 0.3474192427884616 0.9568845504807691 0.3314470264423077
0 0.9169905745192307 0.2507763004807692 0.9080027788461538 0.2507763004807692 0.9080027788461538 0.26041400480769233 0.9169905745192307 0.26041400480769233 0.9169905745192307 0.2507763004807692
0 0.9222691201923077 0.25381978605769234 0.9164199206730769 0.25381978605769234 0.9164199206730769 0.26345749278846153 0.9222691201923077 0.26345749278846153 0.9222691201923077 0.25381978605769234
1 0.9692053774038462 0.24189946634615384 0.9522284326923077 0.24189946634615384 0.9522284326923077 0.2601603822115385 0.9692053774038462 0.2601603822115385 0.9692053774038462 0.24189946634615384
0 0.8291682740384616 0.2598507067307692 0.8201804807692308 0.2598507067307692 0.8201804807692308 0.27227827403846155 0.8291682740384616 0.27227827403846155 0.8291682740384616 0.2598507067307692
1 0.7575843437499999 0.19893716346153845 0.7494618894230769 0.19893716346153845 0.7494618894230769 0.21202658653846151 0.7575843437499999 0.21202658653846151 0.7575843437499999 0.19893716346153845
1 0.7679857620192307 0.21358485096153845 0.7580518245192308 0.21358485096153845 0.7580518245192308 0.22470047355769232 0.7679857620192307 0.22470047355769232 0.7679857620192307 0.21358485096153845
0 0.6185844807692308 0.16238534615384617 0.6153888197115385 0.16238534615384617 0.6153888197115385 0.17679118028846152 0.6185844807692308 0.17679118028846152 0.6185844807692308 0.16238534615384617
0 0.623948625 0.16461723798076924 0.6206388341346153 0.16461723798076924 0.6206388341346153 0.17313899759615387 0.623948625 0.17313899759615387 0.623948625 0.16461723798076924
0 0.5994105192307692 0.16542883413461537 0.5923344134615385 0.16542883413461537 0.5923344134615385 0.17293609855769232 0.5994105192307692 0.17293609855769232 0.5994105192307692 0.16542883413461537
0 0.6361606105769231 0.17476218990384615 0.6335356057692307 0.17476218990384615 0.6335356057692307 0.18855932692307692 0.6361606105769231 0.18855932692307692 0.6361606105769231 0.17476218990384615
0 0.6212613485576923 0.14724875240384616 0.619531673076923 0.14724875240384616 0.619531673076923 0.15564260576923078 0.6212613485576923 0.15564260576923078 0.6212613485576923 0.14724875240384616
0 0.6251414278846154 0.14990818990384616 0.6229442740384615 0.14990818990384616 0.6229442740384615 0.15680611057692306 0.6251414278846154 0.15680611057692306 0.6251414278846154 0.14990818990384616
0 0.6276190673076923 0.15206898557692308 0.6262633774038461 0.15206898557692308 0.6262633774038461 0.16337159855769232 0.6276190673076923 0.16337159855769232 0.6276190673076923 0.15206898557692308
0 0.6302837019230769 0.15323248798076922 0.6285540264423077 0.15323248798076922 0.6285540264423077 0.1592993341346154 0.6302837019230769 0.1592993341346154 0.6302837019230769 0.15323248798076922
0 0.6344910144230769 0.1475811826923077 0.6321068701923077 0.1475811826923077 0.6321068701923077 0.1611276971153846 0.6344910144230769 0.1611276971153846 0.6344910144230769 0.1475811826923077
0 0.6204794158653846 0.12736139903846155 0.6183794110576923 0.12736139903846155 0.6183794110576923 0.13758751201923075 0.6204794158653846 0.13758751201923075 0.6204794158653846 0.12736139903846155
0 0.6248620360576923 0.12654980288461537 0.6225794206730769 0.12654980288461537 0.6225794206730769 0.13872374519230768 0.6248620360576923 0.13872374519230768 0.6248620360576923 0.12654980288461537
0 0.5919923870192307 0.12265413942307692 0.5898010769230769 0.12265413942307692 0.5898010769230769 0.12963386778846153 0.5919923870192307 0.12963386778846153 0.5919923870192307 0.12265413942307692
0 0.5950054375 0.12314109855769231 0.5927228245192308 0.12314109855769231 0.5927228245192308 0.1314193798076923 0.5950054375 0.1314193798076923 0.5950054375 0.12314109855769231
0 0.57017059375 0.11259034615384615 0.5670662379807692 0.11259034615384615 0.5670662379807692 0.11973239423076923 0.57017059375 0.11973239423076923 0.57017059375 0.11259034615384615
0 0.5976532716346153 0.11453817788461539 0.5955532668269231 0.11453817788461539 0.5955532668269231 0.12232950240384616 0.5976532716346153 0.12232950240384616 0.5976532716346153 0.11453817788461539
0 0.6138141802884616 0.13726287259615383 0.6138141802884616 0.12443965144230769 0.6095228653846154 0.12443965144230769 0.6095228653846154 0.13109474038461538 0.6095228653846154 0.13726287259615383 0.6138141802884616 0.13726287259615383
0 0.6063272067307692 0.12898459134615384 0.6034967644230769 0.12898459134615384 0.6034967644230769 0.13596431971153847 0.6063272067307692 0.13596431971153847 0.6063272067307692 0.12898459134615384
0 0.6063272067307692 0.1390483846153846 0.6084272115384615 0.1390483846153846 0.6084272115384615 0.1307701033653846 0.6063272067307692 0.1307701033653846 0.6063272067307692 0.1390483846153846
0 0.6988243557692309 0.16463234615384614 0.6963134807692307 0.16463234615384614 0.6963134807692307 0.17092221634615384 0.6988243557692309 0.17092221634615384 0.6988243557692309 0.16463234615384614
0 0.6915199903846154 0.17619759134615384 0.6890091129807693 0.17619759134615384 0.6890091129807693 0.18532804807692307 0.6915199903846154 0.18532804807692307 0.6915199903846154 0.17619759134615384
0 0.7036178461538461 0.18837153605769233 0.6996232716346154 0.18837153605769233 0.6996232716346154 0.19608169951923077 0.7036178461538461 0.19608169951923077 0.7036178461538461 0.18837153605769233
0 0.7106939495192308 0.17822658173076922 0.7076124206730768 0.17822658173076922 0.7076124206730768 0.18532804807692307 0.7106939495192308 0.18532804807692307 0.7106939495192308 0.17822658173076922
0 0.7114928653846154 0.1979077908653846 0.7093243822115384 0.1979077908653846 0.7093243822115384 0.20805274278846156 0.7114928653846154 0.20805274278846156 0.7114928653846154 0.1979077908653846
0 0.71605809375 0.20298026682692308 0.711949389423077 0.20298026682692308 0.711949389423077 0.2112991298076923 0.71605809375 0.2112991298076923 0.71605809375 0.20298026682692308
0 0.7271287740384615 0.1494149158653846 0.7245037668269231 0.1494149158653846 0.7245037668269231 0.1595598677884615 0.7271287740384615 0.1595598677884615 0.7271287740384615 0.1494149158653846
0 0.7217646298076923 0.1609801610576923 0.7185689711538461 0.1609801610576923 0.7185689711538461 0.17680628846153848 0.7217646298076923 0.17680628846153848 0.7217646298076923 0.1609801610576923
0 0.7258733365384615 0.16118306009615385 0.7217646298076923 0.16118306009615385 0.7217646298076923 0.1759946923076923 0.7258733365384615 0.1759946923076923 0.7258733365384615 0.16118306009615385
0 0.7352504615384615 0.1614606923076923 0.7298650985576922 0.1614606923076923 0.7298650985576922 0.17150007211538462 0.7352504615384615 0.17150007211538462 0.7352504615384615 0.1614606923076923
0 0.7465073677884615 0.16438607451923076 0.7431789134615384 0.16438607451923076 0.7431789134615384 0.17449193990384615 0.7465073677884615 0.17449193990384615 0.7465073677884615 0.16438607451923076
0 0.7237772019230769 0.20902662740384617 0.7206386081730769 0.20902662740384617 0.7206386081730769 0.22348318509615384 0.7237772019230769 0.22348318509615384 0.7237772019230769 0.20902662740384617
0 0.7299117283653846 0.22018607451923078 0.7256318269230769 0.22018607451923078 0.7256318269230769 0.2305846514423077 0.7299117283653846 0.2305846514423077 0.7299117283653846 0.22018607451923078
0 0.8899193245192307 0.23295419471153847 0.881930173076923 0.23295419471153847 0.881930173076923 0.2418817548076923 0.8899193245192307 0.2418817548076923 0.8899193245192307 0.23295419471153847
0 0.8807888677884615 0.2426933509615385 0.8759953774038463 0.2426933509615385 0.8759953774038463 0.25527309134615384 0.8807888677884615 0.25527309134615384 0.8807888677884615 0.2426933509615385
0 0.7581587427884616 0.2396681081730769 0.7518659230769231 0.2396681081730769 0.7518659230769231 0.26376368990384613 0.7581587427884616 0.26376368990384613 0.7581587427884616 0.2396681081730769
0 0.7715817115384614 0.26345859615384615 0.7768138942307693 0.26345859615384615 0.7768138942307693 0.25268825 0.7715817115384614 0.25268825 0.7715817115384614 0.26345859615384615
0 0.7784317403846154 0.2510971778846154 0.7745764471153845 0.2510971778846154 0.7745764471153845 0.2603376442307692 0.7784317403846154 0.2603376442307692 0.7784317403846154 0.2510971778846154
1 0.8076832932692307 0.16623977884615385 0.8180099711538461 0.16623977884615385 0.8180099711538461 0.1498700793269231 0.8076832932692307 0.1498700793269231 0.8076832932692307 0.16623977884615385
1 0.7279104519230769 0.02409840625 0.7329124375 0.02409840625 0.7329124375 0.01052073798076923 0.7279104519230769 0.01052073798076923 0.7279104519230769 0.02409840625
1 0.6892862524038462 0.027881271634615384 0.6950412259615385 0.027881271634615384 0.6950412259615385 0.010383286057692308 0.6892862524038462 0.010383286057692308 0.6892862524038462 0.027881271634615384
1 0.72498859375 0.06034303605769231 0.7312276298076923 0.06034303605769231 0.7312276298076923 0.04657412980769231 0.72498859375 0.04657412980769231 0.72498859375 0.06034303605769231
1 0.9155044326923077 0.06368218269230769 0.919936298076923 0.06368218269230769 0.919936298076923 0.04861287980769231 0.9155044326923077 0.04861287980769231 0.9155044326923077 0.06368218269230769
1 0.5671897740384615 0.09005791346153846 0.5600987860576923 0.09005791346153846 0.5600987860576923 0.10688657692307692 0.5671897740384615 0.10688657692307692 0.5671897740384615 0.09005791346153846
1 0.554609108173077 0.0825789951923077 0.5458314302884616 0.0825789951923077 0.5458314302884616 0.09841323557692308 0.554609108173077 0.09841323557692308 0.554609108173077 0.0825789951923077
1 0.5023254230769231 0.10709367788461538 0.5182087427884615 0.10709367788461538 0.5182087427884615 0.08901601442307693 0.5023254230769231 0.08901601442307693 0.5023254230769231 0.10709367788461538
1 0.5049715913461539 0.07789435576923077 0.5004671153846154 0.07789435576923077 0.5004671153846154 0.08494613701923076 0.5049715913461539 0.08494613701923076 0.5049715913461539 0.07789435576923077
1 1 0.3453387908653846 0.9850246947115384 0.3453387908653846 0.9850246947115384 0.3604284110576923 1 0.3604284110576923 1 0.3453387908653846
1 0.942726951923077 0.28987856490384617 0.9575387788461539 0.28987856490384617 0.9575387788461539 0.2751250985576923 0.942726951923077 0.2751250985576923 0.942726951923077 0.28987856490384617
1 0.938525016826923 0.2685887548076923 0.9473490817307693 0.2685887548076923 0.9473490817307693 0.25906436298076924 0.938525016826923 0.25906436298076924 0.938525016826923 0.2685887548076923
1 0.7910565841346154 0.1905739855769231 0.7990402620192308 0.1905739855769231 0.7990402620192308 0.17992908173076924 0.7910565841346154 0.17992908173076924 0.7910565841346154 0.1905739855769231
1 0.6394113245192308 0.15029775721153846 0.6530255985576924 0.15029775721153846 0.6530255985576924 0.1374491706730769 0.6394113245192308 0.1374491706730769 0.6394113245192308 0.15029775721153846
0 0.5553899807692309 0.15605724038461538 0.5600961514423077 0.15605724038461538 0.5600961514423077 0.14063893509615386 0.5553899807692309 0.14063893509615386 0.5553899807692309 0.15605724038461538
0 0.5229040120192308 0.12407140625 0.5204944543269231 0.12407140625 0.5204944543269231 0.1339391201923077 0.5229040120192308 0.1339391201923077 0.5229040120192308 0.12407140625
0 0.5229040120192308 0.1399821418269231 0.5253996274038462 0.1399821418269231 0.5253996274038462 0.12560128365384615 0.5229040120192308 0.12560128365384615 0.5229040120192308 0.1399821418269231
1 0.52746559375 0.10343627403846155 0.5102974903846154 0.10343627403846155 0.5102974903846154 0.11728167307692307 0.52746559375 0.11728167307692307 0.52746559375 0.10343627403846155
1 0.7781864302884615 0.2150340721153846 0.7941874038461538 0.2150340721153846 0.7941874038461538 0.20308189663461537 0.7781864302884615 0.20308189663461537 0.7781864302884615 0.2150340721153846
1 0.8715908149038462 0.2292989783653846 0.852156858173077 0.2292989783653846 0.852156858173077 0.25376358653846154 0.8715908149038462 0.25376358653846154 0.8715908149038462 0.2292989783653846
1 0.8782088653846153 0.21958783653846153 0.8690696514423077 0.21958783653846153 0.8690696514423077 0.23097975240384613 0.8782088653846153 0.23097975240384613 0.8782088653846153 0.21958783653846153
1 0.8902741057692308 0.3583036033653846 0.9161160144230769 0.3583036033653846 0.9161160144230769 0.3394415769230769 0.8902741057692308 0.3394415769230769 0.8902741057692308 0.3583036033653846
1 0.9280915336538461 0.35382153846153847 0.9110736899038462 0.35382153846153847 0.9110736899038462 0.3702557788461539 0.9280915336538461 0.3702557788461539 0.9280915336538461 0.35382153846153847
0 0.8330091850961538 0.2631681201923077 0.8232203533653847 0.2631681201923077 0.8232203533653847 0.27227827403846155 0.8330091850961538 0.27227827403846155 0.8330091850961538 0.2631681201923077
1 0.7664626177884616 0.06735926923076924 0.7597395216346154 0.06735926923076924 0.7597395216346154 0.07967001201923077 0.7664626177884616 0.07967001201923077 0.7664626177884616 0.06735926923076924
0 0.7641274783653846 0.291148875 0.7695059567307693 0.291148875 0.7695059567307693 0.27190587499999996 0.7641274783653846 0.27190587499999996 0.7641274783653846 0.291148875
0 0.6710377788461539 0.2714049495192308 0.6674341995192308 0.2714049495192308 0.6674341995192308 0.28297465384615383 0.6710377788461539 0.28297465384615383 0.6710377788461539 0.2714049495192308
1 0.60168340625 0.09926044471153846 0.5896490600961538 0.09926044471153846 0.5896490600961538 0.1142006610576923 0.60168340625 0.1142006610576923 0.60168340625 0.09926044471153846
1 0.6113569567307692 0.10719180048076923 0.6064087572115384 0.10719180048076923 0.6064087572115384 0.12172564423076923 0.6113569567307692 0.12172564423076923 0.6113569567307692 0.10719180048076923
1 0.5034145216346154 0.43957131730769233 0.49565363221153846 0.43957131730769233 0.49565363221153846 0.4509336658653846 0.5034145216346154 0.4509336658653846 0.5034145216346154 0.43957131730769233
1 0.48891991826923076 0.4330785480769231 0.48366990625 0.4330785480769231 0.48366990625 0.4436292980769231 0.48891991826923076 0.4436292980769231 0.48891991826923076 0.4330785480769231
1 0.4944063004807692 0.3547000360576923 0.4912106394230769 0.3547000360576923 0.4912106394230769 0.36330295673076923 0.4944063004807692 0.36330295673076923 0.4944063004807692 0.3547000360576923
1 0.5173180432692308 0.3307909182692308 0.5114745504807693 0.3307909182692308 0.5114745504807693 0.33910166346153847 0.5173180432692308 0.33910166346153847 0.5173180432692308 0.3307909182692308
1 0.5155390649038462 0.31595075480769236 0.5094045384615384 0.31595075480769236 0.5094045384615384 0.32634933173076924 0.5155390649038462 0.32634933173076924 0.5155390649038462 0.31595075480769236
1 0.5211029375 0.31696525 0.5173936899038462 0.31696525 0.5173936899038462 0.3253348341346154 0.5211029375 0.3253348341346154 0.5211029375 0.31696525
1 0.47469345913461536 0.5226369711538461 0.46912958653846154 0.5226369711538461 0.46912958653846154 0.5302456850961538 0.47469345913461536 0.5302456850961538 0.47469345913461536 0.5226369711538461
1 0.5765572788461538 0.5641675697115385 0.5718761370192308 0.5641675697115385 0.5718761370192308 0.5740747500000001 0.5765572788461538 0.5740747500000001 0.5765572788461538 0.5641675697115385
1 0.5605076466346154 0.5942853990384616 0.5538203004807692 0.5942853990384616 0.5538203004807692 0.6037962932692308 0.5605076466346154 0.6037962932692308 0.5605076466346154 0.5942853990384616
1 0.5362102860576923 0.6489730360576923 0.5306374951923076 0.6489730360576923 0.5306374951923076 0.65689878125 0.5362102860576923 0.65689878125 0.5362102860576923 0.6489730360576923
1 0.5213958798076923 0.3544994807692308 0.5166480432692308 0.3544994807692308 0.5166480432692308 0.3629400817307692 0.5213958798076923 0.3629400817307692 0.5213958798076923 0.3544994807692308
1 0.5319016129807692 0.35560528124999996 0.5269083942307693 0.35560528124999996 0.5269083942307693 0.3644821153846154 0.5319016129807692 0.3644821153846154 0.5319016129807692 0.35560528124999996
1 0.5414600625 0.3781778028846154 0.5371801610576923 0.3781778028846154 0.5371801610576923 0.38401114903846156 0.5414600625 0.38401114903846156 0.5414600625 0.3781778028846154
1 0.5655701754807693 0.3677792259615385 0.5608622836538462 0.3677792259615385 0.5608622836538462 0.3731053269230769 0.5655701754807693 0.3731053269230769 0.5655701754807693 0.3677792259615385
1 0.5618609278846154 0.3784314254807692 0.5584370072115384 0.3784314254807692 0.5584370072115384 0.38350390384615385 0.5618609278846154 0.38350390384615385 0.5618609278846154 0.3784314254807692
1 0.5765552572115384 0.4053155504807692 0.5718473653846154 0.4053155504807692 0.5718473653846154 0.41368513701923076 0.5765552572115384 0.41368513701923076 0.5765552572115384 0.4053155504807692
1 0.5707060576923078 0.4354967860576923 0.5659981658653847 0.4354967860576923 0.5659981658653847 0.44386637259615386 0.5707060576923078 0.44386637259615386 0.5707060576923078 0.4354967860576923
1 0.9819657139423076 0.9273294038461538 0.9747210889423077 0.9273294038461538 0.9747210889423077 0.9357505072115385 0.9819657139423076 0.9357505072115385 0.9819657139423076 0.9273294038461538
1 0.9352323052884616 0.9648578028846154 0.9248892091346155 0.9648578028846154 0.9248892091346155 0.9772219639423076 0.9352323052884616 0.9772219639423076 0.9352323052884616 0.9648578028846154
1 0.9516385961538462 0.94932334375 0.9427221322115386 0.94932334375 0.9427221322115386 0.96961325 0.9516385961538462 0.96961325 0.9516385961538462 0.94932334375
1 0.8906499927884616 0.855482528846154 0.8845867980769231 0.855482528846154 0.8845867980769231 0.8678466899038462 0.8906499927884616 0.8678466899038462 0.8906499927884616 0.855482528846154
1 0.8130305745192307 0.7458480432692307 0.8067890504807692 0.7458480432692307 0.8067890504807692 0.7575781442307693 0.8130305745192307 0.7575781442307693 0.8130305745192307 0.7458480432692307
1 0.7930576971153845 0.7242900168269231 0.7882428076923076 0.7242900168269231 0.7882428076923076 0.7334838798076924 0.7930576971153845 0.7334838798076924 0.7930576971153845 0.7242900168269231
1 0.7422115697115385 0.6315786201923077 0.733295108173077 0.6315786201923077 0.733295108173077 0.6439625961538462 0.7422115697115385 0.6439625961538462 0.7422115697115385 0.6315786201923077
1 0.925897735576923 0.8543094182692308 0.9197676682692308 0.8543094182692308 0.9197676682692308 0.8647119591346153 0.925897735576923 0.8647119591346153 0.925897735576923 0.8543094182692308
0 0.8654951971153846 0.44764678124999996 0.856935391826923 0.44764678124999996 0.856935391826923 0.4686975576923077 0.8654951971153846 0.4686975576923077 0.8654951971153846 0.44764678124999996
0 0.8679289447115385 0.48674923317307695 0.8619941490384615 0.48674923317307695 0.8619941490384615 0.5088652307692307 0.8679289447115385 0.5088652307692307 0.8679289447115385 0.48674923317307695
0 0.8431198149038461 0.52546003125 0.8374132788461538 0.52546003125 0.8374132788461538 0.5425035528846154 0.8431198149038461 0.5425035528846154 0.8431198149038461 0.52546003125
0 0.8777977211538462 0.5910978774038461 0.873118360576923 0.5910978774038461 0.873118360576923 0.6014457307692308 0.8777977211538462 0.6014457307692308 0.8777977211538462 0.5910978774038461
0 0.9766276802884615 0.6681553341346155 0.9702363605769231 0.6681553341346155 0.9702363605769231 0.6809379759615385 0.9766276802884615 0.6809379759615385 0.9766276802884615 0.6681553341346155
1 0.9290068822115385 0.7548496658653847 0.923893826923077 0.7548496658653847 0.923893826923077 0.7697830360576923 0.9290068822115385 0.7697830360576923 0.9290068822115385 0.7548496658653847
0 0.75279346875 0.3597613798076923 0.7485706298076923 0.3597613798076923 0.7485706298076923 0.3743701129807692 0.75279346875 0.3743701129807692 0.75279346875 0.3597613798076923
0 0.8415414134615384 0.5847466634615385 0.8347045264423076 0.5847466634615385 0.8347045264423076 0.5962778221153846 0.8415414134615384 0.5962778221153846 0.8415414134615384 0.5847466634615385
0 0.75222559375 0.4703655649038462 0.7466560144230769 0.4703655649038462 0.7466560144230769 0.4893569182692307 0.75222559375 0.4893569182692307 0.75222559375 0.4703655649038462
0 0.9613291370192307 0.5410319639423077 0.9541959663461538 0.5410319639423077 0.9541959663461538 0.5625899879807692 0.9613291370192307 0.5625899879807692 0.9613291370192307 0.5410319639423077
0 0.9722072211538462 0.5863672211538462 0.9631124302884615 0.5863672211538462 0.9631124302884615 0.6088763365384615 0.9722072211538462 0.6088763365384615 0.9722072211538462 0.5863672211538462
0 0.9950333653846154 0.5391297860576922 0.9903968052884615 0.5391297860576922 0.9903968052884615 0.5521280048076923 0.9950333653846154 0.5521280048076923 0.9950333653846154 0.5391297860576922
0 0.9166790528846154 0.3849891706730769 0.9107442548076924 0.3849891706730769 0.9107442548076924 0.4043051610576923 0.9166790528846154 0.4043051610576923 0.9166790528846154 0.3849891706730769
0 0.7726312548076923 0.5098156586538461 0.7681060552884615 0.5098156586538461 0.7681060552884615 0.5211182740384616 0.7726312548076923 0.5211182740384616 0.7726312548076923 0.5098156586538461
0 0.6486380865384616 0.24888523557692308 0.6466746730769231 0.24888523557692308 0.6466746730769231 0.2586919158653846 0.6486380865384616 0.2586919158653846 0.6486380865384616 0.24888523557692308
0 0.65840840625 0.2432339278846154 0.6555100336538462 0.2432339278846154 0.6555100336538462 0.25686355048076925 0.65840840625 0.25686355048076925 0.65840840625 0.2432339278846154
1 0.8073812572115385 0.7088330745192307 0.8034076802884615 0.7088330745192307 0.8034076802884615 0.7169360504807692 0.8073812572115385 0.7169360504807692 0.8073812572115385 0.7088330745192307
1 0.8146118942307693 0.7168666586538461 0.8111057980769231 0.7168666586538461 0.8111057980769231 0.7283978197115384 0.8146118942307693 0.7283978197115384 0.8146118942307693 0.7168666586538461
1 0.8531642331730769 0.7576591682692307 0.8469116971153846 0.7576591682692307 0.8469116971153846 0.7690864447115384 0.8531642331730769 0.7690864447115384 0.8531642331730769 0.7576591682692307
0 0.7149875048076922 0.5531343966346154 0.7098452307692308 0.5531343966346154 0.7098452307692308 0.5647694399038461 0.7149875048076922 0.5647694399038461 0.7149875048076922 0.5531343966346154
1 0.7143447211538461 0.5776510961538461 0.7098452307692308 0.5776510961538461 0.7098452307692308 0.5853385360576924 0.7143447211538461 0.5853385360576924 0.7143447211538461 0.5776510961538461
1 0.6411521538461538 0.5073242788461538 0.6365357932692307 0.5073242788461538 0.6365357932692307 0.5138689903846154 0.6411521538461538 0.5138689903846154 0.6411521538461538 0.5073242788461538
0 0.9043223677884615 0.6066931899038461 0.8992093125 0.6066931899038461 0.8992093125 0.6190294519230769 0.9043223677884615 0.6190294519230769 0.9043223677884615 0.6066931899038461
0 0.8757440360576924 0.6049076778846154 0.8708135889423076 0.6049076778846154 0.8708135889423076 0.6170816201923077 0.8757440360576924 0.6170816201923077 0.8757440360576924 0.6049076778846154
0 0.9270572067307692 0.6299048413461539 0.919570233173077 0.6299048413461539 0.919570233173077 0.6480845961538461 0.9270572067307692 0.6480845961538461 0.9270572067307692 0.6299048413461539
1 0.8380580841346154 0.6706744278846154 0.8313380673076923 0.6706744278846154 0.8313380673076923 0.6831405456730769 0.8380580841346154 0.6831405456730769 0.8380580841346154 0.6706744278846154
1 0.8010729110576923 0.6587043461538461 0.7939397403846153 0.6587043461538461 0.7939397403846153 0.6721464086538462 0.8010729110576923 0.6721464086538462 0.8010729110576923 0.6587043461538461
1 0.7844634663461538 0.6478257091346153 0.7808989375 0.6478257091346153 0.7808989375 0.6553053798076923 0.7844634663461538 0.6553053798076923 0.7844634663461538 0.6478257091346153
0 0.7090856057692307 0.29056065384615387 0.7049951610576923 0.29056065384615387 0.7049951610576923 0.30990910817307693 0.7090856057692307 0.30990910817307693 0.7090856057692307 0.29056065384615387
0 0.7152212716346154 0.28718441346153845 0.7120803942307692 0.28718441346153845 0.7120803942307692 0.2971832788461538 0.7152212716346154 0.2971832788461538 0.7152212716346154 0.28718441346153845
1 0.6242508221153845 0.4792595216346154 0.6208269014423077 0.4792595216346154 0.6208269014423077 0.4855493918269231 0.6242508221153845 0.4855493918269231 0.6242508221153845 0.4792595216346154
1 0.6254323221153846 0.4463053052884615 0.6192966538461538 0.4463053052884615 0.6192966538461538 0.45552503846153847 0.6254323221153846 0.45552503846153847 0.6254323221153846 0.4463053052884615
1 0.8511483341346153 0.6912194495192308 0.846590408653846 0.6912194495192308 0.846590408653846 0.7012962307692308 0.8511483341346153 0.7012962307692308 0.8511483341346153 0.6912194495192308
0 0.9834922307692308 0.6173345817307693 0.976621264423077 0.6173345817307693 0.976621264423077 0.6410599711538462 0.9834922307692308 0.6410599711538462 0.9834922307692308 0.6173345817307693
0 0.92667078125 0.6384974879807692 0.9222868918269231 0.6384974879807692 0.9222868918269231 0.6509575937500001 0.92667078125 0.6509575937500001 0.92667078125 0.6384974879807692