0 0.5132190072115385 0.8322410865384615 0.485953266826923 0.8322410865384615 0.485953266826923 0.9197137331730769 0.5132190072115385 0.9197137331730769 0.5132190072115385 0.8322410865384615
0 0.48711929326923076 0.8316713677884615 0.45576572355769235 0.8316713677884615 0.45576572355769235 0.9159047451923077 0.48711929326923076 0.9159047451923077 0.48711929326923076 0.8316713677884615
0 0.7764699927884616 0.8796804927884616 0.7482423774038461 0.8796804927884616 0.7482423774038461 0.9239965360576924 0.7764699927884616 0.9239965360576924 0.7764699927884616 0.8796804927884616
0 0.6755462019230769 0.8477496682692307 0.6378121682692307 0.8477496682692307 0.6378121682692307 0.9208620985576924 0.6755462019230769 0.9208620985576924 0.6755462019230769 0.8477496682692307
0 0.5164936057692308 0.8797353677884616 0.5081785841346154 0.8797353677884616 0.5081785841346154 0.9304446754807691 0.5164936057692308 0.9304446754807691 0.5164936057692308 0.8797353677884616
0 0.7781954447115385 0.8804545072115384 0.7466187788461538 0.8804545072115384 0.7466187788461538 0.9675427475961539 0.7781954447115385 0.9675427475961539 0.7781954447115385 0.8804545072115384
0 0.45270180528846155 0.8559416322115384 0.42140675961538465 0.8559416322115384 0.42140675961538465 0.9570973365384615 0.45270180528846155 0.9570973365384615 0.45270180528846155 0.8559416322115384
0 0.41642800240384614 0.8685860961538462 0.39366796875 0.8685860961538462 0.39366796875 0.9722706923076923 0.41642800240384614 0.9722706923076923 0.41642800240384614 0.8685860961538462
0 0.5508544495192308 0.8243304759615384 0.5231156586538461 0.8243304759615384 0.5231156586538461 0.9457173197115385 0.5508544495192308 0.9457173197115385 0.5508544495192308 0.8243304759615384
0 0.6120220384615385 0.8268593677884616 0.5800157427884616 0.8268593677884616 0.5800157427884616 0.9229572860576922 0.6120220384615385 0.9229572860576922 0.6120220384615385 0.8268593677884616
1 0.22652397355769233 0.8142149062499999 0.0316411875 0.8142149062499999 0.0316411875 0.9191639471153846 0.22652397355769233 0.9191639471153846 0.22652397355769233 0.8142149062499999
1 0.2883403389423077 0.2214677379807692 0.2772847860576923 0.2214677379807692 0.2772847860576923 0.2525626298076923 0.2883403389423077 0.2525626298076923 0.2883403389423077 0.2214677379807692