1 0.4113910673076923 0.2626044375 0.40610326201923075 0.2626044375 0.40610326201923075 0.2729694519230769 0.4113910673076923 0.2729694519230769 0.4113910673076923 0.2626044375
1 0.21456821875 0.2949341947115385 0.21052762740384615 0.2949341947115385 0.21052762740384615 0.3018645673076923 0.21456821875 0.3018645673076923 0.21456821875 0.2949341947115385
1 0.6460797620192308 0.31097931971153847 0.6413187668269231 0.31097931971153847 0.6413187668269231 0.319933233173077 0.6460797620192308 0.319933233173077 0.6460797620192308 0.31097931971153847
1 0.627865983173077 0.3139612836538461 0.6229082740384615 0.3139612836538461 0.6229082740384615 0.3242507379807692 0.627865983173077 0.3242507379807692 0.627865983173077 0.3139612836538461
1 0.5501626322115385 0.38294106971153846 0.5429920841346154 0.38294106971153846 0.5429920841346154 0.39417786778846153 0.5501626322115385 0.39417786778846153 0.5501626322115385 0.38294106971153846
1 0.7318876899038462 0.3407331105769231 0.7245611826923077 0.3407331105769231 0.7245611826923077 0.3504785048076923 0.7318876899038462 0.3504785048076923 0.7318876899038462 0.3407331105769231
0 0.031167127403846154 0.6495634158653847 0.01662904807692308 0.6495634158653847 0.01662904807692308 0.6770997163461538 0.031167127403846154 0.6770997163461538 0.031167127403846154 0.6495634158653847
0 0.021802850961538462 0.648635951923077 0.011748475961538461 0.648635951923077 0.011748475961538461 0.6732736947115385 0.021802850961538462 0.6732736947115385 0.021802850961538462 0.648635951923077
0 0.27711354086538464 0.6013687548076923 0.26904626442307694 0.6013687548076923 0.26904626442307694 0.6198621586538462 0.27711354086538464 0.6198621586538462 0.27711354086538464 0.6013687548076923
1 0.2539527043269231 0.8318000216346154 0.061890507211538465 0.8318000216346154 0.061890507211538465 0.8884124831730769 0.2539527043269231 0.8884124831730769 0.2539527043269231 0.8318000216346154
0 0.42843685096153844 0.6285752644230769 0.42206794951923077 0.6285752644230769 0.42206794951923077 0.6498049375 0.42843685096153844 0.6498049375 0.42843685096153844 0.6285752644230769
0 0.44621670192307694 0.6691475288461538 0.43639797836538463 0.6691475288461538 0.43639797836538463 0.6922642812500001 0.44621670192307694 0.6922642812500001 0.44621670192307694 0.6691475288461538
1 0.048516487980769234 0.27497122596153845 0.04214758653846154 0.27497122596153845 0.04214758653846154 0.28516147115384616 0.048516487980769234 0.28516147115384616 0.048516487980769234 0.27497122596153845
0 0.4621240552884615 0.5996690600961538 0.45454465625 0.5996690600961538 0.45454465625 0.6161322524038462 0.4621240552884615 0.6161322524038462 0.4621240552884615 0.5996690600961538