1 0.9011241153846155 0.7944621778846154 0.7248766802884615 0.7944621778846154 0.7248766802884615 0.838404625 0.9011241153846155 0.838404625 0.9011241153846155 0.7944621778846154
0 0.7277791754807693 0.8403357259615384 0.7205600793269231 0.8403357259615384 0.7205600793269231 0.8622473413461538 0.7277791754807693 0.8622473413461538 0.7277791754807693 0.8403357259615384
1 0.6702712403846154 0.7762473269230769 0.6514477860576923 0.7762473269230769 0.6514477860576923 0.8104805336538461 0.6702712403846154 0.8104805336538461 0.6702712403846154 0.7762473269230769
0 0.7741896057692308 0.5570525697115385 0.7709441826923077 0.5570525697115385 0.7709441826923077 0.5710279230769231 0.7741896057692308 0.5710279230769231 0.7741896057692308 0.5570525697115385
0 0.7741896057692308 0.5716689927884615 0.7780841129807693 0.5716689927884615 0.7780841129807693 0.5570525697115385 0.7741896057692308 0.5570525697115385 0.7741896057692308 0.5716689927884615
0 0.5508335240384615 0.3970934230769231 0.5496961418269231 0.3970934230769231 0.5496961418269231 0.4015031322115385 0.5508335240384615 0.4015031322115385 0.5508335240384615 0.3970934230769231
0 0.5523097019230769 0.3969428461538461 0.55122071875 0.3969428461538461 0.55122071875 0.4016537067307692 0.5523097019230769 0.4016537067307692 0.5523097019230769 0.3969428461538461
1 0.6053676153846154 0.4078829927884616 0.5942218894230769 0.4078829927884616 0.5942218894230769 0.42337028125000004 0.6053676153846154 0.42337028125000004 0.6053676153846154 0.4078829927884616
1 0.5984495793269231 0.39198574278846154 0.5942218894230769 0.39198574278846154 0.5942218894230769 0.3965863798076923 0.5984495793269231 0.3965863798076923 0.5984495793269231 0.39198574278846154
1 0.6135667692307692 0.39581201442307695 0.606469375 0.39581201442307695 0.606469375 0.41553553605769233 0.6135667692307692 0.41553553605769233 0.6135667692307692 0.39581201442307695
1 0.6333132235576924 0.40530314903846154 0.6226799471153845 0.40530314903846154 0.6226799471153845 0.4152332331730769 0.6333132235576924 0.4152332331730769 0.6333132235576924 0.40530314903846154
0 0.6222699879807692 0.41969721875 0.6201177115384616 0.41969721875 0.6201177115384616 0.4265753966346154 0.6222699879807692 0.4265753966346154 0.6222699879807692 0.41969721875
0 0.6313146802884616 0.4158253942307692 0.6293673822115384 0.4158253942307692 0.6293673822115384 0.42238471875 0.6313146802884616 0.42238471875 0.6313146802884616 0.4158253942307692
1 0.6410482283653847 0.4096971538461539 0.637973545673077 0.4096971538461539 0.637973545673077 0.4133412235576923 0.6410482283653847 0.4133412235576923 0.6410482283653847 0.4096971538461539
1 0.6461317043269231 0.4164751201923077 0.6367641706730769 0.4164751201923077 0.6367641706730769 0.4236174951923077 0.6461317043269231 0.4236174951923077 0.6461317043269231 0.4164751201923077
1 0.656114173076923 0.4083852908653846 0.6478535264423078 0.4083852908653846 0.6478535264423078 0.4161107139423077 0.656114173076923 0.4161107139423077 0.656114173076923 0.4083852908653846
1 0.6577745024038462 0.42030139423076923 0.6536134326923076 0.42030139423076923 0.6536134326923076 0.42598613942307695 0.6577745024038462 0.42598613942307695 0.6577745024038462 0.42030139423076923
0 0.6444566322115384 0.43968422115384614 0.6425281923076922 0.43968422115384614 0.6425281923076922 0.44586456009615383 0.6444566322115384 0.44586456009615383 0.6444566322115384 0.43968422115384614
1 0.661643170673077 0.45276228846153843 0.6594908942307692 0.45276228846153843 0.6594908942307692 0.45782754326923075 0.661643170673077 0.45782754326923075 0.661643170673077 0.45276228846153843
1 0.6664601730769231 0.4516326274038462 0.6648613389423077 0.4516326274038462 0.6648613389423077 0.4568072043269231 0.6664601730769231 0.4568072043269231 0.6664601730769231 0.4516326274038462
1 0.6719741057692308 0.46118008653846154 0.6701087980769231 0.46118008653846154 0.6701087980769231 0.4671927980769231 0.6719741057692308 0.4671927980769231 0.6719741057692308 0.46118008653846154
1 0.6903914543269232 0.4597128990384615 0.6876370504807692 0.4597128990384615 0.6876370504807692 0.46415410817307695 0.6903914543269232 0.46415410817307695 0.6903914543269232 0.4597128990384615
1 0.7033627716346154 0.4605669783653846 0.7015051490384615 0.4605669783653846 0.7015051490384615 0.4643818629807692 0.7033627716346154 0.4643818629807692 0.7033627716346154 0.4605669783653846
1 0.725382858173077 0.4737072884615384 0.7234868052884615 0.4737072884615384 0.7234868052884615 0.47862678125 0.725382858173077 0.47862678125 0.725382858173077 0.4737072884615384
1 0.6752033701923076 0.43865121153846154 0.6726667572115385 0.43865121153846154 0.6726667572115385 0.44498278125 0.6752033701923076 0.44498278125 0.6752033701923076 0.43865121153846154
1 0.6747165456730768 0.42630693028846156 0.671949329326923 0.42630693028846156 0.671949329326923 0.4339594735576923 0.6747165456730768 0.4339594735576923 0.6747165456730768 0.42630693028846156
1 0.6797385264423077 0.44375290625 0.6771762908653846 0.44375290625 0.6771762908653846 0.4505399831730769 0.6797385264423077 0.4505399831730769 0.6797385264423077 0.44375290625
1 0.6875277235576923 0.4406554495192308 0.6847605072115385 0.4406554495192308 0.6847605072115385 0.44908235817307696 0.6875277235576923 0.44908235817307696 0.6875277235576923 0.4406554495192308
1 0.6867590504807691 0.4273546009615385 0.6795847932692307 0.4273546009615385 0.6795847932692307 0.43860566105769233 0.6867590504807691 0.43860566105769233 0.6867590504807691 0.4273546009615385
1 0.6997239639423077 0.43505269471153846 0.6883476370192307 0.43505269471153846 0.6883476370192307 0.44603044951923076 0.6997239639423077 0.44603044951923076 0.6997239639423077 0.43505269471153846
1 0.689244420673077 0.4184266322115385 0.67999475 0.4184266322115385 0.67999475 0.42553256490384617 0.689244420673077 0.42553256490384617 0.689244420673077 0.4184266322115385
1 0.6962393245192308 0.4243482427884615 0.6922678581730769 0.4243482427884615 0.6922678581730769 0.428721125 0.6962393245192308 0.428721125 0.6962393245192308 0.4243482427884615
1 0.7001851658653847 0.43774019471153847 0.7070519567307693 0.43774019471153847 0.7070519567307693 0.4279012091346154 0.7001851658653847 0.4279012091346154 0.7001851658653847 0.43774019471153847
0 0.7133396249999999 0.4375315769230769 0.7112642139423078 0.4375315769230769 0.7112642139423078 0.44231441586538456 0.7133396249999999 0.44231441586538456 0.7133396249999999 0.4375315769230769
0 0.7153894134615384 0.44723390865384616 0.7134677379807692 0.44723390865384616 0.7134677379807692 0.4537476802884616 0.7153894134615384 0.4537476802884616 0.7153894134615384 0.44723390865384616
0 0.7193608798076923 0.4403101778846154 0.717721048076923 0.4403101778846154 0.717721048076923 0.4478260697115385 0.7193608798076923 0.4478260697115385 0.7193608798076923 0.4403101778846154
1 0.7248184399038462 0.45392988461538464 0.7173879567307692 0.45392988461538464 0.7173879567307692 0.4615824278846154 0.7248184399038462 0.4615824278846154 0.7248184399038462 0.45392988461538464
1 0.7452985504807692 0.4553139326923077 0.7404577692307692 0.4553139326923077 0.7404577692307692 0.4617508149038461 0.7452985504807692 0.4617508149038461 0.7452985504807692 0.4553139326923077
1 0.7420258581730769 0.44376906971153846 0.7361839615384616 0.44376906971153846 0.7361839615384616 0.45137606009615383 0.7420258581730769 0.45137606009615383 0.7420258581730769 0.44376906971153846
1 0.7581679423076924 0.45005508653846155 0.7533253173076923 0.45005508653846155 0.7533253173076923 0.45911970673076924 0.7581679423076924 0.45911970673076924 0.7581679423076924 0.45005508653846155
1 0.7562206418269231 0.43593432211538463 0.7517367307692309 0.43593432211538463 0.7517367307692309 0.44354131490384613 0.7562206418269231 0.44354131490384613 0.7562206418269231 0.43593432211538463
1 0.7231100504807693 0.4307561081730769 0.7168458966346154 0.4307561081730769 0.7168458966346154 0.4383940745192308 0.7231100504807693 0.4383940745192308 0.7231100504807693 0.4307561081730769
1 0.7854475384615385 0.46960931490384616 0.7924395625 0.46960931490384616 0.7924395625 0.4567965841346154 0.7854475384615385 0.4567965841346154 0.7854475384615385 0.46960931490384616