0 0.9555957139423078 0.7441669038461539 0.9514037091346155 0.7441669038461539 0.9514037091346155 0.7648414543269231 0.9555957139423078 0.7648414543269231 0.9555957139423078 0.7441669038461539
0 0.9499162235576922 0.7333488269230769 0.9457242187499999 0.7333488269230769 0.9457242187499999 0.7472921274038461 0.9499162235576922 0.7472921274038461 0.9499162235576922 0.7333488269230769
0 0.926116451923077 0.6448809903846153 0.9205721875 0.6448809903846153 0.9205721875 0.6655555384615385 0.926116451923077 0.6655555384615385 0.926116451923077 0.6448809903846153
0 0.8464683557692307 0.7047410216346154 0.8424115745192308 0.7047410216346154 0.8424115745192308 0.7194055264423077 0.8464683557692307 0.7194055264423077 0.8464683557692307 0.7047410216346154
0 0.9128039735576923 0.586318045673077 0.9072651177884615 0.586318045673077 0.9072651177884615 0.6086273269230769 0.9128039735576923 0.6086273269230769 0.9128039735576923 0.586318045673077
0 0.9102076346153846 0.570470764423077 0.9102076346153846 0.5690860504807692 0.9102076346153846 0.5663166201923077 0.9072651177884615 0.5663166201923077 0.9072651177884615 0.5832409038461539 0.9102076346153846 0.5832409038461539 0.9102076346153846 0.570470764423077
0 0.9136694206730769 0.5690860504807692 0.9102076346153846 0.5690860504807692 0.9102076346153846 0.5835486177884616 0.9136694206730769 0.5835486177884616 0.9136694206730769 0.5690860504807692
0 0.9543862644230768 0.49569044471153845 0.95005903125 0.49569044471153845 0.95005903125 0.5131916899038461 0.9543862644230768 0.5131916899038461 0.9543862644230768 0.49569044471153845
0 0.9487613870192307 0.4265864567307692 0.9445380096153847 0.4265864567307692 0.9445380096153847 0.44024896634615385 0.9487613870192307 0.44024896634615385 0.9487613870192307 0.4265864567307692
0 0.9317294038461538 0.41575491586538466 0.9288215048076923 0.41575491586538466 0.9288215048076923 0.42954051201923077 0.9317294038461538 0.42954051201923077 0.9317294038461538 0.41575491586538466
0 0.9288215048076923 0.4160010865384616 0.9250135432692308 0.4160010865384616 0.9250135432692308 0.42867891346153847 0.9288215048076923 0.42867891346153847 0.9288215048076923 0.4160010865384616
0 0.9003265264423077 0.3349758581730769 0.8972247668269231 0.3349758581730769 0.8972247668269231 0.35041572596153847 0.9003265264423077 0.35041572596153847 0.9003265264423077 0.3349758581730769
0 0.8714240697115384 0.24172436778846154 0.8686590721153846 0.24172436778846154 0.8686590721153846 0.25413928365384614 0.8714240697115384 0.25413928365384614 0.8714240697115384 0.24172436778846154
0 0.8749689375 0.22987663221153848 0.8725229783653846 0.22987663221153848 0.8725229783653846 0.24109417067307692 0.8749689375 0.24109417067307692 0.8749689375 0.22987663221153848
0 0.8530995889423078 0.15638370913461538 0.8497248749999999 0.15638370913461538 0.8497248749999999 0.16646688701923076 0.8530995889423078 0.16646688701923076 0.8530995889423078 0.15638370913461538
0 0.848647235576923 0.15708953125 0.8464635961538461 0.15708953125 0.8464635961538461 0.16581148076923077 0.848647235576923 0.16581148076923077 0.848647235576923 0.15708953125
0 0.8470307764423077 0.15134211778846154 0.8448754951923078 0.15134211778846154 0.8448754951923078 0.16172779326923076 0.8470307764423077 0.16172779326923076 0.8470307764423077 0.15134211778846154
0 0.8338564423076923 0.1242801514423077 0.8306542908653847 0.1242801514423077 0.8306542908653847 0.13443472115384617 0.8338564423076923 0.13443472115384617 0.8338564423076923 0.1242801514423077
0 0.8398129254807691 0.10813468028846153 0.837874326923077 0.10813468028846153 0.837874326923077 0.11625833653846153 0.8398129254807691 0.11625833653846153 0.8398129254807691 0.10813468028846153
0 0.8409206971153846 0.09262588461538461 0.8388436250000001 0.09262588461538461 0.8388436250000001 0.09988793990384615 0.8409206971153846 0.09988793990384615 0.8409206971153846 0.09262588461538461
0 0.8436901250000001 0.0961953701923077 0.8420284687499999 0.0961953701923077 0.8420284687499999 0.10358050961538462 0.8436901250000001 0.10358050961538462 0.8436901250000001 0.0961953701923077
0 0.8464595528846155 0.0984109110576923 0.8447978966346154 0.0984109110576923 0.8447978966346154 0.10456519711538462 0.8464595528846155 0.10456519711538462 0.8464595528846155 0.0984109110576923
0 0.8457689591346154 0.08959955769230768 0.8438635913461539 0.08959955769230768 0.8438635913461539 0.09511379567307691 0.8457689591346154 0.09511379567307691 0.8457689591346154 0.08959955769230768
0 0.8481174326923077 0.08936323317307693 0.8468324182692307 0.08936323317307693 0.8468324182692307 0.09645296874999999 0.8481174326923077 0.09645296874999999 0.8481174326923077 0.08936323317307693
0 0.8508203942307693 0.08833916105769231 0.8486934735576923 0.08833916105769231 0.8486934735576923 0.09314442548076923 0.8508203942307693 0.09314442548076923 0.8508203942307693 0.08833916105769231
0 0.8546795360576923 0.08201846394230769 0.8525969254807693 0.08201846394230769 0.8525969254807693 0.09099879567307692 0.8546795360576923 0.09099879567307692 0.8546795360576923 0.08201846394230769
1 0.8508134134615385 0.08038942548076923 0.8467700504807693 0.08038942548076923 0.8467700504807693 0.08580519471153845 0.8508134134615385 0.08580519471153845 0.8508134134615385 0.08038942548076923
1 0.9645243894230769 0.8540780408653846 0.958777826923077 0.8540780408653846 0.958777826923077 0.8800491201923077 0.9645243894230769 0.8800491201923077 0.9645243894230769 0.8540780408653846
0 0.9557791971153846 0.5724658822115385 0.9608215216346154 0.5724658822115385 0.9608215216346154 0.5543508677884615 0.9557791971153846 0.5543508677884615 0.9557791971153846 0.5724658822115385
0 0.8204370432692307 0.44685385817307693 0.8147594110576922 0.44685385817307693 0.8147594110576922 0.4696102644230769 0.8204370432692307 0.4696102644230769 0.8204370432692307 0.44685385817307693
0 0.8122818990384615 0.44043067788461543 0.8079462524038461 0.44043067788461543 0.8079462524038461 0.4608013341346154 0.8122818990384615 0.4608013341346154 0.8122818990384615 0.44043067788461543
0 0.8417023533653847 0.4585991009615385 0.8373667091346154 0.4585991009615385 0.8373667091346154 0.4800708701923077 0.8417023533653847 0.4800708701923077 0.8417023533653847 0.4585991009615385
0 0.8345795072115384 0.4562133485576923 0.8299341730769231 0.4562133485576923 0.8299341730769231 0.4802543918269231 0.8345795072115384 0.4802543918269231 0.8345795072115384 0.4562133485576923
0 0.86258778125 0.45050956490384614 0.8571042211538462 0.45050956490384614 0.8571042211538462 0.47740616826923077 0.86258778125 0.47740616826923077 0.86258778125 0.45050956490384614
0 0.8967761514423077 0.3346883894230769 0.8927061706730769 0.3346883894230769 0.8927061706730769 0.35089133653846155 0.8967761514423077 0.35089133653846155 0.8967761514423077 0.3346883894230769
0 0.9427632932692307 0.4240219711538461 0.9395920769230769 0.4240219711538461 0.9395920769230769 0.43928138942307693 0.9427632932692307 0.43928138942307693 0.9427632932692307 0.4240219711538461