0 0.2274582139423077 0.9253058870192308 0.2230732860576923 0.9253058870192308 0.2230732860576923 0.9506410240384615 0.2274582139423077 0.9506410240384615 0.2274582139423077 0.9253058870192308
0 0.23899749759615385 0.9326910288461538 0.23317016105769228 0.9326910288461538 0.23317016105769228 0.9547438798076923 0.23899749759615385 0.9547438798076923 0.23899749759615385 0.9326910288461538
0 0.23720890865384614 0.9231518870192308 0.2331124639423077 0.9231518870192308 0.2331124639423077 0.9415121682692308 0.23720890865384614 0.9415121682692308 0.23720890865384614 0.9231518870192308
0 0.16834852644230772 0.93772634375 0.1627141105769231 0.93772634375 0.1627141105769231 0.9497464302884615 0.16834852644230772 0.9497464302884615 0.16834852644230772 0.93772634375
0 0.2717984975961538 0.8187596490384615 0.26862519471153845 0.8187596490384615 0.26862519471153845 0.8345300024038462 0.2717984975961538 0.8345300024038462 0.2717984975961538 0.8187596490384615
1 0.3458470576923077 0.83999225 0.34127750240384613 0.83999225 0.34127750240384613 0.8455721346153846 0.3458470576923077 0.8455721346153846 0.3458470576923077 0.83999225
0 0.2807607620192308 0.7707798990384614 0.2776959302884615 0.7707798990384614 0.2776959302884615 0.7767536586538462 0.2807607620192308 0.7767536586538462 0.2807607620192308 0.7707798990384614
0 0.28574573317307694 0.7659877644230769 0.2795422139423077 0.7659877644230769 0.2795422139423077 0.7729462091346153 0.28574573317307694 0.7729462091346153 0.28574573317307694 0.7659877644230769
0 0.30669414903846154 0.7169144158653846 0.3023092211538462 0.7169144158653846 0.3023092211538462 0.7319924110576923 0.30669414903846154 0.7319924110576923 0.30669414903846154 0.7169144158653846
0 0.39295901923076926 0.7833035961538461 0.38866640625 0.7833035961538461 0.38866640625 0.7983200504807691 0.39295901923076926 0.7983200504807691 0.39295901923076926 0.7833035961538461
0 0.3873740072115384 0.7851909110576922 0.38331217788461536 0.7851909110576922 0.38331217788461536 0.801684391826923 0.3873740072115384 0.801684391826923 0.3873740072115384 0.7851909110576922
0 0.3826659783653846 0.7888834807692308 0.3786041514423077 0.7888834807692308 0.3786041514423077 0.8030793629807692 0.3826659783653846 0.8030793629807692 0.3826659783653846 0.7888834807692308
0 0.35887800961538463 0.725670125 0.35530083173076926 0.725670125 0.35530083173076926 0.7379786947115385 0.35887800961538463 0.7379786947115385 0.35887800961538463 0.725670125
1 0.4910856370192308 0.7821775168269232 0.48762385096153843 0.7821775168269232 0.48762385096153843 0.7940758004807692 0.4910856370192308 0.7940758004807692 0.4910856370192308 0.7821775168269232
1 0.48341201442307696 0.782895516826923 0.48000792548076926 0.782895516826923 0.48000792548076926 0.7934603701923078 0.48341201442307696 0.7934603701923078 0.48341201442307696 0.782895516826923
1 0.47648844471153845 0.7887420865384616 0.47308435576923075 0.7887420865384616 0.47308435576923075 0.7982812283653846 0.47648844471153845 0.7982812283653846 0.47648844471153845 0.7887420865384616
0 0.3324281201923077 0.6749077403846153 0.32910480528846153 0.6749077403846153 0.32910480528846153 0.6880368798076923 0.3324281201923077 0.6880368798076923 0.3324281201923077 0.6749077403846153
1 0.46336790144230766 0.5464005360576923 0.43298713221153845 0.5464005360576923 0.43298713221153845 0.5624273197115385 0.46336790144230766 0.5624273197115385 0.46336790144230766 0.5464005360576923
1 0.49798575 0.5449581250000001 0.4902327932692308 0.5449581250000001 0.4902327932692308 0.5555358028846153 0.49798575 0.5555358028846153 0.49798575 0.5449581250000001
1 0.5227109038461538 0.5374404399038462 0.5102340528846153 0.5374404399038462 0.5102340528846153 0.5528261490384615 0.5227109038461538 0.5528261490384615 0.5227109038461538 0.5374404399038462
1 0.5130544350961539 0.7367389278846154 0.5105870480769231 0.7367389278846154 0.5105870480769231 0.7450418822115386 0.5130544350961539 0.7450418822115386 0.5130544350961539 0.7367389278846154
1 0.511256764423077 0.7497534567307693 0.509185920673077 0.7497534567307693 0.509185920673077 0.7556673557692307 0.511256764423077 0.7556673557692307 0.511256764423077 0.7497534567307693
0 0.39089278365384617 0.6867599711538461 0.38727844471153844 0.6867599711538461 0.38727844471153844 0.6986930240384616 0.39089278365384617 0.6986930240384616 0.39089278365384617 0.6867599711538461
0 0.2612680673076923 0.9468625504807692 0.24593940384615387 0.9468625504807692 0.24593940384615387 0.9574999855769231 0.2612680673076923 0.9574999855769231 0.2612680673076923 0.9468625504807692
0 0.3365343269230769 0.6847511442307692 0.3337254711538461 0.6847511442307692 0.3337254711538461 0.6924862091346153 0.3365343269230769 0.6924862091346153 0.3365343269230769 0.6847511442307692
0 0.33628648798076927 0.6899404903846154 0.33953594951923083 0.6899404903846154 0.33953594951923083 0.6838699326923077 0.33628648798076927 0.6838699326923077 0.33628648798076927 0.6899404903846154
0 0.33953594951923083 0.6918008221153846 0.34251003365384614 0.6918008221153846 0.34251003365384614 0.684212625 0.33953594951923083 0.684212625 0.33953594951923083 0.6918008221153846