0 0.49549412499999995 0.8185910697115385 0.3424795144230769 0.8185910697115385 0.3424795144230769 0.8714738822115385 0.49549412499999995 0.8714738822115385 0.49549412499999995 0.8185910697115385
0 0.3601244855769231 0.7960734663461538 0.3323408173076923 0.7960734663461538 0.3323408173076923 0.8536715 0.3601244855769231 0.8536715 0.3601244855769231 0.7960734663461538
0 0.8183062235576923 0.740751798076923 0.7795184855769232 0.740751798076923 0.7795184855769232 0.8171618509615384 0.8183062235576923 0.8171618509615384 0.8183062235576923 0.740751798076923
1 0.9120668966346154 0.6767432307692308 0.9120668966346154 0.7116958846153847 0.9333892451923076 0.7116958846153847 0.9333892451923076 0.6767432307692308 0.9230584134615385 0.6767432307692308 0.9120668966346154 0.6767432307692308
1 0.9006211322115385 0.6591848557692307 0.8742220336538461 0.6591848557692307 0.8742220336538461 0.70644478125 0.9006211322115385 0.70644478125 0.9006211322115385 0.6591848557692307
1 0.8497265360576923 0.7018158389423077 0.8676105408653847 0.7018158389423077 0.8676105408653847 0.6566891730769231 0.8497265360576923 0.6566891730769231 0.8497265360576923 0.7018158389423077
1 0.8298378413461538 0.6975641899038462 0.8486679687500001 0.6975641899038462 0.8486679687500001 0.6556866442307693 0.8298378413461538 0.6556866442307693 0.8298378413461538 0.6975641899038462
1 0.8037710384615384 0.6931007499999999 0.8244472572115384 0.6931007499999999 0.8244472572115384 0.6510919278846153 0.8037710384615384 0.6510919278846153 0.8037710384615384 0.6931007499999999
1 0.7492472475961538 0.68348703125 0.7643909615384616 0.68348703125 0.7643909615384616 0.6134894182692308 0.7492472475961538 0.6134894182692308 0.7492472475961538 0.68348703125
1 0.6790528629807693 0.6697639086538462 0.6929908485576923 0.6697639086538462 0.6929908485576923 0.6499081754807693 0.6790528629807693 0.6499081754807693 0.6790528629807693 0.6697639086538462
0 0.6399157379807693 0.6707484903846154 0.6594843004807692 0.6707484903846154 0.6594843004807692 0.6395700673076923 0.6399157379807693 0.6395700673076923 0.6399157379807693 0.6707484903846154
0 0.6447155745192308 0.5996945048076923 0.6318852427884616 0.5996945048076923 0.6318852427884616 0.6490876899038462 0.6447155745192308 0.6490876899038462 0.6447155745192308 0.5996945048076923
0 0.56670071875 0.6426524903846154 0.5771311322115384 0.6426524903846154 0.5771311322115384 0.6039256081730769 0.56670071875 0.6039256081730769 0.56670071875 0.6426524903846154
0 0.5161178293269231 0.6495445624999999 0.53079425 0.6495445624999999 0.53079425 0.6098330985576923 0.5161178293269231 0.6098330985576923 0.5161178293269231 0.6495445624999999
0 0.5283943317307692 0.5949002740384615 0.5192561826923077 0.5949002740384615 0.5192561826923077 0.6213198846153846 0.5283943317307692 0.6213198846153846 0.5283943317307692 0.5949002740384615
0 0.4784568533653846 0.674833829326923 0.49553319471153845 0.674833829326923 0.49553319471153845 0.6356556778846154 0.4784568533653846 0.6356556778846154 0.4784568533653846 0.674833829326923
0 0.4837098125 0.6241515961538462 0.4678334302884615 0.6241515961538462 0.4678334302884615 0.6632723125000001 0.4837098125 0.6632723125000001 0.4837098125 0.6241515961538462
0 0.5033031826923077 0.5888545961538462 0.4960665048076923 0.5888545961538462 0.4960665048076923 0.6323074711538462 0.5033031826923077 0.6323074711538462 0.5033031826923077 0.5888545961538462
0 0.4875006442307692 0.5909550360576923 0.47339650961538465 0.5909550360576923 0.47339650961538465 0.6340140817307692 0.4875006442307692 0.6340140817307692 0.4875006442307692 0.5909550360576923
0 0.4781225024038462 0.6265312572115385 0.4852853341346154 0.6265312572115385 0.4852853341346154 0.5909550360576923 0.4781225024038462 0.5909550360576923 0.4781225024038462 0.6265312572115385
0 0.47339650961538465 0.5797335408653846 0.4666548389423077 0.5797335408653846 0.4666548389423077 0.6226665576923077 0.47339650961538465 0.6226665576923077 0.47339650961538465 0.5797335408653846
0 0.46787187500000005 0.5886822115384616 0.46361848076923073 0.5886822115384616 0.46361848076923073 0.6028601899038462 0.46787187500000005 0.6028601899038462 0.46787187500000005 0.5886822115384616
0 0.4516961225961538 0.5758525697115384 0.4516961225961538 0.6261318798076924 0.46085273317307696 0.6261318798076924 0.46085273317307696 0.5972237163461538 0.46085273317307696 0.5758525697115384 0.4516961225961538 0.5758525697115384
0 0.4533945264423077 0.5851732764423077 0.44837315865384614 0.5851732764423077 0.44837315865384614 0.6122164567307693 0.4533945264423077 0.6122164567307693 0.4533945264423077 0.5851732764423077
0 0.4486085360576923 0.5820295889423077 0.43983960576923076 0.5820295889423077 0.43983960576923076 0.6242025072115385 0.4486085360576923 0.6242025072115385 0.4486085360576923 0.5820295889423077
0 0.3574482067307692 0.66594940625 0.3829130817307692 0.66594940625 0.3829130817307692 0.5853281610576923 0.3574482067307692 0.5853281610576923 0.3574482067307692 0.66594940625
0 0.39888474278846153 0.5718832259615385 0.39888474278846153 0.6188559807692309 0.40973052644230773 0.6188559807692309 0.40973052644230773 0.5886089206730769 0.40973052644230773 0.5718832259615385 0.39888474278846153 0.5718832259615385
0 0.3565356346153846 0.5636039543269231 0.3448388028846154 0.5636039543269231 0.3448388028846154 0.5943754158653847 0.3565356346153846 0.5943754158653847 0.3565356346153846 0.5636039543269231
0 0.34842096875000006 0.56314934375 0.34059354326923075 0.56314934375 0.34059354326923075 0.5943754158653847 0.34842096875000006 0.5943754158653847 0.34842096875000006 0.56314934375
0 0.3412615985576923 0.59139740625 0.32335451682692307 0.59139740625 0.32335451682692307 0.6271705432692307 0.3412615985576923 0.6271705432692307 0.3412615985576923 0.59139740625
0 0.2438263846153846 0.5848783149038461 0.22100264423076924 0.5848783149038461 0.22100264423076924 0.66769840625 0.2438263846153846 0.66769840625 0.2438263846153846 0.5848783149038461
0 0.2422399014423077 0.602572423076923 0.25421064663461534 0.602572423076923 0.25421064663461534 0.5753938629807692 0.2422399014423077 0.5753938629807692 0.2422399014423077 0.602572423076923
0 0.2051738581730769 0.6282125721153846 0.21786573317307692 0.6282125721153846 0.21786573317307692 0.5679582187500001 0.2051738581730769 0.5679582187500001 0.2051738581730769 0.6282125721153846
0 0.059207793269230764 0.6699769278846154 0.005686480769230769 0.6699769278846154 0.005686480769230769 0.6970192764423077 0.059207793269230764 0.6970192764423077 0.059207793269230764 0.6699769278846154
0 0.027037992788461536 0.5866283365384615 0.007100211538461539 0.5866283365384615 0.007100211538461539 0.6246988317307692 0.027037992788461536 0.6246988317307692 0.027037992788461536 0.5866283365384615
0 0.17608228846153845 0.5938920360576924 0.14204499038461538 0.5938920360576924 0.14204499038461538 0.6638896466346154 0.17608228846153845 0.6638896466346154 0.17608228846153845 0.5938920360576924
0 0.26990919471153846 0.5479370528846154 0.2629678918269231 0.5479370528846154 0.2629678918269231 0.5730110673076922 0.26990919471153846 0.5730110673076922 0.26990919471153846 0.5479370528846154
0 0.2746351875 0.5756366201923077 0.27973039903846153 0.5756366201923077 0.27973039903846153 0.5538445432692307 0.2746351875 0.5538445432692307 0.2746351875 0.5756366201923077
0 0.25421064663461534 0.547162514423077 0.24835146875 0.547162514423077 0.24835146875 0.5753938629807692 0.25421064663461534 0.5753938629807692 0.25421064663461534 0.547162514423077
0 0.24262858653846153 0.5730898341346153 0.24696690144230768 0.5730898341346153 0.24696690144230768 0.5620953389423077 0.24262858653846153 0.5620953389423077 0.24262858653846153 0.5730898341346153
0 0.24262858653846153 0.5583211081730769 0.23478270192307693 0.5583211081730769 0.23478270192307693 0.5730898341346153 0.24262858653846153 0.5730898341346153 0.24262858653846153 0.5583211081730769
0 0.2407824951923077 0.5420755072115384 0.2369980096153846 0.5420755072115384 0.2369980096153846 0.5616030480769231 0.2407824951923077 0.5616030480769231 0.2407824951923077 0.5420755072115384
0 0.37338841346153845 0.5664945312499999 0.3649407019230769 0.5664945312499999 0.3649407019230769 0.5914897812500001 0.37338841346153845 0.5914897812500001 0.37338841346153845 0.5664945312499999
0 0.18818265865384615 0.5600197259615385 0.19060236538461536 0.5600197259615385 0.19060236538461536 0.5469129735576923 0.18818265865384615 0.5469129735576923 0.18818265865384615 0.5600197259615385
0 0.18818265865384615 0.5473162572115384 0.18621664423076922 0.5473162572115384 0.18621664423076922 0.5597508701923076 0.18818265865384615 0.5597508701923076 0.18818265865384615 0.5473162572115384
0 0.1835700889423077 0.5601541538461539 0.18553610096153847 0.5601541538461539 0.18553610096153847 0.5510802499999999 0.1835700889423077 0.5510802499999999 0.1835700889423077 0.5601541538461539
0 0.1835700889423077 0.5514163197115385 0.1815662692307692 0.5514163197115385 0.1815662692307692 0.5601541538461539 0.1835700889423077 0.5601541538461539 0.1835700889423077 0.5514163197115385
0 0.1795315096153846 0.5610081009615384 0.1734349783653846 0.5610081009615384 0.1734349783653846 0.5783997524038461 0.1795315096153846 0.5783997524038461 0.1795315096153846 0.5610081009615384
0 0.21204807451923077 0.5518491249999999 0.21715214663461538 0.5518491249999999 0.21715214663461538 0.5416829903846154 0.21204807451923077 0.5416829903846154 0.21204807451923077 0.5518491249999999
0 0.21389121153846155 0.5428592379807692 0.21086657451923077 0.5428592379807692 0.21086657451923077 0.5528573389423077 0.21389121153846155 0.5528573389423077 0.21389121153846155 0.5428592379807692
0 0.2170103653846154 0.5521851971153846 0.22339045673076924 0.5521851971153846 0.22339045673076924 0.5390784447115384 0.2170103653846154 0.5390784447115384 0.2170103653846154 0.5521851971153846
0 0.14641956971153847 0.5545265072115385 0.13937784134615383 0.5545265072115385 0.13937784134615383 0.56654103125 0.14641956971153847 0.56654103125 0.14641956971153847 0.5545265072115385
0 0.12198471153846155 0.5492728629807693 0.1168333798076923 0.5492728629807693 0.1168333798076923 0.5610353317307692 0.12198471153846155 0.5610353317307692 0.12198471153846155 0.5492728629807693
0 0.10580856009615386 0.5409971971153846 0.09860142067307692 0.5409971971153846 0.09860142067307692 0.5507642500000001 0.10580856009615386 0.5507642500000001 0.10580856009615386 0.5409971971153846
0 0.10380001201923077 0.5479286538461539 0.10876230528846155 0.5479286538461539 0.10876230528846155 0.53648125 0.10380001201923077 0.53648125 0.10380001201923077 0.5479286538461539
0 0.25427952163461537 0.5532963846153847 0.2587559831730769 0.5532963846153847 0.2587559831730769 0.5448005192307692 0.25427952163461537 0.5448005192307692 0.25427952163461537 0.5532963846153847
0 0.29423001201923077 0.5648716370192308 0.2869379543269231 0.5648716370192308 0.2869379543269231 0.5793121682692308 0.29423001201923077 0.5793121682692308 0.29423001201923077 0.5648716370192308
0 0.25606539903846154 0.5496098245192308 0.25937359375 0.5496098245192308 0.25937359375 0.5385825072115384 0.25606539903846154 0.5385825072115384 0.25606539903846154 0.5496098245192308
0 0.24543191586538463 0.5530755528846154 0.24767676201923078 0.5530755528846154 0.24767676201923078 0.5466692067307692 0.24543191586538463 0.5466692067307692 0.24543191586538463 0.5530755528846154
0 0.3043307043269231 0.5460602091346154 0.3043307043269231 0.5553861682692308 0.30938751682692306 0.5553861682692308 0.30938751682692306 0.5460602091346154 0.3055696514423077 0.5460602091346154 0.3043307043269231 0.5460602091346154
0 0.29947659375 0.5553788557692307 0.30359765865384614 0.5553788557692307 0.30359765865384614 0.5459688798076923 0.29947659375 0.5459688798076923 0.29947659375 0.5553788557692307
0 0.26736826201923075 0.5375880360576922 0.2645799278846154 0.5375880360576922 0.2645799278846154 0.5418729350961539 0.26736826201923075 0.5418729350961539 0.26736826201923075 0.5375880360576922
0 0.2948918173076923 0.5481050096153847 0.29725481249999997 0.5481050096153847 0.29725481249999997 0.5418877043269231 0.2948918173076923 0.5418877043269231 0.2948918173076923 0.5481050096153847
0 0.2952226370192308 0.5407114567307693 0.2928596394230769 0.5407114567307693 0.2928596394230769 0.5465926923076924 0.2952226370192308 0.5465926923076924 0.2952226370192308 0.5407114567307693
0 0.30359765865384614 0.5394966081730769 0.30190228124999996 0.5394966081730769 0.30190228124999996 0.5459688798076923 0.30359765865384614 0.5459688798076923 0.30359765865384614 0.5394966081730769
0 0.3055696514423077 0.5407736778846154 0.30398171875 0.5407736778846154 0.30398171875 0.5453442379807693 0.3055696514423077 0.5453442379807693 0.3055696514423077 0.5407736778846154
0 0.298537375 0.5431933846153846 0.29683601682692307 0.5431933846153846 0.29683601682692307 0.5485705144230769 0.298537375 0.5485705144230769 0.298537375 0.5431933846153846
1 0.8985367283653846 0.6498368100961538 0.9100747956730769 0.6498368100961538 0.9100747956730769 0.6216326442307692 0.8985367283653846 0.6216326442307692 0.8985367283653846 0.6498368100961538
1 0.8952195336538461 0.6182994254807692 0.8823834326923077 0.6182994254807692 0.8823834326923077 0.643683173076923 0.8952195336538461 0.643683173076923 0.8952195336538461 0.6182994254807692
1 0.8695473317307693 0.6082997668269231 0.8604611033653846 0.6082997668269231 0.8604611033653846 0.6221454471153846 0.8695473317307693 0.6221454471153846 0.8695473317307693 0.6082997668269231
1 0.9047384399038462 0.6103509783653845 0.8962291153846155 0.6103509783653845 0.8962291153846155 0.6216326442307692 0.9047384399038462 0.6216326442307692 0.9047384399038462 0.6103509783653845
1 0.7204353822115385 0.6469808581730769 0.7109741682692309 0.6469808581730769 0.7109741682692309 0.6650315240384616 0.7204353822115385 0.6650315240384616 0.7204353822115385 0.6469808581730769
1 0.7363772379807692 0.5641180649038462 0.732408141826923 0.5641180649038462 0.732408141826923 0.5723229134615384 0.7363772379807692 0.5723229134615384 0.7363772379807692 0.5641180649038462
1 0.7086166466346153 0.5533855600961538 0.7042598725961539 0.5533855600961538 0.7042598725961539 0.5611309350961539 0.7086166466346153 0.5611309350961539 0.7086166466346153 0.5533855600961538
1 0.5906680264423076 0.6127234350961538 0.583514423076923 0.6127234350961538 0.583514423076923 0.6317997091346155 0.5906680264423076 0.6317997091346155 0.5906680264423076 0.6127234350961538
1 0.6242438028846155 0.5868781634615384 0.6202054783653845 0.5868781634615384 0.6202054783653845 0.5975444663461539 0.6242438028846155 0.5975444663461539 0.6242438028846155 0.5868781634615384
1 0.6202054783653845 0.6026724951923077 0.6293205528846154 0.6026724951923077 0.6293205528846154 0.5920061947115385 0.6202054783653845 0.5920061947115385 0.6202054783653845 0.6026724951923077
1 0.5987446730769231 0.6121080721153846 0.6048598485576924 0.6121080721153846 0.6048598485576924 0.5936471634615385 0.5987446730769231 0.5936471634615385 0.5987446730769231 0.6121080721153846
1 0.5987446730769231 0.6000059206730769 0.5917064519230769 0.6000059206730769 0.5917064519230769 0.6100568605769231 0.5987446730769231 0.6100568605769231 0.5987446730769231 0.6000059206730769
1 0.5941294447115385 0.5909805889423076 0.5839759471153847 0.5909805889423076 0.5839759471153847 0.6055441947115384 0.5941294447115385 0.6055441947115384 0.5941294447115385 0.5909805889423076
1 0.59712934375 0.5807245288461538 0.590437264423077 0.5807245288461538 0.590437264423077 0.5920061947115385 0.59712934375 0.5920061947115385 0.59712934375 0.5807245288461538
1 0.5560538221153846 0.5876986490384616 0.5505155504807692 0.5876986490384616 0.5505155504807692 0.6082107692307692 0.5560538221153846 0.6082107692307692 0.5560538221153846 0.5876986490384616
1 0.55397696875 0.6059544350961539 0.5591691009615385 0.6059544350961539 0.5591691009615385 0.593236920673077 0.55397696875 0.593236920673077 0.55397696875 0.6059544350961539
1 0.5762454399038461 0.5479051346153846 0.5719763557692308 0.5479051346153846 0.5719763557692308 0.5559048629807692 0.5762454399038461 0.5559048629807692 0.5762454399038461 0.5479051346153846
1 0.5696687427884616 0.5423668629807692 0.5657457980769232 0.5423668629807692 0.5657457980769232 0.5561099831730769 0.5696687427884616 0.5561099831730769 0.5696687427884616 0.5423668629807692
1 0.5657457980769232 0.5423668629807692 0.5602075264423078 0.5423668629807692 0.5602075264423078 0.5561099831730769 0.5657457980769232 0.5561099831730769 0.5657457980769232 0.5423668629807692
1 0.5597460048076923 0.5470846490384615 0.5560538221153846 0.5470846490384615 0.5560538221153846 0.5575458317307692 0.5597460048076923 0.5575458317307692 0.5597460048076923 0.5470846490384615
1 0.6181286274038461 0.55344340625 0.6140903028846154 0.55344340625 0.6140903028846154 0.5630841033653846 0.6181286274038461 0.5630841033653846 0.6181286274038461 0.55344340625
1 0.5987446730769231 0.5540587692307692 0.5957447764423077 0.5540587692307692 0.5957447764423077 0.5593919230769231 0.5987446730769231 0.5593919230769231 0.5987446730769231 0.5540587692307692
1 0.5678226514423077 0.5768272259615385 0.5644766105769231 0.5768272259615385 0.5644766105769231 0.5821603750000001 0.5678226514423077 0.5821603750000001 0.5678226514423077 0.5768272259615385
1 0.5604382884615384 0.5628789831730769 0.557438389423077 0.5628789831730769 0.557438389423077 0.5702633461538462 0.5604382884615384 0.5702633461538462 0.5604382884615384 0.5628789831730769
1 0.557438389423077 0.5620584975961539 0.5550153966346154 0.5620584975961539 0.5550153966346154 0.5678018918269231 0.557438389423077 0.5678018918269231 0.557438389423077 0.5620584975961539
1 0.5294025432692308 0.5644727235576923 0.527187235576923 0.5644727235576923 0.527187235576923 0.5682797716346154 0.5294025432692308 0.5682797716346154 0.5294025432692308 0.5644727235576923
1 0.5254888317307692 0.5621097259615385 0.5229043052884615 0.5621097259615385 0.5229043052884615 0.5672295528846154 0.5254888317307692 0.5672295528846154 0.5254888317307692 0.5621097259615385
1 0.4802723701923077 0.5751607668269231 0.4769263293269231 0.5751607668269231 0.4769263293269231 0.5880834014423078 0.4802723701923077 0.5880834014423078 0.4802723701923077 0.5751607668269231
1 0.4769263293269231 0.5739300384615384 0.4741571923076923 0.5739300384615384 0.4741571923076923 0.5823400072115384 0.4769263293269231 0.5823400072115384 0.4769263293269231 0.5739300384615384
1 0.46792663701923076 0.5714685841346154 0.46365755048076923 0.5714685841346154 0.46365755048076923 0.5797335408653846 0.46792663701923076 0.5797335408653846 0.46792663701923076 0.5714685841346154
1 0.501040891826923 0.5733146754807692 0.4955026177884615 0.5733146754807692 0.4955026177884615 0.5784427067307693 0.501040891826923 0.5784427067307693 0.501040891826923 0.5733146754807692
1 0.4997717043269231 0.5642893437500001 0.4961949014423077 0.5642893437500001 0.4961949014423077 0.5716737067307692 0.4997717043269231 0.5716737067307692 0.4997717043269231 0.5642893437500001
1 0.4884643966346154 0.5663405552884615 0.4824646009615385 0.5663405552884615 0.4824646009615385 0.5726993125000001 0.4884643966346154 0.5726993125000001 0.4884643966346154 0.5663405552884615
1 0.4824646009615385 0.56080228125 0.48131079567307694 0.56080228125 0.48131079567307694 0.5663405552884615 0.4824646009615385 0.5663405552884615 0.4824646009615385 0.56080228125
1 0.4805031298076923 0.5634688581730769 0.4790031826923077 0.5634688581730769 0.4790031826923077 0.5669559182692308 0.4805031298076923 0.5669559182692308 0.4805031298076923 0.5634688581730769
1 0.4790031826923077 0.5655200697115385 0.4762340456730769 0.5655200697115385 0.4762340456730769 0.5690071298076923 0.4790031826923077 0.5690071298076923 0.4790031826923077 0.5655200697115385
1 0.4359661875 0.5696224927884616 0.43215862740384614 0.5696224927884616 0.43215862740384614 0.5833656153846154 0.4359661875 0.5833656153846154 0.4359661875 0.5696224927884616
0 0.4666548389423077 0.5972237163461538 0.46085273317307696 0.5972237163461538 0.46085273317307696 0.6226665576923077 0.4666548389423077 0.6226665576923077 0.4666548389423077 0.5972237163461538
1 0.909369875 0.6724892668269231 0.8939088653846153 0.6724892668269231 0.8939088653846153 0.7106418100961539 0.909369875 0.7106418100961539 0.909369875 0.6724892668269231
1 0.43306799519230765 0.5888714759615384 0.42287757451923075 0.5888714759615384 0.42287757451923075 0.6043622307692308 0.43306799519230765 0.6043622307692308 0.43306799519230765 0.5888714759615384
1 0.4241329158653846 0.5925472475961538 0.4191115480769231 0.5925472475961538 0.4191115480769231 0.6033120096153847 0.4241329158653846 0.6033120096153847 0.4241329158653846 0.5925472475961538
1 0.4091426586538462 0.6021305120192307 0.41505014903846155 0.6021305120192307 0.41505014903846155 0.5899216971153846 0.4091426586538462 0.5899216971153846 0.4091426586538462 0.6021305120192307
1 0.42494519471153847 0.5700987836538461 0.4202192043269231 0.5700987836538461 0.4202192043269231 0.582438875 0.42494519471153847 0.582438875 0.42494519471153847 0.5700987836538461
1 0.41671864663461544 0.5588553197115385 0.41445016826923076 0.5588553197115385 0.41445016826923076 0.5627201298076924 0.41671864663461544 0.5627201298076924 0.41671864663461544 0.5588553197115385
1 0.4125597716346154 0.5587713004807692 0.4103385552884615 0.5587713004807692 0.4103385552884615 0.5641484302884615 0.4125597716346154 0.5641484302884615 0.4125597716346154 0.5587713004807692
1 0.4483666538461539 0.5545453028846153 0.44618088221153845 0.5545453028846153 0.44618088221153845 0.5581160528846154 0.4483666538461539 0.5581160528846154 0.4483666538461539 0.5545453028846153
1 0.43105770673076926 0.5584311201923077 0.4267452379807692 0.5584311201923077 0.4267452379807692 0.5630520913461539 0.43105770673076926 0.5630520913461539 0.43105770673076926 0.5584311201923077
1 0.44169118990384615 0.549609266826923 0.43974171875 0.549609266826923 0.43974171875 0.5525498846153846 0.44169118990384615 0.5525498846153846 0.44169118990384615 0.549609266826923
1 0.4902116298076923 0.5585652403846153 0.4882834254807692 0.5585652403846153 0.4882834254807692 0.5625308725961539 0.4902116298076923 0.5625308725961539 0.4902116298076923 0.5585652403846153
1 0.3997242644230769 0.5582453918269231 0.3970304495192308 0.5582453918269231 0.3970304495192308 0.5628663605769231 0.3997242644230769 0.5628663605769231 0.3997242644230769 0.5582453918269231
1 0.7147800024038461 0.5556561057692307 0.7124642668269231 0.5556561057692307 0.7124642668269231 0.5602770769230769 0.7147800024038461 0.5602770769230769 0.7147800024038461 0.5556561057692307
1 0.6488667884615384 0.5569897692307693 0.6458668918269231 0.5569897692307693 0.6458668918269231 0.5645792548076923 0.6488667884615384 0.5645792548076923 0.6488667884615384 0.5569897692307693
1 0.6345865793269231 0.5805624134615385 0.6308367067307692 0.5805624134615385 0.6308367067307692 0.5867160480769231 0.6345865793269231 0.5867160480769231 0.6345865793269231 0.5805624134615385
1 0.6219591802884616 0.5792976129807692 0.6178054759615385 0.5792976129807692 0.6178054759615385 0.5868781634615384 0.6219591802884616 0.5868781634615384 0.6219591802884616 0.5792976129807692
1 0.6166516706730769 0.5786822475961538 0.6127287259615385 0.5786822475961538 0.6127287259615385 0.5856563701923077 0.6166516706730769 0.5856563701923077 0.6166516706730769 0.5786822475961538
1 0.10621164663461538 0.0018244326923076923 0.0017042451923076922 0.0018244326923076923 0.0017042451923076922 0.06392167307692308 0.10621164663461538 0.06392167307692308 0.10621164663461538 0.0018244326923076923
1 0.25427952163461537 0.5323808605769231 0.24126783653846154 0.5323808605769231 0.24126783653846154 0.5459565096153847 0.25427952163461537 0.5459565096153847 0.25427952163461537 0.5323808605769231
1 0.29198896153846154 0.5342385817307692 0.2728580144230769 0.5342385817307692 0.2728580144230769 0.5541018990384615 0.29198896153846154 0.5541018990384615 0.29198896153846154 0.5342385817307692
1 0.31586245673076924 0.5553861682692308 0.30938751682692306 0.5553861682692308 0.30938751682692306 0.570106875 0.31586245673076924 0.570106875 0.31586245673076924 0.5553861682692308
1 0.38394612259615385 0.5442416899038461 0.33218002884615383 0.5442416899038461 0.33218002884615383 0.5575315360576923 0.38394612259615385 0.5575315360576923 0.38394612259615385 0.5442416899038461