1 0.3168054423076923 0.7434109158653845 0.3103967355769231 0.7434109158653845 0.3103967355769231 0.7686742259615384 0.3168054423076923 0.7686742259615384 0.3168054423076923 0.7434109158653845
1 0.2532756466346154 0.7939375360576922 0.24268734615384616 0.7939375360576922 0.24268734615384616 0.8083029471153846 0.2532756466346154 0.8083029471153846 0.2532756466346154 0.7939375360576922
1 0.21649523798076925 0.8637831586538461 0.20674285817307692 0.8637831586538461 0.20674285817307692 0.8786439302884615 0.21649523798076925 0.8786439302884615 0.21649523798076925 0.8637831586538461
1 0.2059069375 0.8944954182692307 0.19587591826923076 0.8944954182692307 0.19587591826923076 0.9083654711538462 0.2059069375 0.9083654711538462 0.2059069375 0.8944954182692307
1 0.31206857211538463 0.95691065625 0.30649578125 0.95691065625 0.30649578125 0.9742482235576924 0.31206857211538463 0.9742482235576924 0.31206857211538463 0.95691065625
1 0.33435972836538463 0.9336287836538462 0.3246073461538461 0.9336287836538462 0.3246073461538461 0.9623596081730769 0.33435972836538463 0.9623596081730769 0.33435972836538463 0.9336287836538462
1 0.31206857211538463 0.9375916562500001 0.29702204086538464 0.9375916562500001 0.29702204086538464 0.9499756322115385 0.31206857211538463 0.9499756322115385 0.31206857211538463 0.9375916562500001
1 0.5335869375 0.7860117908653846 0.5280141490384616 0.7860117908653846 0.5280141490384616 0.8087983052884616 0.5335869375 0.8087983052884616 0.5335869375 0.7860117908653846
1 0.49652789182692303 0.7483645048076923 0.489004625 0.7483645048076923 0.489004625 0.7686742259615384 0.49652789182692303 0.7686742259615384 0.49652789182692303 0.7483645048076923
1 0.38047455769230765 1 0.38047455769230765 0.9810594110576923 0.37350857211538463 0.9810594110576923 0.37350857211538463 1 0.38047455769230765 1
1 0.09460789182692309 0.9657342403846154 0.08851265384615384 0.9657342403846154 0.08851265384615384 0.9788922139423076 0.09460789182692309 0.9788922139423076 0.09460789182692309 0.9657342403846154
1 0.4679375024038462 0.7380991177884616 0.4654297451923077 0.7380991177884616 0.4654297451923077 0.7539506057692308 0.4679375024038462 0.7539506057692308 0.4679375024038462 0.7380991177884616
1 0.46264335096153847 0.7262105 0.4592996778846154 0.7262105 0.4592996778846154 0.7371083990384615 0.46264335096153847 0.7371083990384615 0.46264335096153847 0.7262105
1 0.6242542355769231 0.8807625192307692 0.6175668894230769 0.8807625192307692 0.6175668894230769 0.8981000841346154 0.6242542355769231 0.8981000841346154 0.6242542355769231 0.8807625192307692
1 0.74016825 0.8421245144230769 0.7334809014423077 0.8421245144230769 0.7334809014423077 0.862434233173077 0.74016825 0.862434233173077 0.74016825 0.8421245144230769
1 0.74016825 0.8237962307692308 0.7354313798076924 0.8237962307692308 0.7354313798076924 0.8421245144230769 0.74016825 0.8421245144230769 0.74016825 0.8237962307692308
1 0.7724904254807693 0.8079447403846154 0.7652458004807693 0.8079447403846154 0.7652458004807693 0.8218147932692308 0.7724904254807693 0.8218147932692308 0.7724904254807693 0.8079447403846154
1 0.8744724663461538 0.8233008701923077 0.8669492019230769 0.8233008701923077 0.8669492019230769 0.8381616418269231 0.8744724663461538 0.8381616418269231 0.8744724663461538 0.8233008701923077
1 0.8401998149038461 0.7247244230769231 0.8360202235576922 0.7247244230769231 0.8360202235576922 0.7341362451923078 0.8401998149038461 0.7341362451923078 0.8401998149038461 0.7247244230769231
1 0.8360202235576922 0.7222476274038462 0.8296115144230769 0.7222476274038462 0.8296115144230769 0.7341362451923078 0.8360202235576922 0.7341362451923078 0.8360202235576922 0.7222476274038462
0 0.9254634879807693 0.6667674158653847 0.9207266177884615 0.6667674158653847 0.9207266177884615 0.6776653149038462 0.9254634879807693 0.6776653149038462 0.9254634879807693 0.6667674158653847
0 0.7488060721153846 0.6088104086538462 0.7418400865384616 0.6088104086538462 0.7418400865384616 0.6187175913461539 0.7488060721153846 0.6187175913461539 0.7488060721153846 0.6088104086538462
0 0.7309731490384616 0.6187175913461539 0.7259576370192308 0.6187175913461539 0.7259576370192308 0.6330830024038462 0.7309731490384616 0.6330830024038462 0.7309731490384616 0.6187175913461539
0 0.6498890673076924 0.6860864182692308 0.64320171875 0.6860864182692308 0.64320171875 0.7068914975961539 0.6498890673076924 0.7068914975961539 0.6498890673076924 0.6860864182692308
0 0.6691151875 0.6504205697115384 0.6646569567307693 0.6504205697115384 0.6646569567307693 0.6618138269230769 0.6691151875 0.6618138269230769 0.6691151875 0.6504205697115384
0 0.5509720600961538 0.704414701923077 0.5431701538461539 0.704414701923077 0.5431701538461539 0.7182847548076924 0.5509720600961538 0.7182847548076924 0.5509720600961538 0.704414701923077
0 0.43197278846153847 0.6809221466346155 0.4251700673076923 0.6809221466346155 0.4251700673076923 0.7075283437500001 0.43197278846153847 0.7075283437500001 0.43197278846153847 0.6809221466346155
0 0.3410677548076923 0.6332291322115384 0.3359407884615385 0.6332291322115384 0.3359407884615385 0.6467028990384616 0.3410677548076923 0.6467028990384616 0.3410677548076923 0.6332291322115384
0 0.33170546875 0.6518546322115385 0.3270243269230769 0.6518546322115385 0.3270243269230769 0.6677061225961538 0.33170546875 0.6677061225961538 0.33170546875 0.6518546322115385
0 0.5017869927884615 0.5194946995192308 0.49666002644230767 0.5194946995192308 0.49666002644230767 0.5404979230769231 0.5017869927884615 0.5404979230769231 0.5017869927884615 0.5194946995192308
0 0.19553293028846155 0.6775951129807692 0.1901830528846154 0.6775951129807692 0.1901830528846154 0.698519079326923 0.19553293028846155 0.698519079326923 0.19553293028846155 0.6775951129807692
0 0.1901830528846154 0.6709374879807692 0.18465484615384617 0.6709374879807692 0.18465484615384617 0.68869115625 0.1901830528846154 0.68869115625 0.1901830528846154 0.6709374879807692
0 0.18608148076923078 0.68203353125 0.18126659134615386 0.68203353125 0.18126659134615386 0.6956658124999999 0.18608148076923078 0.6956658124999999 0.18608148076923078 0.68203353125
0 0.1768083605769231 0.6671331322115385 0.1721717980769231 0.6671331322115385 0.1721717980769231 0.6775951129807692 0.1768083605769231 0.6775951129807692 0.1768083605769231 0.6671331322115385
0 0.17056683653846155 0.6636458028846154 0.1662869326923077 0.6636458028846154 0.1662869326923077 0.6826675913461538 0.17056683653846155 0.6826675913461538 0.17056683653846155 0.6636458028846154
0 0.17342010336538463 0.6576222379807692 0.1686052139423077 0.6576222379807692 0.1686052139423077 0.6775951129807692 0.17342010336538463 0.6775951129807692 0.17342010336538463 0.6576222379807692
0 0.1762733701923077 0.6354301538461539 0.17056683653846155 0.6354301538461539 0.17056683653846155 0.6522327307692308 0.1762733701923077 0.6522327307692308 0.1762733701923077 0.6354301538461539
0 0.1634336658653846 0.6091166802884616 0.15790545913461537 0.6091166802884616 0.15790545913461537 0.6300406466346153 0.1634336658653846 0.6300406466346153 0.1634336658653846 0.6091166802884616
0 0.1331176923076923 0.6167253966346155 0.12562786298076922 0.6167253966346155 0.12562786298076922 0.6401856009615384 0.1331176923076923 0.6401856009615384 0.1331176923076923 0.6167253966346155
1 0.12134796153846154 0.6845697692307693 0.11528476682692308 0.6845697692307693 0.11528476682692308 0.6950317524038462 0.12134796153846154 0.6950317524038462 0.12134796153846154 0.6845697692307693
0 0.18750811298076925 0.6005568774038461 0.1809099326923077 0.6005568774038461 0.1809099326923077 0.6211638125000001 0.18750811298076925 0.6211638125000001 0.18750811298076925 0.6005568774038461
0 0.20397566346153845 0.5906697427884615 0.19951743028846153 0.5906697427884615 0.19951743028846153 0.6011317259615384 0.20397566346153845 0.6011317259615384 0.20397566346153845 0.5906697427884615
0 0.19666416346153845 0.5874994447115385 0.19220593269230768 0.5874994447115385 0.19220593269230768 0.5973273677884615 0.19666416346153845 0.5973273677884615 0.19666416346153845 0.5874994447115385
0 0.2020140408653846 0.5767204326923077 0.19826912740384614 0.5767204326923077 0.19826912740384614 0.5871824158653847 0.2020140408653846 0.5871824158653847 0.2020140408653846 0.5767204326923077
0 0.20736391826923078 0.5808418197115385 0.20451065144230768 0.5808418197115385 0.20451065144230768 0.5874994447115385 0.20736391826923078 0.5874994447115385 0.20736391826923078 0.5808418197115385
1 0.030637322115384617 0.6198312211538461 0.025109115384615386 0.6198312211538461 0.025109115384615386 0.6334635000000001 0.030637322115384617 0.6334635000000001 0.030637322115384617 0.6198312211538461
0 0.02600076201923077 0.5633999182692307 0.018867591346153848 0.5633999182692307 0.018867591346153848 0.5827387355769231 0.02600076201923077 0.5827387355769231 0.02600076201923077 0.5633999182692307
0 0.016905971153846153 0.5840068557692308 0.01244773798076923 0.5840068557692308 0.01244773798076923 0.6030286418269231 0.016905971153846153 0.6030286418269231 0.016905971153846153 0.5840068557692308
0 0.01244773798076923 0.5868601225961538 0.007454519230769231 0.5868601225961538 0.007454519230769231 0.6030286418269231 0.01244773798076923 0.6030286418269231 0.01244773798076923 0.5868601225961538
0 0.005136240384615385 0.5859090336538462 0.0003213485576923077 0.5859090336538462 0.0003213485576923077 0.6020775528846154 0.005136240384615385 0.6020775528846154 0.005136240384615385 0.5859090336538462
0 0.97972278125 0.6152415192307692 0.9748248221153847 0.6152415192307692 0.9748248221153847 0.633623983173077 0.97972278125 0.633623983173077 0.97972278125 0.6152415192307692
0 0.9579540745192308 0.4720517980769231 0.9530561153846153 0.4720517980769231 0.9530561153846153 0.49333675721153847 0.9579540745192308 0.49333675721153847 0.9579540745192308 0.4720517980769231
0 0.6387330625000001 0.48624140384615383 0.6335085721153846 0.48624140384615383 0.6335085721153846 0.5017213725961539 0.6387330625000001 0.5017213725961539 0.6387330625000001 0.48624140384615383
0 0.6387330625000001 0.4379438966346154 0.63455346875 0.4379438966346154 0.63455346875 0.45775825721153846 0.6387330625000001 0.45775825721153846 0.6387330625000001 0.4379438966346154
0 0.5102106129807692 0.40698395673076926 0.5049861225961538 0.40698395673076926 0.5049861225961538 0.4218447283653846 0.5102106129807692 0.4218447283653846 0.5102106129807692 0.40698395673076926
0 0.4314949663461538 0.4020303677884615 0.427315375 0.4020303677884615 0.427315375 0.4168911370192308 0.4314949663461538 0.4168911370192308 0.4314949663461538 0.4020303677884615
0 0.4001480264423077 0.3747856201923077 0.39527183653846154 0.3747856201923077 0.39527183653846154 0.39150398798076924 0.4001480264423077 0.39150398798076924 0.4001480264423077 0.3747856201923077
0 0.4781670745192308 0.31596173557692303 0.4732908846153846 0.31596173557692303 0.4732908846153846 0.3376336947115384 0.4781670745192308 0.3376336947115384 0.4781670745192308 0.31596173557692303
0 0.6312407908653845 0.3612292524038461 0.6278168701923076 0.3612292524038461 0.6278168701923076 0.37517856250000003 0.6312407908653845 0.37517856250000003 0.6312407908653845 0.3612292524038461
0 0.6390872788461538 0.36224374759615385 0.6353780288461538 0.36224374759615385 0.6353780288461538 0.37314957211538463 0.6390872788461538 0.37314957211538463 0.6390872788461538 0.36224374759615385
0 0.6848822307692307 0.38177278124999997 0.6808876538461538 0.38177278124999997 0.6808876538461538 0.39470759615384615 0.6848822307692307 0.39470759615384615 0.6848822307692307 0.38177278124999997
0 0.6489122884615385 0.33619560576923074 0.6458472548076923 0.33619560576923074 0.6458472548076923 0.35501924759615383 0.6489122884615385 0.35501924759615383 0.6489122884615385 0.33619560576923074
0 0.5642058942307693 0.3079601394230769 0.5603049423076923 0.3079601394230769 0.5603049423076923 0.3248023461538461 0.5642058942307693 0.3248023461538461 0.5642058942307693 0.3079601394230769
0 0.5566826298076923 0.2965668822115385 0.5544535144230769 0.2965668822115385 0.5544535144230769 0.31340908894230773 0.5566826298076923 0.31340908894230773 0.5566826298076923 0.2965668822115385
0 0.5566826298076923 0.2836875480769231 0.5519457572115385 0.2836875480769231 0.5519457572115385 0.2965668822115385 0.5566826298076923 0.2965668822115385 0.5566826298076923 0.2836875480769231
0 0.5519457572115385 0.2767525192307692 0.54637296875 0.2767525192307692 0.54637296875 0.2930993677884616 0.5519457572115385 0.2930993677884616 0.5519457572115385 0.2767525192307692
0 0.5566826298076923 0.26436854326923076 0.5527816778846154 0.26436854326923076 0.5527816778846154 0.2836875480769231 0.5566826298076923 0.2836875480769231 0.5566826298076923 0.26436854326923076
0 0.5594690240384615 0.2594149543269231 0.5552894326923077 0.2594149543269231 0.5552894326923077 0.2762571610576923 0.5594690240384615 0.2762571610576923 0.5594690240384615 0.2594149543269231
0 0.5335255961538462 0.29752450240384615 0.5298734110576923 0.29752450240384615 0.5298734110576923 0.32024919711538463 0.5335255961538462 0.32024919711538463 0.5335255961538462 0.29752450240384615
0 0.46730098076923077 0.11399579567307692 0.4639573076923077 0.11399579567307692 0.4639573076923077 0.12984728365384615 0.46730098076923077 0.12984728365384615 0.46730098076923077 0.11399579567307692
0 0.4639573076923077 0.11647259134615386 0.46005635576923076 0.11647259134615386 0.46005635576923076 0.12984728365384615 0.4639573076923077 0.12984728365384615 0.4639573076923077 0.11647259134615386
0 0.44723893990384617 0.05901094230769231 0.44333798798076923 0.05901094230769231 0.44333798798076923 0.07684386778846154 0.44723893990384617 0.07684386778846154 0.44723893990384617 0.05901094230769231
0 0.7408386081730769 0.03003819471153846 0.7384133317307692 0.03003819471153846 0.7384133317307692 0.04094401923076923 0.7408386081730769 0.04094401923076923 0.7408386081730769 0.03003819471153846
0 0.7123059278846154 0.03764691105769231 0.709024670673077 0.03764691105769231 0.709024670673077 0.04855273317307692 0.7123059278846154 0.04855273317307692 0.7123059278846154 0.03764691105769231
0 0.7965369903846155 0.37702859134615385 0.7917221009615385 0.37702859134615385 0.7917221009615385 0.3966844375 0.7965369903846155 0.3966844375 0.7965369903846155 0.37702859134615385
0 0.7672909927884616 0.3729072043269231 0.7614061274038462 0.3729072043269231 0.7614061274038462 0.3874905721153846 0.7672909927884616 0.3874905721153846 0.7672909927884616 0.3729072043269231
0 0.7057674014423078 0.3643473990384616 0.7025574759615385 0.3643473990384616 0.7025574759615385 0.3786137403846154 0.7057674014423078 0.3786137403846154 0.7057674014423078 0.3643473990384616
0 0.1307837956730769 0.5072605913461539 0.12615810096153846 0.5072605913461539 0.12615810096153846 0.5177414687499999 0.1307837956730769 0.5177414687499999 0.1307837956730769 0.5072605913461539
0 0.22106479807692309 0.5494184951923077 0.21552891346153846 0.5494184951923077 0.21552891346153846 0.5616220408653846 0.22106479807692309 0.5616220408653846 0.22106479807692309 0.5494184951923077
0 0.19050672115384615 0.5864227980769231 0.18430653125 0.5864227980769231 0.18430653125 0.597445358173077 0.19050672115384615 0.597445358173077 0.19050672115384615 0.5864227980769231
1 0.2408543822115385 0.6925920841346154 0.2366821875 0.6925920841346154 0.2366821875 0.7080715336538461 0.2408543822115385 0.7080715336538461 0.2408543822115385 0.6925920841346154
1 0.26171536298076925 0.7145213052884615 0.25527566826923076 0.7145213052884615 0.25527566826923076 0.7285495576923077 0.26171536298076925 0.7285495576923077 0.26171536298076925 0.7145213052884615
1 0.4494734014423077 0.5729844639423077 0.44039455048076925 0.5729844639423077 0.44039455048076925 0.5847943485576923 0.4494734014423077 0.5847943485576923 0.4494734014423077 0.5729844639423077
1 0.39655035576923076 0.5607809158653846 0.3916787788461538 0.5607809158653846 0.3916787788461538 0.5725908004807693 0.39655035576923076 0.5725908004807693 0.39655035576923076 0.5607809158653846
0 0.21465341826923076 0.4756967980769231 0.21082371394230767 0.4756967980769231 0.21082371394230767 0.4902709591346154 0.21465341826923076 0.4902709591346154 0.21465341826923076 0.4756967980769231
0 0.019209865384615384 0.5737189951923077 0.012795108173076924 0.5737189951923077 0.012795108173076924 0.5861442620192308 0.019209865384615384 0.5861442620192308 0.019209865384615384 0.5737189951923077
1 0.4605263485576923 0.7649307764423077 0.45641240625 0.7649307764423077 0.45641240625 0.7719120120192307 0.4605263485576923 0.7719120120192307 0.4605263485576923 0.7649307764423077
0 0.9667533125 0.47126851201923076 0.963363985576923 0.47126851201923076 0.963363985576923 0.4810339278846154 0.9667533125 0.4810339278846154 0.9667533125 0.47126851201923076
1 0.5709240096153846 0.31306842548076924 0.5628337548076924 0.31306842548076924 0.5628337548076924 0.33911042548076925 0.5709240096153846 0.33911042548076925 0.5709240096153846 0.31306842548076924
1 0.56734559375 0.2620800841346154 0.5637552427884616 0.2620800841346154 0.5637552427884616 0.26912780528846153 0.56734559375 0.26912780528846153 0.56734559375 0.2620800841346154
0 0.19871479326923075 0.3982561658653846 0.19488134615384614 0.3982561658653846 0.19488134615384614 0.41404705288461535 0.19871479326923075 0.41404705288461535 0.19871479326923075 0.3982561658653846