0 0.8894708100961538 0.7526039807692307 0.8795679447115384 0.7526039807692307 0.8795679447115384 0.7919565432692307 0.8894708100961538 0.7919565432692307 0.8894708100961538 0.7526039807692307
0 0.7936460216346154 0.6946107283653846 0.7843256778846153 0.6946107283653846 0.7843256778846153 0.7189471826923076 0.7936460216346154 0.7189471826923076 0.7936460216346154 0.6946107283653846
0 0.806170233173077 0.6682030865384616 0.8009275408653846 0.6682030865384616 0.8009275408653846 0.7008242908653847 0.806170233173077 0.7008242908653847 0.806170233173077 0.6682030865384616
0 0.8192769687499999 0.6744166490384615 0.81083040625 0.6744166490384615 0.81083040625 0.7034132740384614 0.8192769687499999 0.7034132740384614 0.8192769687499999 0.6744166490384615
0 0.7596151153846153 0.677730548076923 0.7519724326923077 0.677730548076923 0.7519724326923077 0.7009278509615384 0.7596151153846153 0.7009278509615384 0.7596151153846153 0.677730548076923
0 0.7558869759615384 0.6439287668269231 0.7497355504807692 0.6439287668269231 0.7497355504807692 0.6614924375 0.7558869759615384 0.6614924375 0.7558869759615384 0.6439287668269231
0 0.8050331514423077 0.61049565625 0.7926836947115384 0.61049565625 0.7926836947115384 0.6531621225961538 0.8050331514423077 0.6531621225961538 0.8050331514423077 0.61049565625
0 0.7901206009615385 0.6183661706730769 0.7761400841346154 0.6183661706730769 0.7761400841346154 0.6461200841346154 0.7901206009615385 0.6461200841346154 0.7901206009615385 0.6183661706730769
0 0.767518766826923 0.6030393822115385 0.7602955 0.6030393822115385 0.7602955 0.6225085456730769 0.767518766826923 0.6225085456730769 0.767518766826923 0.6030393822115385
0 0.7866254735576923 0.5951688701923077 0.7789361875 0.5951688701923077 0.7789361875 0.6183661706730769 0.7866254735576923 0.6183661706730769 0.7866254735576923 0.5951688701923077
0 0.7602955 0.5844815408653846 0.7537712596153846 0.5844815408653846 0.7537712596153846 0.6030393822115385 0.7602955 0.6030393822115385 0.7602955 0.5844815408653846
0 0.7539203846153846 0.5921697908653847 0.7467623605769231 0.5921697908653847 0.7467623605769231 0.61337875 0.7539203846153846 0.61337875 0.7539203846153846 0.5921697908653847
0 0.7495957451923078 0.5858071009615384 0.74169209375 0.5858071009615384 0.74169209375 0.6075462860576923 0.7495957451923078 0.6075462860576923 0.7495957451923078 0.5858071009615384
0 0.8040335456730769 0.7413615745192307 0.7928491322115385 0.7413615745192307 0.7928491322115385 0.7701925048076923 0.8040335456730769 0.7701925048076923 0.8040335456730769 0.7413615745192307
0 0.7537712596153846 0.5504395024038462 0.744333829326923 0.5504395024038462 0.744333829326923 0.5898749134615385 0.7537712596153846 0.5898749134615385 0.7537712596153846 0.5504395024038462
0 0.7642793653846154 0.5530906225961538 0.758873564903846 0.5530906225961538 0.758873564903846 0.5749623629807693 0.7642793653846154 0.5749623629807693 0.7642793653846154 0.5530906225961538
0 0.7571959038461539 0.5209457908653846 0.7484347788461538 0.5209457908653846 0.7484347788461538 0.5501081129807692 0.7571959038461539 0.5501081129807692 0.7571959038461539 0.5209457908653846
0 0.7292572403846154 0.5364490432692308 0.7235308197115384 0.5364490432692308 0.7235308197115384 0.5529920336538462 0.7292572403846154 0.5529920336538462 0.7292572403846154 0.5364490432692308
0 0.7087375697115385 0.5498106899038462 0.7025339495192308 0.5498106899038462 0.7025339495192308 0.5720800985576923 0.7087375697115385 0.5720800985576923 0.7087375697115385 0.5498106899038462
0 0.7025339495192308 0.5406908365384615 0.6971654302884616 0.5406908365384615 0.6971654302884616 0.5606272596153846 0.7025339495192308 0.5606272596153846 0.7025339495192308 0.5406908365384615
0 0.6948987235576923 0.5479018822115385 0.6859511923076924 0.5479018822115385 0.6859511923076924 0.5672020360576924 0.6948987235576923 0.5672020360576924 0.6948987235576923 0.5479018822115385
0 0.6848774879807693 0.5495986009615385 0.6785545673076924 0.5495986009615385 0.6785545673076924 0.5708075600961539 0.6848774879807693 0.5708075600961539 0.6848774879807693 0.5495986009615385
0 0.7358549254807693 0.47834378125000004 0.7300330649038462 0.47834378125000004 0.7300330649038462 0.4975166826923077 0.7358549254807693 0.4975166826923077 0.7358549254807693 0.47834378125000004
0 0.6621720120192307 0.4803904471153846 0.65539575 0.4803904471153846 0.65539575 0.5039748100961539 0.6621720120192307 0.5039748100961539 0.6621720120192307 0.4803904471153846
0 0.6918569350961538 0.4661327211538462 0.6863213966346154 0.4661327211538462 0.6863213966346154 0.4897170865384615 0.6918569350961538 0.4897170865384615 0.6918569350961538 0.4661327211538462
0 0.6814539399038462 0.42999265384615387 0.6746776754807692 0.42999265384615387 0.6746776754807692 0.45527373317307696 0.6814539399038462 0.45527373317307696 0.6814539399038462 0.42999265384615387
0 0.6971419423076923 0.4461538822115385 0.6971419423076923 0.42375721875 0.6910337620192308 0.42375721875 0.6910337620192308 0.4344909399038462 0.6910337620192308 0.4461538822115385 0.6971419423076923 0.4461538822115385
0 0.7034410048076923 0.4463235528846154 0.6944696129807693 0.4463235528846154 0.6944696129807693 0.4651571105769231 0.7034410048076923 0.4651571105769231 0.7034410048076923 0.4463235528846154
0 0.6742511778846154 0.5312402548076923 0.6672422788461538 0.5312402548076923 0.6672422788461538 0.5529794399038461 0.6742511778846154 0.5529794399038461 0.6742511778846154 0.5312402548076923
0 0.6858829663461539 0.5142730865384615 0.6802161971153846 0.5142730865384615 0.6802161971153846 0.5272635769230769 0.6858829663461539 0.5272635769230769 0.6858829663461539 0.5142730865384615
0 0.6781284423076923 0.5341564879807692 0.672610798076923 0.5341564879807692 0.672610798076923 0.5500632091346154 0.6781284423076923 0.5500632091346154 0.6781284423076923 0.5341564879807692
0 0.6500440072115385 0.5157603653846153 0.6428859831730769 0.5157603653846153 0.6428859831730769 0.5361739903846154 0.6500440072115385 0.5361739903846154 0.6500440072115385 0.5157603653846153
0 0.6591406634615384 0.5157603653846153 0.6500440072115385 0.5157603653846153 0.6500440072115385 0.5361739903846154 0.6591406634615384 0.5361739903846154 0.6591406634615384 0.5157603653846153
0 0.6537721442307693 0.556057391826923 0.6610792956730769 0.556057391826923 0.6610792956730769 0.533787983173077 0.6537721442307693 0.533787983173077 0.6537721442307693 0.556057391826923
0 0.6679390673076924 0.5409460072115384 0.6627196754807693 0.5409460072115384 0.6627196754807693 0.5576480625 0.6679390673076924 0.5576480625 0.6679390673076924 0.5409460072115384
0 0.6256041995192307 0.5135997019230769 0.6202356826923077 0.5135997019230769 0.6202356826923077 0.5375658293269231 0.6256041995192307 0.5375658293269231 0.6256041995192307 0.5135997019230769
0 0.6211900865384615 0.504055670673077 0.6148671634615385 0.504055670673077 0.6148671634615385 0.5195382115384615 0.6211900865384615 0.5195382115384615 0.6211900865384615 0.504055670673077
0 0.6541393653846155 0.3958236923076923 0.6496656009615385 0.3958236923076923 0.6496656009615385 0.41332108413461544 0.6541393653846155 0.41332108413461544 0.6541393653846155 0.3958236923076923
0 0.6690519182692308 0.40351193990384615 0.6654729038461539 0.40351193990384615 0.6654729038461539 0.4202139951923077 0.6690519182692308 0.4202139951923077 0.6690519182692308 0.40351193990384615
0 0.6850083461538462 0.3977324975961538 0.6788047259615385 0.3977324975961538 0.6788047259615385 0.4115183221153846 0.6850083461538462 0.4115183221153846 0.6850083461538462 0.3977324975961538
0 0.6850083461538462 0.4183051899038462 0.6883487572115385 0.4183051899038462 0.6883487572115385 0.3996413052884616 0.6850083461538462 0.3996413052884616 0.6850083461538462 0.4183051899038462
0 0.6284599543269231 0.39455115384615386 0.6220177331730768 0.39455115384615386 0.6220177331730768 0.41363921875 0.6284599543269231 0.41363921875 0.6284599543269231 0.39455115384615386
0 0.6068665817307692 0.37355428125 0.6016173629807692 0.37355428125 0.6016173629807692 0.39349070673076925 0.6068665817307692 0.39349070673076925 0.6068665817307692 0.37355428125
0 0.6460027067307692 0.36600521875 0.6424236947115385 0.36600521875 0.6424236947115385 0.3827072740384615 0.6460027067307692 0.3827072740384615 0.6460027067307692 0.36600521875
0 0.6574853701923077 0.34188002403846157 0.6511475360576923 0.34188002403846157 0.6511475360576923 0.36110064423076926 0.6574853701923077 0.36110064423076926 0.6574853701923077 0.34188002403846157
0 0.7200354615384617 0.53671834375 0.7150725649038462 0.53671834375 0.7150725649038462 0.5530068269230769 0.7200354615384617 0.5530068269230769 0.7200354615384617 0.53671834375
0 0.5746008125000001 0.49062331971153844 0.5694708942307692 0.49062331971153844 0.5694708942307692 0.5143773557692307 0.5746008125000001 0.5143773557692307 0.5746008125000001 0.49062331971153844
0 0.5694708942307692 0.48553316826923076 0.5637444759615385 0.48553316826923076 0.5637444759615385 0.5041970552884615 0.5694708942307692 0.5041970552884615 0.5694708942307692 0.48553316826923076
0 0.5914221682692308 0.4861694375 0.5858150504807692 0.4861694375 0.5858150504807692 0.5092872043269231 0.5914221682692308 0.5092872043269231 0.5914221682692308 0.4861694375
0 0.5984608942307692 0.48977496153846156 0.5914221682692308 0.48977496153846156 0.5914221682692308 0.5071663100961539 0.5984608942307692 0.5071663100961539 0.5984608942307692 0.48977496153846156
0 0.605261016826923 0.5264664639423077 0.5979836923076923 0.5264664639423077 0.5979836923076923 0.5442819903846154 0.605261016826923 0.5442819903846154 0.605261016826923 0.5264664639423077
0 0.6016820048076923 0.5088630264423076 0.5969099879807692 0.5088630264423076 0.5969099879807692 0.5196795961538462 0.6016820048076923 0.5196795961538462 0.6016820048076923 0.5088630264423076
0 0.6088400288461538 0.5064814447115384 0.6030694735576924 0.5064814447115384 0.6030694735576924 0.5207400432692307 0.6088400288461538 0.5207400432692307 0.6088400288461538 0.5064814447115384
0 0.6202356826923077 0.5175586995192307 0.6134927451923077 0.5175586995192307 0.6134927451923077 0.5375658293269231 0.6202356826923077 0.5375658293269231 0.6202356826923077 0.5175586995192307
0 0.5842641442307692 0.5156498942307692 0.5750780144230769 0.5156498942307692 0.5750780144230769 0.534950048076923 0.5842641442307692 0.534950048076923 0.5842641442307692 0.5156498942307692
0 0.5823553389423076 0.4912595889423077 0.5756745144230769 0.4912595889423077 0.5756745144230769 0.5071663100961539 0.5823553389423076 0.5071663100961539 0.5823553389423076 0.4912595889423077
0 0.5637444759615385 0.48298809375 0.5567057524038461 0.48298809375 0.5567057524038461 0.5041970552884615 0.5637444759615385 0.5041970552884615 0.5637444759615385 0.48298809375
0 0.5551548461538461 0.48023092788461536 0.5489512259615384 0.48023092788461536 0.5489512259615384 0.5020761586538461 0.5551548461538461 0.5020761586538461 0.5551548461538461 0.48023092788461536
0 0.5338000745192308 0.4696264471153846 0.5267613485576923 0.4696264471153846 0.5267613485576923 0.48977496153846156 0.5338000745192308 0.48977496153846156 0.5338000745192308 0.4696264471153846
0 0.5489512259615384 0.47768585336538466 0.5438213076923077 0.47768585336538466 0.5438213076923077 0.4988948149038462 0.5489512259615384 0.4988948149038462 0.5489512259615384 0.47768585336538466
0 0.5416738990384615 0.4957134711538461 0.5416738990384615 0.4770495841346154 0.5357088798076923 0.4770495841346154 0.5357088798076923 0.4957134711538461 0.5361575865384616 0.4957134711538461 0.5416738990384615 0.4957134711538461
0 0.7088898221153846 0.3894691682692307 0.7036406033653846 0.3894691682692307 0.7036406033653846 0.4089814134615385 0.7088898221153846 0.4089814134615385 0.7088898221153846 0.3894691682692307
0 0.5122777572115385 0.44637396153846154 0.5078636442307692 0.44637396153846154 0.5078636442307692 0.46864337019230773 0.5122777572115385 0.46864337019230773 0.5122777572115385 0.44637396153846154
0 0.5171690745192308 0.4378903774038462 0.5121584567307692 0.4378903774038462 0.5121584567307692 0.4565542644230769 0.5171690745192308 0.4565542644230769 0.5171690745192308 0.4378903774038462
0 0.5030916274038462 0.45082784375 0.49664940625000004 0.45082784375 0.49664940625000004 0.4771269567307692 0.5030916274038462 0.4771269567307692 0.5030916274038462 0.45082784375
0 0.49199668990384615 0.4472223197115385 0.4844807644230769 0.4472223197115385 0.4844807644230769 0.4714005360576923 0.49199668990384615 0.4714005360576923 0.49199668990384615 0.4472223197115385
0 0.4844807644230769 0.44637396153846154 0.47970874759615384 0.44637396153846154 0.47970874759615384 0.4656741177884616 0.4844807644230769 0.4656741177884616 0.4844807644230769 0.44637396153846154
0 0.47970874759615384 0.44701023076923074 0.4741016298076923 0.44701023076923074 0.4741016298076923 0.4656741177884616 0.47970874759615384 0.4656741177884616 0.47970874759615384 0.44701023076923074
0 0.47374372836538464 0.44828276923076926 0.4683752091346154 0.44828276923076926 0.4683752091346154 0.471612625 0.47374372836538464 0.471612625 0.47374372836538464 0.44828276923076926
0 0.45631602644230773 0.43890734615384613 0.44982608413461533 0.43890734615384613 0.44982608413461533 0.45818205048076927 0.45631602644230773 0.45818205048076927 0.45631602644230773 0.43890734615384613
0 0.46700534134615385 0.4374142379807692 0.4586829471153846 0.4374142379807692 0.4586829471153846 0.4613040096153846 0.46700534134615385 0.4613040096153846 0.46700534134615385 0.4374142379807692
0 0.41054761778846155 0.3551955793269231 0.4054177019230769 0.3551955793269231 0.4054177019230769 0.37046603125 0.41054761778846155 0.37046603125 0.41054761778846155 0.3551955793269231
0 0.44614387740384615 0.4238728461538462 0.4405367572115385 0.4238728461538462 0.4405367572115385 0.4474147908653846 0.44614387740384615 0.4474147908653846 0.44614387740384615 0.4238728461538462
0 0.4368384447115385 0.43511359374999997 0.4302769230769231 0.43511359374999997 0.4302769230769231 0.4546258389423077 0.4368384447115385 0.4546258389423077 0.4368384447115385 0.43511359374999997
0 0.4281295168269231 0.43659822115384617 0.4225223966346154 0.43659822115384617 0.4225223966346154 0.45144449519230767 0.4281295168269231 0.45144449519230767 0.4281295168269231 0.43659822115384617
0 0.40713078124999996 0.4078401971153846 0.40152366105769227 0.4078401971153846 0.40152366105769227 0.43329094951923075 0.40713078124999996 0.43329094951923075 0.40713078124999996 0.4078401971153846
0 0.37253664423076926 0.3984658365384615 0.3652831802884616 0.3984658365384615 0.3652831802884616 0.4188264375 0.37253664423076926 0.4188264375 0.37253664423076926 0.3984658365384615
0 0.37253664423076926 0.41628136298076923 0.3774041009615384 0.41628136298076923 0.3774041009615384 0.4003322235576923 0.37253664423076926 0.4003322235576923 0.37253664423076926 0.41628136298076923
0 0.42691482451923074 0.27772576682692307 0.42536392067307693 0.27772576682692307 0.4225007115384616 0.27772576682692307 0.4225007115384616 0.29299621875 0.42691482451923074 0.29299621875 0.42691482451923074 0.27772576682692307
0 0.4028161442307692 0.2809071105769231 0.3995950336538462 0.2809071105769231 0.3995950336538462 0.29193576923076925 0.4028161442307692 0.29193576923076925 0.4028161442307692 0.2809071105769231
0 0.0725694014423077 0.35470459134615384 0.06839388942307692 0.35470459134615384 0.06839388942307692 0.3663695192307692 0.0725694014423077 0.3663695192307692 0.0725694014423077 0.35470459134615384
0 0.25305085576923075 0.31962075240384613 0.24732443509615384 0.31962075240384613 0.24732443509615384 0.3359092331730769 0.25305085576923075 0.3359092331730769 0.25305085576923075 0.31962075240384613
0 0.40114208894230774 0.22755287019230772 0.39503390865384613 0.22755287019230772 0.39503390865384613 0.2412962764423077 0.40114208894230774 0.2412962764423077 0.40114208894230774 0.22755287019230772
0 0.4105906802884615 0.22891024278846153 0.4057232235576923 0.22891024278846153 0.4057232235576923 0.24112660576923076 0.4105906802884615 0.24112660576923076 0.4105906802884615 0.22891024278846153
0 0.5074366995192308 0.3455255625 0.5037383870192308 0.3455255625 0.5037383870192308 0.3552816826923077 0.5074366995192308 0.3552816826923077 0.5074366995192308 0.3455255625
0 0.5057664951923078 0.3400112307692308 0.5012330793269231 0.3400112307692308 0.5012330793269231 0.35125198076923075 0.5057664951923078 0.35125198076923075 0.5057664951923078 0.3400112307692308
0 0.5710834663461538 0.3203399206730769 0.5652675721153846 0.3203399206730769 0.5652675721153846 0.33916287259615385 0.5710834663461538 0.33916287259615385 0.5710834663461538 0.3203399206730769
0 0.5852503894230769 0.3261723846153846 0.5795836201923077 0.3261723846153846 0.5795836201923077 0.34128376923076925 0.5852503894230769 0.34128376923076925 0.5852503894230769 0.3261723846153846
0 0.6062174350961539 0.34605578605769227 0.5984629086538461 0.34605578605769227 0.5984629086538461 0.3621745961538462 0.6062174350961539 0.3621745961538462 0.6062174350961539 0.34605578605769227
0 0.6034735264423077 0.3252710048076923 0.5990594110576923 0.3252710048076923 0.5990594110576923 0.3386326490384616 0.6034735264423077 0.3386326490384616 0.6034735264423077 0.3252710048076923
0 0.6034735264423077 0.3392689182692308 0.6075297403846154 0.3392689182692308 0.6075297403846154 0.3252710048076923 0.6034735264423077 0.3252710048076923 0.6034735264423077 0.3392689182692308
1 0.017928665865384615 0.09268442548076924 0.1442876201923077 0.09268442548076924 0.1442876201923077 0.03249835817307692 0.017928665865384615 0.03249835817307692 0.017928665865384615 0.09268442548076924
0 0.8481915769230769 0.8111157355769231 0.8404341875000001 0.8111157355769231 0.8404341875000001 0.8382632067307692 0.8481915769230769 0.8382632067307692 0.8481915769230769 0.8111157355769231
0 0.8167534783653847 0.7827835360576922 0.8098634495192307 0.7827835360576922 0.8098634495192307 0.8106694182692308 0.8167534783653847 0.8106694182692308 0.8167534783653847 0.7827835360576922
0 0.8664488942307693 0.9130433221153846 0.8758086802884615 0.9130433221153846 0.8758086802884615 0.8793374278846154 0.8664488942307693 0.8793374278846154 0.8664488942307693 0.9130433221153846
0 0.608923920673077 0.4861705649038462 0.6043800264423077 0.4861705649038462 0.6043800264423077 0.50551234375 0.608923920673077 0.50551234375 0.608923920673077 0.4861705649038462
0 0.6317073990384615 0.5241714711538461 0.6370192788461538 0.5241714711538461 0.6370192788461538 0.5046021418269231 0.6317073990384615 0.5046021418269231 0.6317073990384615 0.5241714711538461
0 0.5244488557692308 0.47297264423076923 0.5161290456730769 0.47297264423076923 0.5161290456730769 0.49117667067307696 0.5244488557692308 0.49117667067307696 0.5244488557692308 0.47297264423076923
0 0.4840382860576923 0.43336191826923076 0.4810175552884616 0.43336191826923076 0.4810175552884616 0.44455739423076923 0.4840382860576923 0.44455739423076923 0.4840382860576923 0.43336191826923076
0 0.49110372355769233 0.4267174471153846 0.4952508293269231 0.4267174471153846 0.4952508293269231 0.4095146418269231 0.49110372355769233 0.4095146418269231 0.49110372355769233 0.4267174471153846
0 0.5069244735576923 0.4027682548076923 0.5096892091346154 0.4027682548076923 0.5096892091346154 0.38738585096153844 0.5069244735576923 0.38738585096153844 0.5069244735576923 0.4027682548076923
0 0.5096892091346154 0.40185805288461535 0.5126075432692307 0.40185805288461535 0.5126075432692307 0.38638462980769234 0.5096892091346154 0.38638462980769234 0.5096892091346154 0.40185805288461535
0 0.030105793269230772 0.3738508533653846 0.03490568269230769 0.3738508533653846 0.03490568269230769 0.3598565072115385 0.030105793269230772 0.3598565072115385 0.030105793269230772 0.3738508533653846
1 0.04143353365384616 0.3745335048076923 0.06223305769230769 0.3745335048076923 0.06223305769230769 0.3581498798076923 0.04143353365384616 0.3581498798076923 0.04143353365384616 0.3745335048076923
1 0.002394425480769231 0.3768090072115384 0.028057838942307692 0.3768090072115384 0.028057838942307692 0.3573534519230769 0.002394425480769231 0.3573534519230769 0.002394425480769231 0.3768090072115384
0 0.08255995192307693 0.37706556971153843 0.08497653605769231 0.37706556971153843 0.08497653605769231 0.36330332692307693 0.08255995192307693 0.36330332692307693 0.08255995192307693 0.37706556971153843
0 0.09358866826923078 0.36901546153846154 0.09691659375 0.36901546153846154 0.09691659375 0.3565001923076923 0.09358866826923078 0.3565001923076923 0.09358866826923078 0.36901546153846154
0 0.10370043749999999 0.36912923798076924 0.1067083701923077 0.36912923798076924 0.1067083701923077 0.35706906971153846 0.10370043749999999 0.35706906971153846 0.10370043749999999 0.36912923798076924
0 0.1108042764423077 0.37049453846153846 0.11336421634615385 0.37049453846153846 0.11336421634615385 0.36014099759615387 0.1108042764423077 0.36014099759615387 0.1108042764423077 0.37049453846153846
0 0.1203400576923077 0.37197361778846155 0.12469195673076923 0.37197361778846155 0.12469195673076923 0.3550211153846154 0.1203400576923077 0.3550211153846154 0.1203400576923077 0.37197361778846155
0 0.10344444471153845 0.37868635096153846 0.1079883389423077 0.37868635096153846 0.1079883389423077 0.3710634158653846 0.10344444471153845 0.3710634158653846 0.10344444471153845 0.37868635096153846
0 0.12526794471153846 0.3696981129807692 0.12725189903846154 0.3696981129807692 0.12725189903846154 0.358093045673077 0.12526794471153846 0.358093045673077 0.12526794471153846 0.3696981129807692
0 0.13614769471153848 0.35615886778846156 0.13230778365384616 0.35615886778846156 0.13230778365384616 0.3692430120192308 0.13614769471153848 0.3692430120192308 0.13614769471153848 0.35615886778846156
0 0.13767781009615385 0.3693314543269231 0.14095453605769231 0.3693314543269231 0.14095453605769231 0.3531298701923077 0.13767781009615385 0.3531298701923077 0.13767781009615385 0.3693314543269231
0 0.14141532451923078 0.3694224759615385 0.14443605528846154 0.3694224759615385 0.14443605528846154 0.3579539375 0.14141532451923078 0.3579539375 0.14141532451923078 0.3694224759615385
0 0.1457160264423077 0.36978655528846155 0.14996552884615386 0.36978655528846155 0.14996552884615386 0.3537670120192308 0.1457160264423077 0.3537670120192308 0.1457160264423077 0.36978655528846155
0 0.1503751201923077 0.36914941346153846 0.15344705048076923 0.36914941346153846 0.15344705048076923 0.35813597836538463 0.1503751201923077 0.35813597836538463 0.1503751201923077 0.36914941346153846
0 0.16302123076923078 0.3737004206730769 0.16599076201923074 0.3737004206730769 0.16599076201923074 0.35640659375 0.16302123076923078 0.35640659375 0.16302123076923078 0.3737004206730769
0 0.15605818990384618 0.3749747019230769 0.15887412499999998 0.3749747019230769 0.15887412499999998 0.35640659375 0.15605818990384618 0.35640659375 0.15605818990384618 0.3749747019230769
0 0.16701473798076924 0.37606694471153845 0.16962587980769234 0.37606694471153845 0.16962587980769234 0.3553143533653846 0.16701473798076924 0.3553143533653846 0.16701473798076924 0.37606694471153845
0 0.1755137451923077 0.3559514951923077 0.17018906730769232 0.3559514951923077 0.17018906730769232 0.37470164182692306 0.1755137451923077 0.37470164182692306 0.1755137451923077 0.3559514951923077
0 0.17858567307692308 0.38280243509615386 0.18104321875 0.38280243509615386 0.18104321875 0.36641881009615385 0.17858567307692308 0.36641881009615385 0.17858567307692308 0.38280243509615386
0 0.21662189423076922 0.36990246875 0.21226999278846154 0.36990246875 0.21226999278846154 0.38708251923076925 0.21662189423076922 0.38708251923076925 0.21662189423076922 0.36990246875
0 0.21662189423076922 0.3902682259615385 0.22295774999999998 0.3902682259615385 0.22295774999999998 0.37479480048076924 0.21662189423076922 0.37479480048076924 0.21662189423076922 0.3902682259615385
0 0.23217353846153846 0.3706988942307692 0.22436571634615385 0.3706988942307692 0.22436571634615385 0.38708251923076925 0.23217353846153846 0.38708251923076925 0.23217353846153846 0.3706988942307692
0 0.2522690793269231 0.3765014278846154 0.2443972596153846 0.3765014278846154 0.2443972596153846 0.3949330072115385 0.2522690793269231 0.3949330072115385 0.2522690793269231 0.3765014278846154
0 0.24215731009615385 0.3771840793269231 0.23671743509615384 0.3771840793269231 0.23671743509615384 0.3976636105769231 0.24215731009615385 0.3976636105769231 0.24215731009615385 0.3771840793269231
0 0.2706366586538462 0.40665185096153844 0.27633252644230766 0.40665185096153844 0.27633252644230766 0.3790044831730769 0.2706366586538462 0.3790044831730769 0.2706366586538462 0.40665185096153844
0 0.28401235096153843 0.3770703052884615 0.2802364375 0.3770703052884615 0.2802364375 0.39652585817307695 0.28401235096153843 0.39652585817307695 0.28401235096153843 0.3770703052884615
0 0.2529730625 0.3939636418269231 0.2557992379807692 0.3939636418269231 0.2557992379807692 0.3782353629807692 0.2529730625 0.3782353629807692 0.2529730625 0.3939636418269231
0 0.2597313076923077 0.3763421442307692 0.25641362259615386 0.3763421442307692 0.25641362259615386 0.3911966298076923 0.2597313076923077 0.3911966298076923 0.2597313076923077 0.3763421442307692
0 0.29109193028846153 0.3809268125 0.2870472235576923 0.3809268125 0.2870472235576923 0.3945798317307692 0.29109193028846153 0.3945798317307692 0.29109193028846153 0.3809268125
0 0.30163888942307693 0.41560548317307694 0.30721956009615387 0.41560548317307694 0.30721956009615387 0.39321453125 0.30163888942307693 0.39321453125 0.30163888942307693 0.41560548317307694
0 0.32467304326923074 0.42429275 0.3328008581730769 0.42429275 0.3328008581730769 0.39573518028846155 0.32467304326923074 0.39573518028846155 0.32467304326923074 0.42429275
0 0.31980915624999995 0.38003420673076926 0.3111693533653846 0.38003420673076926 0.3111693533653846 0.41507695913461534 0.31980915624999995 0.41507695913461534 0.31980915624999995 0.38003420673076926
0 0.42164525 0.41934729807692306 0.42522916826923074 0.41934729807692306 0.42522916826923074 0.40751468028846155 0.42164525 0.40751468028846155 0.42164525 0.41934729807692306
0 0.4102535096153846 0.4132034399038461 0.4140294230769231 0.4132034399038461 0.4140294230769231 0.3996641947115384 0.4102535096153846 0.3996641947115384 0.4102535096153846 0.4132034399038461
0 0.39534185096153845 0.4147962932692308 0.3918219326923077 0.4147962932692308 0.3918219326923077 0.43436562259615386 0.39534185096153845 0.43436562259615386 0.39534185096153845 0.4147962932692308
0 0.3951498557692308 0.4240120817307692 0.40046173317307693 0.4240120817307692 0.40046173317307693 0.40341877403846155 0.3951498557692308 0.40341877403846155 0.3951498557692308 0.4240120817307692
0 0.37927821875 0.4129758894230769 0.3849100889423077 0.4129758894230769 0.3849100889423077 0.39545451201923076 0.37927821875 0.39545451201923076 0.37927821875 0.4129758894230769
0 0.3554067644230769 0.40626315384615386 0.3606546442307692 0.40626315384615386 0.3606546442307692 0.3975024663461539 0.3554067644230769 0.3975024663461539 0.3554067644230769 0.40626315384615386
0 0.4359913581730769 0.37302647115384613 0.4405992524038461 0.37302647115384613 0.4405992524038461 0.35846324759615383 0.4359913581730769 0.35846324759615383 0.4359913581730769 0.37302647115384613
0 0.3129221754807692 0.31056389903846154 0.31682608653846156 0.31056389903846154 0.31682608653846156 0.3000965841346154 0.3129221754807692 0.3000965841346154 0.3129221754807692 0.31056389903846154
0 0.19572756009615383 0.2890556201923077 0.19096606971153846 0.2890556201923077 0.19096606971153846 0.3014343581730769 0.19572756009615383 0.3014343581730769 0.19572756009615383 0.2890556201923077
0 0.37975207451923076 0.33252373076923075 0.38299603125 0.33252373076923075 0.38299603125 0.3249508557692308 0.37975207451923076 0.3249508557692308 0.37975207451923076 0.33252373076923075
0 0.3824717572115385 0.32687320192307695 0.3864038269230769 0.32687320192307695 0.3864038269230769 0.3167371971153846 0.3824717572115385 0.3167371971153846 0.3824717572115385 0.32687320192307695
0 0.4738225673076923 0.2618750240384615 0.4772528870192308 0.2618750240384615 0.4772528870192308 0.25259097115384616 0.4738225673076923 0.25259097115384616 0.4738225673076923 0.2618750240384615
0 0.5685183052884615 0.40088441826923077 0.57229421875 0.40088441826923077 0.57229421875 0.3860936466346154 0.5685183052884615 0.3860936466346154 0.5685183052884615 0.40088441826923077
0 0.5252552956730769 0.4322863677884615 0.5299911875000001 0.4322863677884615 0.5299911875000001 0.41271703605769233 0.5252552956730769 0.41271703605769233 0.5252552956730769 0.4322863677884615
0 0.5447108509615385 0.4450291850961538 0.5496387379807692 0.4450291850961538 0.5496387379807692 0.4271664831730769 0.5447108509615385 0.4271664831730769 0.5447108509615385 0.4450291850961538
0 0.5506627139423077 0.44366388461538464 0.5537986442307692 0.44366388461538464 0.5537986442307692 0.4263700576923077 0.5506627139423077 0.4263700576923077 0.5506627139423077 0.44366388461538464
0 0.5861096538461539 0.27880231490384616 0.5884919639423077 0.27880231490384616 0.5884919639423077 0.26967571874999996 0.5861096538461539 0.26967571874999996 0.5861096538461539 0.27880231490384616