0 0.2851251009615385 0.8228229495192309 0.26821887259615385 0.8228229495192309 0.26821887259615385 0.8750553533653846 0.2851251009615385 0.8750553533653846 0.2851251009615385 0.8228229495192309
0 0.046892725961538456 0.6914840360576923 0.034418228365384614 0.6914840360576923 0.034418228365384614 0.7386391009615385 0.046892725961538456 0.7386391009615385 0.046892725961538456 0.6914840360576923
0 0.81626203125 1 0.81626203125 0.9405861177884615 0.7973861466346153 0.9405861177884615 0.7973861466346153 1 0.81626203125 1
0 0.972509360576923 0.8516663942307693 0.9559314086538462 0.8516663942307693 0.9559314086538462 0.9021479927884616 0.972509360576923 0.9021479927884616 0.972509360576923 0.8516663942307693
0 0.8590719543269232 0.7611898052884616 0.845612625 0.7611898052884616 0.845612625 0.8078779879807693 0.8590719543269232 0.8078779879807693 0.8590719543269232 0.7611898052884616
0 0.9679808942307692 0.8203520697115384 0.9544296490384615 0.8203520697115384 0.9544296490384615 0.8690945312499999 0.9679808942307692 0.8690945312499999 0.9679808942307692 0.8203520697115384
0 0.9062976225961539 0.8648264158653846 0.9274123533653846 0.8648264158653846 0.9274123533653846 0.8102946177884616 0.9062976225961539 0.8102946177884616 0.9062976225961539 0.8648264158653846
0 0.9383646995192307 0.7974845817307692 0.9248344639423076 0.7974845817307692 0.9248344639423076 0.8473849110576922 0.9383646995192307 0.8473849110576922 0.9383646995192307 0.7974845817307692
1 0.955755545673077 0.889839704326923 0.8893124254807692 0.889839704326923 0.8893124254807692 0.9329012163461539 0.955755545673077 0.9329012163461539 0.955755545673077 0.889839704326923
0 0.7303420961538462 0.7125443918269231 0.7181302187499999 0.7125443918269231 0.7181302187499999 0.7646017163461539 0.7303420961538462 0.7646017163461539 0.7303420961538462 0.7548483581730768 0.7303420961538462 0.7537166995192308 0.7303420961538462 0.7125443918269231
0 0.7304125625 0.7549248509615385 0.742201516826923 0.7549248509615385 0.742201516826923 0.7044444999999999 0.7304125625 0.7044444999999999 0.7304125625 0.7549248509615385
0 0.7534627067307693 0.7643547764423076 0.7665727475961539 0.7643547764423076 0.7665727475961539 0.7087771634615384 0.7534627067307693 0.7087771634615384 0.7534627067307693 0.7643547764423076
0 0.8109325745192308 0.8037697572115385 0.823958576923077 0.8037697572115385 0.823958576923077 0.7503584783653847 0.8109325745192308 0.7503584783653847 0.8109325745192308 0.8037697572115385
0 0.8120881057692307 0.7882692812500001 0.825114108173077 0.7882692812500001 0.825114108173077 0.7427016153846153 0.8120881057692307 0.7427016153846153 0.8120881057692307 0.7882692812500001
0 0.7867714399038461 0.7834137115384615 0.7982217163461538 0.7834137115384615 0.7982217163461538 0.7339242379807692 0.7867714399038461 0.7339242379807692 0.7867714399038461 0.7834137115384615
0 0.77164446875 0.7953658846153846 0.781824079326923 0.7953658846153846 0.781824079326923 0.7487856995192307 0.77164446875 0.7487856995192307 0.77164446875 0.7953658846153846
0 0.7835989783653846 0.7377896995192308 0.7757463990384615 0.7377896995192308 0.7757463990384615 0.7685785 0.7835989783653846 0.7685785 0.7835989783653846 0.7377896995192308
0 0.6363698341346153 0.7270178822115384 0.6269154759615384 0.7270178822115384 0.6269154759615384 0.7645551802884616 0.6363698341346153 0.7645551802884616 0.6363698341346153 0.7270178822115384
0 0.6372665216346154 0.6841377668269231 0.6298711129807693 0.6841377668269231 0.6298711129807693 0.7286596177884616 0.6372665216346154 0.7286596177884616 0.6372665216346154 0.6841377668269231
0 0.6473511682692308 0.6880222235576923 0.6380228701923076 0.6880222235576923 0.6380228701923076 0.7346357067307692 0.6473511682692308 0.7346357067307692 0.6473511682692308 0.6880222235576923
0 0.6517211826923077 0.6810003221153846 0.6429811538461538 0.6810003221153846 0.6429811538461538 0.72611978125 0.6517211826923077 0.72611978125 0.6517211826923077 0.6810003221153846
0 0.5960815048076923 0.7071932596153846 0.5843833125 0.7071932596153846 0.5843833125 0.7538067403846154 0.5960815048076923 0.7538067403846154 0.5960815048076923 0.7071932596153846
0 0.6168096562500001 0.6973743341346155 0.6033634591346154 0.6973743341346155 0.6033634591346154 0.7478722716346154 0.6168096562500001 0.7478722716346154 0.6168096562500001 0.6973743341346155
0 0.5940062716346154 0.6552012307692308 0.5844206033653846 0.6552012307692308 0.5844206033653846 0.7000218870192308 0.5940062716346154 0.7000218870192308 0.5940062716346154 0.6552012307692308
0 0.6249692908653847 0.6697962908653847 0.6160401754807693 0.6697962908653847 0.6160401754807693 0.6955681682692307 0.6249692908653847 0.6955681682692307 0.6249692908653847 0.6697962908653847
0 0.5758612596153846 0.6726103870192308 0.5693398557692307 0.6726103870192308 0.5693398557692307 0.6974709110576923 0.5758612596153846 0.6974709110576923 0.5758612596153846 0.6726103870192308
0 0.5693398557692307 0.6584342548076924 0.55949471875 0.6584342548076924 0.55949471875 0.6937305216346155 0.5693398557692307 0.6937305216346155 0.5693398557692307 0.6584342548076924
0 0.4921410745192307 0.6373709350961538 0.4819219663461538 0.6373709350961538 0.4819219663461538 0.6813549399038461 0.4921410745192307 0.6813549399038461 0.4921410745192307 0.6373709350961538
0 0.4819219663461538 0.6366538052884615 0.47129947115384613 0.6366538052884615 0.47129947115384613 0.6813549399038461 0.4819219663461538 0.6813549399038461 0.4819219663461538 0.6366538052884615
0 0.6134078052884615 0.7410216610576923 0.6220637932692308 0.7410216610576923 0.6220637932692308 0.6936611706730769 0.6134078052884615 0.6936611706730769 0.6134078052884615 0.7410216610576923
0 0.5677852788461538 0.680219108173077 0.5576334014423077 0.680219108173077 0.5576334014423077 0.7251592860576923 0.5677852788461538 0.7251592860576923 0.5677852788461538 0.680219108173077
0 0.5665246995192308 0.726511375 0.5756008822115384 0.726511375 0.5756008822115384 0.6818102427884616 0.5665246995192308 0.6818102427884616 0.5665246995192308 0.726511375
0 0.4496496418269231 0.6145936826923077 0.4413298076923077 0.6145936826923077 0.4413298076923077 0.6583685216346153 0.4496496418269231 0.6583685216346153 0.4496496418269231 0.6145936826923077
0 0.46242352884615384 0.6092152043269231 0.45292715384615384 0.6092152043269231 0.45292715384615384 0.6537370552884615 0.46242352884615384 0.6537370552884615 0.46242352884615384 0.6092152043269231
0 0.4745251057692308 0.61788053125 0.4662052716346154 0.61788053125 0.4662052716346154 0.66150596875 0.4745251057692308 0.66150596875 0.4745251057692308 0.61788053125
0 0.42605261778846154 0.6421074278846154 0.4139510408653846 0.6421074278846154 0.4139510408653846 0.6863304759615385 0.42605261778846154 0.6863304759615385 0.42605261778846154 0.6421074278846154
0 0.4333807956730769 0.6296771682692307 0.422489375 0.6296771682692307 0.422489375 0.6777249086538462 0.4333807956730769 0.6777249086538462 0.4333807956730769 0.6296771682692307
0 0.41024887259615384 0.6099033221153847 0.4015760769230769 0.6099033221153847 0.4015760769230769 0.6549630192307692 0.41024887259615384 0.6549630192307692 0.41024887259615384 0.6099033221153847
0 0.4177115120192308 0.6040467548076923 0.40735793990384617 0.6040467548076923 0.40735793990384617 0.6482698028846153 0.4177115120192308 0.6482698028846153 0.4177115120192308 0.6040467548076923
0 0.3984458966346154 0.5854573894230769 0.3873527836538461 0.5854573894230769 0.3873527836538461 0.6313537403846153 0.3984458966346154 0.6313537403846153 0.3984458966346154 0.5854573894230769
0 0.3664775625 0.6144832451923077 0.3547793725961539 0.6144832451923077 0.3547793725961539 0.6584672475961538 0.3664775625 0.6584672475961538 0.3664775625 0.6144832451923077
0 0.36969687740384616 0.592987579326923 0.36168294471153845 0.592987579326923 0.36168294471153845 0.6266449038461539 0.36969687740384616 0.6266449038461539 0.36969687740384616 0.592987579326923
0 0.36168294471153845 0.5880154735576923 0.35399171875 0.5880154735576923 0.35399171875 0.6237763822115384 0.36168294471153845 0.6237763822115384 0.36168294471153845 0.5880154735576923
0 0.5106508605769231 0.8873931995192308 0.49947370913461536 0.8873931995192308 0.49947370913461536 0.9479010841346154 0.5106508605769231 0.9479010841346154 0.5106508605769231 0.8873931995192308
0 0.4534716971153846 0.91589 0.44086588701923074 0.91589 0.44086588701923074 0.9777051538461539 0.4534716971153846 0.9777051538461539 0.4534716971153846 0.91589
0 0.45798877884615385 0.9030040600961539 0.44517287259615385 0.9030040600961539 0.44517287259615385 0.9552948245192308 0.45798877884615385 0.9552948245192308 0.45798877884615385 0.9030040600961539
0 0.4854326754807692 0.91803765625 0.4741924951923077 0.91803765625 0.4741924951923077 0.976864766826923 0.4854326754807692 0.976864766826923 0.4854326754807692 0.91803765625
0 0.4555989278846154 0.9206521947115385 0.4679946394230769 0.9206521947115385 0.4679946394230769 0.8633191057692307 0.4555989278846154 0.8633191057692307 0.4555989278846154 0.9206521947115385
0 0.47026368509615385 0.9033535552884615 0.48051641105769227 0.9033535552884615 0.48051641105769227 0.8465807259615384 0.47026368509615385 0.8465807259615384 0.47026368509615385 0.8834489158653847 0.47026368509615385 0.8854807860576923 0.47026368509615385 0.9033535552884615
0 0.48286949519230765 0.8834489158653847 0.47026368509615385 0.8834489158653847 0.47026368509615385 0.9528910504807692 0.48286949519230765 0.9528910504807692 0.48286949519230765 0.8834489158653847
0 0.40519290865384616 0.9267455264423077 0.39216690625 0.9267455264423077 0.39216690625 0.9840786153846154 0.40519290865384616 0.9840786153846154 0.40519290865384616 0.9267455264423077
0 0.37527512259615387 0.9349199615384615 0.36233315625 0.9349199615384615 0.36233315625 0.9985652908653846 0.37527512259615387 0.9985652908653846 0.37527512259615387 0.9349199615384615
0 0.2866340889423077 0.6015688629807692 0.2793731418269231 0.6015688629807692 0.2793731418269231 0.6294174302884615 0.2866340889423077 0.6294174302884615 0.2866340889423077 0.6015688629807692
0 0.32746430528846154 0.59235821875 0.3183208918269231 0.59235821875 0.3183208918269231 0.6338322644230769 0.32746430528846154 0.6338322644230769 0.32746430528846154 0.59235821875
0 0.32927954086538463 0.5826769567307692 0.3221530576923077 0.5826769567307692 0.3221530576923077 0.6139916538461538 0.32927954086538463 0.6139916538461538 0.32927954086538463 0.5826769567307692
0 0.32531291346153846 0.5800474783653846 0.3187915072115385 0.5800474783653846 0.3187915072115385 0.6084936538461538 0.32531291346153846 0.6084936538461538 0.32531291346153846 0.5800474783653846
0 0.2989066850961538 0.5790520336538462 0.29046247355769234 0.5790520336538462 0.29046247355769234 0.6190201057692307 0.2989066850961538 0.6190201057692307 0.2989066850961538 0.5790520336538462
0 0.27776086057692306 0.5714041346153846 0.26845609134615384 0.5714041346153846 0.26845609134615384 0.6125196177884615 0.27776086057692306 0.6125196177884615 0.27776086057692306 0.5714041346153846
0 0.2666837139423077 0.5639937860576923 0.2565721754807692 0.5639937860576923 0.2565721754807692 0.6017626586538461 0.2666837139423077 0.6017626586538461 0.2666837139423077 0.5639937860576923
0 0.3163262331730769 0.5683877067307692 0.3101409807692308 0.5683877067307692 0.3101409807692308 0.5982203341346154 0.3163262331730769 0.5982203341346154 0.3163262331730769 0.5683877067307692
0 0.3585733413461538 0.5069609975961538 0.35023669951923075 0.5069609975961538 0.35023669951923075 0.5327776947115385 0.3585733413461538 0.5327776947115385 0.3585733413461538 0.5069609975961538
0 0.3432936298076923 0.5169511490384615 0.3355486201923077 0.5169511490384615 0.3355486201923077 0.5475487139423078 0.3432936298076923 0.5475487139423078 0.3432936298076923 0.5169511490384615
0 0.3355486201923077 0.5121702788461538 0.3274271177884615 0.5121702788461538 0.3274271177884615 0.5462100721153846 0.3355486201923077 0.5462100721153846 0.3355486201923077 0.5121702788461538
0 0.31833412740384615 0.5196463629807693 0.3097823461538462 0.5196463629807693 0.3097823461538462 0.5433594783653846 0.31833412740384615 0.5433594783653846 0.31833412740384615 0.5196463629807693
0 0.30336313221153843 0.5135767067307693 0.30336313221153843 0.5101344807692307 0.29583326201923077 0.5101344807692307 0.29583326201923077 0.5366778701923077 0.30336313221153843 0.5366778701923077 0.30336313221153843 0.5135767067307693
0 0.3107208918269231 0.5135767067307693 0.30336313221153843 0.5135767067307693 0.30336313221153843 0.5372898221153846 0.3107208918269231 0.5372898221153846 0.3107208918269231 0.5135767067307693
0 0.29396809615384617 0.4726556778846154 0.28724499759615385 0.4726556778846154 0.28724499759615385 0.5062173846153846 0.29396809615384617 0.5062173846153846 0.29396809615384617 0.4726556778846154
0 0.2832573605769231 0.5070425120192308 0.2754585649038461 0.5070425120192308 0.2754585649038461 0.5399109927884616 0.2832573605769231 0.5399109927884616 0.2832573605769231 0.5070425120192308
0 0.2677564158653846 0.5535663509615385 0.25915085096153845 0.5535663509615385 0.25915085096153845 0.5854786586538462 0.2677564158653846 0.5854786586538462 0.2677564158653846 0.5535663509615385
0 0.2663694615384615 0.5229361442307693 0.2552897956730769 0.5229361442307693 0.2552897956730769 0.5585058149038461 0.2663694615384615 0.5585058149038461 0.2663694615384615 0.5229361442307693
0 0.2399466875 0.526505641826923 0.22962000961538462 0.526505641826923 0.22962000961538462 0.5686729134615385 0.2399466875 0.5686729134615385 0.2399466875 0.526505641826923
0 0.24434628365384617 0.5061411850961538 0.23449291105769232 0.5061411850961538 0.23449291105769232 0.5443116490384615 0.24434628365384617 0.5443116490384615 0.24434628365384617 0.5061411850961538
0 0.07624963942307693 0.47608665625 0.06809788221153847 0.47608665625 0.06809788221153847 0.5101503533653846 0.07624963942307693 0.5101503533653846 0.07624963942307693 0.47608665625
0 0.08448543509615385 0.4713057860576923 0.07473694230769232 0.4713057860576923 0.07473694230769232 0.5095527451923076 0.08448543509615385 0.5095527451923076 0.08448543509615385 0.4713057860576923
0 0.09503229567307692 0.5046224735576923 0.08335091346153846 0.5046224735576923 0.08335091346153846 0.5404789975961538 0.09503229567307692 0.5404789975961538 0.09503229567307692 0.5046224735576923
0 0.1360169326923077 0.49954693509615383 0.1298316826923077 0.49954693509615383 0.1298316826923077 0.532295891826923 0.1360169326923077 0.532295891826923 0.1360169326923077 0.49954693509615383
0 0.14186602884615385 0.4923756298076923 0.13352938701923078 0.4923756298076923 0.13352938701923078 0.5272759807692308 0.14186602884615385 0.5272759807692308 0.14186602884615385 0.4923756298076923
0 0.13048823557692307 0.5171134302884616 0.12065570432692309 0.5171134302884616 0.12065570432692309 0.5544639759615385 0.13048823557692307 0.5544639759615385 0.13048823557692307 0.5171134302884616
0 0.14116115384615385 0.533995875 0.13284131971153845 0.533995875 0.13284131971153845 0.5637269110576922 0.14116115384615385 0.5637269110576922 0.14116115384615385 0.533995875
0 0.10848515624999999 0.501219735576923 0.1023923485576923 0.501219735576923 0.1023923485576923 0.5258710961538461 0.10848515624999999 0.5258710961538461 0.10848515624999999 0.501219735576923
0 0.1257719230769231 0.4866359471153846 0.1153511201923077 0.4866359471153846 0.1153511201923077 0.510540298076923 0.1257719230769231 0.510540298076923 0.1257719230769231 0.4866359471153846
0 0.1057370889423077 0.5398572740384615 0.11246018749999999 0.5398572740384615 0.11246018749999999 0.5038513485576923 0.1057370889423077 0.5038513485576923 0.1057370889423077 0.5398572740384615
0 0.17012782692307693 0.5232374158653846 0.16235424278846156 0.5232374158653846 0.16235424278846156 0.5566661538461538 0.17012782692307693 0.5566661538461538 0.17012782692307693 0.5232374158653846
0 0.1652955985576923 0.5378041274038462 0.1557361947115385 0.5378041274038462 0.1557361947115385 0.5762751899038462 0.1652955985576923 0.5762751899038462 0.1652955985576923 0.5378041274038462
0 0.15058882211538463 0.5231947283653846 0.14285725961538462 0.5231947283653846 0.14285725961538462 0.5589018509615384 0.15058882211538463 0.5589018509615384 0.15058882211538463 0.5231947283653846
0 0.15643119471153846 0.5191802908653846 0.1469348173076923 0.5191802908653846 0.1469348173076923 0.5557838269230769 0.15643119471153846 0.5557838269230769 0.15643119471153846 0.5191802908653846
0 0.15673037259615383 0.5390968846153846 0.1509754014423077 0.5390968846153846 0.1509754014423077 0.5708418605769231 0.15673037259615383 0.5708418605769231 0.15673037259615383 0.5390968846153846
0 0.11624870673076923 0.5269376274038462 0.1257719230769231 0.5269376274038462 0.1257719230769231 0.49660898317307695 0.11624870673076923 0.49660898317307695 0.11624870673076923 0.5269376274038462
0 0.23926538461538463 0.4708333725961538 0.2295168918269231 0.4708333725961538 0.2295168918269231 0.5081839182692307 0.23926538461538463 0.5081839182692307 0.23926538461538463 0.4708333725961538
0 0.25170311778846155 0.48248674278846154 0.24262693509615385 0.48248674278846154 0.24262693509615385 0.5210325048076924 0.25170311778846155 0.5210325048076924 0.25170311778846155 0.48248674278846154
0 0.26874328365384614 0.4881275408653846 0.2616840288461538 0.4881275408653846 0.2616840288461538 0.5260159350961539 0.26874328365384614 0.5260159350961539 0.26874328365384614 0.4881275408653846
0 0.27912941826923077 0.4701040360576923 0.27220462740384616 0.4701040360576923 0.27220462740384616 0.5088290817307692 0.27912941826923077 0.5088290817307692 0.27912941826923077 0.4701040360576923
0 0.27469217548076924 0.4979526033653846 0.2828943533653846 0.4979526033653846 0.2828943533653846 0.4692673822115384 0.27469217548076924 0.4692673822115384 0.27469217548076924 0.4979526033653846
0 0.2643852451923077 0.48556374759615384 0.2583075625 0.48556374759615384 0.2583075625 0.5128147067307692 0.2643852451923077 0.5128147067307692 0.2643852451923077 0.48556374759615384
0 0.26468156490384614 0.4900849567307692 0.2595720096153846 0.4900849567307692 0.2595720096153846 0.5221167836538462 0.26468156490384614 0.5221167836538462 0.26468156490384614 0.4900849567307692
0 0.22799172596153847 0.4709188966346154 0.22153755288461538 0.4709188966346154 0.22153755288461538 0.5033331947115385 0.22799172596153847 0.5033331947115385 0.22799172596153847 0.4709188966346154
0 0.22132745673076923 0.47173313942307693 0.21213025721153847 0.47173313942307693 0.21213025721153847 0.5078765144230769 0.22132745673076923 0.5078765144230769 0.22132745673076923 0.47173313942307693
0 0.21702467307692308 0.479956235576923 0.20874181490384616 0.479956235576923 0.20874181490384616 0.5160996105769231 0.21702467307692308 0.5160996105769231 0.21702467307692308 0.479956235576923
0 0.3125606586538462 0.4374179759615385 0.3077200288461538 0.4374179759615385 0.3077200288461538 0.4682545889423077 0.3125606586538462 0.4682545889423077 0.3125606586538462 0.4374179759615385
0 0.31081265384615386 0.47100358894230765 0.3190820649038461 0.47100358894230765 0.3190820649038461 0.4374179759615385 0.31081265384615386 0.4374179759615385 0.31081265384615386 0.47100358894230765
0 0.3278220913461538 0.42259728124999996 0.3207628389423077 0.42259728124999996 0.3207628389423077 0.4505653701923077 0.3278220913461538 0.4505653701923077 0.3278220913461538 0.42259728124999996
0 0.3249983918269231 0.4352665841346154 0.31800636778846153 0.4352665841346154 0.31800636778846153 0.45630241346153844 0.3249983918269231 0.45630241346153844 0.3249983918269231 0.4352665841346154
0 0.34179353124999995 0.4101243317307692 0.3349653846153846 0.4101243317307692 0.3349653846153846 0.44056502644230766 0.34179353124999995 0.44056502644230766 0.34179353124999995 0.4101243317307692
0 0.3401127548076923 0.4310406370192308 0.3337048028846154 0.4310406370192308 0.3337048028846154 0.46054756971153843 0.3401127548076923 0.46054756971153843 0.3401127548076923 0.4310406370192308
0 0.32078384855769226 0.4715659807692308 0.3297129639423077 0.4715659807692308 0.3297129639423077 0.44710137259615385 0.32078384855769226 0.44710137259615385 0.32078384855769226 0.4715659807692308
0 0.3350284134615385 0.4446565120192308 0.32857423798076923 0.4446565120192308 0.32857423798076923 0.4759712091346154 0.3350284134615385 0.4759712091346154 0.3350284134615385 0.4446565120192308
0 0.3588617956730769 0.4005753990384615 0.3542228581730769 0.4005753990384615 0.3542228581730769 0.4244797475961538 0.3588617956730769 0.4244797475961538 0.3588617956730769 0.4005753990384615
0 0.3836994423076923 0.4203076923076923 0.37543003124999996 0.4203076923076923 0.37543003124999996 0.4544909110576923 0.3836994423076923 0.4544909110576923 0.3836994423076923 0.4203076923076923
0 0.35665682932692305 0.44234458173076924 0.3496816153846154 0.44234458173076924 0.3496816153846154 0.47102980048076926 0.35665682932692305 0.47102980048076926 0.35665682932692305 0.44234458173076924
0 0.3513623894230769 0.4371155048076923 0.3439669831730769 0.4371155048076923 0.3439669831730769 0.47102980048076926 0.3513623894230769 0.47102980048076926 0.3513623894230769 0.4371155048076923
0 0.3560460793269231 0.4252195697115385 0.3485834399038461 0.4252195697115385 0.3485834399038461 0.4499605697115384 0.3560460793269231 0.4499605697115384 0.3560460793269231 0.4252195697115385
0 0.35046590624999996 0.42617574278846154 0.3429360384615385 0.42617574278846154 0.3429360384615385 0.4499605697115384 0.35046590624999996 0.4499605697115384 0.35046590624999996 0.42617574278846154
0 0.3663620961538462 0.39147721875 0.36179038942307695 0.39147721875 0.36179038942307695 0.4169114471153846 0.3663620961538462 0.4169114471153846 0.3663620961538462 0.39147721875
0 0.37179436057692306 0.3873656706730769 0.3659856009615385 0.3873656706730769 0.3659856009615385 0.4131823677884615 0.37179436057692306 0.4131823677884615 0.37179436057692306 0.3873656706730769
0 0.4613168990384615 0.34066193990384613 0.45712168509615386 0.34066193990384613 0.45712168509615386 0.36427943749999997 0.4613168990384615 0.36427943749999997 0.4613168990384615 0.34066193990384613
0 0.4334483100961538 0.3341763485576923 0.42751047115384616 0.3341763485576923 0.42751047115384616 0.3594193413461539 0.4334483100961538 0.3594193413461539 0.4334483100961538 0.3341763485576923
0 0.4148150745192308 0.3426903509615385 0.4076885913461539 0.3426903509615385 0.4076885913461539 0.36205287499999994 0.4148150745192308 0.36205287499999994 0.4148150745192308 0.3426903509615385
0 0.415084 0.36049909375 0.40862982451923074 0.36049909375 0.40862982451923074 0.3883476586538462 0.415084 0.3883476586538462 0.415084 0.36049909375
0 0.3991387019230769 0.37254837980769234 0.3942308389423077 0.37254837980769234 0.3942308389423077 0.39035711778846155 0.3991387019230769 0.39035711778846155 0.3991387019230769 0.37254837980769234
0 0.39295345192307696 0.3714726826923077 0.3866337379807692 0.3714726826923077 0.3866337379807692 0.38963998798076926 0.39295345192307696 0.38963998798076926 0.39295345192307696 0.3714726826923077
0 0.4316236610576923 0.3707259927884615 0.42581490625 0.3707259927884615 0.42581490625 0.39931559375 0.4316236610576923 0.39931559375 0.4316236610576923 0.3707259927884615
0 0.44124126442307693 0.3468762283653846 0.43498878365384613 0.3468762283653846 0.43498878365384613 0.36862918509615383 0.44124126442307693 0.36862918509615383 0.44124126442307693 0.3468762283653846
0 0.4343164735576923 0.3603821850961539 0.4291396875 0.3603821850961539 0.4291396875 0.37866901201923076 0.4343164735576923 0.37866901201923076 0.4343164735576923 0.3603821850961539
0 0.4469558966346154 0.34006348798076924 0.4408378774038461 0.34006348798076924 0.4408378774038461 0.3640873581730769 0.4469558966346154 0.3640873581730769 0.4469558966346154 0.34006348798076924
0 0.4263032235576923 0.3513827644230769 0.4209919759615385 0.3513827644230769 0.4209919759615385 0.3787532451923077 0.4263032235576923 0.3787532451923077 0.4263032235576923 0.3513827644230769
0 0.4209919759615385 0.34217959134615383 0.4174959639423077 0.34217959134615383 0.4174959639423077 0.3658448966346154 0.4209919759615385 0.3658448966346154 0.4209919759615385 0.34217959134615383
0 0.4254964495192307 0.34337480769230766 0.4189750456730769 0.34337480769230766 0.4189750456730769 0.36393254807692305 0.4254964495192307 0.36393254807692305 0.4254964495192307 0.34337480769230766
0 0.43241343750000005 0.40495623317307694 0.43871634134615384 0.40495623317307694 0.43871634134615384 0.37806383894230766 0.43241343750000005 0.37806383894230766 0.43241343750000005 0.40495623317307694
0 0.29928099038461536 0.5391155120192308 0.2914653894230769 0.5391155120192308 0.2914653894230769 0.574673233173077 0.29928099038461536 0.574673233173077 0.29928099038461536 0.5391155120192308
0 0.3043233149038462 0.5713863846153846 0.29238981490384613 0.5713863846153846 0.29238981490384613 0.6120237788461538 0.3043233149038462 0.6120237788461538 0.3043233149038462 0.5713863846153846
0 0.29238981490384613 0.539777951923077 0.2856204951923077 0.539777951923077 0.2856204951923077 0.5787420408653846 0.29238981490384613 0.5787420408653846 0.29238981490384613 0.539777951923077
0 0.2871668076923077 0.5368838173076923 0.27960332211538463 0.5368838173076923 0.27960332211538463 0.5733379519230769 0.2871668076923077 0.5733379519230769 0.2871668076923077 0.5368838173076923
0 0.2824606394230769 0.5401706658653846 0.2738046490384615 0.5401706658653846 0.2738046490384615 0.5867841466346154 0.2824606394230769 0.5867841466346154 0.2824606394230769 0.5401706658653846
0 0.20447834134615384 0.5134726610576923 0.20874181490384616 0.5134726610576923 0.20874181490384616 0.4917197043269231 0.20247612259615386 0.4917197043269231 0.20247612259615386 0.5134726610576923 0.20363795432692308 0.5134726610576923 0.20447834134615384 0.5134726610576923
0 0.20382074278846155 0.4864607475961539 0.19898011298076923 0.4864607475961539 0.19898011298076923 0.5070184879807692 0.20382074278846155 0.5070184879807692 0.20382074278846155 0.4864607475961539
0 0.21002641105769232 0.5248673798076923 0.20121915384615383 0.5248673798076923 0.20121915384615383 0.5629948173076923 0.21002641105769232 0.5629948173076923 0.21002641105769232 0.5248673798076923
0 0.19325438221153846 0.5442765913461538 0.18478327884615384 0.5442765913461538 0.18478327884615384 0.5826430721153846 0.19325438221153846 0.5826430721153846 0.19325438221153846 0.5442765913461538
0 0.18011912980769232 0.523842108173077 0.17171525721153846 0.523842108173077 0.17171525721153846 0.5600571971153846 0.18011912980769232 0.5600571971153846 0.18011912980769232 0.523842108173077
0 0.18236863701923076 0.5199766466346154 0.17577684855769232 0.5199766466346154 0.17577684855769232 0.549909 0.18236863701923076 0.549909 0.18236863701923076 0.5199766466346154
0 0.19776411057692306 0.5308601538461539 0.1876794639423077 0.5308601538461539 0.1876794639423077 0.5694059182692308 0.19776411057692306 0.5694059182692308 0.19776411057692306 0.5308601538461539
0 0.044836060096153846 0.45808805769230765 0.03611704326923077 0.45808805769230765 0.03611704326923077 0.4920770528846154 0.044836060096153846 0.4920770528846154 0.044836060096153846 0.45808805769230765
0 0.03149491105769231 0.45696754086538466 0.024771814903846154 0.45696754086538466 0.024771814903846154 0.48591421394230766 0.03149491105769231 0.48591421394230766 0.03149491105769231 0.45696754086538466
1 0 0.49959421634615386 0.024776533653846154 0.49959421634615386 0.024776533653846154 0.4534662908653846 0 0.4534662908653846 0 0.49959421634615386
0 0.03219344951923077 0.4878412019230769 0.024125733173076924 0.4878412019230769 0.024125733173076924 0.5190124735576923 0.03219344951923077 0.5190124735576923 0.03219344951923077 0.4878412019230769
0 0.44251110336538463 0.36144418990384614 0.4370653942307693 0.36144418990384614 0.4370653942307693 0.3835557139423077 0.44251110336538463 0.3835557139423077 0.44251110336538463 0.36144418990384614
0 0.44599478124999997 0.3667922163461539 0.44212227884615385 0.3667922163461539 0.44212227884615385 0.3821674927884615 0.44599478124999997 0.3821674927884615 0.44599478124999997 0.3667922163461539
0 0.39422562259615385 0.4019090817307692 0.39422562259615385 0.37905054807692307 0.3885109879807693 0.37905054807692307 0.3885109879807693 0.4019090817307692 0.3908640745192308 0.4019090817307692 0.39422562259615385 0.4019090817307692
0 0.19997494471153845 0.5199041249999999 0.1919912644230769 0.5199041249999999 0.1919912644230769 0.5609897259615384 0.19997494471153845 0.5609897259615384 0.19997494471153845 0.5199041249999999
0 0.1946384855769231 0.5128021850961538 0.18699096153846154 0.5128021850961538 0.18699096153846154 0.5362583293269231 0.1946384855769231 0.5362583293269231 0.1946384855769231 0.5128021850961538
0 0.25658482211538464 0.4919027307692308 0.24977768509615383 0.4919027307692308 0.24977768509615383 0.5177493076923076 0.25658482211538464 0.5177493076923076 0.25658482211538464 0.4919027307692308
0 0.21257127163461537 0.5122564158653846 0.20403293509615386 0.5122564158653846 0.20403293509615386 0.5478738966346154 0.21257127163461537 0.5478738966346154 0.21257127163461537 0.5122564158653846
0 0.18699096153846154 0.5127448413461538 0.17925648076923076 0.5127448413461538 0.17925648076923076 0.5362583293269231 0.18699096153846154 0.5362583293269231 0.18699096153846154 0.5127448413461538
0 0.3912320336538461 0.42395003125 0.3981232091346154 0.42395003125 0.3981232091346154 0.4024361177884615 0.3912320336538461 0.4024361177884615 0.3912320336538461 0.42395003125