1 0.3169744086538462 0.7584314158653847 0.2748623269230769 0.7584314158653847 0.2748623269230769 0.8793686778846154 0.3169744086538462 0.8793686778846154 0.3169744086538462 0.7584314158653847
1 0.4765144158653846 0.6144584807692308 0.43197278846153847 0.6144584807692308 0.43197278846153847 0.6878846778846154 0.4765144158653846 0.6878846778846154 0.4765144158653846 0.6144584807692308
1 0.04081632692307692 0.3999388100961539 0.0189504375 0.3999388100961539 0.0189504375 0.43737177403846156 0.04081632692307692 0.43737177403846156 0.04081632692307692 0.3999388100961539
1 0.7623906706730769 1 0.7623906706730769 0.8088219423076922 0.7105604134615385 0.8088219423076922 0.7105604134615385 1 0.7623906706730769 1
1 0.8522837716346154 1 0.8522837716346154 0.7685095192307692 0.7769679302884616 0.7685095192307692 0.7769679302884616 1 0.8522837716346154 1
1 0.9130223509615385 1 0.9130223509615385 0.7800273557692308 0.8425655985576923 0.7800273557692308 0.8425655985576923 1 0.9130223509615385 1
1 0.9786200192307692 0.8189000480769231 0.9470359567307691 0.8189000480769231 0.9470359567307691 0.9024043485576924 0.9786200192307692 0.9024043485576924 0.9786200192307692 0.8189000480769231
1 0.8741496610576923 0.7584314158653847 0.8741496610576923 0.5611884951923077 0.8150307740384615 0.5611884951923077 0.8150307740384615 0.587103625 0.8150307740384615 0.7584314158653847 0.8741496610576923 0.7584314158653847
1 0.896015548076923 0.67636684375 0.8530936177884616 0.67636684375 0.8530936177884616 0.7584314158653847 0.896015548076923 0.7584314158653847 0.896015548076923 0.67636684375
1 0.6563006153846154 0.7123600769230769 0.5494007115384615 0.7123600769230769 0.5494007115384615 0.9729510841346154 0.6563006153846154 0.9729510841346154 0.6563006153846154 0.7123600769230769
1 0.7178490432692308 0.6058201057692307 0.6595400072115385 0.6058201057692307 0.6595400072115385 0.8764892211538461 0.7178490432692308 0.8764892211538461 0.7178490432692308 0.6058201057692307
1 0.7178490432692308 0.555429579326923 0.6733074182692308 0.555429579326923 0.6733074182692308 0.68068603125 0.7178490432692308 0.68068603125 0.7178490432692308 0.555429579326923
1 0.7559118894230769 0.5251952620192308 0.7121801105769231 0.5251952620192308 0.7121801105769231 0.8189000480769231 0.7559118894230769 0.8189000480769231 0.7559118894230769 0.5251952620192308
1 0.7769679302884616 0.5107979711538462 0.7453838677884614 0.5107979711538462 0.7453838677884614 0.7685095192307692 0.7769679302884616 0.7685095192307692 0.7769679302884616 0.5107979711538462
1 0.8053126009615384 0.587103625 0.7640103653846153 0.587103625 0.7640103653846153 0.7310765576923076 0.8053126009615384 0.7310765576923076 0.8053126009615384 0.587103625
1 0.9683941682692307 0.4366069903846154 0.9532680264423077 0.4366069903846154 0.9532680264423077 0.4668003028846154 0.9683941682692307 0.4668003028846154 0.9683941682692307 0.4366069903846154
1 0.9726401033653846 0.4125466947115385 0.9580447043269231 0.4125466947115385 0.9580447043269231 0.4366069903846154 0.9726401033653846 0.4366069903846154 0.9726401033653846 0.4125466947115385
1 0.8051648846153847 0.5289095336538462 0.7769679302884616 0.5289095336538462 0.7769679302884616 0.5751430432692307 0.8051648846153847 0.5751430432692307 0.8051648846153847 0.5289095336538462
1 0.8980447043269231 0.5694817980769231 0.8717729831730769 0.5694817980769231 0.8717729831730769 0.6161870793269231 0.8980447043269231 0.6161870793269231 0.8980447043269231 0.5694817980769231
1 0.6186999927884614 0.5593679423076924 0.56946125 0.5593679423076924 0.56946125 0.7325961754807693 0.6186999927884614 0.7325961754807693 0.6186999927884614 0.5593679423076924
1 0.5596135024038461 0.6598034591346154 0.5134845745192307 0.6598034591346154 0.5134845745192307 0.7445747211538462 0.5596135024038461 0.7445747211538462 0.5596135024038461 0.6598034591346154
1 0.5544304759615385 0.6045178533653845 0.5202225072115385 0.6045178533653845 0.5202225072115385 0.6708605817307693 0.5544304759615385 0.6708605817307693 0.5544304759615385 0.6045178533653845
1 0.6378771875000001 0.4967109206730769 0.6083339423076923 0.4967109206730769 0.6083339423076923 0.5464679663461538 0.6378771875000001 0.5464679663461538 0.6378771875000001 0.4967109206730769
1 0.6829695120192307 0.5188251634615384 0.6352856754807692 0.5188251634615384 0.6352856754807692 0.5796393317307692 0.6829695120192307 0.5796393317307692 0.6829695120192307 0.5188251634615384
1 0.5502840552884616 0.5390965528846153 0.5036368245192308 0.5390965528846153 0.5036368245192308 0.6045178533653845 0.5502840552884616 0.6045178533653845 0.5502840552884616 0.5390965528846153
1 0.5072649423076923 0.5317251370192307 0.4777216971153846 0.5317251370192307 0.4777216971153846 0.5741107692307692 0.5072649423076923 0.5741107692307692 0.5072649423076923 0.5317251370192307
1 0.4554346875 0.5289608581730769 0.4258914423076923 0.5289608581730769 0.4258914423076923 0.5805607572115384 0.4554346875 0.5805607572115384 0.4554346875 0.5289608581730769
1 0.4160436923076923 0.48196809375 0.38961026201923077 0.48196809375 0.38961026201923077 0.5179037379807693 0.4160436923076923 0.5179037379807693 0.4160436923076923 0.48196809375
1 0.42951956009615383 0.4911823605769231 0.4098240625 0.4911823605769231 0.4098240625 0.5354108461538462 0.42951956009615383 0.5354108461538462 0.42951956009615383 0.4911823605769231
1 0.4512882668269231 0.4792038125 0.425373139423077 0.4792038125 0.425373139423077 0.5206680168269231 0.4512882668269231 0.5206680168269231 0.4512882668269231 0.4792038125
1 0.5575402908653846 0.41654679086538465 0.5290336514423077 0.41654679086538465 0.5290336514423077 0.45063958173076923 0.5575402908653846 0.45063958173076923 0.5575402908653846 0.41654679086538465
1 0.64577259375 0.6648490072115384 0.5971817307692308 0.6648490072115384 0.5971817307692308 0.7512327692307692 0.64577259375 0.7512327692307692 0.64577259375 0.6648490072115384
1 0.2435947908653846 0.39299383413461536 0.2202421514423077 0.39299383413461536 0.2202421514423077 0.41865814903846155 0.2435947908653846 0.41865814903846155 0.2435947908653846 0.39299383413461536
1 0.15060882451923077 0.3522328629807693 0.13787101923076922 0.3522328629807693 0.13787101923076922 0.3741230120192308 0.15060882451923077 0.3741230120192308 0.15060882451923077 0.3522328629807693
1 0.280322125 0.35638444230769234 0.26843350721153847 0.35638444230769234 0.26843350721153847 0.3873325889423077 0.280322125 0.3873325889423077 0.280322125 0.35638444230769234
1 0.29008777403846153 0.3314749591346154 0.28244509134615386 0.3314749591346154 0.28244509134615386 0.3677069350961538 0.29008777403846153 0.3677069350961538 0.29008777403846153 0.3314749591346154
1 0.30388706249999997 0.34921353125 0.2881771033653846 0.34921353125 0.2881771033653846 0.3726133485576923 0.30388706249999997 0.3726133485576923 0.30388706249999997 0.34921353125
1 0.25930475000000003 0.3594037740384615 0.24444397836538462 0.3594037740384615 0.24444397836538462 0.3741230120192308 0.25930475000000003 0.3741230120192308 0.25930475000000003 0.3594037740384615
1 0.3534318100961539 0.35561357692307694 0.33883641105769235 0.35561357692307694 0.33883641105769235 0.37920210096153845 0.3534318100961539 0.37920210096153845 0.3534318100961539 0.35561357692307694
1 0.49507353365384615 0.35207529807692306 0.4874441201923077 0.35207529807692306 0.4874441201923077 0.3733049711538462 0.49507353365384615 0.3733049711538462 0.49507353365384615 0.35207529807692306
1 0.47417557451923076 0.3444090264423077 0.4652193076923077 0.3444090264423077 0.4652193076923077 0.366818125 0.47417557451923076 0.366818125 0.47417557451923076 0.3444090264423077
1 0.5584308389423077 0.3385118942307692 0.551133139423077 0.3385118942307692 0.551133139423077 0.35502386298076927 0.5584308389423077 0.35502386298076927 0.5584308389423077 0.3385118942307692
1 0.7257389062499999 0.34676143028846157 0.7159201802884615 0.34676143028846157 0.7159201802884615 0.36846287259615385 0.7257389062499999 0.36846287259615385 0.7257389062499999 0.34676143028846157
1 0.6368396490384616 0.3387413317307692 0.6256940721153845 0.3387413317307692 0.6256940721153845 0.35289444711538465 0.6368396490384616 0.35289444711538465 0.6368396490384616 0.3387413317307692
1 0 0 0 0.06880106490384616 0.12261094951923077 0.06880106490384616 0.12261094951923077 0 0 0
1 0 0.38957141105769233 0.004258795673076923 0.38957141105769233 0.004258795673076923 0.3562379951923077 0 0.3562379951923077 0 0.38957141105769233
1 0.013633817307692309 0.3591365528846154 0.004258795673076923 0.3591365528846154 0.004258795673076923 0.3811172836538462 0.013633817307692309 0.3811172836538462 0.013633817307692309 0.3591365528846154
1 0.21112666105769232 0.3500610600961539 0.19600051923076922 0.3500610600961539 0.19600051923076922 0.36610125721153847 0.21112666105769232 0.36610125721153847 0.21112666105769232 0.3500610600961539
1 0.591457079326923 0.3165404735576923 0.5861496610576923 0.3165404735576923 0.5861496610576923 0.3483849831730769 0.591457079326923 0.3483849831730769 0.591457079326923 0.3165404735576923
1 0.5018943966346154 0.3206684663461538 0.4965869783653846 0.3206684663461538 0.4965869783653846 0.34617816586538463 0.5018943966346154 0.34617816586538463 0.5018943966346154 0.3206684663461538
1 0.4382053774038462 0.33953928605769235 0.4269271129807692 0.33953928605769235 0.4269271129807692 0.35251297596153847 0.4382053774038462 0.35251297596153847 0.4382053774038462 0.33953928605769235
1 0.41929769951923074 0.34248785096153844 0.41233171394230766 0.34248785096153844 0.41233171394230766 0.3548718269230769 0.41929769951923074 0.3548718269230769 0.41929769951923074 0.34248785096153844
1 0.35858762499999997 0.3260242596153846 0.3477074182692308 0.3260242596153846 0.3477074182692308 0.35102809615384617 0.35858762499999997 0.35102809615384617 0.35858762499999997 0.3260242596153846
1 0.41749996875 0.32413717788461544 0.4103349543269231 0.32413717788461544 0.4103349543269231 0.34678216105769233 0.41749996875 0.34678216105769233 0.41749996875 0.32413717788461544
1 0.6720736514423076 0.3360034951923077 0.66443096875 0.3360034951923077 0.66443096875 0.34996790384615384 0.6720736514423076 0.34996790384615384 0.6720736514423076 0.3360034951923077
1 0.7064657211538462 0.33071966586538465 0.7024320817307692 0.33071966586538465 0.7024320817307692 0.3435518245192308 0.7064657211538462 0.3435518245192308 0.7064657211538462 0.33071966586538465
1 0.75299178125 0.31994995673076926 0.7485335504807692 0.31994995673076926 0.7485335504807692 0.3377828822115384 0.75299178125 0.3377828822115384 0.75299178125 0.31994995673076926
1 0.7447440552884615 0.31281678605769236 0.7387254423076922 0.31281678605769236 0.7387254423076922 0.33183857211538464 0.7447440552884615 0.33183857211538464 0.7447440552884615 0.31281678605769236
0 0.7433423870192308 0.30098840384615383 0.7393478125 0.30098840384615383 0.7393478125 0.31281678605769236 0.7433423870192308 0.31281678605769236 0.7433423870192308 0.30098840384615383
0 0.7471086995192308 0.3011913028846154 0.7439130408653847 0.3011913028846154 0.7439130408653847 0.31640873317307694 0.7471086995192308 0.31640873317307694 0.7471086995192308 0.3011913028846154
0 0.7501902307692307 0.2916550480769231 0.7471086995192308 0.2916550480769231 0.7471086995192308 0.3072782764423077 0.7501902307692307 0.3072782764423077 0.7501902307692307 0.2916550480769231
0 0.7588641634615385 0.29632172596153844 0.7550978509615385 0.29632172596153844 0.7550978509615385 0.3127565504807693 0.7588641634615385 0.3127565504807693 0.7588641634615385 0.29632172596153844
0 0.7766977740384615 0.2925494278846154 0.7738928990384615 0.2925494278846154 0.7738928990384615 0.3080281899038461 0.7766977740384615 0.3080281899038461 0.7766977740384615 0.2925494278846154
0 0.7899625048076923 0.3007020408653846 0.7899625048076923 0.2961074639423077 0.7874790192307692 0.2961074639423077 0.7874790192307692 0.30870343990384613 0.7899625048076923 0.30870343990384613 0.7899625048076923 0.3007020408653846
1 0.8203454591346154 0.3120646466346154 0.8143558798076923 0.3120646466346154 0.8143558798076923 0.3225829326923077 0.8203454591346154 0.3225829326923077 0.8203454591346154 0.3120646466346154
1 0.8250932956730769 0.30725999519230773 0.821879375 0.30725999519230773 0.821879375 0.32011568028846155 0.8250932956730769 0.32011568028846155 0.8250932956730769 0.30725999519230773
1 0.8287454807692308 0.3224530769230769 0.8250932956730769 0.3224530769230769 0.8250932956730769 0.3290757019230769 0.8287454807692308 0.3290757019230769 0.8287454807692308 0.3224530769230769
1 0.8316672259615385 0.3073898509615385 0.8267733004807692 0.3073898509615385 0.8267733004807692 0.31920669230769233 0.8316672259615385 0.31920669230769233 0.8316672259615385 0.3073898509615385
1 0.8580359879807692 0.3328415096153846 0.85423771875 0.3328415096153846 0.85423771875 0.3401134110576923 0.8580359879807692 0.3401134110576923 0.8580359879807692 0.3328415096153846
1 0.8908325913461539 0.33206237740384614 0.886523016826923 0.33206237740384614 0.886523016826923 0.33660731730769233 0.8908325913461539 0.33660731730769233 0.8908325913461539 0.33206237740384614
1 0.8720603701923076 0.31972611538461543 0.8692116682692308 0.31972611538461543 0.8692116682692308 0.32543975240384615 0.8720603701923076 0.32543975240384615 0.8720603701923076 0.31972611538461543
1 0.9006407740384615 0.3177561923076923 0.8984202475961538 0.3177561923076923 0.8984202475961538 0.3238853653846154 0.9006407740384615 0.3238853653846154 0.9006407740384615 0.3177561923076923
1 0.8884863100961538 0.3194183413461538 0.8864410865384615 0.3194183413461538 0.8864410865384615 0.3244047884615385 0.8884863100961538 0.3244047884615385 0.8884863100961538 0.3194183413461538
0 0.8049246033653846 0.2930677620192308 0.7988071971153846 0.2930677620192308 0.7988071971153846 0.31157215624999995 0.8049246033653846 0.31157215624999995 0.8049246033653846 0.2930677620192308
1 0.7849289014423076 0.30134604326923076 0.7774419254807692 0.30134604326923076 0.7774419254807692 0.3234214639423077 0.7849289014423076 0.3234214639423077 0.7849289014423076 0.30134604326923076
0 0.7650245024038462 0.29842429807692306 0.7625592788461538 0.29842429807692306 0.7625592788461538 0.31222143509615385 0.7650245024038462 0.31222143509615385 0.7650245024038462 0.29842429807692306
0 0.5960124086538461 0.2859614831730769 0.5927311490384615 0.2859614831730769 0.5927311490384615 0.30549051923076925 0.5960124086538461 0.30549051923076925 0.5960124086538461 0.2859614831730769
0 0.6303942884615386 0.30625139182692307 0.625543733173077 0.30625139182692307 0.625543733173077 0.32527317788461535 0.6303942884615386 0.32527317788461535 0.6303942884615386 0.30625139182692307
0 0.63524484375 0.31005574759615384 0.6315355961538462 0.31005574759615384 0.6315355961538462 0.31867895673076924 0.63524484375 0.31867895673076924 0.63524484375 0.31005574759615384
0 0.6048575384615384 0.31107024278846157 0.6010056274038461 0.31107024278846157 0.6010056274038461 0.32552680048076926 0.6048575384615384 0.32552680048076926 0.6048575384615384 0.31107024278846157
0 0.60970809375 0.30802675721153844 0.6064268365384615 0.30802675721153844 0.6064268365384615 0.32425868028846155 0.60970809375 0.32425868028846155 0.60970809375 0.30802675721153844
0 0.6051428653846154 0.2902730889423077 0.60157628125 0.2902730889423077 0.60157628125 0.30802675721153844 0.6051428653846154 0.30802675721153844 0.6051428653846154 0.2902730889423077
0 0.5751835504807692 0.31107024278846157 0.5716169663461538 0.31107024278846157 0.5716169663461538 0.32552680048076926 0.5751835504807692 0.32552680048076926 0.5751835504807692 0.31107024278846157
0 0.5552106754807692 0.31056299519230773 0.5527853966346153 0.31056299519230773 0.5527853966346153 0.32375143509615384 0.5552106754807692 0.32375143509615384 0.5552106754807692 0.31056299519230773
0 0.561059875 0.3095485 0.5573506274038462 0.3095485 0.5573506274038462 0.32172244471153844 0.561059875 0.32172244471153844 0.561059875 0.3095485
0 0.5572079639423078 0.29585281490384613 0.5532133870192307 0.29585281490384613 0.5532133870192307 0.30777313221153846 0.5572079639423078 0.30777313221153846 0.5572079639423078 0.29585281490384613
0 0.5720449567307692 0.28951221875 0.5673370649038462 0.28951221875 0.5673370649038462 0.3047296466346154 0.5720449567307692 0.3047296466346154 0.5720449567307692 0.28951221875
0 0.5602038942307692 0.2730266682692308 0.5562093197115384 0.2730266682692308 0.5562093197115384 0.2867223557692308 0.5602038942307692 0.2867223557692308 0.5602038942307692 0.2730266682692308
0 0.6450886177884616 0.29636006009615384 0.6416646971153847 0.29636006009615384 0.6416646971153847 0.3146209759615385 0.6450886177884616 0.3146209759615385 0.6450886177884616 0.29636006009615384
1 0.6517976778846154 0.31582741586538465 0.6489343677884616 0.31582741586538465 0.6489343677884616 0.3227876634615384 0.6517976778846154 0.3227876634615384 0.6517976778846154 0.31582741586538465
1 0.6563556033653846 0.31935948076923076 0.6540766418269232 0.31935948076923076 0.6540766418269232 0.3259041947115385 0.6563556033653846 0.3259041947115385 0.6563556033653846 0.31935948076923076
1 0.6648286682692308 0.3265275 0.6612057019230769 0.3265275 0.6612057019230769 0.3360034951923077 0.6648286682692308 0.3360034951923077 0.6648286682692308 0.3265275
0 0.6675358485576923 0.30433521153846155 0.6637695360576923 0.30433521153846155 0.6637695360576923 0.3171178533653846 0.6675358485576923 0.3171178533653846 0.6675358485576923 0.30433521153846155
0 0.6705032475961539 0.3053497067307692 0.6675358485576923 0.3053497067307692 0.6675358485576923 0.3171178533653846 0.6705032475961539 0.3171178533653846 0.6705032475961539 0.3053497067307692
0 0.6767804374999999 0.3081902932692308 0.6723293389423077 0.3081902932692308 0.6723293389423077 0.3154946610576923 0.6767804374999999 0.3154946610576923 0.6767804374999999 0.3081902932692308
0 0.6950565985576923 0.29254037259615384 0.6905278918269231 0.29254037259615384 0.6905278918269231 0.3155247788461538 0.6950565985576923 0.3155247788461538 0.6950565985576923 0.29254037259615384
0 0.7027261826923077 0.29734502163461535 0.69943921875 0.29734502163461535 0.69943921875 0.3176024639423077 0.7027261826923077 0.3176024639423077 0.7027261826923077 0.29734502163461535
0 0.6984166081730769 0.2977345889423077 0.6957870360576923 0.2977345889423077 0.6957870360576923 0.3127978149038461 0.6984166081730769 0.3127978149038461 0.6984166081730769 0.2977345889423077
0 0.4996196346153846 0.30812303846153843 0.49618658173076924 0.30812303846153843 0.49618658173076924 0.3248743846153846 0.4996196346153846 0.3248743846153846 0.4996196346153846 0.30812303846153843
0 0.5061205192307692 0.309291735576923 0.5010074639423077 0.309291735576923 0.5010074639423077 0.3242251081730769 0.5061205192307692 0.3242251081730769 0.5061205192307692 0.309291735576923
0 0.5195605528846154 0.30176012259615387 0.5143744543269231 0.30176012259615387 0.5143744543269231 0.3261729375 0.5195605528846154 0.3261729375 0.5195605528846154 0.30176012259615387
0 0.5256231778846154 0.29007313701923076 0.5218979495192307 0.29007313701923076 0.5218979495192307 0.3133172548076923 0.5256231778846154 0.3133172548076923 0.5256231778846154 0.29007313701923076
0 0.5310284086538462 0.30500650721153844 0.5275953557692308 0.30500650721153844 0.5275953557692308 0.32526394951923077 0.5310284086538462 0.32526394951923077 0.5310284086538462 0.30500650721153844
0 0.5363605961538462 0.30474679807692306 0.5319779759615385 0.30474679807692306 0.5319779759615385 0.3199398798076923 0.5363605961538462 0.3199398798076923 0.5363605961538462 0.30474679807692306
0 0.41546589663461536 0.29958481971153844 0.41067240625 0.29958481971153844 0.41067240625 0.32413717788461544 0.41546589663461536 0.32413717788461544 0.41546589663461536 0.29958481971153844
0 0.4212865625 0.29735293028846155 0.41546589663461536 0.29735293028846155 0.41546589663461536 0.32170081971153847 0.4212865625 0.32170081971153847 0.4212865625 0.29735293028846155
0 0.3703267403846154 0.2727518269230769 0.3653049879807692 0.2727518269230769 0.3653049879807692 0.28776635576923076 0.3703267403846154 0.28776635576923076 0.3703267403846154 0.2727518269230769
0 0.3249346634615385 0.3137106586538462 0.3191824759615385 0.3137106586538462 0.3191824759615385 0.33659767307692307 0.3249346634615385 0.33659767307692307 0.3249346634615385 0.3137106586538462
0 0.3128824591346154 0.3192295120192308 0.3073128798076923 0.3192295120192308 0.3073128798076923 0.3395194182692308 0.3128824591346154 0.3395194182692308 0.3128824591346154 0.3192295120192308
0 0.3168085552884615 0.31452225480769236 0.3128824591346154 0.31452225480769236 0.3128824591346154 0.3367599927884615 0.3168085552884615 0.3367599927884615 0.3168085552884615 0.31452225480769236
0 0.2948954567307692 0.2963425 0.2895084879807692 0.2963425 0.2895084879807692 0.31728168028846154 0.2948954567307692 0.31728168028846154 0.2948954567307692 0.2963425
0 0.06690334855769231 0.3201878918269231 0.05857180528846154 0.3201878918269231 0.05857180528846154 0.35265174278846156 0.06690334855769231 0.35265174278846156 0.06690334855769231 0.3201878918269231
0 0.0879034014423077 0.3108545360576923 0.07991425 0.3108545360576923 0.07991425 0.3518401466346154 0.0879034014423077 0.3518401466346154 0.0879034014423077 0.3108545360576923
0 0.1235386778846154 0.29239115865384613 0.11801047115384616 0.29239115865384613 0.11801047115384616 0.32694740625 0.1235386778846154 0.32694740625 0.1235386778846154 0.29239115865384613
0 0.14172826201923078 0.3028531418269231 0.13495174999999998 0.3028531418269231 0.13495174999999998 0.3244111682692308 0.14172826201923078 0.3244111682692308 0.14172826201923078 0.3028531418269231
0 0.13352511538461537 0.29175710096153845 0.12692693269230768 0.29175710096153845 0.12692693269230768 0.3060234399038462 0.13352511538461537 0.3060234399038462 0.13352511538461537 0.29175710096153845
0 0.1458298341346154 0.2806610576923077 0.1401232980769231 0.2806610576923077 0.1401232980769231 0.30475532211538464 0.1458298341346154 0.30475532211538464 0.1458298341346154 0.2806610576923077
0 0.15171469951923078 0.30792561778846156 0.14672148076923078 0.30792561778846156 0.14672148076923078 0.323777108173077 0.15171469951923078 0.323777108173077 0.15171469951923078 0.30792561778846156
0 0.15742123557692309 0.2822462067307692 0.1515363701923077 0.2822462067307692 0.1515363701923077 0.30634046875 0.15742123557692309 0.30634046875 0.15742123557692309 0.2822462067307692
0 0.1588478701923077 0.2740034326923077 0.15171469951923078 0.2740034326923077 0.15171469951923078 0.2927081899038461 0.1588478701923077 0.2927081899038461 0.1588478701923077 0.2740034326923077
0 0.1501097355769231 0.2942933389423077 0.14368988221153847 0.2942933389423077 0.14368988221153847 0.30982779807692307 0.1501097355769231 0.30982779807692307 0.1501097355769231 0.2942933389423077
0 0.16633769711538463 0.3072915600961538 0.15902619951923078 0.3072915600961538 0.15902619951923078 0.3206068100961538 0.16633769711538463 0.3206068100961538 0.16633769711538463 0.3072915600961538
0 0.17186590384615386 0.3019020528846154 0.16615936778846155 0.3019020528846154 0.16615936778846155 0.3196557211538461 0.17186590384615386 0.3196557211538461 0.17186590384615386 0.3019020528846154
0 0.19247220673076923 0.3060513389423077 0.18443740384615384 0.3060513389423077 0.18443740384615384 0.3239064567307692 0.19247220673076923 0.3239064567307692 0.19247220673076923 0.3060513389423077
0 0.18023739423076923 0.30410350721153845 0.17475911778846154 0.30410350721153845 0.17475911778846154 0.31903687980769235 0.18023739423076923 0.31903687980769235 0.18023739423076923 0.30410350721153845
0 0.1837982716346154 0.2804048966346154 0.17220259134615384 0.2804048966346154 0.17220259134615384 0.297935375 0.1837982716346154 0.297935375 0.1837982716346154 0.2804048966346154
0 0.19977657211538463 0.2841382403846154 0.19265481490384614 0.2841382403846154 0.19265481490384614 0.2992339302884615 0.19977657211538463 0.2992339302884615 0.19977657211538463 0.2841382403846154
0 0.19685482692307693 0.29452667307692304 0.1890939375 0.29452667307692304 0.1890939375 0.3054020625 0.19685482692307693 0.3054020625 0.19685482692307693 0.29452667307692304
0 0.24703020432692308 0.29060806009615386 0.24078868028846154 0.29060806009615386 0.24078868028846154 0.3211221778846154 0.24703020432692308 0.3211221778846154 0.24703020432692308 0.29060806009615386
0 0.3212597548076923 0.2731714230769231 0.3147953197115385 0.2731714230769231 0.3147953197115385 0.2921932091346154 0.3212597548076923 0.2921932091346154 0.3212597548076923 0.2731714230769231
1 0.354473579326923 0.30162665384615384 0.354473579326923 0.28585261298076925 0.3384239447115384 0.28585261298076925 0.3384239447115384 0.30408182692307695 0.354473579326923 0.30408182692307695 0.354473579326923 0.30162665384615384
0 0.38144587740384617 0.2981375168269231 0.37475853125 0.2981375168269231 0.37475853125 0.3104224230769231 0.38144587740384617 0.3104224230769231 0.38144587740384617 0.2981375168269231
1 0.4440840264423077 0.2735677091346154 0.4144367884615384 0.2735677091346154 0.4144367884615384 0.29655236778846156 0.4440840264423077 0.29655236778846156 0.4440840264423077 0.2735677091346154
1 0.6079412163461538 0.5211523798076922 0.5748571225961538 0.5211523798076922 0.5748571225961538 0.6648490072115384 0.6079412163461538 0.6648490072115384 0.6079412163461538 0.5211523798076922
1 0.6058894903846154 0.6893939759615384 0.639486516826923 0.6893939759615384 0.639486516826923 0.5357424375 0.6058894903846154 0.5357424375 0.6058894903846154 0.6893939759615384
1 0.03768085576923077 0.26518696875000003 0.030432516826923075 0.26518696875000003 0.030432516826923075 0.29095884615384615 0.03768085576923077 0.29095884615384615 0.03768085576923077 0.26518696875000003
1 0.1319289783653846 0.25338017307692307 0.11234795432692309 0.25338017307692307 0.11234795432692309 0.2832606105769231 0.1319289783653846 0.2832606105769231 0.1319289783653846 0.25338017307692307
1 0.5204959711538462 0.28770716826923076 0.5359590961538461 0.28770716826923076 0.5359590961538461 0.2581255360576923 0.5204959711538462 0.2581255360576923 0.5204959711538462 0.28770716826923076
1 0.7231072692307693 0.3228824447115385 0.7179095072115385 0.3228824447115385 0.7179095072115385 0.3285735913461538 0.7231072692307693 0.3285735913461538 0.7231072692307693 0.3228824447115385
1 0.7117823461538462 0.3195167115384615 0.7069976514423076 0.3195167115384615 0.7069976514423076 0.33603939663461535 0.7117823461538462 0.33603939663461535 0.7117823461538462 0.3195167115384615
1 0.7059994038461539 0.3424648870192308 0.7127117451923077 0.3424648870192308 0.7127117451923077 0.33200051923076923 0.7059994038461539 0.33200051923076923 0.7059994038461539 0.3424648870192308
0 0.7187442475961539 0.3065703894230769 0.7132366850961538 0.3065703894230769 0.7132366850961538 0.32056877644230763 0.7187442475961539 0.32056877644230763 0.7187442475961539 0.3065703894230769
1 0.8083873509615385 0.3094954278846154 0.8152718028846154 0.3094954278846154 0.8152718028846154 0.2945791129807692 0.8083873509615385 0.2945791129807692 0.8083873509615385 0.3094954278846154
1 0.6193783894230769 0.3151538245192308 0.6146883557692308 0.3151538245192308 0.6146883557692308 0.32494504567307697 0.6193783894230769 0.32494504567307697 0.6193783894230769 0.3151538245192308
1 0.510030125 0.3435836081730769 0.515946451923077 0.3435836081730769 0.515946451923077 0.32111351923076925 0.510030125 0.32111351923076925 0.510030125 0.3435836081730769
1 0.4387215841346154 0.34448599759615384 0.44598253125 0.34448599759615384 0.44598253125 0.3302390048076923 0.4387215841346154 0.3302390048076923 0.4387215841346154 0.34448599759615384
1 0.4283411201923077 0.3343505528846154 0.4352793581730769 0.3343505528846154 0.4352793581730769 0.3112111442307692 0.4283411201923077 0.3112111442307692 0.4283411201923077 0.3343505528846154
1 0.40854159615384616 0.3261928533653846 0.40187228365384614 0.3261928533653846 0.40187228365384614 0.3482231009615384 0.40854159615384616 0.3482231009615384 0.40854159615384616 0.3261928533653846
1 0.3986882235576923 0.3398087692307692 0.3950308581730769 0.3398087692307692 0.3950308581730769 0.34814660817307697 0.3986882235576923 0.34814660817307697 0.3986882235576923 0.3398087692307692
1 0.39546113701923075 0.32718727403846154 0.38986751923076923 0.32718727403846154 0.38986751923076923 0.3460047788461538 0.39546113701923075 0.3460047788461538 0.39546113701923075 0.32718727403846154
0 0.38986751923076923 0.31342793028846155 0.3849327644230769 0.31342793028846155 0.3849327644230769 0.33408128846153845 0.38986751923076923 0.33408128846153845 0.38986751923076923 0.31342793028846155
0 0.39207538461538466 0.31105661778846155 0.3879447115384615 0.31105661778846155 0.3879447115384615 0.32979762980769234 0.39207538461538466 0.32979762980769234 0.39207538461538466 0.31105661778846155
1 0.3838140408653846 0.3306390625 0.37895189663461537 0.3306390625 0.37895189663461537 0.34433147355769234 0.3838140408653846 0.34433147355769234 0.3838140408653846 0.3306390625
1 0.40370449519230767 0.3181723894230769 0.40058497596153847 0.3181723894230769 0.40058497596153847 0.3247699879807693 0.40370449519230767 0.3247699879807693 0.40370449519230767 0.3181723894230769
1 0.39019681490384617 0.29975992788461536 0.3819698942307692 0.29975992788461536 0.3819698942307692 0.3102854903846154 0.39019681490384617 0.3102854903846154 0.39019681490384617 0.29975992788461536
0 0.7233617788461538 0.2990195841346154 0.7188438581730769 0.2990195841346154 0.7188438581730769 0.31976856009615384 0.7233617788461538 0.31976856009615384 0.7233617788461538 0.2990195841346154
1 0.7188438581730769 0.2862068533653846 0.7071725600961538 0.2862068533653846 0.7071725600961538 0.3041829230769231 0.7188438581730769 0.3041829230769231 0.7188438581730769 0.2862068533653846
0 0.6574881057692308 0.2936009254807692 0.6536156009615385 0.2936009254807692 0.6536156009615385 0.31272440384615385 0.6574881057692308 0.31272440384615385 0.6574881057692308 0.2936009254807692
0 0.48090869471153846 0.300024 0.4852458990384615 0.300024 0.4852458990384615 0.2835625096153846 0.48090869471153846 0.2835625096153846 0.48090869471153846 0.300024
1 0.49435569711538463 0.2903434567307692 0.4892612019230769 0.2903434567307692 0.4892612019230769 0.30509148317307694 0.49435569711538463 0.30509148317307694 0.49435569711538463 0.2903434567307692
0 0.2544436370192308 0.28528320432692306 0.24624145673076925 0.28528320432692306 0.24624145673076925 0.31492459615384616 0.2544436370192308 0.31492459615384616 0.2544436370192308 0.28528320432692306
0 0.2613011971153846 0.28791268028846156 0.25598994951923076 0.28791268028846156 0.25598994951923076 0.3014186394230769 0.2613011971153846 0.3014186394230769 0.2613011971153846 0.28791268028846156
0 0.26909999038461535 0.29723537740384615 0.2632508966346154 0.29723537740384615 0.2632508966346154 0.31074133413461535 0.26909999038461535 0.31074133413461535 0.26909999038461535 0.29723537740384615
1 0.2544436370192308 0.3218568581730769 0.26365428125 0.3218568581730769 0.26365428125 0.3112194230769231 0.2544436370192308 0.3112194230769231 0.2544436370192308 0.3218568581730769
1 0.27213883173076925 0.2920208149038462 0.2672444158653846 0.2920208149038462 0.2672444158653846 0.29723537740384615 0.27213883173076925 0.29723537740384615 0.27213883173076925 0.2920208149038462
1 0.27213883173076925 0.3005307644230769 0.2807981826923077 0.3005307644230769 0.2807981826923077 0.29402878125 0.27213883173076925 0.29402878125 0.27213883173076925 0.3005307644230769
0 0.21581580048076926 0.26765159855769227 0.21063901442307692 0.26765159855769227 0.21063901442307692 0.2922730769230769 0.21581580048076926 0.2922730769230769 0.21581580048076926 0.26765159855769227
1 0.2255590408653846 0.27418607692307695 0.21581580048076926 0.27418607692307695 0.21581580048076926 0.2824330769230769 0.2255590408653846 0.2824330769230769 0.2255590408653846 0.27418607692307695
1 0.24063979086538462 0.26689525000000003 0.22766421153846156 0.26689525000000003 0.22766421153846156 0.2893653389423077 0.24063979086538462 0.2893653389423077 0.24063979086538462 0.26689525000000003
1 0.25274136778846157 0.2621143798076923 0.24279118269230768 0.2621143798076923 0.24279118269230768 0.2768155552884615 0.25274136778846157 0.2768155552884615 0.25274136778846157 0.2621143798076923
0 0.22627925240384617 0.3105411778846153 0.22143862259615382 0.3105411778846153 0.22143862259615382 0.33425429086538466 0.22627925240384617 0.33425429086538466 0.22627925240384617 0.3105411778846153
1 0.21581580048076926 0.3096806201923077 0.23891867788461538 0.3096806201923077 0.23891867788461538 0.2824330769230769 0.21581580048076926 0.2824330769230769 0.21581580048076926 0.3096806201923077
1 0.7626810360576923 0.5088440360576922 0.71178859375 0.5088440360576922 0.71178859375 0.8030673557692308 0.7626810360576923 0.8030673557692308 0.7626810360576923 0.5088440360576922
1 0.5926235144230769 0.4916171610576923 0.5351751634615385 0.4916171610576923 0.5351751634615385 0.534293079326923 0.5926235144230769 0.534293079326923 0.5926235144230769 0.4916171610576923
0 0.5374597139423076 0.29765585817307694 0.5320136802884615 0.29765585817307694 0.5320136802884615 0.31611750000000005 0.5374597139423076 0.31611750000000005 0.5374597139423076 0.29765585817307694
1 0.53397771875 0.3391268990384615 0.5384702740384616 0.3391268990384615 0.5384702740384616 0.31948885336538463 0.53397771875 0.31948885336538463 0.53397771875 0.3391268990384615
1 0.50913653125 0.3211801682692308 0.502424125 0.3211801682692308 0.502424125 0.3438249951923077 0.50913653125 0.3438249951923077 0.50913653125 0.3211801682692308
1 0.5119377716346154 0.34767743509615384 0.5082380192307693 0.34767743509615384 0.5082380192307693 0.35679174278846154 0.5119377716346154 0.35679174278846154 0.5119377716346154 0.34767743509615384
1 0.5078151923076922 0.3478653581730769 0.5037454639423077 0.3478653581730769 0.5037454639423077 0.35726155288461536 0.5078151923076922 0.35726155288461536 0.5078151923076922 0.3478653581730769
1 0.5656898725961539 0.33734162259615386 0.5589774663461539 0.33734162259615386 0.5589774663461539 0.3530332668269231 0.5656898725961539 0.3530332668269231 0.5656898725961539 0.33734162259615386
1 0.4768330769230769 0.3203521298076923 0.47039154567307695 0.3203521298076923 0.47039154567307695 0.3439894278846154 0.4768330769230769 0.3439894278846154 0.4768330769230769 0.3203521298076923
1 0.25407488221153846 0.40391127884615385 0.23521672115384615 0.40391127884615385 0.23521672115384615 0.42368087019230766 0.25407488221153846 0.42368087019230766 0.25407488221153846 0.40391127884615385
0 0.07430066105769231 0.3369044927884615 0.06550582451923077 0.3369044927884615 0.06550582451923077 0.3543438293269231 0.07430066105769231 0.3543438293269231 0.07430066105769231 0.3369044927884615
0 0.09999041346153846 0.26137996634615385 0.09273805528846155 0.26137996634615385 0.09273805528846155 0.28986020673076923 0.09999041346153846 0.28986020673076923 0.09999041346153846 0.26137996634615385
1 0.7009367668269231 0.32362773076923074 0.6979769639423077 0.32362773076923074 0.6979769639423077 0.32941578605769234 0.7009367668269231 0.32941578605769234 0.7009367668269231 0.32362773076923074
1 0.6914231201923078 0.32670968269230766 0.687913641826923 0.32670968269230766 0.687913641826923 0.33309909374999996 0.6914231201923078 0.33309909374999996 0.6914231201923078 0.32670968269230766
1 0.6725649591346153 0.3208464567307692 0.6693514615384615 0.3208464567307692 0.6693514615384615 0.3248304447115385 0.6725649591346153 0.3248304447115385 0.6725649591346153 0.3208464567307692