1 0.6717898028846154 0.5674501249999999 0.6634160552884616 0.5674501249999999 0.6634160552884616 0.5913982307692307 0.6717898028846154 0.5913982307692307 0.6717898028846154 0.5674501249999999
1 0.6797994735576923 0.5765115721153846 0.6717898028846154 0.5765115721153846 0.6717898028846154 0.5913982307692307 0.6797994735576923 0.5913982307692307 0.6797994735576923 0.5765115721153846
1 0.5119604639423077 0.4748939302884615 0.5035867163461538 0.4748939302884615 0.5035867163461538 0.4936640673076923 0.5119604639423077 0.4936640673076923 0.5119604639423077 0.4748939302884615
1 0.45188793269230765 0.4295867019230769 0.44460641346153845 0.4295867019230769 0.44460641346153845 0.4451206081730769 0.45188793269230765 0.4451206081730769 0.45188793269230765 0.4295867019230769
1 0.4963051971153846 0.4185835168269231 0.48683922355769227 0.4185835168269231 0.48683922355769227 0.4328229302884615 0.4963051971153846 0.4328229302884615 0.4963051971153846 0.4185835168269231
1 0.3881746418269231 0.39528265625000003 0.380893125 0.39528265625000003 0.380893125 0.40952207211538466 0.3881746418269231 0.40952207211538466 0.3881746418269231 0.39528265625000003
1 0.23822697115384614 0.3472319158653846 0.2332163533653846 0.3472319158653846 0.2332163533653846 0.3552913221153846 0.23822697115384614 0.3552913221153846 0.23822697115384614 0.3472319158653846
1 0.3268671706730769 0.33917251201923077 0.32030564903846154 0.33917251201923077 0.32030564903846154 0.35210997836538466 0.3268671706730769 0.35210997836538466 0.3268671706730769 0.33917251201923077
1 0.33700770673076924 0.33577907692307696 0.3288952788461538 0.33577907692307696 0.3288952788461538 0.3548671418269231 0.33700770673076924 0.3548671418269231 0.33700770673076924 0.33577907692307696
1 0.35014562019230766 0.33650840625 0.3472747764423077 0.33650840625 0.3472747764423077 0.3494306009615385 0.35014562019230766 0.3494306009615385 0.35014562019230766 0.33650840625
1 0.37873190624999997 0.3380286658653846 0.3739064447115385 0.3380286658653846 0.3739064447115385 0.3504079110576923 0.37873190624999997 0.3504079110576923 0.37873190624999997 0.3380286658653846
1 0.3767162067307692 0.3561631730769231 0.37146317067307694 0.3561631730769231 0.37146317067307694 0.3699540889423077 0.3767162067307692 0.3699540889423077 0.3767162067307692 0.3561631730769231
1 0.3739675264423077 0.37614371153846154 0.35374944711538464 0.37614371153846154 0.35374944711538464 0.3843965432692308 0.3739675264423077 0.3843965432692308 0.3739675264423077 0.37614371153846154
1 0.3812362596153846 0.37277742548076925 0.37506699759615386 0.37277742548076925 0.37506699759615386 0.3851566730769231 0.3812362596153846 0.3851566730769231 0.3812362596153846 0.37277742548076925
1 0.40059919230769225 0.3530140673076923 0.3947964230769231 0.3530140673076923 0.3947964230769231 0.36604485336538467 0.40059919230769225 0.36604485336538467 0.40059919230769225 0.3530140673076923
1 0.3693253076923077 0.34106918028846156 0.3651106634615384 0.34106918028846156 0.3651106634615384 0.35019073076923074 0.3693253076923077 0.35019073076923074 0.3693253076923077 0.34106918028846156
1 0.26222634134615386 0.2556042259615384 0.22808161057692308 0.2556042259615384 0.22808161057692308 0.28655234375 0.26222634134615386 0.28655234375 0.26222634134615386 0.2556042259615384
0 0.6386701778846154 0.3977679206730769 0.6235712211538461 0.3977679206730769 0.6235712211538461 0.4408486225961538 0.6386701778846154 0.4408486225961538 0.6386701778846154 0.3977679206730769
0 0.6856447139423077 0.31823431730769236 0.6770699951923077 0.31823431730769236 0.6770699951923077 0.35667555769230774 0.6856447139423077 0.35667555769230774 0.6856447139423077 0.31823431730769236
0 0.6187246418269231 0.30597288701923075 0.609031483173077 0.30597288701923075 0.609031483173077 0.34308856730769227 0.6187246418269231 0.34308856730769227 0.6187246418269231 0.30597288701923075
0 0.5391289014423077 0.34143161778846154 0.5327910697115384 0.34143161778846154 0.5327910697115384 0.3576697283653846 0.5391289014423077 0.3576697283653846 0.5391289014423077 0.34143161778846154
0 0.5355923966346153 0.29884297596153847 0.5298659783653846 0.29884297596153847 0.5298659783653846 0.3200519375 0.5355923966346153 0.3200519375 0.5355923966346153 0.29884297596153847
0 0.4769920384615384 0.35975511298076923 0.4705975360576923 0.35975511298076923 0.4705975360576923 0.38028538701923076 0.4769920384615384 0.38028538701923076 0.4769920384615384 0.35975511298076923
0 0.50209284375 0.30562984375 0.4967481850961538 0.30562984375 0.4967481850961538 0.3219183269230769 0.50209284375 0.3219183269230769 0.50209284375 0.30562984375
0 0.5266210072115385 0.26558732692307696 0.5238532379807692 0.26558732692307696 0.5238532379807692 0.2934134831730769 0.5266210072115385 0.2934134831730769 0.5266210072115385 0.26558732692307696
0 0.5293887764423076 0.2715258341346154 0.5266210072115385 0.2715258341346154 0.5266210072115385 0.2888323461538462 0.5293887764423076 0.2888323461538462 0.5293887764423076 0.2715258341346154
0 0.5246167596153846 0.27237419471153845 0.5199401826923077 0.27237419471153845 0.5199401826923077 0.2934134831730769 0.5246167596153846 0.2934134831730769 0.5246167596153846 0.27237419471153845
0 0.5224216322115385 0.28662661538461537 0.5178404975961539 0.28662661538461537 0.5178404975961539 0.31496178846153844 0.5224216322115385 0.31496178846153844 0.5224216322115385 0.28662661538461537
0 0.5143092043269231 0.2801790913461538 0.5094417475961538 0.2801790913461538 0.5094417475961538 0.29952166346153847 0.5143092043269231 0.29952166346153847 0.5143092043269231 0.2801790913461538
0 0.49312145432692306 0.28102744951923075 0.4894947211538462 0.28102744951923075 0.4894947211538462 0.29765527403846154 0.49312145432692306 0.29765527403846154 0.49312145432692306 0.28102744951923075
0 0.4882539951923077 0.28357252403846156 0.4825275769230769 0.28357252403846156 0.4825275769230769 0.3034241129807692 0.4882539951923077 0.3034241129807692 0.4882539951923077 0.28357252403846156
0 0.43897425 0.3109513413461539 0.43561892548076925 0.3109513413461539 0.43561892548076925 0.3367997620192308 0.43897425 0.3367997620192308 0.43897425 0.3109513413461539
0 0.411199625 0.3208930408653846 0.40560741826923075 0.3208930408653846 0.40560741826923075 0.34409034374999997 0.411199625 0.34409034374999997 0.411199625 0.3208930408653846
0 0.3998288052884615 0.3212244302884616 0.3953550384615384 0.3212244302884616 0.3953550384615384 0.3444217331730769 0.3998288052884615 0.3444217331730769 0.3998288052884615 0.3212244302884616
0 0.45146351201923074 0.3136024615384615 0.4462441177884615 0.3136024615384615 0.4462441177884615 0.3298405721153846 0.45146351201923074 0.3298405721153846 0.45146351201923074 0.3136024615384615
0 0.45817415865384614 0.33017196153846157 0.44251598076923077 0.33017196153846157 0.44251598076923077 0.34243339182692306 0.45817415865384614 0.34243339182692306 0.45817415865384614 0.33017196153846157
0 0.40262490865384615 0.25859171875000003 0.397964735576923 0.25859171875000003 0.397964735576923 0.2738356586538461 0.40262490865384615 0.2738356586538461 0.40262490865384615 0.25859171875000003
0 0.41138603124999995 0.25726615865384617 0.4076578942307692 0.25726615865384617 0.4076578942307692 0.2754926081730769 0.41138603124999995 0.2754926081730769 0.41138603124999995 0.25726615865384617
0 0.415486983173077 0.26753925 0.415486983173077 0.2605800600961538 0.41287728605769225 0.2605800600961538 0.41287728605769225 0.27748094951923075 0.415486983173077 0.27748094951923075 0.415486983173077 0.26753925
0 0.4216384110576923 0.27151593028846155 0.415486983173077 0.27151593028846155 0.415486983173077 0.27748094951923075 0.4216384110576923 0.27748094951923075 0.4216384110576923 0.27151593028846155
0 0.36944448317307693 0.24997557932692308 0.3668347860576923 0.24997557932692308 0.3668347860576923 0.26455673798076923 0.36944448317307693 0.26455673798076923 0.36944448317307693 0.24997557932692308
0 0.35708890144230765 0.2484650528846154 0.35500114423076923 0.2484650528846154 0.35500114423076923 0.26039509375000003 0.35708890144230765 0.26039509375000003 0.35708890144230765 0.2484650528846154
0 0.35321163701923075 0.2508510600961538 0.3506765048076923 0.2508510600961538 0.3506765048076923 0.2664926682692308 0.35321163701923075 0.2664926682692308 0.35321163701923075 0.2508510600961538
0 0.3436676057692308 0.24607904326923077 0.3411324711538462 0.24607904326923077 0.3411324711538462 0.25906953125 0.3436676057692308 0.25906953125 0.3436676057692308 0.24607904326923077
0 0.3010177115384615 0.26702289182692307 0.2969913221153846 0.26702289182692307 0.2969913221153846 0.2813389399038461 0.3010177115384615 0.2813389399038461 0.3010177115384615 0.26702289182692307
0 0.29371056009615387 0.24793482692307695 0.2910263004807692 0.24793482692307695 0.2910263004807692 0.2601299807692308 0.29371056009615387 0.2601299807692308 0.29371056009615387 0.24793482692307695
0 0.3277111754807692 0.24104191586538462 0.3253251682692308 0.24104191586538462 0.3253251682692308 0.25694863701923076 0.3277111754807692 0.25694863701923076 0.3277111754807692 0.24104191586538462
0 0.33024631009615385 0.24104191586538462 0.3277111754807692 0.24104191586538462 0.3277111754807692 0.25694863701923076 0.33024631009615385 0.25694863701923076 0.33024631009615385 0.24104191586538462
0 0.34694836778846155 0.24607904326923077 0.3436676057692308 0.24607904326923077 0.3436676057692308 0.2577439711538462 0.34694836778846155 0.2577439711538462 0.34694836778846155 0.24607904326923077
0 0.3506765048076923 0.24766971634615384 0.3485887475961539 0.24766971634615384 0.3485887475961539 0.25959975721153844 0.3506765048076923 0.25959975721153844 0.3506765048076923 0.24766971634615384
0 0.46521421394230766 0.2742513365384615 0.4602930721153846 0.2742513365384615 0.4602930721153846 0.29280917788461536 0.46521421394230766 0.29280917788461536 0.46521421394230766 0.2742513365384615
0 0.49814161298076925 0.2996259903846154 0.4935604783653846 0.2996259903846154 0.4935604783653846 0.3113536971153846 0.49814161298076925 0.3113536971153846 0.49814161298076925 0.2996259903846154
0 0.5532830841346154 0.24519734855769232 0.5491075697115385 0.24519734855769232 0.5491075697115385 0.2640203028846154 0.5532830841346154 0.2640203028846154 0.5532830841346154 0.24519734855769232
0 0.5491075697115385 0.25288559615384615 0.5455285576923077 0.25288559615384615 0.5455285576923077 0.2661411971153846 0.5491075697115385 0.2661411971153846 0.5491075697115385 0.25288559615384615
0 0.5887749543269231 0.23512309374999998 0.5851959423076922 0.23512309374999998 0.5851959423076922 0.24970425240384617 0.5887749543269231 0.24970425240384617 0.5887749543269231 0.23512309374999998
0 0.5829590576923077 0.236978875 0.5790817956730769 0.236978875 0.5790817956730769 0.24678801923076923 0.5829590576923077 0.24678801923076923 0.5829590576923077 0.236978875
0 0.5550725889423077 0.23379753125 0.5503005721153846 0.23379753125 0.5503005721153846 0.24360667788461537 0.5550725889423077 0.24360667788461537 0.5550725889423077 0.23379753125
0 0.4951241346153846 0.22531394711538463 0.49094862019230767 0.22531394711538463 0.49094862019230767 0.23432775721153845 0.4951241346153846 0.23432775721153845 0.4951241346153846 0.22531394711538463
0 0.5306160072115385 0.22982085096153845 0.5230106057692308 0.22982085096153845 0.5230106057692308 0.24307645192307692 0.5306160072115385 0.24307645192307692 0.5306160072115385 0.22982085096153845
0 0.3188609735576923 0.2642635985576923 0.313420875 0.2642635985576923 0.313420875 0.2717291538461538 0.3188609735576923 0.2717291538461538 0.3188609735576923 0.2642635985576923
1 0.9308672451923077 0.5810096899038462 0.9141651899038461 0.5810096899038462 0.9141651899038461 0.6035442091346154 0.9308672451923077 0.6035442091346154 0.9308672451923077 0.5810096899038462
1 0.39703207211538466 0.4492251875 0.3911529471153846 0.4492251875 0.3911529471153846 0.4672782548076923 0.39703207211538466 0.4672782548076923 0.39703207211538466 0.4492251875
1 0.26672648798076926 0.3695438701923077 0.26214535096153846 0.3695438701923077 0.26214535096153846 0.3790454855769231 0.26672648798076926 0.3790454855769231 0.26672648798076926 0.3695438701923077
1 0.31282416346153846 0.37378566346153846 0.30566613942307697 0.37378566346153846 0.30566613942307697 0.3861716971153846 0.31282416346153846 0.3861716971153846 0.31282416346153846 0.37378566346153846
1 0.3118697620192308 0.32508988701923075 0.30728862500000004 0.32508988701923075 0.30728862500000004 0.33832427884615385 0.3118697620192308 0.33832427884615385 0.3118697620192308 0.32508988701923075
1 0.35760798798076926 0.3364505336538462 0.35259927884615383 0.3364505336538462 0.35259927884615383 0.3480696514423077 0.35760798798076926 0.3480696514423077 0.35760798798076926 0.3364505336538462
1 0.3251124663461538 0.31940192307692306 0.3222416201923077 0.31940192307692306 0.3222416201923077 0.32602590625 0.3251124663461538 0.32602590625 0.3251124663461538 0.31940192307692306
1 0.3446586442307692 0.3189675625 0.3397720985576923 0.3189675625 0.3397720985576923 0.32602590625 0.3446586442307692 0.32602590625 0.3446586442307692 0.3189675625
1 0.3549203870192308 0.3564310721153846 0.35033925240384617 0.3564310721153846 0.35033925240384617 0.36175197596153846 0.3549203870192308 0.36175197596153846 0.3549203870192308 0.3564310721153846
0 0.2481333605769231 0.24384780048076923 0.24559235576923077 0.24384780048076923 0.24559235576923077 0.2526218629807692 0.2481333605769231 0.2526218629807692 0.2481333605769231 0.24384780048076923
0 0.26245093509615386 0.24480339182692307 0.26044745192307694 0.24480339182692307 0.26044745192307694 0.2509712956730769 0.26245093509615386 0.2509712956730769 0.26245093509615386 0.24480339182692307
1 0.24945272596153847 0.23628994471153847 0.23728523076923078 0.23628994471153847 0.23728523076923078 0.24393467067307692 0.24945272596153847 0.24393467067307692 0.24945272596153847 0.23628994471153847
1 0.2707091947115385 0.23255445192307694 0.26758180769230766 0.23255445192307694 0.26758180769230766 0.24115476923076923 0.2707091947115385 0.24115476923076923 0.2707091947115385 0.23255445192307694
1 0.276182125 0.2446296466346154 0.2738365841346154 0.2446296466346154 0.2738365841346154 0.25123191105769227 0.276182125 0.25123191105769227 0.276182125 0.2446296466346154
0 0.3209018076923077 0.24561799278846155 0.3177255528846154 0.24561799278846155 0.3177255528846154 0.2543920528846154 0.3209018076923077 0.2543920528846154 0.3209018076923077 0.24561799278846155
1 0.3166993798076923 0.23310843750000002 0.2901654423076923 0.23310843750000002 0.2901654423076923 0.24926661057692306 0.3166993798076923 0.24926661057692306 0.3166993798076923 0.23310843750000002
1 0.28415323798076925 0.2572321033653846 0.2696890673076923 0.2572321033653846 0.2696890673076923 0.2673961153846154 0.28415323798076925 0.2673961153846154 0.28415323798076925 0.2572321033653846
1 0.26670827403846153 0.2478499375 0.2635808846153846 0.2478499375 0.2635808846153846 0.2652243197115384 0.26670827403846153 0.2652243197115384 0.26670827403846153 0.2478499375
1 0.2894795721153846 0.2389890048076923 0.2792666947115384 0.2389890048076923 0.2792666947115384 0.25575528125 0.2894795721153846 0.25575528125 0.2894795721153846 0.2389890048076923
1 0.02013030769230769 0.3321404254807692 0.011827 0.3321404254807692 0.011827 0.34401744471153844 0.02013030769230769 0.34401744471153844 0.02013030769230769 0.3321404254807692