1 0.46091765384615385 0.8875375865384616 0.45401801201923075 0.8875375865384616 0.45401801201923075 0.9026342451923076 0.46091765384615385 0.9026342451923076 0.46091765384615385 0.8875375865384616
1 0.46781729807692307 0.8809328004807693 0.46197913942307695 0.8809328004807693 0.46197913942307695 0.8974447692307692 0.46781729807692307 0.8974447692307692 0.46781729807692307 0.8809328004807693
1 0.4993964375 0.8762150961538461 0.4906391971153846 0.8762150961538461 0.4906391971153846 0.8950859158653847 0.4993964375 0.8950859158653847 0.4993964375 0.8762150961538461
1 0.5039077427884615 0.8724409326923077 0.4991310649038461 0.8724409326923077 0.4991310649038461 0.8946141466346155 0.5039077427884615 0.8946141466346155 0.5039077427884615 0.8724409326923077
1 0.5086844182692307 0.8814045697115385 0.5036423701923077 0.8814045697115385 0.5036423701923077 0.8979165384615384 0.5086844182692307 0.8979165384615384 0.5086844182692307 0.8814045697115385
1 0.5744964038461539 0.8799892596153847 0.5699850985576923 0.8799892596153847 0.5699850985576923 0.8983883100961538 0.5744964038461539 0.8983883100961538 0.5744964038461539 0.8799892596153847
1 0.5943992235576923 0.9710409687499999 0.5877649495192308 0.9710409687499999 0.5877649495192308 0.9894400168269232 0.5943992235576923 0.9894400168269232 0.5943992235576923 0.9710409687499999
1 0.7514246850961539 0.9716011947115385 0.744126985576923 0.9716011947115385 0.744126985576923 0.9910617283653846 0.7514246850961539 0.9910617283653846 0.7514246850961539 0.9716011947115385
1 0.744126985576923 0.9562686538461538 0.7394829927884616 0.9562686538461538 0.7394829927884616 0.9716011947115385 0.744126985576923 0.9716011947115385 0.744126985576923 0.9562686538461538
1 0.7013359254807692 0.93621840625 0.6953650793269232 0.93621840625 0.6953650793269232 0.9503715216346154 0.7013359254807692 0.9503715216346154 0.7013359254807692 0.93621840625
1 0.6545643004807692 0.9096813149038462 0.6482617427884616 0.9096813149038462 0.6482617427884616 0.9332698413461539 0.6545643004807692 0.9332698413461539 0.6545643004807692 0.9096813149038462
0 0.7199481706730769 0.8441540504807693 0.7149724639423076 0.8441540504807693 0.7149724639423076 0.8577174519230769 0.7199481706730769 0.8577174519230769 0.7199481706730769 0.8441540504807693
0 0.7551098149038461 0.8807162644230769 0.7471486875 0.8807162644230769 0.7471486875 0.9001767980769231 0.7551098149038461 0.9001767980769231 0.7551098149038461 0.8807162644230769
0 0.761412375 0.8612557307692307 0.7547781009615384 0.8612557307692307 0.7547781009615384 0.874229420673077 0.761412375 0.874229420673077 0.761412375 0.8612557307692307
0 0.7687100745192308 0.8618454447115386 0.7640660841346154 0.8618454447115386 0.7640660841346154 0.8771779855769231 0.7687100745192308 0.8771779855769231 0.7687100745192308 0.8618454447115386
0 0.55028903125 0.7437211682692308 0.546549891826923 0.7437211682692308 0.546549891826923 0.76350865625 0.55028903125 0.76350865625 0.55028903125 0.7437211682692308
0 0.5532455600961538 0.7604168629807693 0.5532455600961538 0.7455762451923077 0.5495933774038462 0.7455762451923077 0.5495933774038462 0.7604168629807693 0.55028903125 0.7604168629807693 0.5532455600961538 0.7604168629807693
0 0.46421569471153845 0.7183438389423077 0.45913742067307695 0.7183438389423077 0.45913742067307695 0.7335554711538462 0.46421569471153845 0.7335554711538462 0.46421569471153845 0.7183438389423077
0 0.46011133653846154 0.7545796778846154 0.4569808918269231 0.7545796778846154 0.4569808918269231 0.7675652187500001 0.46011133653846154 0.7675652187500001 0.46011133653846154 0.7545796778846154
0 0.48438965625 0.7502511658653847 0.4794505144230769 0.7502511658653847 0.4794505144230769 0.7652154543269231 0.48438965625 0.7652154543269231 0.48438965625 0.7502511658653847
0 0.5701171634615385 0.7103904350961538 0.5671450072115385 0.7103904350961538 0.5671450072115385 0.7269967572115384 0.5701171634615385 0.7269967572115384 0.5701171634615385 0.7103904350961538
0 0.5735139110576923 0.7130323485576924 0.5701171634615385 0.7130323485576924 0.5701171634615385 0.7269967572115384 0.5735139110576923 0.7269967572115384 0.5735139110576923 0.7130323485576924
0 0.37677462500000003 0.6483234399038462 0.37096963461538457 0.6483234399038462 0.37096963461538457 0.6689633990384615 0.37677462500000003 0.6689633990384615 0.37677462500000003 0.6483234399038462
0 0.29974874519230765 0.6589504591346155 0.29707380769230773 0.6589504591346155 0.29707380769230773 0.6671932307692308 0.29974874519230765 0.6671932307692308 0.29974874519230765 0.6589504591346155
0 0.2917239278846154 0.6488055048076924 0.2888706610576923 0.6488055048076924 0.2888706610576923 0.6570482788461539 0.2917239278846154 0.6570482788461539 0.2917239278846154 0.6488055048076924
0 0.7037931971153846 0.8417251682692307 0.6975238100961539 0.8417251682692307 0.6975238100961539 0.8603011322115385 0.7037931971153846 0.8603011322115385 0.7037931971153846 0.8417251682692307
1 0.7354884350961538 0.7500837475961538 0.6748843533653847 0.7500837475961538 0.6748843533653847 0.8070500384615384 0.7354884350961538 0.8070500384615384 0.7354884350961538 0.7500837475961538
0 0.7581278918269232 0.6652535144230769 0.7525551033653847 0.6652535144230769 0.7525551033653847 0.6807334855769231 0.7581278918269232 0.6807334855769231 0.7581278918269232 0.6652535144230769
0 0.10702040865384616 0.5298173245192308 0.09893986298076923 0.5298173245192308 0.09893986298076923 0.54665953125 0.10702040865384616 0.54665953125 0.10702040865384616 0.5298173245192308
0 0.27937414903846153 0.5930336514423077 0.27463727884615385 0.5930336514423077 0.27463727884615385 0.6069037043269231 0.27937414903846153 0.6069037043269231 0.27937414903846153 0.5930336514423077
0 0.1905555576923077 0.5779314807692308 0.18724576682692307 0.5779314807692308 0.18724576682692307 0.59152571875 0.1905555576923077 0.59152571875 0.1905555576923077 0.5779314807692308
0 0.1697837668269231 0.5740763990384615 0.16670223557692307 0.5740763990384615 0.16670223557692307 0.584018454326923 0.1697837668269231 0.584018454326923 0.1697837668269231 0.5740763990384615
1 0.16182204086538463 0.5664900697115385 0.1537972235576923 0.5664900697115385 0.1537972235576923 0.5877310649038462 0.16182204086538463 0.5877310649038462 0.16182204086538463 0.5664900697115385
0 0.6676178894230769 0.6309263629807693 0.6633950528846154 0.6309263629807693 0.6633950528846154 0.6418829134615385 0.6676178894230769 0.6418829134615385 0.6676178894230769 0.6309263629807693
0 0.6704711586538461 0.6433032067307691 0.66419396875 0.6433032067307691 0.66419396875 0.655680048076923 0.6704711586538461 0.655680048076923 0.6704711586538461 0.6433032067307691
0 0.6043871971153846 0.6093857355769231 0.6008263173076923 0.6093857355769231 0.6008263173076923 0.6202611250000001 0.6043871971153846 0.6202611250000001 0.6043871971153846 0.6093857355769231
0 0.4049342259615385 0.7015046225961539 0.3997626778846154 0.7015046225961539 0.3997626778846154 0.7164050240384616 0.4049342259615385 0.7164050240384616 0.4049342259615385 0.7015046225961539
0 0.41599063942307696 0.7179901730769231 0.4126023846153846 0.7179901730769231 0.4126023846153846 0.7335246322115385 0.41599063942307696 0.7335246322115385 0.41599063942307696 0.7179901730769231
0 0.95041825 0.9560881370192308 0.942001110576923 0.9560881370192308 0.942001110576923 0.975363548076923 0.95041825 0.975363548076923 0.95041825 0.9560881370192308
0 0.9167496875 0.9581171274038461 0.9087605384615384 0.9581171274038461 0.9087605384615384 0.9720664375 0.9167496875 0.9720664375 0.9167496875 0.9581171274038461
0 0.8515525144230769 0.9401098365384615 0.8451326610576924 0.9401098365384615 0.8451326610576924 0.9636968509615385 0.8515525144230769 0.9636968509615385 0.8515525144230769 0.9401098365384615
0 0.8663895072115384 0.9515229086538461 0.8595416634615384 0.9515229086538461 0.8595416634615384 0.9611606129807692 0.8663895072115384 0.9611606129807692 0.8663895072115384 0.9515229086538461
0 0.8750919759615384 0.9527910288461539 0.8685294591346153 0.9527910288461539 0.8685294591346153 0.962428733173077 0.8750919759615384 0.962428733173077 0.8750919759615384 0.9527910288461539
1 0.8418514014423076 0.9289503870192307 0.8187399302884616 0.9289503870192307 0.8187399302884616 0.9568490072115385 0.8418514014423076 0.9568490072115385 0.8418514014423076 0.9289503870192307
0 0.7779381995192308 0.894964795673077 0.7726596538461539 0.894964795673077 0.7726596538461539 0.9073923629807693 0.7779381995192308 0.9073923629807693 0.7779381995192308 0.894964795673077
0 0.7766542283653847 0.8830444759615385 0.7725169879807693 0.8830444759615385 0.7725169879807693 0.894964795673077 0.7766542283653847 0.894964795673077 0.7766542283653847 0.8830444759615385
0 0.055082665865384614 0.5066310384615385 0.05107025961538462 0.5066310384615385 0.05107025961538462 0.5141604951923078 0.055082665865384614 0.5141604951923078 0.055082665865384614 0.5066310384615385
0 0.041262149038461544 0.49870529326923074 0.03658100721153846 0.49870529326923074 0.03658100721153846 0.5050458894230769 0.041262149038461544 0.5050458894230769 0.041262149038461544 0.49870529326923074
0 0.19750884375 0.5615624567307692 0.1934622403846154 0.5615624567307692 0.1934622403846154 0.5758035600961539 0.19750884375 0.5758035600961539 0.19750884375 0.5615624567307692
0 0.19792176201923078 0.5881360649038462 0.19370999278846154 0.5881360649038462 0.19370999278846154 0.6019367259615385 0.19792176201923078 0.6019367259615385 0.19792176201923078 0.5881360649038462
0 0.2520966923076923 0.5653796586538461 0.24813267307692308 0.5653796586538461 0.24813267307692308 0.57741853125 0.2520966923076923 0.57741853125 0.2520966923076923 0.5653796586538461
0 0.26869602163461537 0.55011084375 0.2642365 0.55011084375 0.2642365 0.5646455817307692 0.26869602163461537 0.5646455817307692 0.26869602163461537 0.55011084375
0 0.3193456586538461 0.5646804495192308 0.3161744447115385 0.5646804495192308 0.3161744447115385 0.5758384302884616 0.3193456586538461 0.5758384302884616 0.3193456586538461 0.5646804495192308
0 0.29406103125 0.6510164374999999 0.2917239278846154 0.6510164374999999 0.2917239278846154 0.6570482788461539 0.29406103125 0.6570482788461539 0.29406103125 0.6510164374999999
0 0.3020102091346154 0.65931515625 0.29964237019230766 0.65931515625 0.29964237019230766 0.6697787572115386 0.3020102091346154 0.6697787572115386 0.3020102091346154 0.65931515625
0 0.3134096730769231 0.6416352788461539 0.3105006105769231 0.6416352788461539 0.3105006105769231 0.6534819975961538 0.3134096730769231 0.6534819975961538 0.3134096730769231 0.6416352788461539
0 0.3088431225961538 0.6418758197115384 0.30593406009615387 0.6418758197115384 0.30593406009615387 0.6539630841346155 0.3088431225961538 0.6539630841346155 0.3088431225961538 0.6418758197115384
0 0.30593406009615387 0.6427177187499999 0.3038368293269231 0.6427177187499999 0.3038368293269231 0.6528205072115385 0.30593406009615387 0.6528205072115385 0.30593406009615387 0.6427177187499999
0 0.28014203846153846 0.6490554519230769 0.2764422860576923 0.6490554519230769 0.2764422860576923 0.6620926706730769 0.28014203846153846 0.6620926706730769 0.28014203846153846 0.6490554519230769
1 0.38176366586538457 0.7292298605769231 0.3784867427884615 0.7292298605769231 0.3784867427884615 0.7392837884615384 0.38176366586538457 0.7392837884615384 0.38176366586538457 0.7292298605769231
1 0.40068525240384617 0.7405052932692308 0.39571701442307694 0.7405052932692308 0.39571701442307694 0.7578882524038462 0.40068525240384617 0.7578882524038462 0.40068525240384617 0.7405052932692308
1 0.414268625 0.7426664182692307 0.4101988966346154 0.7426664182692307 0.4101988966346154 0.7525324230769231 0.414268625 0.7525324230769231 0.414268625 0.7426664182692307
0 0.5049865264423077 0.7267551394230769 0.5020690096153846 0.7267551394230769 0.5020690096153846 0.7437434567307691 0.5049865264423077 0.7437434567307691 0.5049865264423077 0.7267551394230769
0 0.5019844423076922 0.727657173076923 0.49902464182692313 0.727657173076923 0.49902464182692313 0.7446454927884615 0.5019844423076922 0.7446454927884615 0.5019844423076922 0.727657173076923
0 0.5147538701923077 0.7515610913461538 0.5098067740384615 0.7515610913461538 0.5098067740384615 0.7687749182692307 0.5147538701923077 0.7687749182692307 0.5147538701923077 0.7515610913461538
0 0.5408001177884615 0.75682765625 0.5359772283653846 0.75682765625 0.5359772283653846 0.7733884495192308 0.5408001177884615 0.7733884495192308 0.5408001177884615 0.75682765625
0 0.5955035841346153 0.7144273341346155 0.5911431634615385 0.7144273341346155 0.5911431634615385 0.7302834086538461 0.5955035841346153 0.7302834086538461 0.5955035841346153 0.7144273341346155
0 0.6158522163461538 0.7556531322115384 0.6114257283653847 0.7556531322115384 0.6114257283653847 0.7706870432692308 0.6158522163461538 0.7706870432692308 0.6158522163461538 0.7556531322115384
0 0.6050832980769231 0.8052180552884616 0.6011853461538462 0.8052180552884616 0.6011853461538462 0.8187250841346153 0.6050832980769231 0.8187250841346153 0.6050832980769231 0.8052180552884616
1 0.6077259783653847 0.7863082163461539 0.6008550120192307 0.7863082163461539 0.6008550120192307 0.8025166490384615 0.6077259783653847 0.8025166490384615 0.6077259783653847 0.7863082163461539
0 0.5935215745192308 0.8198996081730769 0.588962954326923 0.8198996081730769 0.588962954326923 0.8319972067307693 0.5935215745192308 0.8319972067307693 0.5935215745192308 0.8198996081730769
0 0.59841053125 0.8043958894230769 0.5946447139423077 0.8043958894230769 0.5946447139423077 0.8174331057692308 0.59841053125 0.8174331057692308 0.59841053125 0.8043958894230769
0 0.5861220721153846 0.7888921682692308 0.5818277187500001 0.7888921682692308 0.5818277187500001 0.8039260793269231 0.5861220721153846 0.8039260793269231 0.5861220721153846 0.7888921682692308
0 0.5972873942307693 0.7778516394230769 0.5929930384615385 0.7778516394230769 0.5929930384615385 0.7903015961538462 0.5972873942307693 0.7903015961538462 0.5972873942307693 0.7778516394230769
0 0.5818937860576923 0.7627002788461539 0.5772690961538461 0.7627002788461539 0.5772690961538461 0.7771469254807692 0.5818937860576923 0.7771469254807692 0.5818937860576923 0.7627002788461539
0 0.5596952764423077 0.7558880384615385 0.5558633918269231 0.7558880384615385 0.5558633918269231 0.7683379951923077 0.5596952764423077 0.7683379951923077 0.5596952764423077 0.7558880384615385
0 0.5508423004807692 0.7732709951923076 0.5548063197115385 0.7732709951923076 0.5548063197115385 0.7604168629807693 0.5508423004807692 0.7604168629807693 0.5508423004807692 0.7732709951923076
0 0.6424730841346153 0.6735080096153846 0.6374354759615385 0.6735080096153846 0.6374354759615385 0.6893640865384616 0.6424730841346153 0.6893640865384616 0.6424730841346153 0.6735080096153846
0 0.5665786322115385 0.6550092524038462 0.5617061923076924 0.6550092524038462 0.5617061923076924 0.6664608629807692 0.5665786322115385 0.6664608629807692 0.5665786322115385 0.6550092524038462
0 0.7920735192307693 0.7763155841346154 0.786705576923077 0.7763155841346154 0.786705576923077 0.793493 0.7920735192307693 0.793493 0.7920735192307693 0.7763155841346154
0 0.7622607908653846 0.773672903846154 0.7578838533653846 0.773672903846154 0.7578838533653846 0.7883544567307692 0.7622607908653846 0.7883544567307692 0.7622607908653846 0.773672903846154
0 0.7162822956730769 0.8225624759615384 0.7114924399038463 0.8225624759615384 0.7114924399038463 0.8403271538461539 0.7162822956730769 0.8403271538461539 0.7162822956730769 0.8225624759615384
0 0.7109143533653846 0.8394462596153847 0.7059593293269231 0.8394462596153847 0.7059593293269231 0.8507510552884615 0.7109143533653846 0.8507510552884615 0.7109143533653846 0.8394462596153847
0 0.7515026081730769 0.8268612331730769 0.7468514903846154 0.8268612331730769 0.7468514903846154 0.8429287259615384 0.7515026081730769 0.8429287259615384 0.7515026081730769 0.8268612331730769
0 0.7536167524038462 0.8323110240384615 0.7507098028846154 0.8323110240384615 0.7507098028846154 0.8448079639423077 0.7536167524038462 0.8448079639423077 0.7536167524038462 0.8323110240384615
0 0.7784492668269232 0.8598323317307692 0.7740723293269232 0.8598323317307692 0.7740723293269232 0.879505610576923 0.7784492668269232 0.879505610576923 0.7784492668269232 0.8598323317307692
0 0.7250976971153846 0.8396297259615384 0.7201083173076923 0.8396297259615384 0.7201083173076923 0.8598503341346154 0.7250976971153846 0.8598503341346154 0.7250976971153846 0.8396297259615384
0 0.7322435024038462 0.8589482980769231 0.7280152163461538 0.8589482980769231 0.7280152163461538 0.8735311923076924 0.7322435024038462 0.8735311923076924 0.7322435024038462 0.8589482980769231
0 0.7664926298076923 0.8886402716346153 0.7605730264423076 0.8886402716346153 0.7605730264423076 0.9057037596153846 0.7664926298076923 0.9057037596153846 0.7664926298076923 0.8886402716346153
0 0.6746839615384614 0.8485633894230769 0.6686290528846153 0.8485633894230769 0.6686290528846153 0.8676865240384615 0.6746839615384614 0.8676865240384615 0.6746839615384614 0.8485633894230769
0 0.8351155384615385 0.6905307572115384 0.8319947764423077 0.6905307572115384 0.8319947764423077 0.7008342259615384 0.8351155384615385 0.7008342259615384 0.8351155384615385 0.6905307572115384
0 0.8427502596153846 0.778110235576923 0.8396852235576924 0.778110235576923 0.8396852235576924 0.7875220552884615 0.8427502596153846 0.7875220552884615 0.8427502596153846 0.778110235576923
0 0.9848051105769231 0.714767685096154 0.9820945072115385 0.714767685096154 0.9820945072115385 0.7271952524038461 0.9848051105769231 0.7271952524038461 0.9848051105769231 0.714767685096154
0 0.9533429038461538 0.607496014423077 0.9513812836538461 0.607496014423077 0.9513812836538461 0.6157387884615384 0.9533429038461538 0.6157387884615384 0.9533429038461538 0.607496014423077
0 0.956716610576923 0.6052732548076923 0.9548174735576923 0.6052732548076923 0.9548174735576923 0.6133242884615384 0.956716610576923 0.6133242884615384 0.956716610576923 0.6052732548076923
0 0.959492266826923 0.5743676682692308 0.9565705216346154 0.5743676682692308 0.9565705216346154 0.5834575480769231 0.959492266826923 0.5834575480769231 0.959492266826923 0.5743676682692308
0 0.9437148365384616 0.5761856466346154 0.9405739591346154 0.5761856466346154 0.9405739591346154 0.5851456682692308 0.9437148365384616 0.5851456682692308 0.9437148365384616 0.5761856466346154
0 0.9349495985576923 0.5887816201923077 0.9317356754807692 0.5887816201923077 0.9317356754807692 0.5968326538461539 0.9349495985576923 0.5968326538461539 0.9349495985576923 0.5887816201923077
0 0.9768036153846154 0.5909891610576923 0.9742470865384616 0.5909891610576923 0.9742470865384616 0.5994297620192308 0.9768036153846154 0.5994297620192308 0.9768036153846154 0.5909891610576923
0 0.9235947331730769 0.5640340216346154 0.9205988004807693 0.5640340216346154 0.9205988004807693 0.572149983173077 0.9235947331730769 0.572149983173077 0.9235947331730769 0.5640340216346154
0 0.9432600576923077 0.6272684230769231 0.9405209206730769 0.6272684230769231 0.9405209206730769 0.6363988822115385 0.9432600576923077 0.6363988822115385 0.9432600576923077 0.6272684230769231
0 0.9164068149038461 0.6915897259615384 0.9123894134615385 0.6915897259615384 0.9123894134615385 0.7006796033653846 0.9164068149038461 0.7006796033653846 0.9164068149038461 0.6915897259615384
0 0.8466545889423076 0.6767474302884615 0.8420092548076923 0.6767474302884615 0.8420092548076923 0.6886761923076924 0.8466545889423076 0.6886761923076924 0.8466545889423076 0.6767474302884615