1 0.8247642740384615 0.9054592427884616 0.7359297451923077 0.9054592427884616 0.7359297451923077 0.9986626850961537 0.8247642740384615 0.9986626850961537 0.8247642740384615 0.9054592427884616
1 0.7614942475961539 0.8625079903846153 0.6952324254807691 0.8625079903846153 0.6952324254807691 0.9265853557692308 0.7614942475961539 0.9265853557692308 0.7614942475961539 0.8625079903846153
1 0.7952076802884616 0.7252918125 0.761130170673077 0.7252918125 0.761130170673077 0.7687867524038462 0.7952076802884616 0.7687867524038462 0.7952076802884616 0.7252918125
1 0.8371492283653846 0.6719587307692307 0.7995765913461538 0.6719587307692307 0.7995765913461538 0.7397901250000001 0.8371492283653846 0.7397901250000001 0.8371492283653846 0.6719587307692307
1 0.6279954495192308 1 0.6279954495192308 0.8023954110576923 0.5442579807692307 0.8023954110576923 0.5442579807692307 1 0.6279954495192308 1
1 0.5219583293269231 1 0.5219583293269231 0.8231072860576922 0.45387612980769226 0.8231072860576922 0.45387612980769226 1 0.5219583293269231 1
1 0.4447742307692308 0.8334632259615385 0.38397354807692313 0.8334632259615385 0.38397354807692313 0.998510985576923 0.4447742307692308 0.998510985576923 0.4447742307692308 0.8334632259615385
1 0.3712308894230769 0.826990764423077 0.31552726923076924 0.826990764423077 0.31552726923076924 0.9978637403846153 0.3712308894230769 0.9978637403846153 0.3712308894230769 0.826990764423077
1 0.38870653605769234 0.7829780288461539 0.34174073798076926 0.7829780288461539 0.34174073798076926 0.9279611586538461 0.38870653605769234 0.9279611586538461 0.38870653605769234 0.7829780288461539
1 0.24999360096153847 0.9745628798076923 0.34174073798076926 0.9745628798076923 0.34174073798076926 0.7396125360576923 0.24999360096153847 0.7396125360576923 0.24999360096153847 0.9745628798076923
1 0.36067268750000003 0.5778010072115385 0.30060015625000003 0.5778010072115385 0.30060015625000003 0.75126296875 0.36067268750000003 0.75126296875 0.36067268750000003 0.5778010072115385
1 0.3952965817307692 0.6371846562500001 0.35037252403846153 0.6371846562500001 0.35037252403846153 0.7866415528846153 0.3952965817307692 0.7866415528846153 0.3952965817307692 0.6371846562500001
1 0.45005709855769227 0.5866425024038462 0.4012709230769231 0.5866425024038462 0.4012709230769231 0.8649583341346154 0.45005709855769227 0.8649583341346154 0.45005709855769227 0.5866425024038462
1 0.4930180600961539 0.5840535168269231 0.4438678076923077 0.5840535168269231 0.4438678076923077 0.8649583341346154 0.4930180600961539 0.8649583341346154 0.4930180600961539 0.5840535168269231
1 0.5210519086538462 0.6319497307692308 0.4930180600961539 0.6319497307692308 0.4930180600961539 0.8261235673076922 0.5210519086538462 0.8261235673076922 0.5210519086538462 0.6319497307692308
1 0.5709303125 0.6604285600961538 0.5356149471153846 0.6604285600961538 0.5356149471153846 0.7821108317307692 0.5709303125 0.7821108317307692 0.5709303125 0.6604285600961538
1 0.6138912740384616 0.673373483173077 0.5676536298076923 0.673373483173077 0.5676536298076923 0.8023954110576923 0.6138912740384616 0.8023954110576923 0.6138912740384616 0.673373483173077
1 0.62335725 0.5834062716346154 0.573842920673077 0.5834062716346154 0.573842920673077 0.7808163389423076 0.62335725 0.7808163389423076 0.62335725 0.5834062716346154
1 0.6743278822115385 0.6196520528846154 0.6200805649038461 0.6196520528846154 0.6200805649038461 0.8636638437499999 0.6743278822115385 0.8636638437499999 0.6743278822115385 0.6196520528846154
1 0.5365615432692308 0.5343450144230769 0.4986976466346154 0.5343450144230769 0.4986976466346154 0.7834053221153846 0.5365615432692308 0.7834053221153846 0.5365615432692308 0.5343450144230769
1 0.4096373894230769 0.5639015096153847 0.3681618557692307 0.5639015096153847 0.3681618557692307 0.7983599447115384 0.4096373894230769 0.7983599447115384 0.4096373894230769 0.5639015096153847
1 0.6426845841346154 0.5830198653846154 0.6138912740384616 0.5830198653846154 0.6138912740384616 0.6761404591346154 0.6426845841346154 0.6761404591346154 0.6426845841346154 0.5830198653846154
1 0.64566709375 0.6082055072115384 0.6255351514423076 0.6082055072115384 0.6255351514423076 0.6648731995192307 0.64566709375 0.6648731995192307 0.64566709375 0.6082055072115384
1 0.5383169350961539 0.6174886346153846 0.5675828173076923 0.6174886346153846 0.5675828173076923 0.5601581610576922 0.5383169350961539 0.5601581610576922 0.5383169350961539 0.6174886346153846
1 0.6553979350961538 0.48917856249999997 0.62248546875 0.48917856249999997 0.62248546875 0.5316379086538462 0.6553979350961538 0.5316379086538462 0.6553979350961538 0.48917856249999997
1 0.21865897115384614 0.4437272091346154 0.1983406201923077 0.4437272091346154 0.1983406201923077 0.47222675 0.21865897115384614 0.47222675 0.21865897115384614 0.4437272091346154
1 0.23133463942307692 0.43709940865384617 0.2149308341346154 0.43709940865384617 0.2149308341346154 0.4636106081730769 0.23133463942307692 0.4636106081730769 0.23133463942307692 0.43709940865384617
1 0.2272336875 0.4599653197115385 0.2507209567307692 0.4599653197115385 0.2507209567307692 0.4404133076923077 0.2272336875 0.4404133076923077 0.2272336875 0.4599653197115385
1 0.10265054086538461 0.41427750961538456 0.08233218990384615 0.41427750961538456 0.08233218990384615 0.44675373076923075 0.10265054086538461 0.44675373076923075 0.10265054086538461 0.41427750961538456
1 0.03874280528846154 0.3852079783653846 0.0263355625 0.3852079783653846 0.0263355625 0.41935440384615386 0.03874280528846154 0.41935440384615386 0.03874280528846154 0.3852079783653846
1 0.09709118990384616 0.38312063461538465 0.08253653846153847 0.38312063461538465 0.08253653846153847 0.41427750961538456 0.09709118990384616 0.41427750961538456 0.09709118990384616 0.38312063461538465
1 0.10044472355769231 0.3897165168269231 0.09451978846153845 0.3897165168269231 0.09451978846153845 0.39992396394230767 0.10044472355769231 0.39992396394230767 0.10044472355769231 0.3897165168269231
1 0.11489973317307692 0.3933814230769231 0.10928020673076923 0.3933814230769231 0.10928020673076923 0.4013736394230769 0.11489973317307692 0.4013736394230769 0.11489973317307692 0.3933814230769231
1 0.1301976730769231 0.3749482908653846 0.12042458173076923 0.3749482908653846 0.12042458173076923 0.3987023293269231 0.1301976730769231 0.3987023293269231 0.1301976730769231 0.3749482908653846
1 0.08419058413461539 0.37015674278846156 0.07824854807692307 0.37015674278846156 0.07824854807692307 0.3774400841346154 0.08419058413461539 0.3774400841346154 0.08419058413461539 0.37015674278846156
1 0.05861306730769231 0.3508827908653846 0.04727628365384616 0.3508827908653846 0.04727628365384616 0.3805061081730769 0.05861306730769231 0.3805061081730769 0.05861306730769231 0.3508827908653846
1 0.016579860576923077 0.31992848076923075 0.0039041923076923077 0.31992848076923075 0.0039041923076923077 0.36685330528846155 0.016579860576923077 0.36685330528846155 0.016579860576923077 0.31992848076923075
0 0.10594092548076922 0.30374344471153847 0.09732839182692307 0.30374344471153847 0.09732839182692307 0.3421842620192308 0.10594092548076922 0.3421842620192308 0.10594092548076922 0.30374344471153847
1 0.16670587259615385 0.35588016105769227 0.15811624278846154 0.35588016105769227 0.15811624278846154 0.3684358677884615 0.16670587259615385 0.3684358677884615 0.16670587259615385 0.35588016105769227
1 0.14567632211538462 0.33110863701923077 0.14039885336538463 0.33110863701923077 0.14039885336538463 0.35244437740384615 0.14567632211538462 0.35244437740384615 0.14567632211538462 0.33110863701923077
1 0.14567632211538462 0.3561972451923077 0.15161836057692307 0.3561972451923077 0.15161836057692307 0.33583446875 0.14567632211538462 0.33583446875 0.14567632211538462 0.3561972451923077
1 0.9837309951923078 0.3201134158653846 0.9765538846153846 0.3201134158653846 0.9765538846153846 0.3438674519230769 0.9837309951923078 0.3438674519230769 0.9837309951923078 0.3201134158653846
1 0.9376905841346154 0.3258143846153846 0.9299790048076922 0.3258143846153846 0.9299790048076922 0.34427466346153845 0.9376905841346154 0.34427466346153845 0.9376905841346154 0.3258143846153846
1 0.9175389567307692 0.3327518365384616 0.9097510264423078 0.3327518365384616 0.9097510264423078 0.3417105 0.9175389567307692 0.3417105 0.9175389567307692 0.3327518365384616
1 0.8720520985576923 0.34584306730769226 0.8651803942307693 0.34584306730769226 0.8651803942307693 0.3619958125 0.8720520985576923 0.3619958125 0.8720520985576923 0.34584306730769226
1 0.8641878149038462 0.34530011778846154 0.85380390625 0.34530011778846154 0.85380390625 0.36389613461538467 0.8641878149038462 0.36389613461538467 0.8641878149038462 0.34530011778846154
1 0.8049384615384615 0.35561615625 0.7948599639423077 0.35561615625 0.7948599639423077 0.3691898918269231 0.8049384615384615 0.3691898918269231 0.8049384615384615 0.35561615625
1 0.8496045336538463 0.3404135721153846 0.8412057836538461 0.3404135721153846 0.8412057836538461 0.35846664182692306 0.8496045336538463 0.35846664182692306 0.8496045336538463 0.3404135721153846
1 0.8415875456730769 0.34434995673076924 0.8287603653846154 0.34434995673076924 0.8287603653846154 0.36240302403846153 0.8415875456730769 0.36240302403846153 0.8415875456730769 0.34434995673076924
1 0.832043514423077 0.33878472596153847 0.8208960841346153 0.33878472596153847 0.8208960841346153 0.3511368221153846 0.832043514423077 0.3511368221153846 0.832043514423077 0.33878472596153847
0 0.8191399807692308 0.31245167788461536 0.8122682788461538 0.31245167788461536 0.8122682788461538 0.3340339182692308 0.8191399807692308 0.3340339182692308 0.8191399807692308 0.31245167788461536
0 0.83471584375 0.30865103365384616 0.8293711850961538 0.30865103365384616 0.8293711850961538 0.3353912908653846 0.83471584375 0.3353912908653846 0.83471584375 0.30865103365384616
1 0.8499862932692307 0.3273827860576923 0.8423510697115385 0.3273827860576923 0.8423510697115385 0.3379703004807692 0.8499862932692307 0.3379703004807692 0.8499862932692307 0.3273827860576923
0 0.8300583557692308 0.3033572764423077 0.8240265264423077 0.3033572764423077 0.8240265264423077 0.3252109903846154 0.8300583557692308 0.3252109903846154 0.8300583557692308 0.3033572764423077
0 0.8405186129807691 0.31462347596153845 0.8357084206730769 0.31462347596153845 0.8357084206730769 0.33036900961538457 0.8405186129807691 0.33036900961538457 0.8405186129807691 0.31462347596153845
0 0.8456342163461539 0.31516642548076923 0.8405186129807691 0.31516642548076923 0.8405186129807691 0.33036900961538457 0.8456342163461539 0.33036900961538457 0.8456342163461539 0.31516642548076923
0 0.8545674302884615 0.31435200240384614 0.8485356009615385 0.31435200240384614 0.8485356009615385 0.33023327163461536 0.8545674302884615 0.33023327163461536 0.8545674302884615 0.31435200240384614
1 0.8951104807692307 0.3381060384615384 0.8844975144230769 0.3381060384615384 0.8844975144230769 0.34760765384615383 0.8951104807692307 0.34760765384615383 0.8951104807692307 0.3381060384615384
0 0.9713404567307692 0.29957465865384614 0.9675228437500001 0.29957465865384614 0.9675228437500001 0.31694903846153843 0.9713404567307692 0.31694903846153843 0.9713404567307692 0.29957465865384614
0 0.9395015649038462 0.2936565096153846 0.9342485288461538 0.2936565096153846 0.9342485288461538 0.31971808173076927 0.9395015649038462 0.31971808173076927 0.9395015649038462 0.2936565096153846
0 0.9283846754807693 0.29713138701923075 0.9237424567307693 0.29713138701923075 0.9237424567307693 0.3196094903846154 0.9283846754807693 0.3196094903846154 0.9283846754807693 0.29713138701923075
0 0.9342485288461538 0.29539394711538464 0.9298506394230769 0.29539394711538464 0.9298506394230769 0.31971808173076927 0.9342485288461538 0.31971808173076927 0.9342485288461538 0.29539394711538464
0 0.8985156706730769 0.30657870673076926 0.8927128990384615 0.30657870673076926 0.8927128990384615 0.3200438509615384 0.8985156706730769 0.3200438509615384 0.8985156706730769 0.30657870673076926
0 0.8995540625 0.3187407716346154 0.9053568341346154 0.3187407716346154 0.9053568341346154 0.30766460576923077 0.8995540625 0.30766460576923077 0.8995540625 0.3187407716346154
0 0.8768316298076922 0.29126753125 0.8716396754807693 0.29126753125 0.8716396754807693 0.3189579519230769 0.8768316298076922 0.3189579519230769 0.8768316298076922 0.29126753125
0 0.8849315264423077 0.27801630528846155 0.8798006538461538 0.27801630528846155 0.8798006538461538 0.29821402403846153 0.8849315264423077 0.29821402403846153 0.8849315264423077 0.27801630528846155
0 0.831775514423077 0.2819699735576923 0.8268126177884615 0.2819699735576923 0.8268126177884615 0.29527223317307694 0.831775514423077 0.29527223317307694 0.831775514423077 0.2819699735576923
0 0.7981037860576923 0.28724337019230767 0.7946832067307692 0.28724337019230767 0.7946832067307692 0.3139130432692308 0.7981037860576923 0.3139130432692308 0.7981037860576923 0.28724337019230767
0 0.8048960841346153 0.27777433173076926 0.8005470576923077 0.27777433173076926 0.8005470576923077 0.2992316923076923 0.8048960841346153 0.2992316923076923 0.8048960841346153 0.27777433173076926
1 0.7421395985576923 0.39158896875000004 0.7363177403846154 0.39158896875000004 0.7363177403846154 0.40075124038461535 0.7421395985576923 0.40075124038461535 0.7421395985576923 0.39158896875000004
1 0.7495839447115386 0.3235506201923077 0.7418532788461539 0.3235506201923077 0.7418532788461539 0.3435718798076923 0.7495839447115386 0.3435718798076923 0.7495839447115386 0.3235506201923077
1 0.7586507764423077 0.3456079399038462 0.7478660192307692 0.3456079399038462 0.7478660192307692 0.36223576682692304 0.7586507764423077 0.36223576682692304 0.7586507764423077 0.3456079399038462
1 0.7412806370192307 0.3119111442307692 0.7352488076923076 0.3119111442307692 0.7352488076923076 0.3239917668269231 0.7412806370192307 0.3239917668269231 0.7412806370192307 0.3119111442307692
0 0.7840379014423077 0.282591875 0.7788459495192307 0.282591875 0.7788459495192307 0.30688886298076923 0.7840379014423077 0.30688886298076923 0.7840379014423077 0.282591875
0 0.7751199567307693 0.28674543990384616 0.7700501682692308 0.28674543990384616 0.7700501682692308 0.3065087980769231 0.7751199567307693 0.3065087980769231 0.7751199567307693 0.28674543990384616
0 0.7506261538461538 0.2845736418269231 0.7451287908653845 0.2845736418269231 0.7451287908653845 0.30368545913461537 0.7506261538461538 0.30368545913461537 0.7506261538461538 0.2845736418269231
0 0.7498320889423076 0.26980541826923077 0.7435406634615384 0.26980541826923077 0.7435406634615384 0.2873969783653846 0.7498320889423076 0.2873969783653846 0.7498320889423076 0.26980541826923077
0 0.7246053028846154 0.27621222115384614 0.7184360408653846 0.27621222115384614 0.7184360408653846 0.2965185288461539 0.7246053028846154 0.2965185288461539 0.7246053028846154 0.27621222115384614
0 0.6972406538461539 0.2883742860576923 0.6927816802884615 0.2883742860576923 0.6927816802884615 0.3129156009615385 0.6972406538461539 0.3129156009615385 0.6972406538461539 0.2883742860576923
0 0.7136716586538461 0.2594893798076923 0.7086018701923076 0.2594893798076923 0.7086018701923076 0.2769723509615385 0.7136716586538461 0.2769723509615385 0.7136716586538461 0.2594893798076923
0 0.7131219230769231 0.2765379903846154 0.7173976490384616 0.2765379903846154 0.7173976490384616 0.2631814350961538 0.7131219230769231 0.2631814350961538 0.7131219230769231 0.2765379903846154
0 0.6841080649038461 0.30390263942307694 0.6792215192307692 0.30390263942307694 0.6792215192307692 0.33202741826923077 0.6841080649038461 0.33202741826923077 0.6841080649038461 0.30390263942307694
1 0.6871010745192307 0.34777295192307695 0.681970201923077 0.34777295192307695 0.681970201923077 0.3636270745192308 0.6871010745192307 0.3636270745192308 0.6871010745192307 0.34777295192307695
1 0.6933314182692307 0.32507766586538456 0.6875286466346153 0.32507766586538456 0.6875286466346153 0.3401716610576923 0.6933314182692307 0.3401716610576923 0.6933314182692307 0.32507766586538456
1 0.6812983004807692 0.3591748894230769 0.6776944759615385 0.3591748894230769 0.6776944759615385 0.3657988725961539 0.6812983004807692 0.3657988725961539 0.6812983004807692 0.3591748894230769
1 0.6307399831730769 0.3661550769230769 0.6246318028846154 0.3661550769230769 0.6246318028846154 0.3768443918269231 0.6307399831730769 0.3768443918269231 0.6307399831730769 0.3661550769230769
1 0.5912124182692308 0.3761724927884615 0.5855928918269231 0.3761724927884615 0.5855928918269231 0.3855112211538462 0.5912124182692308 0.3855112211538462 0.5912124182692308 0.3761724927884615
1 0.5848428076923077 0.3758814711538462 0.5783925673076923 0.3758814711538462 0.5783925673076923 0.38630610096153845 0.5848428076923077 0.38630610096153845 0.5848428076923077 0.3758814711538462
1 0.5711427692307692 0.3633208798076923 0.5626676682692308 0.3633208798076923 0.5626676682692308 0.38205263461538463 0.5711427692307692 0.38205263461538463 0.5711427692307692 0.3633208798076923
0 0.7047115024038462 0.30787853605769233 0.700359423076923 0.30787853605769233 0.700359423076923 0.3172444134615385 0.7047115024038462 0.3172444134615385 0.7047115024038462 0.30787853605769233
0 0.6837757139423076 0.2751061105769231 0.6786937067307692 0.2751061105769231 0.6786937067307692 0.2936966971153846 0.6837757139423076 0.2936966971153846 0.6837757139423076 0.2751061105769231
0 0.6495725721153847 0.30409451682692307 0.6430734687499999 0.30409451682692307 0.6430734687499999 0.3280711634615385 0.6495725721153847 0.3280711634615385 0.6495725721153847 0.30409451682692307
0 0.6571377451923077 0.3049004591346154 0.6510295649038462 0.3049004591346154 0.6510295649038462 0.32303496875 0.6571377451923077 0.32303496875 0.6571377451923077 0.3049004591346154
0 0.6254529903846154 0.3071604855769231 0.6186576394230769 0.3071604855769231 0.6186576394230769 0.33647975240384614 0.6254529903846154 0.33647975240384614 0.6254529903846154 0.3071604855769231
0 0.6015065360576923 0.3126111875 0.5961924182692308 0.3126111875 0.5961924182692308 0.33780404086538457 0.6015065360576923 0.33780404086538457 0.6015065360576923 0.3126111875
0 0.5952761899038461 0.3125025985576923 0.5883739471153846 0.3125025985576923 0.5883739471153846 0.33704391105769227 0.5952761899038461 0.33704391105769227 0.5952761899038461 0.3125025985576923
0 0.6057240432692308 0.3027858389423077 0.6008374975961538 0.3027858389423077 0.6008374975961538 0.3292643966346154 0.6057240432692308 0.3292643966346154 0.6057240432692308 0.3027858389423077
0 0.6036912403846154 0.32565052403846156 0.6089296153846153 0.32565052403846156 0.6089296153846153 0.30000593990384616 0.6036912403846154 0.30000593990384616 0.6036912403846154 0.32565052403846156
0 0.6445345264423078 0.2694489879807692 0.6392204086538461 0.2694489879807692 0.6392204086538461 0.2881264495192308 0.6445345264423078 0.2881264495192308 0.6445345264423078 0.2694489879807692
0 0.575585954326923 0.3092522692307692 0.5696610192307692 0.3092522692307692 0.5696610192307692 0.32749537019230773 0.575585954326923 0.32749537019230773 0.575585954326923 0.3092522692307692
1 0.5483014735576923 0.33347460096153847 0.543781420673077 0.33347460096153847 0.543781420673077 0.3430305096153846 0.5483014735576923 0.3430305096153846 0.5483014735576923 0.33347460096153847
1 0.5408494927884615 0.3284794663461538 0.5346802307692308 0.3284794663461538 0.5346802307692308 0.3424875600961539 0.5408494927884615 0.3424875600961539 0.5408494927884615 0.3284794663461538
0 0.5625755769230769 0.29215954326923077 0.5556366826923077 0.29215954326923077 0.5556366826923077 0.3184817307692308 0.5625755769230769 0.3184817307692308 0.5625755769230769 0.29215954326923077
0 0.5873434110576923 0.27919961298076923 0.5817532019230769 0.27919961298076923 0.5817532019230769 0.2961570096153846 0.5873434110576923 0.2961570096153846 0.5873434110576923 0.27919961298076923
1 0.5100602259615384 0.32983982692307695 0.5019974278846153 0.32983982692307695 0.5019974278846153 0.34139378846153845 0.5100602259615384 0.34139378846153845 0.5100602259615384 0.32983982692307695
1 0.4976484014423077 0.3242800240384615 0.4914424903846154 0.3242800240384615 0.4914424903846154 0.3397432235576923 0.4976484014423077 0.3397432235576923 0.4976484014423077 0.3242800240384615
1 0.49100270192307693 0.32488812740384615 0.48406380769230767 0.32488812740384615 0.48406380769230767 0.34469492067307694 0.49100270192307693 0.34469492067307694 0.49100270192307693 0.32488812740384615
1 0.4706113028846154 0.3558878221153846 0.4654804326923077 0.3558878221153846 0.4654804326923077 0.3663993245192308 0.4706113028846154 0.3663993245192308 0.4706113028846154 0.3558878221153846
1 0.48043325721153846 0.3538028966346154 0.4721749975961539 0.3538028966346154 0.4721749975961539 0.36353255048076927 0.48043325721153846 0.36353255048076927 0.48043325721153846 0.3538028966346154
1 0.4788695649038462 0.3432045240384615 0.4698783221153846 0.3432045240384615 0.4698783221153846 0.3530210504807692 0.4788695649038462 0.3530210504807692 0.4788695649038462 0.3432045240384615
1 0.4839515697115385 0.3401640072115385 0.4790161610576923 0.3401640072115385 0.4790161610576923 0.34694001682692305 0.4839515697115385 0.34694001682692305 0.4839515697115385 0.3401640072115385
0 0.5235606057692308 0.2948774903846154 0.5158887307692308 0.2948774903846154 0.5158887307692308 0.3087769951923077 0.5235606057692308 0.3087769951923077 0.5235606057692308 0.2948774903846154
0 0.533138233173077 0.28966517548076925 0.5249288389423077 0.28966517548076925 0.5249288389423077 0.3082557620192308 0.533138233173077 0.3082557620192308 0.533138233173077 0.28966517548076925
0 0.5226965841346154 0.27124935096153846 0.5162829951923077 0.27124935096153846 0.5162829951923077 0.2837371850961538 0.5226965841346154 0.2837371850961538 0.5226965841346154 0.27124935096153846
0 0.4948824110576923 0.28640103125 0.48901855769230773 0.28640103125 0.48901855769230773 0.2976943798076923 0.4948824110576923 0.2976943798076923 0.4948824110576923 0.28640103125
0 0.4859033846153846 0.28661821153846156 0.4805281850961538 0.28661821153846156 0.4805281850961538 0.29780296875 0.4859033846153846 0.29780296875 0.4859033846153846 0.28661821153846156
0 0.4728624182692308 0.27189138701923077 0.4675849495192308 0.27189138701923077 0.4675849495192308 0.28535653365384617 0.4728624182692308 0.28535653365384617 0.4728624182692308 0.27189138701923077
0 0.4621992524038462 0.31197734134615385 0.4565308605769231 0.31197734134615385 0.4565308605769231 0.3279617716346154 0.4621992524038462 0.3279617716346154 0.4621992524038462 0.31197734134615385
0 0.4552145480769231 0.28537791105769234 0.44969275240384615 0.28537791105769234 0.44969275240384615 0.30275229326923075 0.4552145480769231 0.30275229326923075 0.4552145480769231 0.28537791105769234
0 0.4365298149038462 0.3025106802884615 0.4304705 0.3025106802884615 0.4304705 0.3310046658653846 0.4365298149038462 0.3310046658653846 0.4365298149038462 0.3025106802884615
0 0.4235346610576923 0.3106956418269231 0.41938109615384617 0.3106956418269231 0.41938109615384617 0.3292645120192308 0.4235346610576923 0.3292645120192308 0.4235346610576923 0.3106956418269231
0 0.42414547836538463 0.3190570625 0.42799363221153847 0.3190570625 0.42799363221153847 0.2978820360576923 0.42414547836538463 0.2978820360576923 0.42414547836538463 0.3190570625
0 0.4251838677884615 0.3000538341346154 0.4207859783653846 0.3000538341346154 0.4207859783653846 0.317319625 0.4251838677884615 0.317319625 0.4251838677884615 0.3000538341346154
1 0.4108544591346154 0.3732896490384615 0.39879080048076926 0.3732896490384615 0.39879080048076926 0.3975866346153846 0.4108544591346154 0.3975866346153846 0.4108544591346154 0.3732896490384615
1 0.3997833798076923 0.3869991201923077 0.39306438221153844 0.3869991201923077 0.39306438221153844 0.3975866346153846 0.3997833798076923 0.3975866346153846 0.3997833798076923 0.3869991201923077
1 0.36252079326923076 0.3628018173076923 0.35555364903846154 0.3628018173076923 0.35555364903846154 0.38214438942307694 0.36252079326923076 0.38214438942307694 0.36252079326923076 0.3628018173076923
1 0.35641261298076926 0.37824193990384614 0.348395625 0.37824193990384614 0.348395625 0.3909673173076923 0.35641261298076926 0.3909673173076923 0.35641261298076926 0.37824193990384614
0 0.3873651033653846 0.30442415384615384 0.38087516105769226 0.30442415384615384 0.38087516105769226 0.3198642764423077 0.3873651033653846 0.3198642764423077 0.3873651033653846 0.30442415384615384
1 0.35422887980769235 0.3445774879807692 0.36058138701923076 0.3445774879807692 0.36058138701923076 0.31829873557692306 0.35422887980769235 0.31829873557692306 0.35422887980769235 0.3445774879807692
0 0.35569484134615387 0.31384655048076926 0.35148019711538464 0.31384655048076926 0.35148019711538464 0.33751914423076923 0.35569484134615387 0.33751914423076923 0.35569484134615387 0.31384655048076926
1 0.3407908822115384 0.3187127355769231 0.3318729375 0.3187127355769231 0.3318729375 0.3458602067307692 0.3407908822115384 0.3458602067307692 0.3407908822115384 0.3187127355769231
1 0.3279637019230769 0.32609684615384615 0.3246652836538461 0.32609684615384615 0.3246652836538461 0.3412994302884615 0.3279637019230769 0.3412994302884615 0.3279637019230769 0.32609684615384615
1 0.33113995673076924 0.3206673533653846 0.3270474735576923 0.3206673533653846 0.3270474735576923 0.34043071153846155 0.33113995673076924 0.34043071153846155 0.33113995673076924 0.3206673533653846
0 0.3516232980769231 0.2787043629807692 0.3439880721153846 0.2787043629807692 0.3439880721153846 0.3005920120192308 0.3516232980769231 0.3005920120192308 0.3516232980769231 0.2787043629807692
0 0.36107188942307694 0.2858305745192308 0.3549637091346154 0.2858305745192308 0.3549637091346154 0.30771822115384617 0.36107188942307694 0.30771822115384617 0.36107188942307694 0.2858305745192308
0 0.3668925576923077 0.26852660817307694 0.36334981250000004 0.26852660817307694 0.36334981250000004 0.2762364879807692 0.3668925576923077 0.2762364879807692 0.3668925576923077 0.26852660817307694
0 0.3594405769230769 0.26776647836538464 0.3553480961538461 0.26776647836538464 0.3553480961538461 0.2733045625 0.3594405769230769 0.2733045625 0.3594405769230769 0.26776647836538464
0 0.36310548557692307 0.26678916826923077 0.3599292307692308 0.26678916826923077 0.3599292307692308 0.2728702019230769 0.36310548557692307 0.2728702019230769 0.36310548557692307 0.26678916826923077
0 0.37095526201923074 0.2828170360576923 0.36450502163461534 0.2828170360576923 0.36450502163461534 0.3019288557692308 0.37095526201923074 0.3019288557692308 0.37095526201923074 0.2828170360576923
1 0.27448767548076924 0.3748558677884616 0.2679977355769231 0.3748558677884616 0.2679977355769231 0.3852058389423077 0.27448767548076924 0.3852058389423077 0.27448767548076924 0.3748558677884616
1 0.2679977355769231 0.36111245913461537 0.25692665625 0.36111245913461537 0.25692665625 0.3852058389423077 0.2679977355769231 0.3852058389423077 0.2679977355769231 0.36111245913461537
1 0.2909034134615385 0.3585673846153846 0.2791642524038461 0.3585673846153846 0.2791642524038461 0.3758738966346154 0.2909034134615385 0.3758738966346154 0.2909034134615385 0.3585673846153846
1 0.26747400480769234 0.3477083966346154 0.27617816346153845 0.3477083966346154 0.27617816346153845 0.3179819158653846 0.26747400480769234 0.3179819158653846 0.26747400480769234 0.3477083966346154
1 0.2696118701923077 0.3318271274038462 0.2644199158653846 0.3318271274038462 0.2644199158653846 0.3505588798076923 0.2696118701923077 0.3505588798076923 0.2696118701923077 0.3318271274038462
0 0.3146090600961538 0.2830979471153846 0.3083787139423077 0.2830979471153846 0.3083787139423077 0.30796503124999997 0.3146090600961538 0.30796503124999997 0.3146090600961538 0.2830979471153846
0 0.3067295048076923 0.32056145673076925 0.3147923052884615 0.32056145673076925 0.3147923052884615 0.28928757211538464 0.3067295048076923 0.28928757211538464 0.3067295048076923 0.32056145673076925
0 0.3046527235576923 0.2975404014423077 0.29848346153846156 0.2975404014423077 0.29848346153846156 0.3157835024038462 0.3046527235576923 0.3157835024038462 0.3046527235576923 0.2975404014423077
0 0.30624085096153847 0.29395693509615384 0.3014764711538462 0.29395693509615384 0.3014764711538462 0.3111141370192308 0.30624085096153847 0.3111141370192308 0.30624085096153847 0.29395693509615384
0 0.29933860817307695 0.2893961610576923 0.29439098076923076 0.2893961610576923 0.29439098076923076 0.3124172163461539 0.29933860817307695 0.3124172163461539 0.29933860817307695 0.2893961610576923
0 0.29145905528846155 0.32240748557692306 0.2988499519230769 0.32240748557692306 0.2988499519230769 0.30188399759615386 0.29145905528846155 0.30188399759615386 0.29145905528846155 0.32240748557692306
0 0.28526783894230767 0.30273065865384613 0.28145022596153846 0.30273065865384613 0.28145022596153846 0.3163043942307692 0.28526783894230767 0.3163043942307692 0.28526783894230767 0.30273065865384613
0 0.29039775721153843 0.30145812019230767 0.2863415432692308 0.30145812019230767 0.2863415432692308 0.3180011105769231 0.29039775721153843 0.3180011105769231 0.29039775721153843 0.30145812019230767
0 0.2831204326923077 0.2774919951923077 0.2772747139423077 0.2774919951923077 0.2772747139423077 0.30485155528846153 0.2831204326923077 0.30485155528846153 0.2831204326923077 0.2774919951923077
0 0.27536590625 0.29148991105769234 0.2672534783653846 0.29148991105769234 0.2672534783653846 0.3088812572115385 0.27536590625 0.3088812572115385 0.27536590625 0.29148991105769234
0 0.27536590625 0.2736743822115385 0.26856578365384615 0.2736743822115385 0.26856578365384615 0.29148991105769234 0.27536590625 0.29148991105769234 0.27536590625 0.2736743822115385
0 0.2730753389423077 0.24800305528846153 0.2691813725961538 0.24800305528846153 0.2691813725961538 0.27053545673076923 0.2730753389423077 0.27053545673076923 0.2730753389423077 0.24800305528846153
0 0.2523075240384615 0.2490465360576923 0.2469628653846154 0.2490465360576923 0.2469628653846154 0.2729363100961538 0.2523075240384615 0.2729363100961538 0.2523075240384615 0.2490465360576923
0 0.2155865625 0.25785090625 0.20938293990384615 0.25785090625 0.20938293990384615 0.28177461538461535 0.2155865625 0.28177461538461535 0.2155865625 0.25785090625
1 0.184518125 0.3297274134615385 0.184518125 0.32837004086538457 0.17554673557692307 0.32837004086538457 0.17554673557692307 0.34923965625 0.184518125 0.34923965625 0.184518125 0.3297274134615385
1 0.20351075 0.30868812500000004 0.19568464423076926 0.30868812500000004 0.19568464423076926 0.3446585216346154 0.20351075 0.3446585216346154 0.20351075 0.30868812500000004
0 0.08904424759615384 0.22938980769230768 0.08198166346153846 0.22938980769230768 0.08198166346153846 0.25551924759615385 0.08904424759615384 0.25551924759615385 0.08904424759615384 0.22938980769230768
0 0.13036990865384615 0.25144712740384617 0.12321188461538461 0.25144712740384617 0.12321188461538461 0.27469214903846156 0.13036990865384615 0.27469214903846156 0.13036990865384615 0.25144712740384617
0 0.17245909134615384 0.26841429567307695 0.16205609615384614 0.26841429567307695 0.16205609615384614 0.3021789615384615 0.17245909134615384 0.3021789615384615 0.17245909134615384 0.26841429567307695
0 0.14726284615384616 0.21225296634615384 0.13953218028846154 0.21225296634615384 0.13953218028846154 0.23006849278846156 0.14726284615384616 0.23006849278846156 0.14726284615384616 0.21225296634615384
1 0.20281848076923079 0.22594356249999997 0.1962216442307692 0.22594356249999997 0.1962216442307692 0.24016883653846152 0.20281848076923079 0.24016883653846152 0.20281848076923079 0.22594356249999997
1 0 0.059624473557692306 0.10614152163461539 0.059624473557692306 0.10614152163461539 0.002829168269230769 0 0.002829168269230769 0 0.059624473557692306
0 0.2516262980769231 0.2725886658653846 0.2552102163461539 0.2725886658653846 0.2552102163461539 0.24755812740384617 0.2516262980769231 0.24755812740384617 0.2516262980769231 0.2725886658653846
0 0.2860217548076923 0.3134337644230769 0.28284988461538463 0.3134337644230769 0.28284988461538463 0.32177557692307696 0.2860217548076923 0.32177557692307696 0.2860217548076923 0.3134337644230769
1 0.25989297596153843 0.5282660096153846 0.3113917980769231 0.5282660096153846 0.3113917980769231 0.48893357692307693 0.25989297596153843 0.48893357692307693 0.25989297596153843 0.5282660096153846
1 0.32069544711538456 0.3923410769230769 0.33369994951923077 0.3923410769230769 0.33369994951923077 0.37805091346153846 0.32069544711538456 0.37805091346153846 0.32069544711538456 0.3923410769230769
1 0.4949428725961538 0.3548955985576923 0.4994227692307692 0.3548955985576923 0.4994227692307692 0.3445136153846154 0.4949428725961538 0.3445136153846154 0.4949428725961538 0.3548955985576923
1 0.5356162139423077 0.35426989182692303 0.5400725600961539 0.35426989182692303 0.5400725600961539 0.33912414182692313 0.5356162139423077 0.33912414182692313 0.5356162139423077 0.35426989182692303
0 0.5184997091346154 0.33732717788461536 0.5232100024038462 0.33732717788461536 0.5232100024038462 0.30769101923076925 0.5184997091346154 0.30769101923076925 0.5184997091346154 0.33732717788461536
0 0.5266505625 0.3346329807692308 0.5300501658653846 0.3346329807692308 0.5300501658653846 0.31926878124999997 0.5266505625 0.31926878124999997 0.5266505625 0.3346329807692308
0 0.5652251370192307 0.3382479014423077 0.5706645 0.3382479014423077 0.5706645 0.32560702403846153 0.5652251370192307 0.32560702403846153 0.5652251370192307 0.3382479014423077
1 0.6203515865384616 0.36723582451923076 0.6154236995192307 0.36723582451923076 0.6154236995192307 0.37315213461538466 0.6203515865384616 0.37315213461538466 0.6203515865384616 0.36723582451923076
1 0.6705904350961538 0.36734960096153846 0.673278375 0.36734960096153846 0.673278375 0.36245726682692303 0.6705904350961538 0.36245726682692303 0.6705904350961538 0.36734960096153846
1 0.9334769807692307 0.39104915384615385 0.9283570985576923 0.39104915384615385 0.9283570985576923 0.40043560576923076 0.9334769807692307 0.40043560576923076 0.9334769807692307 0.39104915384615385
1 0.9412914807692307 0.3883401658653846 0.9362944759615384 0.3883401658653846 0.9362944759615384 0.39984511057692307 0.9412914807692307 0.39984511057692307 0.9412914807692307 0.3883401658653846
1 0.9426431298076923 0.3951247259615384 0.9426431298076923 0.3858644182692308 0.9347789903846154 0.3858644182692308 0.9347789903846154 0.39613149038461537 0.9426431298076923 0.39613149038461537 0.9426431298076923 0.3951247259615384
1 0.9948500120192307 0.30922446875000004 0.9917300841346154 0.30922446875000004 0.9917300841346154 0.32117086298076924 0.9948500120192307 0.32117086298076924 0.9948500120192307 0.30922446875000004
1 0.9542059423076924 0.32361524999999997 0.9605257980769231 0.32361524999999997 0.9605257980769231 0.30199796875 0.9542059423076924 0.30199796875 0.9542059423076924 0.32361524999999997
1 0.8689278942307692 0.33613051923076925 0.8746877620192308 0.33613051923076925 0.8746877620192308 0.3190642451923077 0.8689278942307692 0.3190642451923077 0.8689278942307692 0.33613051923076925
1 0.8703678629807693 0.32759738221153845 0.8670879374999999 0.32759738221153845 0.8670879374999999 0.33456611298076927 0.8703678629807693 0.33456611298076927 0.8703678629807693 0.32759738221153845
1 0.7888497283653847 0.3347083317307692 0.7934096225961539 0.3347083317307692 0.7934096225961539 0.31877980528846156 0.7888497283653847 0.31877980528846156 0.7888497283653847 0.3347083317307692
0 0.7129314663461539 0.31949090144230774 0.7173313653846154 0.31949090144230774 0.7173313653846154 0.29360704807692306 0.7129314663461539 0.29360704807692306 0.7129314663461539 0.31949090144230774
0 0.7220512572115385 0.32205084375 0.7268511466346154 0.32205084375 0.7268511466346154 0.30043356009615385 0.7220512572115385 0.30043356009615385 0.7220512572115385 0.32205084375
0 0.6504528942307692 0.29460258173076925 0.6550927884615384 0.29460258173076925 0.6550927884615384 0.281234 0.6504528942307692 0.281234 0.6504528942307692 0.29460258173076925
0 0.631653326923077 0.28990935576923077 0.6363732187500001 0.28990935576923077 0.6363732187500001 0.27810518028846154 0.631653326923077 0.27810518028846154 0.631653326923077 0.28990935576923077
0 0.6074938798076923 0.2736963942307692 0.6125337644230769 0.2736963942307692 0.6125337644230769 0.26047002884615383 0.6074938798076923 0.26047002884615383 0.6074938798076923 0.2736963942307692
0 0.5958141466346154 0.27398083173076926 0.6005340384615384 0.27398083173076926 0.6005340384615384 0.2543546129807692 0.5958141466346154 0.2543546129807692 0.5958141466346154 0.27398083173076926
0 0.5483752307692308 0.3237574711538462 0.5537351081730769 0.3237574711538462 0.5537351081730769 0.2985847139423077 0.5483752307692308 0.2985847139423077 0.5483752307692308 0.3237574711538462
0 0.42414547836538463 0.29892763221153845 0.42414547836538463 0.2820342932692308 0.4217487548076923 0.2820342932692308 0.4217487548076923 0.29892763221153845 0.4235837211538461 0.29892763221153845 0.42414547836538463 0.29892763221153845
0 0.4217487548076923 0.2857624783653846 0.4196188822115384 0.2857624783653846 0.4196188822115384 0.2924615600961538 0.4217487548076923 0.2924615600961538 0.4217487548076923 0.2857624783653846