0 0.7225789326923077 0.41896075721153847 0.7161545360576922 0.41896075721153847 0.7161545360576922 0.43510789903846153 0.7225789326923077 0.43510789903846153 0.7225789326923077 0.41896075721153847
0 0.7541840072115384 0.4397026153846154 0.749605701923077 0.4397026153846154 0.749605701923077 0.4570312548076923 0.7541840072115384 0.4570312548076923 0.7541840072115384 0.4397026153846154
0 0.7698412620192308 0.38110644471153843 0.7649380432692308 0.38110644471153843 0.7649380432692308 0.40001041586538466 0.7698412620192308 0.40001041586538466 0.7698412620192308 0.38110644471153843
0 0.7760441250000001 0.38509728365384616 0.7714953581730769 0.38509728365384616 0.7714953581730769 0.40326609855769235 0.7760441250000001 0.40326609855769235 0.7760441250000001 0.38509728365384616
0 0.7962183846153846 0.3721276298076923 0.7915301995192308 0.3721276298076923 0.7915301995192308 0.38725080528846156 0.7962183846153846 0.38725080528846156 0.7962183846153846 0.3721276298076923
0 0.8044632932692307 0.3332814086538462 0.8001153798076923 0.3332814086538462 0.8001153798076923 0.3489927091346154 0.8044632932692307 0.3489927091346154 0.8044632932692307 0.3332814086538462
0 0.7866430408653847 0.28165214903846153 0.7845257956730769 0.28165214903846153 0.7845257956730769 0.2940867596153846 0.7866430408653847 0.2940867596153846 0.7866430408653847 0.28165214903846153
0 0.7869833125000001 0.29435561778846153 0.789970139423077 0.29435561778846153 0.789970139423077 0.2817193629807692 0.7869833125000001 0.2817193629807692 0.7869833125000001 0.29435561778846153
0 0.796996045673077 0.2851776899038462 0.794044 0.2851776899038462 0.794044 0.2982548701923077 0.796996045673077 0.2982548701923077 0.796996045673077 0.2851776899038462
0 0.796996045673077 0.2998465 0.8001900600961539 0.2998465 0.8001900600961539 0.2851776899038462 0.796996045673077 0.2851776899038462 0.796996045673077 0.2998465
0 0.7799385624999999 0.2594551442307692 0.7759944375000001 0.2594551442307692 0.7759944375000001 0.27464015865384617 0.7799385624999999 0.27464015865384617 0.7799385624999999 0.2594551442307692
0 0.7795514086538462 0.2756725673076923 0.782939 0.2756725673076923 0.782939 0.26074565625 0.7795514086538462 0.26074565625 0.7795514086538462 0.2756725673076923
0 0.7746246850961539 0.1719269206730769 0.7716000504807692 0.1719269206730769 0.7716000504807692 0.1804012764423077 0.7746246850961539 0.1804012764423077 0.7746246850961539 0.1719269206730769
0 0.7756351009615384 0.16101043990384617 0.7729129302884614 0.16101043990384617 0.7729129302884614 0.17095812980769232 0.7756351009615384 0.17095812980769232 0.7756351009615384 0.16101043990384617
0 0.7655394302884615 0.10433041826923077 0.7630592283653846 0.10433041826923077 0.7630592283653846 0.11664404326923077 0.7655394302884615 0.11664404326923077 0.7655394302884615 0.10433041826923077
0 0.7663560817307692 0.11771946875 0.7695319471153846 0.11771946875 0.7695319471153846 0.10594355528846154 0.7663560817307692 0.10594355528846154 0.7663560817307692 0.11771946875
0 0.7572516225961539 0.09562943990384615 0.754888625 0.09562943990384615 0.754888625 0.10529146875 0.7572516225961539 0.10529146875 0.7572516225961539 0.09562943990384615
0 0.7572516225961539 0.10587959374999999 0.7588584591346154 0.10587959374999999 0.7588584591346154 0.09882211057692307 0.7572516225961539 0.09882211057692307 0.7572516225961539 0.10587959374999999
0 0.7697552043269231 0.07178358413461539 0.7679026153846155 0.07178358413461539 0.7679026153846155 0.07830335336538462 0.7697552043269231 0.07830335336538462 0.7697552043269231 0.07178358413461539
0 0.7669196105769231 0.06795237980769231 0.7642352451923077 0.06795237980769231 0.7642352451923077 0.07682464423076923 0.7669196105769231 0.07682464423076923 0.7669196105769231 0.06795237980769231
0 0.7740296586538461 0.06376738701923076 0.7724266009615385 0.06376738701923076 0.7724266009615385 0.07086519711538461 0.7740296586538461 0.07086519711538461 0.7740296586538461 0.06376738701923076
0 0.7742111370192308 0.07102651201923077 0.7760864110576923 0.07102651201923077 0.7760864110576923 0.06344475961538462 0.7742111370192308 0.06344475961538462 0.7742111370192308 0.07102651201923077
0 0.7760864110576923 0.07096341105769231 0.7780452427884617 0.07096341105769231 0.7780452427884617 0.06344475961538462 0.7760864110576923 0.06344475961538462 0.7760864110576923 0.07096341105769231
0 0.7807069230769231 0.05719796153846154 0.7785775793269232 0.05719796153846154 0.7785775793269232 0.06304827884615384 0.7807069230769231 0.06304827884615384 0.7807069230769231 0.05719796153846154
0 0.7809005 0.06283319230769231 0.7826668870192308 0.06283319230769231 0.7826668870192308 0.05616555288461538 0.7809005 0.05616555288461538 0.7809005 0.06283319230769231
0 0.78302984375 0.06322034615384615 0.784723639423077 0.06322034615384615 0.784723639423077 0.057154944711538466 0.78302984375 0.057154944711538466 0.78302984375 0.06322034615384615
0 0.7763138173076923 0.057044134615384615 0.7736378942307692 0.057044134615384615 0.7736378942307692 0.06344475961538462 0.7763138173076923 0.06344475961538462 0.7763138173076923 0.057044134615384615
0 0.7892170024038462 0.05139197836538461 0.786757514423077 0.05139197836538461 0.786757514423077 0.05955383173076923 0.7892170024038462 0.05955383173076923 0.7892170024038462 0.05139197836538461