1 0.5193620048076923 0.5426825240384615 0.5193620048076923 0.537269423076923 0.5165372860576923 0.537269423076923 0.5165372860576923 0.5471446850961539 0.5193620048076923 0.5471446850961539 0.5193620048076923 0.5426825240384615
1 0.4578964879807692 0.5404369783653846 0.45559972115384617 0.5404369783653846 0.45559972115384617 0.5488011682692308 0.4578964879807692 0.5488011682692308 0.4578964879807692 0.5404369783653846
0 0.21478732451923077 0.5055920649038461 0.2121299110576923 0.5055920649038461 0.2121299110576923 0.5176509158653846 0.21478732451923077 0.5176509158653846 0.21478732451923077 0.5055920649038461
0 0.3365388870192308 0.5245084399038462 0.3338194543269231 0.5245084399038462 0.3338194543269231 0.5339695697115384 0.3365388870192308 0.5339695697115384 0.3365388870192308 0.5245084399038462
1 0.4919211394230769 0.5424356538461539 0.4896985048076923 0.5424356538461539 0.4896985048076923 0.5516090120192307 0.4919211394230769 0.5516090120192307 0.4919211394230769 0.5424356538461539
1 0.4687638918269231 0.5476023341346153 0.4663551658653846 0.5476023341346153 0.4663551658653846 0.5536025432692308 0.4687638918269231 0.5536025432692308 0.4687638918269231 0.5476023341346153
1 0.4889191634615385 0.5448964447115384 0.4865638413461539 0.5448964447115384 0.4865638413461539 0.5560066514423077 0.4889191634615385 0.5560066514423077 0.4889191634615385 0.5448964447115384
0 0.37811940625 0.5271920096153846 0.3761238100961538 0.5271920096153846 0.3761238100961538 0.5365604543269231 0.37811940625 0.5365604543269231 0.37811940625 0.5271920096153846
1 0.4053801225961538 0.5347063413461538 0.40292574519230767 0.5347063413461538 0.40292574519230767 0.5432468557692307 0.4053801225961538 0.5432468557692307 0.4053801225961538 0.5347063413461538
0 0.35530478125000003 0.5297795048076923 0.3531554543269231 0.5297795048076923 0.3531554543269231 0.538912625 0.35530478125000003 0.538912625 0.35530478125000003 0.5297795048076923
0 0.2333876298076923 0.5159136274038462 0.2333876298076923 0.5142865769230769 0.23091478365384616 0.5142865769230769 0.23091478365384616 0.5244630600961538 0.2333876298076923 0.5244630600961538 0.2333876298076923 0.5159136274038462
0 0.35490172596153846 0.518039391826923 0.35283327163461536 0.518039391826923 0.35283327163461536 0.5275152139423077 0.35490172596153846 0.5275152139423077 0.35490172596153846 0.518039391826923
1 0.44613548798076924 0.5474604807692308 0.44613548798076924 0.5428541971153846 0.44402939423076926 0.5428541971153846 0.44402939423076926 0.54960525 0.44613548798076924 0.54960525 0.44613548798076924 0.5474604807692308
1 0.4609937043269231 0.545631125 0.45913480048076927 0.545631125 0.45913480048076927 0.5521989615384615 0.4609937043269231 0.5521989615384615 0.4609937043269231 0.545631125
0 0.5179396947115384 0.5215970072115385 0.5149461754807693 0.5215970072115385 0.5149461754807693 0.5309367427884616 0.5179396947115384 0.5309367427884616 0.5179396947115384 0.5215970072115385
0 0.3761317259615385 0.5251278341346154 0.37394170673076926 0.5251278341346154 0.37394170673076926 0.534534483173077 0.3761317259615385 0.534534483173077 0.3761317259615385 0.5251278341346154
0 0.40417143509615383 0.51589525 0.40155258173076924 0.51589525 0.40155258173076924 0.5293284110576922 0.40417143509615383 0.5293284110576922 0.40417143509615383 0.51589525
0 0.40905424759615383 0.5241131802884615 0.4084997235576923 0.5241131802884615 0.40701821634615387 0.5241131802884615 0.40701821634615387 0.5335653798076924 0.40905424759615383 0.5335653798076924 0.40905424759615383 0.5241131802884615
0 0.5123647692307692 0.5203872115384616 0.509452375 0.5203872115384616 0.509452375 0.5295346850961539 0.5123647692307692 0.5295346850961539 0.5123647692307692 0.5203872115384616
1 0.41445541346153847 0.5222556225961539 0.41381384134615384 0.5222556225961539 0.4125562019230769 0.5222556225961539 0.4125562019230769 0.5339230576923076 0.41445541346153847 0.5339230576923076 0.41445541346153847 0.5222556225961539
0 0.46344896874999997 0.5234672259615384 0.4604794182692308 0.5234672259615384 0.4604794182692308 0.5398035120192307 0.46344896874999997 0.5398035120192307 0.46344896874999997 0.5234672259615384
0 0.3130484903846154 0.513174891826923 0.31098187740384614 0.513174891826923 0.31098187740384614 0.5216415961538462 0.3130484903846154 0.5216415961538462 0.3130484903846154 0.513174891826923
0 0.38983917307692306 0.5200321899038461 0.38701585096153845 0.5200321899038461 0.38701585096153845 0.5310705120192307 0.38983917307692306 0.5310705120192307 0.38983917307692306 0.5200321899038461
0 0.4762373293269231 0.525105625 0.47389370673076925 0.525105625 0.47389370673076925 0.5325347331730769 0.4762373293269231 0.5325347331730769 0.4762373293269231 0.525105625
0 0.4653621995192308 0.5203932019230769 0.4630514471153846 0.5203932019230769 0.4630514471153846 0.5328041370192308 0.4653621995192308 0.5328041370192308 0.4653621995192308 0.5203932019230769
0 0.34143403365384617 0.5193951081730769 0.3392774591346154 0.5193951081730769 0.3392774591346154 0.5302476105769232 0.34143403365384617 0.5302476105769232 0.34143403365384617 0.5193951081730769
0 0.4535227139423077 0.5291514086538461 0.45140364903846153 0.5291514086538461 0.45140364903846153 0.5399939639423077 0.4535227139423077 0.5399939639423077 0.4535227139423077 0.5291514086538461
0 0.3943320264423077 0.5133500841346155 0.3926362668269231 0.5133500841346155 0.3926362668269231 0.5199296730769231 0.3943320264423077 0.5199296730769231 0.3943320264423077 0.5133500841346155
1 0.34447784375 0.5442250576923077 0.34447784375 0.5357654711538461 0.3422278076923077 0.5357654711538461 0.3422278076923077 0.5373772307692307 0.3422278076923077 0.5442250576923077 0.34447784375 0.5442250576923077
0 0.44256044951923074 0.5219758221153846 0.44055436538461534 0.5219758221153846 0.44055436538461534 0.5342933942307693 0.44256044951923074 0.5342933942307693 0.44256044951923074 0.5219758221153846
0 0.3301723798076923 0.5261988894230769 0.3276414543269231 0.5261988894230769 0.3276414543269231 0.5350253629807692 0.3301723798076923 0.5350253629807692 0.3301723798076923 0.5261988894230769
0 0.44654381971153845 0.5207491850961539 0.44423554807692306 0.5207491850961539 0.44423554807692306 0.5331103846153846 0.44654381971153845 0.5331103846153846 0.44654381971153845 0.5207491850961539
0 0.3914839735576923 0.5199131730769231 0.38874457692307696 0.5199131730769231 0.38874457692307696 0.5371579759615385 0.3914839735576923 0.5371579759615385 0.3914839735576923 0.5199131730769231
0 0.19415365865384615 0.5011822740384615 0.1922285721153846 0.5011822740384615 0.1922285721153846 0.5065606009615384 0.19415365865384615 0.5065606009615384 0.19415365865384615 0.5011822740384615
1 0.41985553124999997 0.5267299519230769 0.4193722860576923 0.5267299519230769 0.4176699639423077 0.5267299519230769 0.4176699639423077 0.53780478125 0.41985553124999997 0.53780478125 0.41985553124999997 0.5267299519230769
0 0.4703957548076923 0.5200305528846154 0.4671984663461538 0.5200305528846154 0.4671984663461538 0.5346334399038462 0.4703957548076923 0.5346334399038462 0.4703957548076923 0.5200305528846154
1 0.33318897836538464 0.5400919783653846 0.33318897836538464 0.5371125961538461 0.33071190625 0.5371125961538461 0.33071190625 0.5467762692307692 0.33318897836538464 0.5467762692307692 0.33318897836538464 0.5400919783653846
0 0.920490201923077 0.6069977932692308 0.9163806274038462 0.6069977932692308 0.9163806274038462 0.6333198822115385 0.920490201923077 0.6333198822115385 0.920490201923077 0.6069977932692308
1 0.7302944182692308 0.6096373942307692 0.7302944182692308 0.5938663629807692 0.72751146875 0.5938663629807692 0.72751146875 0.598609360576923 0.72751146875 0.6096373942307692 0.7302944182692308 0.6096373942307692
0 0.8913833629807691 0.6075612956730769 0.8875736875 0.6075612956730769 0.8875736875 0.6273540913461539 0.8913833629807691 0.6273540913461539 0.8913833629807691 0.6075612956730769
1 0.9509807596153846 0.661861108173077 0.9468332932692308 0.661861108173077 0.9468332932692308 0.6757929471153846 0.9509807596153846 0.6757929471153846 0.9509807596153846 0.661861108173077
1 0.6138897572115385 0.5747543894230769 0.6138897572115385 0.5641358557692308 0.6114416129807693 0.5641358557692308 0.6114416129807693 0.5679226225961538 0.6114416129807693 0.5747543894230769 0.6138897572115385 0.5747543894230769
1 0.6217239375 0.5837188149038461 0.6217239375 0.5736853149038461 0.6187683100961539 0.5736853149038461 0.6187683100961539 0.5779968798076923 0.6187683100961539 0.5837188149038461 0.6217239375 0.5837188149038461
1 0.8339643485576923 0.6297470264423077 0.8339643485576923 0.620556641826923 0.8304648076923077 0.620556641826923 0.8304648076923077 0.6366633677884616 0.8339643485576923 0.6366633677884616 0.8339643485576923 0.6297470264423077
1 0.8893224086538462 0.6545044519230768 0.8851018269230769 0.6545044519230768 0.8851018269230769 0.6645915288461539 0.8893224086538462 0.6645915288461539 0.8893224086538462 0.6545044519230768
1 0.637023735576923 0.5955617836538462 0.637023735576923 0.5866553990384615 0.6340044663461538 0.5866553990384615 0.6340044663461538 0.5896618076923077 0.6340044663461538 0.5955617836538462 0.637023735576923 0.5955617836538462
1 0.6193396875 0.5676575120192308 0.6193396875 0.5634129278846154 0.6169816322115385 0.5634129278846154 0.6169816322115385 0.5747500961538461 0.6193396875 0.5747500961538461 0.6193396875 0.5676575120192308
1 0.5953828822115385 0.567209766826923 0.5929426201923077 0.567209766826923 0.5929426201923077 0.5780199975961539 0.5953828822115385 0.5780199975961539 0.5953828822115385 0.567209766826923
1 0.5924790697115385 0.5874819711538461 0.5891921995192309 0.5874819711538461 0.5891921995192309 0.5959232475961538 0.5924790697115385 0.5959232475961538 0.5924790697115385 0.5874819711538461
1 0.6542612716346153 0.5884931778846154 0.6542612716346153 0.5769124350961539 0.6517100024038461 0.5769124350961539 0.6517100024038461 0.5851549038461539 0.6517100024038461 0.5884931778846154 0.6542612716346153 0.5884931778846154
1 0.6966616322115384 0.5602548677884616 0.6933711995192307 0.5602548677884616 0.6933711995192307 0.5738857139423077 0.6966616322115384 0.5738857139423077 0.6966616322115384 0.5602548677884616
1 0.9421330144230768 0.6900895288461538 0.9421330144230768 0.6794564134615384 0.9385728197115385 0.6794564134615384 0.9385728197115385 0.6840121418269232 0.9385728197115385 0.6900895288461538 0.9421330144230768 0.6900895288461538
1 0.5773318605769231 0.5816987211538461 0.5736295072115385 0.5816987211538461 0.5736295072115385 0.5923942283653847 0.5773318605769231 0.5923942283653847 0.5773318605769231 0.5816987211538461
0 0.9139377596153846 0.5710844807692308 0.909377670673077 0.5710844807692308 0.909377670673077 0.5821250625000001 0.9139377596153846 0.5821250625000001 0.9139377596153846 0.5710844807692308
0 0.9162342716346153 0.6065681177884615 0.9115344375000001 0.6065681177884615 0.9115344375000001 0.6330227884615385 0.9162342716346153 0.6330227884615385 0.9162342716346153 0.6065681177884615
1 0.6798261634615385 0.565029298076923 0.6798261634615385 0.56210965625 0.6768562307692307 0.56210965625 0.6768562307692307 0.5769233413461539 0.6798261634615385 0.5769233413461539 0.6798261634615385 0.565029298076923
1 0.6952377307692307 0.6286415817307692 0.6952377307692307 0.6232604975961539 0.6922051754807692 0.6232604975961539 0.6922051754807692 0.6321562596153847 0.6952377307692307 0.6321562596153847 0.6952377307692307 0.6286415817307692
1 0.7423702235576923 0.5920823846153846 0.7423702235576923 0.5830650048076923 0.7379889182692309 0.5830650048076923 0.7379889182692309 0.5887712211538462 0.7379889182692309 0.5920823846153846 0.7423702235576923 0.5920823846153846
0 0.8527549110576923 0.5747037548076923 0.8500291826923078 0.5747037548076923 0.8500291826923078 0.5822132259615385 0.8527549110576923 0.5822132259615385 0.8527549110576923 0.5747037548076923
1 0.9186742788461538 0.6807448221153846 0.914630826923077 0.6807448221153846 0.914630826923077 0.6970456153846154 0.9186742788461538 0.6970456153846154 0.9186742788461538 0.6807448221153846
0 0.8935784014423077 0.5919746682692307 0.8894179014423076 0.5919746682692307 0.8894179014423076 0.6022134278846154 0.8935784014423077 0.6022134278846154 0.8935784014423077 0.5919746682692307
0 0.8908877067307692 0.5618523485576923 0.8876220697115385 0.5618523485576923 0.8876220697115385 0.5717435480769231 0.8908877067307692 0.5717435480769231 0.8908877067307692 0.5618523485576923
0 0.5723965961538462 0.5375276346153846 0.5693396875000001 0.5375276346153846 0.5693396875000001 0.5514975649038462 0.5723965961538462 0.5514975649038462 0.5723965961538462 0.5375276346153846
1 0.7336263028846154 0.6133392908653846 0.7336263028846154 0.5979157067307692 0.7309318533653847 0.5979157067307692 0.7309318533653847 0.6043051274038461 0.7309318533653847 0.6133392908653846 0.7336263028846154 0.6133392908653846
0 0.5407557163461538 0.5334218341346154 0.5384349182692307 0.5334218341346154 0.5384349182692307 0.5465458629807692 0.5407557163461538 0.5465458629807692 0.5407557163461538 0.5334218341346154
1 0.9343583437499999 0.684304639423077 0.9310471850961538 0.684304639423077 0.9310471850961538 0.6938693004807692 0.9343583437499999 0.6938693004807692 0.9343583437499999 0.684304639423077
0 0.8880906418269231 0.5775580504807692 0.8855838774038461 0.5775580504807692 0.8855838774038461 0.5883428509615385 0.8880906418269231 0.5883428509615385 0.8880906418269231 0.5775580504807692
1 0.6412853245192308 0.5957593846153846 0.6412853245192308 0.5911987860576923 0.6381047572115384 0.5911987860576923 0.6381047572115384 0.6017398966346155 0.6412853245192308 0.6017398966346155 0.6412853245192308 0.5957593846153846
0 0.7200207379807692 0.548283951923077 0.7176565817307693 0.548283951923077 0.7176565817307693 0.5623031610576923 0.7200207379807692 0.5623031610576923 0.7200207379807692 0.548283951923077
1 0.6003503798076923 0.5887150528846153 0.5964074447115385 0.5887150528846153 0.5964074447115385 0.5969019014423077 0.6003503798076923 0.5969019014423077 0.6003503798076923 0.5887150528846153
0 0.8482842764423076 0.5672798990384615 0.8451526634615385 0.5672798990384615 0.8451526634615385 0.5759332163461539 0.8482842764423076 0.5759332163461539 0.8482842764423076 0.5672798990384615
0 0.8593414302884615 0.5644118124999999 0.8564844759615385 0.5644118124999999 0.8564844759615385 0.5709720745192308 0.8593414302884615 0.5709720745192308 0.8593414302884615 0.5644118124999999
0 0.9065771730769231 0.5700886490384616 0.9030855168269232 0.5700886490384616 0.9030855168269232 0.5783571033653846 0.9065771730769231 0.5783571033653846 0.9065771730769231 0.5700886490384616
0 0.9016557692307692 0.6168263749999999 0.898197048076923 0.6168263749999999 0.898197048076923 0.6287463149038461 0.9016557692307692 0.6287463149038461 0.9016557692307692 0.6168263749999999
1 0.8803391778846154 0.6732894903846154 0.8803391778846154 0.6601977884615385 0.8767203004807692 0.6601977884615385 0.8767203004807692 0.6641287403846154 0.8767203004807692 0.6732894903846154 0.8803391778846154 0.6732894903846154
0 0.8235864639423076 0.5692098557692308 0.8199600216346153 0.5692098557692308 0.8199600216346153 0.5792930889423077 0.8235864639423076 0.5792930889423077 0.8235864639423076 0.5692098557692308
0 0.8793408701923078 0.5720631923076923 0.8757598870192307 0.5720631923076923 0.8757598870192307 0.59179009375 0.8793408701923078 0.59179009375 0.8793408701923078 0.5720631923076923
1 0.7179247548076924 0.6207820745192307 0.7150400793269232 0.6207820745192307 0.7150400793269232 0.6310654807692307 0.7179247548076924 0.6310654807692307 0.7179247548076924 0.6207820745192307
0 0.8302592596153846 0.5696288509615385 0.8264934543269231 0.5696288509615385 0.8264934543269231 0.5785958197115385 0.8302592596153846 0.5785958197115385 0.8302592596153846 0.5696288509615385
1 0.7031252548076924 0.631302670673077 0.7031252548076924 0.619580983173077 0.7001000096153847 0.619580983173077 0.7001000096153847 0.6234636129807692 0.7001000096153847 0.631302670673077 0.7031252548076924 0.631302670673077
0 0.8873725264423077 0.5609392524038461 0.8846018485576923 0.5609392524038461 0.8846018485576923 0.5717547932692308 0.8873725264423077 0.5717547932692308 0.8873725264423077 0.5609392524038461
0 0.5688386274038462 0.5384801225961539 0.5660271322115384 0.5384801225961539 0.5660271322115384 0.5513014615384615 0.5688386274038462 0.5513014615384615 0.5688386274038462 0.5384801225961539
0 0.8367421466346154 0.5520051730769231 0.83320865625 0.5520051730769231 0.83320865625 0.5603305961538462 0.8367421466346154 0.5603305961538462 0.8367421466346154 0.5520051730769231
0 0.93621571875 0.48390875961538465 0.933682125 0.48390875961538465 0.933682125 0.4886422620192308 0.93621571875 0.4886422620192308 0.93621571875 0.48390875961538465
1 0.5833571754807692 0.5936157211538462 0.5833571754807692 0.5860253221153846 0.5807073605769231 0.5860253221153846 0.5807073605769231 0.5880711370192307 0.5807073605769231 0.5936157211538462 0.5833571754807692 0.5936157211538462
0 0.82202059375 0.5390260480769231 0.8190321610576923 0.5390260480769231 0.8190321610576923 0.5498273509615385 0.82202059375 0.5498273509615385 0.82202059375 0.5390260480769231
0 0.7158522283653846 0.5495335336538462 0.7126571658653845 0.5495335336538462 0.7126571658653845 0.561622110576923 0.7158522283653846 0.561622110576923 0.7158522283653846 0.5495335336538462
1 0.7202743533653847 0.6024766706730769 0.7158641826923078 0.6024766706730769 0.7158641826923078 0.6134970192307693 0.7202743533653847 0.6134970192307693 0.7202743533653847 0.6024766706730769
0 0.5377167379807692 0.532567625 0.5352837235576924 0.532567625 0.5352837235576924 0.54426128125 0.5377167379807692 0.54426128125 0.5377167379807692 0.532567625
0 0.9347735096153845 0.5039933942307692 0.9330548605769231 0.5039933942307692 0.9330548605769231 0.5112207475961539 0.9347735096153845 0.5112207475961539 0.9347735096153845 0.5039933942307692
1 0.5004409471153847 0.5083269471153846 0.49479166586538464 0.5083269471153846 0.49479166586538464 0.5239392884615385 0.5004409471153847 0.5239392884615385 0.5004409471153847 0.5083269471153846
1 0.8609456105769231 0.6729901081730769 0.857247298076923 0.6729901081730769 0.857247298076923 0.6789286177884615 0.8609456105769231 0.6789286177884615 0.8609456105769231 0.6729901081730769
1 0.8609370360576923 0.6986794639423077 0.857596625 0.6986794639423077 0.857596625 0.7058056730769231 0.8609370360576923 0.7058056730769231 0.8609370360576923 0.6986794639423077
1 0.8836518341346153 0.6732894903846154 0.8803391778846154 0.6732894903846154 0.8803391778846154 0.6793368918269231 0.8836518341346153 0.6793368918269231 0.8836518341346153 0.6732894903846154
1 0.8234677620192308 0.6621390745192308 0.8212010528846154 0.6621390745192308 0.8212010528846154 0.6657445961538462 0.8234677620192308 0.6657445961538462 0.8234677620192308 0.6621390745192308
1 0.821558954326923 0.6642599711538462 0.8188150456730768 0.6642599711538462 0.8188150456730768 0.6682896730769231 0.821558954326923 0.6682896730769231 0.821558954326923 0.6642599711538462
1 0.8004129567307692 0.6643792692307693 0.7963567451923077 0.6643792692307693 0.7963567451923077 0.6732870336538461 0.8004129567307692 0.6732870336538461 0.8004129567307692 0.6643792692307693
1 0.8043498701923077 0.6497450889423076 0.8001743581730769 0.6497450889423076 0.8001743581730769 0.6586528509615385 0.8043498701923077 0.6586528509615385 0.8043498701923077 0.6497450889423076
1 0.7618589375 0.6439714783653846 0.7594767451923077 0.6439714783653846 0.7594767451923077 0.6485322524038462 0.7618589375 0.6485322524038462 0.7618589375 0.6439714783653846
1 0.7526355841346154 0.6425598100961539 0.7489706754807692 0.6425598100961539 0.7489706754807692 0.6479893028846154 0.7526355841346154 0.6479893028846154 0.7526355841346154 0.6425598100961539
1 0.612380360576923 0.6228463990384616 0.6098750528846154 0.6228463990384616 0.6098750528846154 0.6283607283653846 0.612380360576923 0.6283607283653846 0.612380360576923 0.6228463990384616
1 0.5973485096153847 0.6228463990384616 0.5940080985576923 0.6228463990384616 0.5940080985576923 0.6279365480769231 0.5973485096153847 0.6279365480769231 0.5973485096153847 0.6228463990384616
1 0.6278894134615385 0.6082122163461539 0.6255034062499999 0.6082122163461539 0.6255034062499999 0.6156353509615384 0.6278894134615385 0.6156353509615384 0.6278894134615385 0.6082122163461539
1 0.6219243942307693 0.60481878125 0.6190611826923077 0.60481878125 0.6190611826923077 0.6105452019230769 0.6219243942307693 0.6105452019230769 0.6219243942307693 0.60481878125
1 0.6237138990384616 0.5978198245192308 0.6206120889423077 0.5978198245192308 0.6206120889423077 0.6029099759615385 0.6237138990384616 0.6029099759615385 0.6237138990384616 0.5978198245192308
1 0.6768562307692307 0.5604447668269231 0.6745815432692308 0.5604447668269231 0.6745815432692308 0.573692733173077 0.6768562307692307 0.573692733173077 0.6768562307692307 0.5604447668269231
1 0.5455754110576924 0.6132056105769231 0.5429030817307692 0.6132056105769231 0.5429030817307692 0.6165990432692308 0.5455754110576924 0.6165990432692308 0.5455754110576924 0.6132056105769231
1 0.5513781826923077 0.5970528653846153 0.5473315120192308 0.5970528653846153 0.5473315120192308 0.6018036730769231 0.5513781826923077 0.6018036730769231 0.5513781826923077 0.5970528653846153
1 0.5571046009615385 0.5962384423076923 0.5531342836538461 0.5962384423076923 0.5531342836538461 0.6018036730769231 0.5571046009615385 0.6018036730769231 0.5571046009615385 0.5962384423076923
1 0.5558066129807693 0.5813073341346153 0.5522944086538462 0.5813073341346153 0.5522944086538462 0.5872797764423077 0.5558066129807693 0.5872797764423077 0.5558066129807693 0.5813073341346153
1 0.5381692403846153 0.58320765625 0.5346570360576923 0.58320765625 0.5346570360576923 0.5887728870192308 0.5381692403846153 0.5887728870192308 0.5381692403846153 0.58320765625
1 0.5295414350961539 0.5817145456730769 0.52732721875 0.5817145456730769 0.52732721875 0.5844292932692308 0.5295414350961539 0.5844292932692308 0.5295414350961539 0.5817145456730769
1 0.5335881057692308 0.5800856971153846 0.53152659375 0.5800856971153846 0.53152659375 0.5837506057692308 0.5335881057692308 0.5837506057692308 0.5335881057692308 0.5800856971153846
1 0.5027667355769231 0.5672894711538462 0.49998140384615386 0.5672894711538462 0.49998140384615386 0.5730230168269231 0.5027667355769231 0.5730230168269231 0.5027667355769231 0.5672894711538462
1 0.5527424567307693 0.5486709230769231 0.5506412427884615 0.5486709230769231 0.5506412427884615 0.5562287788461538 0.5527424567307693 0.5562287788461538 0.5527424567307693 0.5486709230769231
1 0.5501232692307693 0.5506516009615384 0.5487784927884616 0.5506516009615384 0.5487784927884616 0.5559334134615385 0.5501232692307693 0.5559334134615385 0.5501232692307693 0.5506516009615384
1 0.45603707451923076 0.5549911875 0.452665360576923 0.5549911875 0.452665360576923 0.5591610408653847 0.45603707451923076 0.5591610408653847 0.45603707451923076 0.5549911875
1 0.4443177668269231 0.5515122403846153 0.4409773557692308 0.5515122403846153 0.4409773557692308 0.5586384519230769 0.4443177668269231 0.5586384519230769 0.4443177668269231 0.5515122403846153
1 0.4339147716346154 0.5496458509615384 0.4311470024038462 0.5496458509615384 0.4311470024038462 0.5532089567307692 0.4339147716346154 0.5532089567307692 0.4339147716346154 0.5496458509615384
1 0.4751449927884615 0.5549056730769231 0.4735225072115385 0.5549056730769231 0.4735225072115385 0.5593171370192308 0.4751449927884615 0.5593171370192308 0.4751449927884615 0.5549056730769231
1 0.4719954615384615 0.5494761802884616 0.47018209615384615 0.5494761802884616 0.47018209615384615 0.5549056730769231 0.4719954615384615 0.5549056730769231 0.4719954615384615 0.5494761802884616
1 0.45559972115384617 0.5427780841346154 0.4542001923076923 0.5427780841346154 0.4542001923076923 0.5475734134615384 0.45559972115384617 0.5475734134615384 0.45559972115384617 0.5427780841346154
1 0.42752805769230773 0.5536471177884615 0.42532911298076925 0.5536471177884615 0.42532911298076925 0.5584250721153846 0.42752805769230773 0.5584250721153846 0.42752805769230773 0.5536471177884615
1 0.40818192307692314 0.5556633581730769 0.40650095192307695 0.5556633581730769 0.40650095192307695 0.5586517524038461 0.40818192307692314 0.5586517524038461 0.40818192307692314 0.5556633581730769
1 0.4167822403846154 0.5410688798076924 0.4146321610576923 0.5410688798076924 0.4146321610576923 0.5446132548076923 0.4167822403846154 0.5446132548076923 0.4167822403846154 0.5410688798076924
1 0.3862877596153846 0.5523806875 0.3836490264423077 0.5523806875 0.3836490264423077 0.5566374110576923 0.3862877596153846 0.5566374110576923 0.3862877596153846 0.5523806875
1 0.37065081730769234 0.5521200721153846 0.3676700240384615 0.5521200721153846 0.3676700240384615 0.5561161802884615 0.37065081730769234 0.5561161802884615 0.37065081730769234 0.5521200721153846
1 0.37065081730769234 0.5441278557692308 0.36830527644230765 0.5441278557692308 0.36830527644230765 0.5483845793269231 0.37065081730769234 0.5483845793269231 0.37065081730769234 0.5441278557692308
1 0.38052163701923075 0.5473421177884615 0.37812723076923077 0.5473421177884615 0.37812723076923077 0.5524675600961538 0.38052163701923075 0.5524675600961538 0.38052163701923075 0.5473421177884615
1 0.37812723076923077 0.5438672403846154 0.37529303365384614 0.5438672403846154 0.37529303365384614 0.5486451947115385 0.37812723076923077 0.5486451947115385 0.37812723076923077 0.5438672403846154
1 0.37139754086538457 0.5331874254807693 0.36988271394230765 0.5331874254807693 0.36988271394230765 0.5390947163461539 0.37139754086538457 0.5390947163461539 0.37139754086538457 0.5331874254807693
1 0.3713486754807693 0.5389209711538462 0.3733521610576923 0.5389209711538462 0.3733521610576923 0.5325793221153846 0.3713486754807693 0.5325793221153846 0.3713486754807693 0.5389209711538462
1 0.3733521610576923 0.5409190264423077 0.37520904807692307 0.5409190264423077 0.37520904807692307 0.5347511201923077 0.3733521610576923 0.5347511201923077 0.3733521610576923 0.5409190264423077
1 0.35416067548076924 0.5398756129807692 0.35224514903846155 0.5398756129807692 0.35224514903846155 0.5445319471153847 0.35416067548076924 0.5445319471153847 0.35416067548076924 0.5398756129807692
1 0.34747588221153847 0.5396671201923077 0.3452476177884615 0.5396671201923077 0.3452476177884615 0.5464778774038461 0.34747588221153847 0.5464778774038461 0.34747588221153847 0.5396671201923077
1 0.33746824038461537 0.5420300360576923 0.33539634375 0.5420300360576923 0.33539634375 0.5479373245192307 0.33746824038461537 0.5479373245192307 0.33746824038461537 0.5420300360576923
1 0.34000924278846156 0.5418910408653846 0.33813281009615387 0.5418910408653846 0.33813281009615387 0.5459913942307693 0.34000924278846156 0.5459913942307693 0.34000924278846156 0.5418910408653846
1 0.3290992692307692 0.5374858197115384 0.3272668149038462 0.5374858197115384 0.3272668149038462 0.5404177475961538 0.3290992692307692 0.5404177475961538 0.3290992692307692 0.5374858197115384
1 0.32598409615384616 0.5374858197115384 0.3232354134615385 0.5374858197115384 0.3232354134615385 0.5425895456730769 0.32598409615384616 0.5425895456730769 0.32598409615384616 0.5374858197115384
1 0.32427380528846156 0.5371600504807692 0.32219702403846157 0.5371600504807692 0.32219702403846157 0.5400919783653846 0.32427380528846156 0.5400919783653846 0.32427380528846156 0.5371600504807692
1 0.31268292067307696 0.5334506201923077 0.31119741105769233 0.5334506201923077 0.31119741105769233 0.5374119807692308 0.31268292067307696 0.5374119807692308 0.31268292067307696 0.5334506201923077
1 0.30732726923076925 0.5398443918269231 0.30560720432692307 0.5398443918269231 0.30560720432692307 0.5441532403846154 0.30732726923076925 0.5441532403846154 0.30732726923076925 0.5398443918269231
1 0.3063108677884615 0.5369254975961538 0.3042389735576923 0.5369254975961538 0.3042389735576923 0.5419293197115385 0.3063108677884615 0.5419293197115385 0.3063108677884615 0.5369254975961538
1 0.31057193509615383 0.5358830336538462 0.3086173173076923 0.5358830336538462 0.3086173173076923 0.5400528846153846 0.31057193509615383 0.5400528846153846 0.31057193509615383 0.5358830336538462
1 0.3088518701923077 0.5367865024038462 0.30662360576923076 0.5367865024038462 0.30662360576923076 0.5406088653846154 0.3088518701923077 0.5406088653846154 0.3088518701923077 0.5367865024038462
1 0.3042389735576923 0.5348405721153846 0.3024016322115385 0.5348405721153846 0.3024016322115385 0.5395664038461538 0.3042389735576923 0.5395664038461538 0.3042389735576923 0.5348405721153846
1 0.3024016322115385 0.5337286105769231 0.29989972115384617 0.5337286105769231 0.29989972115384617 0.5392884134615384 0.3024016322115385 0.5392884134615384 0.3024016322115385 0.5337286105769231
1 0.29907878125000004 0.5373424831730769 0.2961859471153846 0.5373424831730769 0.2961859471153846 0.5408173581730769 0.29907878125000004 0.5408173581730769 0.29907878125000004 0.5373424831730769
1 0.303457125 0.5410258509615384 0.30118976923076923 0.5410258509615384 0.30118976923076923 0.5438057524038462 0.303457125 0.5438057524038462 0.303457125 0.5410258509615384
1 0.3006424759615384 0.5251109182692308 0.29825784134615385 0.5251109182692308 0.29825784134615385 0.5313656947115384 0.3006424759615384 0.5313656947115384 0.3006424759615384 0.5251109182692308
1 0.30736636057692307 0.5278908197115384 0.3050599110576923 0.5278908197115384 0.3050599110576923 0.531991173076923 0.30736636057692307 0.531991173076923 0.30736636057692307 0.5278908197115384
1 0.31025919471153846 0.5267093605769231 0.30842185576923076 0.5267093605769231 0.30842185576923076 0.5328251442307692 0.31025919471153846 0.5328251442307692 0.31025919471153846 0.5267093605769231
1 0.30963371875 0.5322691634615384 0.3126438293269231 0.5322691634615384 0.3126438293269231 0.5267093605769231 0.30963371875 0.5267093605769231 0.30963371875 0.5322691634615384
1 0.2929881923076923 0.5387185336538461 0.29083029326923077 0.5387185336538461 0.29083029326923077 0.5417764230769231 0.2929881923076923 0.5417764230769231 0.2929881923076923 0.5387185336538461
1 0.28216742788461535 0.5337703100961538 0.28032226923076925 0.5337703100961538 0.28032226923076925 0.5379957596153846 0.28216742788461535 0.5379957596153846 0.28216742788461535 0.5337703100961538
1 0.2830743701923077 0.5273209399038461 0.28151067548076925 0.5273209399038461 0.28151067548076925 0.5314351923076923 0.2830743701923077 0.5314351923076923 0.2830743701923077 0.5273209399038461
1 0.29083029326923077 0.5337147115384615 0.2864832235576923 0.5337147115384615 0.2864832235576923 0.5387185336538461 0.29083029326923077 0.5387185336538461 0.29083029326923077 0.5337147115384615
1 0.26870026442307693 0.5323862764423077 0.26584652163461536 0.5323862764423077 0.26584652163461536 0.5359306514423077 0.26870026442307693 0.5359306514423077 0.26870026442307693 0.5323862764423077
1 0.2705376033653846 0.5205716971153846 0.26850480288461537 0.5205716971153846 0.26850480288461537 0.5260620024038462 0.2705376033653846 0.5260620024038462 0.2705376033653846 0.5205716971153846
1 0.2753459639423077 0.5195292355769231 0.2727267764423077 0.5195292355769231 0.2727267764423077 0.522656625 0.2753459639423077 0.522656625 0.2753459639423077 0.5195292355769231
1 0.2798806778846154 0.5179307932692307 0.2783560745192308 0.5179307932692307 0.2783560745192308 0.5230041105769231 0.2798806778846154 0.5230041105769231 0.2798806778846154 0.5179307932692307
1 0.2649473966346154 0.5223786346153847 0.26287550240384616 0.5223786346153847 0.26287550240384616 0.5257840120192308 0.2649473966346154 0.5257840120192308 0.2649473966346154 0.5223786346153847
1 0.2591617283653846 0.5236990865384615 0.25755894230769233 0.5236990865384615 0.25755894230769233 0.5269654711538462 0.2591617283653846 0.5269654711538462 0.2591617283653846 0.5236990865384615
1 0.25837988221153846 0.5185562692307693 0.2568161875 0.5185562692307693 0.2568161875 0.5243245649038462 0.25837988221153846 0.5243245649038462 0.25837988221153846 0.5185562692307693
1 0.24555446153846153 0.5314633509615384 0.24362799038461538 0.5314633509615384 0.24362799038461538 0.5343989254807693 0.24555446153846153 0.5343989254807693 0.24555446153846153 0.5314633509615384
1 0.23377046153846154 0.5283053822115384 0.23174391346153847 0.5283053822115384 0.23174391346153847 0.5337762283653846 0.23377046153846154 0.5337762283653846 0.23377046153846154 0.5283053822115384
1 0.23932626682692307 0.5281524879807692 0.2374498341346154 0.5281524879807692 0.2374498341346154 0.5307238966346154 0.23932626682692307 0.5307238966346154 0.23932626682692307 0.5281524879807692
1 0.22613249759615384 0.5325747884615384 0.22381823076923077 0.5325747884615384 0.22381823076923077 0.5368002379807693 0.22613249759615384 0.5368002379807693 0.22613249759615384 0.5325747884615384
1 0.22288001442307692 0.5297392908653846 0.22050319951923078 0.5297392908653846 0.22050319951923078 0.5347431129807693 0.22288001442307692 0.5347431129807693 0.22288001442307692 0.5297392908653846
1 0.22725835817307694 0.5228451370192307 0.22519428125 0.5228451370192307 0.22519428125 0.5265702019230769 0.22725835817307694 0.5265702019230769 0.22725835817307694 0.5228451370192307
1 0.23044829567307692 0.5218443701923077 0.22850931490384616 0.5218443701923077 0.22850931490384616 0.5257918317307693 0.23044829567307692 0.5257918317307693 0.23044829567307692 0.5218443701923077
0 0.9956928870192308 0.5886725817307693 0.9883439807692308 0.5886725817307693 0.9883439807692308 0.5981741971153846 0.9956928870192308 0.5981741971153846 0.9956928870192308 0.5886725817307693
0 0.9829038822115385 0.5630521586538462 0.9805178750000001 0.5630521586538462 0.9805178750000001 0.5813766995192308 0.9829038822115385 0.5813766995192308 0.9829038822115385 0.5630521586538462
0 0.9829038822115385 0.5793406394230769 0.9873895793269232 0.5793406394230769 0.9873895793269232 0.5630521586538462 0.9829038822115385 0.5630521586538462 0.9829038822115385 0.5793406394230769
0 0.9727036995192309 0.5776015048076923 0.9662913004807692 0.5776015048076923 0.9662913004807692 0.5929780024038462 0.9727036995192309 0.5929780024038462 0.9727036995192309 0.5776015048076923
0 0.9536156322115384 0.5680574735576923 0.9485453653846154 0.5680574735576923 0.9485453653846154 0.5842293052884615 0.9536156322115384 0.5842293052884615 0.9536156322115384 0.5680574735576923
0 0.9384489735576923 0.5920426875 0.9351658245192307 0.5920426875 0.9351658245192307 0.6023587259615385 0.9384489735576923 0.6023587259615385 0.9384489735576923 0.5920426875
0 0.9341732451923076 0.5859345048076923 0.9287522355769231 0.5859345048076923 0.9287522355769231 0.6007298774038461 0.9341732451923076 0.6007298774038461 0.9341732451923076 0.5859345048076923
0 0.9447862115384615 0.5662525889423077 0.9395942572115386 0.5662525889423077 0.9395942572115386 0.5796905889423077 0.9447862115384615 0.5796905889423077 0.9447862115384615 0.5662525889423077
0 0.9604260168269231 0.5414109591346153 0.9570054350961539 0.5414109591346153 0.9570054350961539 0.5583509807692308 0.9604260168269231 0.5583509807692308 0.9604260168269231 0.5414109591346153
0 0.9943548004807692 0.5452506298076923 0.9904455649038462 0.5452506298076923 0.9904455649038462 0.5590632620192307 0.9943548004807692 0.5590632620192307 0.9943548004807692 0.5452506298076923
0 0.9953886105769231 0.5649243990384616 0.9911128822115385 0.5649243990384616 0.9911128822115385 0.573747326923077 0.9953886105769231 0.573747326923077 0.9953886105769231 0.5649243990384616
0 0.9033996466346154 0.5914939254807693 0.8950008990384616 0.5914939254807693 0.8950008990384616 0.6034388125 0.9033996466346154 0.6034388125 0.9033996466346154 0.5914939254807693
0 0.9256181538461538 0.5515871442307693 0.9214187788461538 0.5515871442307693 0.9214187788461538 0.5594599110576923 0.9256181538461538 0.5594599110576923 0.9256181538461538 0.5515871442307693
0 0.9221823028846153 0.5445288028846154 0.91805928125 0.5445288028846154 0.91805928125 0.5537589423076923 0.9221823028846153 0.5537589423076923 0.9221823028846153 0.5445288028846154
0 0.9198917331730769 0.5460219134615385 0.9149288365384615 0.5460219134615385 0.9149288365384615 0.5553877908653846 0.9198917331730769 0.5553877908653846 0.9198917331730769 0.5460219134615385
0 0.9156160072115385 0.5456147019230769 0.9117220432692308 0.5456147019230769 0.9117220432692308 0.5522658317307692 0.9156160072115385 0.5522658317307692 0.9156160072115385 0.5456147019230769
0 0.9119510985576924 0.5465648629807692 0.9085916009615385 0.5465648629807692 0.9085916009615385 0.5537589423076923 0.9119510985576924 0.5537589423076923 0.9119510985576924 0.5465648629807692
0 0.9021780096153846 0.550636983173077 0.8979786370192309 0.550636983173077 0.8979786370192309 0.5583740120192308 0.9021780096153846 0.5583740120192308 0.9021780096153846 0.550636983173077
0 0.9067591466346154 0.5499582980769231 0.9040868173076924 0.5499582980769231 0.9040868173076924 0.5564736899038462 0.9067591466346154 0.5564736899038462 0.9067591466346154 0.5499582980769231
0 0.90882065625 0.5477865000000001 0.9068354975961538 0.5477865000000001 0.9068354975961538 0.5557950024038462 0.90882065625 0.5557950024038462 0.90882065625 0.5477865000000001
0 0.883166298076923 0.5517228822115384 0.87965409375 0.5517228822115384 0.87965409375 0.5595956490384615 0.883166298076923 0.5595956490384615 0.883166298076923 0.5517228822115384
0 0.8776689350961538 0.5604100721153846 0.8739276730769231 0.5604100721153846 0.8739276730769231 0.5663825168269231 0.8776689350961538 0.5663825168269231 0.8776689350961538 0.5604100721153846
0 0.8697283004807693 0.5757483942307693 0.8656052788461538 0.5757483942307693 0.8656052788461538 0.5832139471153847 0.8697283004807693 0.5832139471153847 0.8697283004807693 0.5757483942307693
0 0.8661397427884616 0.5650251418269231 0.8632383581730768 0.5650251418269231 0.8632383581730768 0.5730336466346154 0.8661397427884616 0.5730336466346154 0.8661397427884616 0.5650251418269231
0 0.8634674134615385 0.5502297716346154 0.8607950865384615 0.5502297716346154 0.8607950865384615 0.5609530216346154 0.8634674134615385 0.5609530216346154 0.8634674134615385 0.5502297716346154
0 0.8673613798076923 0.5544376298076923 0.8640018798076923 0.5544376298076923 0.8640018798076923 0.5623103942307692 0.8673613798076923 0.5623103942307692 0.8673613798076923 0.5544376298076923
0 0.8817919567307692 0.5448002788461539 0.8817919567307692 0.54140684375 0.8782797524038461 0.54140684375 0.8782797524038461 0.5502297716346154 0.8817919567307692 0.5502297716346154 0.8817919567307692 0.5448002788461539
0 0.8853805120192307 0.5441215913461538 0.8823264230769231 0.5441215913461538 0.8823264230769231 0.550636983173077 0.8853805120192307 0.550636983173077 0.8853805120192307 0.5441215913461538
0 0.8472043822115385 0.5435786418269231 0.8445320552884615 0.5435786418269231 0.8445320552884615 0.5533517307692308 0.8472043822115385 0.5533517307692308 0.8472043822115385 0.5435786418269231
0 0.8304832379807692 0.5502297716346154 0.8251385793269231 0.5502297716346154 0.8251385793269231 0.5578310625 0.8304832379807692 0.5578310625 0.8304832379807692 0.5502297716346154
0 0.8171215937499999 0.5378776730769231 0.8142202067307692 0.5378776730769231 0.8142202067307692 0.5457504399038462 0.8171215937499999 0.5457504399038462 0.8171215937499999 0.5378776730769231
0 0.8128458677884616 0.5390993100961539 0.8094100144230769 0.5390993100961539 0.8094100144230769 0.5456147019230769 0.8128458677884616 0.5456147019230769 0.8128458677884616 0.5390993100961539
0 0.7955902572115385 0.5450717524038462 0.7921544038461538 0.5450717524038462 0.7921544038461538 0.551315670673077 0.7955902572115385 0.551315670673077 0.7955902572115385 0.5450717524038462
0 0.8000186874999999 0.5448002788461539 0.7973463581730769 0.5448002788461539 0.7973463581730769 0.5524015697115384 0.8000186874999999 0.5524015697115384 0.8000186874999999 0.5448002788461539
0 0.8088755480769231 0.5441215913461538 0.8048288798076922 0.5441215913461538 0.8048288798076922 0.5517228822115384 0.8088755480769231 0.5517228822115384 0.8088755480769231 0.5441215913461538
0 0.7755859639423076 0.5689615264423077 0.7755859639423076 0.5594599110576923 0.7724555216346154 0.5594599110576923 0.7724555216346154 0.5689615264423077 0.7747460889423077 0.5689615264423077 0.7755859639423076 0.5689615264423077
0 0.7798616899038462 0.5581025384615385 0.7755859639423076 0.5581025384615385 0.7755859639423076 0.56488940625 0.7798616899038462 0.56488940625 0.7798616899038462 0.5581025384615385
0 0.774211622596154 0.5772415048076923 0.7805488605769231 0.5772415048076923 0.7805488605769231 0.5689615264423077 0.774211622596154 0.5689615264423077 0.774211622596154 0.5772415048076923
0 0.7772657139423077 0.5359773509615384 0.7742879759615384 0.5359773509615384 0.7742879759615384 0.5423570048076922 0.7772657139423077 0.5423570048076922 0.7772657139423077 0.5359773509615384
0 0.7933051850961538 0.5374004206730769 0.7916633076923076 0.5374004206730769 0.7916633076923076 0.54219575 0.7933051850961538 0.54219575 0.7933051850961538 0.5374004206730769
0 0.7965889447115385 0.5369139375 0.7942043100961539 0.5369139375 0.7942043100961539 0.5422652475961539 0.7965889447115385 0.5422652475961539 0.7965889447115385 0.5369139375
0 0.7885676802884615 0.5454230408653846 0.785362108173077 0.5454230408653846 0.785362108173077 0.5524422908653845 0.7885676802884615 0.5524422908653845 0.7885676802884615 0.5454230408653846
0 0.785362108173077 0.5429211298076922 0.7816483341346154 0.5429211298076922 0.7816483341346154 0.5512608317307692 0.785362108173077 0.5512608317307692 0.785362108173077 0.5429211298076922
1 0.7477100600961539 0.5702716634615385 0.7441917475961539 0.5702716634615385 0.7441917475961539 0.5830418317307692 0.7477100600961539 0.5830418317307692 0.7477100600961539 0.5702716634615385
1 0.7477100600961539 0.5817387548076923 0.7512283725961539 0.5817387548076923 0.7512283725961539 0.5702716634615385 0.7477100600961539 0.5702716634615385 0.7477100600961539 0.5817387548076923
0 0.76028909375 0.5254050384615385 0.7562821274038461 0.5254050384615385 0.7562821274038461 0.5407813677884615 0.76028909375 0.5407813677884615 0.76028909375 0.5254050384615385
0 0.7436968317307693 0.5320792451923076 0.7414490216346153 0.5320792451923076 0.7414490216346153 0.5412007932692308 0.7436968317307693 0.5412007932692308 0.7436968317307693 0.5320792451923076
0 0.7395921346153845 0.5347722740384616 0.7358294951923077 0.5347722740384616 0.7358294951923077 0.5392027403846154 0.7395921346153845 0.5392027403846154 0.7395921346153845 0.5347722740384616
0 0.7189709158653846 0.5367703269230769 0.7154526033653846 0.5367703269230769 0.7154526033653846 0.5438069519230769 0.7189709158653846 0.5438069519230769 0.7189709158653846 0.5367703269230769
0 0.7188243197115385 0.5426776177884615 0.7221960360576923 0.5426776177884615 0.7221960360576923 0.5356409927884616 0.7188243197115385 0.5356409927884616 0.7188243197115385 0.5426776177884615
0 0.7272780432692307 0.5313842692307692 0.7233688076923077 0.5313842692307692 0.7233688076923077 0.5366834567307692 0.7272780432692307 0.5366834567307692 0.7272780432692307 0.5313842692307692
0 0.7352919759615385 0.5315580120192307 0.7321645865384615 0.5315580120192307 0.7321645865384615 0.5360753509615385 0.7352919759615385 0.5360753509615385 0.7352919759615385 0.5315580120192307
0 0.7319691250000001 0.5315580120192307 0.7288906009615383 0.5315580120192307 0.7288906009615383 0.5365965841346154 0.7319691250000001 0.5365965841346154 0.7319691250000001 0.5315580120192307
0 0.7297701802884615 0.5306024230769231 0.7270337139423078 0.5306024230769231 0.7270337139423078 0.5365965841346154 0.7297701802884615 0.5365965841346154 0.7297701802884615 0.5306024230769231
0 0.6990338149038462 0.5427297403846154 0.6962582572115384 0.5427297403846154 0.6962582572115384 0.5509304471153846 0.6990338149038462 0.5509304471153846 0.6990338149038462 0.5427297403846154
0 0.6937954375 0.5542663293269231 0.688987079326923 0.5542663293269231 0.688987079326923 0.5580886923076923 0.6937954375 0.5580886923076923 0.6937954375 0.5542663293269231
0 0.707041639423077 0.5382867860576923 0.7042929591346153 0.5382867860576923 0.7042929591346153 0.5476526610576923 0.707041639423077 0.5476526610576923 0.707041639423077 0.5382867860576923
0 0.7084923317307692 0.5286494326923077 0.7049037764423077 0.5286494326923077 0.7049037764423077 0.5346218774038461 0.7084923317307692 0.5346218774038461 0.7084923317307692 0.5286494326923077
0 0.7100957307692308 0.5401871081730769 0.707041639423077 0.5401871081730769 0.707041639423077 0.5476526610576923 0.7100957307692308 0.5476526610576923 0.7100957307692308 0.5401871081730769
0 0.7154526033653846 0.5386939975961538 0.7118518317307692 0.5386939975961538 0.7118518317307692 0.5438069519230769 0.7154526033653846 0.5438069519230769 0.7154526033653846 0.5386939975961538
0 0.684627670673077 0.54545371875 0.6815002812500001 0.54545371875 0.6815002812500001 0.554662139423077 0.684627670673077 0.554662139423077 0.684627670673077 0.54545371875
0 0.67798196875 0.5521428533653846 0.6733886177884615 0.5521428533653846 0.6733886177884615 0.5568339375 0.67798196875 0.5568339375 0.67798196875 0.5521428533653846
0 0.7003142427884614 0.5349571490384615 0.6944503894230769 0.5349571490384615 0.6944503894230769 0.5427756201923077 0.7003142427884614 0.5427756201923077 0.7003142427884614 0.5349571490384615
0 0.6935341610576924 0.5318080408653846 0.6889530264423077 0.5318080408653846 0.6889530264423077 0.537346125 0.6935341610576924 0.537346125 0.6935341610576924 0.5318080408653846
0 0.6821729447115386 0.5264871370192308 0.6767366634615384 0.5264871370192308 0.6767366634615384 0.5347399687500001 0.6821729447115386 0.5347399687500001 0.6821729447115386 0.5264871370192308
0 0.6815002812500001 0.5393550384615384 0.6750263725961538 0.5393550384615384 0.6750263725961538 0.54545371875 0.6815002812500001 0.54545371875 0.6815002812500001 0.5393550384615384
0 0.665560221153846 0.5505859471153847 0.6564933894230769 0.5505859471153847 0.6564933894230769 0.55974821875 0.665560221153846 0.55974821875 0.665560221153846 0.5505859471153847
0 0.6489536033653847 0.5303950168269231 0.6418910192307692 0.5303950168269231 0.6418910192307692 0.5393876153846153 0.6489536033653847 0.5393876153846153 0.6489536033653847 0.5303950168269231
0 0.6318697860576923 0.5437990793269231 0.624902641826923 0.5437990793269231 0.624902641826923 0.5536400360576923 0.6318697860576923 0.5536400360576923 0.6318697860576923 0.5437990793269231
0 0.6374053245192308 0.5356548389423077 0.6330150697115384 0.5356548389423077 0.6330150697115384 0.5446474375 0.6374053245192308 0.5446474375 0.6374053245192308 0.5356548389423077
0 0.6374053245192308 0.5466834975961539 0.6425591009615383 0.5466834975961539 0.6425591009615383 0.5356548389423077 0.6374053245192308 0.5356548389423077 0.6374053245192308 0.5466834975961539
0 0.6570660312500001 0.5100344134615384 0.6534393004807693 0.5100344134615384 0.6534393004807693 0.5147852211538462 0.6570660312500001 0.5147852211538462 0.6570660312500001 0.5100344134615384
0 0.6564933894230769 0.5322614038461538 0.6500988870192308 0.5322614038461538 0.6500988870192308 0.5404056442307692 0.6564933894230769 0.5404056442307692 0.6564933894230769 0.5322614038461538
0 0.6542211466346154 0.5465749062499999 0.6562734951923077 0.5465749062499999 0.6562734951923077 0.5376271009615384 0.6542211466346154 0.5376271009615384 0.6542211466346154 0.5465749062499999
0 0.6596452115384616 0.5471830120192307 0.6627725985576922 0.5471830120192307 0.6627725985576922 0.5379745889423077 0.6596452115384616 0.5379745889423077 0.6596452115384616 0.5471830120192307
0 0.6398504302884616 0.5041792475961538 0.6365275793269232 0.5041792475961538 0.6365275793269232 0.5093915600961538 0.6398504302884616 0.5093915600961538 0.6398504302884616 0.5041792475961538
0 0.5914509807692307 0.537855454326923 0.5872680985576924 0.537855454326923 0.5872680985576924 0.5429287740384615 0.5914509807692307 0.5429287740384615 0.5914509807692307 0.537855454326923
0 0.5997385600961539 0.5359095240384616 0.5969630024038461 0.5359095240384616 0.5969630024038461 0.5476546057692308 0.5997385600961539 0.5476546057692308 0.5997385600961539 0.5359095240384616
0 0.5915291658653846 0.5325736418269231 0.5894963629807692 0.5325736418269231 0.5894963629807692 0.536535 0.5915291658653846 0.536535 0.5915291658653846 0.5325736418269231
0 0.5894963629807692 0.5331991201923076 0.5874635600961539 0.5331991201923076 0.5874635600961539 0.536535 0.5894963629807692 0.536535 0.5894963629807692 0.5331991201923076
0 0.6178383221153846 0.5224965024038462 0.6151018557692308 0.5224965024038462 0.6151018557692308 0.5338940961538461 0.6178383221153846 0.5338940961538461 0.6178383221153846 0.5224965024038462
0 0.6178383221153846 0.5372299759615384 0.6212393557692307 0.5372299759615384 0.6212393557692307 0.5259713774038461 0.6178383221153846 0.5259713774038461 0.6178383221153846 0.5372299759615384
0 0.6258913461538461 0.5275698221153846 0.6234285288461539 0.5275698221153846 0.6234285288461539 0.53743846875 0.6258913461538461 0.53743846875 0.6258913461538461 0.5275698221153846
0 0.6047423822115385 0.5316006778846154 0.601810454326923 0.5316006778846154 0.601810454326923 0.5419558076923077 0.6047423822115385 0.5419558076923077 0.6047423822115385 0.5316006778846154
0 0.5902000240384615 0.5153382572115385 0.5875417451923076 0.5153382572115385 0.5875417451923076 0.5223575072115385 0.5902000240384615 0.5223575072115385 0.5902000240384615 0.5153382572115385
0 0.5656109326923077 0.537855454326923 0.5631481129807692 0.537855454326923 0.5631481129807692 0.5469596298076923 0.5656109326923077 0.5469596298076923 0.5656109326923077 0.537855454326923
0 0.5642622451923077 0.5257704855769231 0.5613303197115385 0.5257704855769231 0.5613303197115385 0.532025264423077 0.5642622451923077 0.532025264423077 0.5642622451923077 0.5257704855769231
0 0.57398646875 0.5176913990384615 0.5719829879807692 0.5176913990384615 0.5719829879807692 0.5238593052884615 0.57398646875 0.5238593052884615 0.57398646875 0.5176913990384615
0 0.5755990288461539 0.5361951153846154 0.5723965961538462 0.5361951153846154 0.5723965961538462 0.54027809375 0.5755990288461539 0.54027809375 0.5755990288461539 0.5361951153846154
0 0.5582029302884616 0.5143902668269231 0.5556130625 0.5143902668269231 0.5556130625 0.5238593052884615 0.5582029302884616 0.5238593052884615 0.5582029302884616 0.5143902668269231
0 0.5463774927884615 0.5141296514423077 0.5438853557692307 0.5141296514423077 0.5438853557692307 0.5219481225961539 0.5463774927884615 0.5219481225961539 0.5463774927884615 0.5141296514423077
0 0.5237264014423076 0.5225208509615384 0.5215763221153846 0.5225208509615384 0.5215763221153846 0.5332929663461539 0.5237264014423076 0.5332929663461539 0.5237264014423076 0.5225208509615384
0 0.5480125288461538 0.5296443461538461 0.5460579110576923 0.5296443461538461 0.5460579110576923 0.5349435312499999 0.5480125288461538 0.5349435312499999 0.5480125288461538 0.5296443461538461
0 0.5453737956730769 0.5290362427884616 0.5425395985576923 0.5290362427884616 0.5425395985576923 0.5346829158653846 0.5453737956730769 0.5346829158653846 0.5453737956730769 0.5290362427884616
0 0.5435169086538462 0.5277331634615384 0.5406827115384615 0.5277331634615384 0.5406827115384615 0.5325111177884615 0.5435169086538462 0.5325111177884615 0.5435169086538462 0.5277331634615384
0 0.5355518389423077 0.5259088533653846 0.5327176442307692 0.5259088533653846 0.5327176442307692 0.5315555288461539 0.5355518389423077 0.5315555288461539 0.5355518389423077 0.5259088533653846
0 0.48763502403846154 0.5232456009615385 0.48482525961538464 0.5232456009615385 0.48482525961538464 0.529218045673077 0.48763502403846154 0.529218045673077 0.48763502403846154 0.5232456009615385
0 0.47260889903846154 0.5132553341346153 0.4705931995192308 0.5132553341346153 0.4705931995192308 0.5244400913461539 0.47260889903846154 0.5244400913461539 0.47260889903846154 0.5132553341346153
0 0.47279214423076926 0.5235713725961538 0.47462459855769235 0.5235713725961538 0.47462459855769235 0.5124952043269231 0.47279214423076926 0.5124952043269231 0.47279214423076926 0.5235713725961538
1 0.4241366658653846 0.5343421298076924 0.42108257692307693 0.5343421298076924 0.42108257692307693 0.5390114951923077 0.4241366658653846 0.5390114951923077 0.4241366658653846 0.5343421298076924
1 0.4315886466346154 0.5290212259615384 0.4301226826923077 0.5290212259615384 0.4301226826923077 0.5359709783653847 0.4315886466346154 0.5359709783653847 0.4315886466346154 0.5290212259615384
1 0.43152756490384614 0.5330390528846154 0.43427624759615385 0.5330390528846154 0.43427624759615385 0.5259807091346154 0.43152756490384614 0.5259807091346154 0.43152756490384614 0.5330390528846154
1 0.43757466346153845 0.5259807091346154 0.43623086538461536 0.5259807091346154 0.43623086538461536 0.5331476418269231 0.43757466346153845 0.5331476418269231 0.43757466346153845 0.5259807091346154
1 0.38235671153846157 0.5324961033653847 0.3779588197115385 0.5324961033653847 0.3779588197115385 0.5374912379807693 0.38235671153846157 0.5374912379807693 0.38235671153846157 0.5324961033653847
1 0.4171122596153846 0.5330390528846154 0.41558521394230774 0.5330390528846154 0.41558521394230774 0.5385771370192308 0.4171122596153846 0.5385771370192308 0.4171122596153846 0.5330390528846154
0 0.3214436826923077 0.5048078581730769 0.3180841826923077 0.5048078581730769 0.3180841826923077 0.5112146610576923 0.3214436826923077 0.5112146610576923 0.3214436826923077 0.5048078581730769
0 0.3219934182692308 0.5101287620192307 0.32449777403846153 0.5101287620192307 0.32449777403846153 0.5036133677884616 0.3219934182692308 0.5036133677884616 0.3219934182692308 0.5101287620192307
0 0.3474645336538461 0.5189245408653846 0.34496018028846154 0.5189245408653846 0.34496018028846154 0.5279375024038462 0.3474645336538461 0.5279375024038462 0.3474645336538461 0.5189245408653846
0 0.34496018028846154 0.5177300528846154 0.34239474278846155 0.5177300528846154 0.34239474278846155 0.5266344230769231 0.34496018028846154 0.5266344230769231 0.34496018028846154 0.5177300528846154
0 0.3431888076923077 0.5178386418269231 0.34056228846153846 0.5178386418269231 0.34056228846153846 0.5266344230769231 0.3431888076923077 0.5266344230769231 0.3431888076923077 0.5178386418269231
1 0.3384855072115384 0.5304350697115384 0.3366530528846154 0.5304350697115384 0.3366530528846154 0.5355387932692308 0.3384855072115384 0.5355387932692308 0.3384855072115384 0.5304350697115384
1 0.33836334375 0.5335841754807692 0.34019579807692313 0.5335841754807692 0.34019579807692313 0.5292405817307693 0.33836334375 0.5292405817307693 0.33836334375 0.5335841754807692
0 0.33970714423076925 0.5200104399038461 0.3373860360576923 0.5200104399038461 0.3373860360576923 0.5324982764423077 0.33970714423076925 0.5324982764423077 0.33970714423076925 0.5200104399038461
0 0.3151400408653846 0.5147112548076923 0.3130484903846154 0.5147112548076923 0.3130484903846154 0.5212266466346154 0.3151400408653846 0.5212266466346154 0.3151400408653846 0.5147112548076923
0 0.29461655288461536 0.5061109350961538 0.29241760817307694 0.5061109350961538 0.29241760817307694 0.514798125 0.29461655288461536 0.514798125 0.29461655288461536 0.5061109350961538
0 0.4784576129807692 0.5159677620192308 0.47680840384615386 0.5159677620192308 0.47680840384615386 0.5237862331730769 0.4784576129807692 0.5237862331730769 0.4784576129807692 0.5159677620192308
0 0.4181087860576923 0.5154248149038462 0.4143217139423077 0.5154248149038462 0.4143217139423077 0.5219402067307692 0.4181087860576923 0.5219402067307692 0.4181087860576923 0.5154248149038462
0 0.37394170673076926 0.5167550408653846 0.3704878822115385 0.5167550408653846 0.3704878822115385 0.5306545432692308 0.37394170673076926 0.5306545432692308 0.37394170673076926 0.5167550408653846
0 0.29658427163461537 0.5048900745192307 0.2949893028846154 0.5048900745192307 0.2949893028846154 0.5084483485576923 0.29658427163461537 0.5084483485576923 0.29658427163461537 0.5048900745192307
0 0.29658427163461537 0.5083371514423077 0.2981479639423077 0.5083371514423077 0.2981479639423077 0.5048900745192307 0.29658427163461537 0.5048900745192307 0.29658427163461537 0.5083371514423077
0 0.23863925961538462 0.5115572764423078 0.2367457235576923 0.5115572764423078 0.2367457235576923 0.5175297211538461 0.23863925961538462 0.5175297211538461 0.23863925961538462 0.5115572764423078
0 0.2581854375 0.5058020120192308 0.2561697379807692 0.5058020120192308 0.2561697379807692 0.5129689447115384 0.2581854375 0.5129689447115384 0.2581854375 0.5058020120192308
0 0.2620946730769231 0.5034130360576923 0.2601400552884615 0.5034130360576923 0.2601400552884615 0.5093854783653846 0.2620946730769231 0.5093854783653846 0.2620946730769231 0.5034130360576923
0 0.2554367548076923 0.501349826923077 0.2529324014423077 0.501349826923077 0.2529324014423077 0.5100370192307693 0.2554367548076923 0.5100370192307693 0.2554367548076923 0.501349826923077
0 0.24334255769230767 0.5050418822115385 0.24126577644230768 0.5050418822115385 0.24126577644230768 0.5138376634615385 0.24334255769230767 0.5138376634615385 0.24334255769230767 0.5050418822115385
0 0.23570733173076922 0.5066707331730769 0.23405812259615383 0.5066707331730769 0.23405812259615383 0.5149235625 0.23570733173076922 0.5149235625 0.23570733173076922 0.5066707331730769
0 0.20614373798076924 0.5071050913461538 0.20431128365384615 0.5071050913461538 0.20431128365384615 0.516226641826923 0.20614373798076924 0.516226641826923 0.20614373798076924 0.5071050913461538
0 0.20614373798076924 0.5149235625 0.20877025480769232 0.5149235625 0.20877025480769232 0.5071050913461538 0.20614373798076924 0.5071050913461538 0.20614373798076924 0.5149235625
0 0.19698146634615382 0.5008068798076923 0.19466035817307692 0.5008068798076923 0.19466035817307692 0.5058020120192308 0.19698146634615382 0.5058020120192308 0.19698146634615382 0.5008068798076923
0 0.6656720793269231 0.48887823798076924 0.6639520144230769 0.48887823798076924 0.6639520144230769 0.49839939903846153 0.6656720793269231 0.49839939903846153 0.6656720793269231 0.48887823798076924
0 0.6587527307692308 0.48936472115384616 0.6565244663461538 0.48936472115384616 0.6565244663461538 0.49520251201923077 0.6587527307692308 0.49520251201923077 0.6587527307692308 0.48936472115384616
0 0.6738432740384616 0.48982258173076926 0.6724359495192308 0.48982258173076926 0.6724359495192308 0.4960078629807692 0.6738432740384616 0.4960078629807692 0.6738432740384616 0.48982258173076926
0 0.6720059326923077 0.4891276081730769 0.6702076850961538 0.4891276081730769 0.6702076850961538 0.49552137980769234 0.6720059326923077 0.49552137980769234 0.6720059326923077 0.4891276081730769
0 0.6759663485576923 0.49218804326923077 0.6741449567307692 0.49218804326923077 0.6741449567307692 0.4974187043269231 0.6759663485576923 0.4974187043269231 0.6759663485576923 0.49218804326923077
1 0.7847850889423077 0.5363845817307692 0.778774639423077 0.5363845817307692 0.778774639423077 0.5429211298076922 0.7847850889423077 0.5429211298076922 0.7847850889423077 0.5363845817307692
0 0.9597362403846154 0.5594016923076923 0.9550787524038462 0.5594016923076923 0.9550787524038462 0.5758259110576923 0.9597362403846154 0.5758259110576923 0.9597362403846154 0.5594016923076923
0 0.9437130024038461 0.5531727259615384 0.94084215625 0.5531727259615384 0.94084215625 0.5619685072115385 0.9437130024038461 0.5619685072115385 0.9437130024038461 0.5531727259615384
0 0.9883346610576923 0.5479188725961538 0.9864582259615384 0.5479188725961538 0.9864582259615384 0.5557025961538462 0.9883346610576923 0.5557025961538462 0.9883346610576923 0.5479188725961538
0 0.9258689783653846 0.5057209350961538 0.9238166298076924 0.5057209350961538 0.9238166298076924 0.5128444326923077 0.9258689783653846 0.5128444326923077 0.9258689783653846 0.5057209350961538
0 0.9324658125 0.5061552956730769 0.9300225408653847 0.5061552956730769 0.9300225408653847 0.5142343822115385 0.9324658125 0.5142343822115385 0.9324658125 0.5061552956730769
0 0.860394733173077 0.5076825673076922 0.8581041658653846 0.5076825673076922 0.8581041658653846 0.5154195961538461 0.860394733173077 0.5154195961538461 0.860394733173077 0.5076825673076922
0 0.5328322524038461 0.5103643245192307 0.5314874735576923 0.5103643245192307 0.5314874735576923 0.5147565673076924 0.5328322524038461 0.5147565673076924 0.5328322524038461 0.5103643245192307
0 0.5308619975961538 0.5108647067307692 0.5288917427884615 0.5108647067307692 0.5288917427884615 0.5152013509615384 0.5308619975961538 0.5152013509615384 0.5308619975961538 0.5108647067307692
0 0.5331137163461539 0.5148121658653846 0.5356156274038462 0.5148121658653846 0.5356156274038462 0.5100307355769231 0.5331137163461539 0.5100307355769231 0.5331137163461539 0.5148121658653846
1 0.5694763677884616 0.5159783725961539 0.5605965721153846 0.5159783725961539 0.5605965721153846 0.5245115096153846 0.5694763677884616 0.5245115096153846 0.5694763677884616 0.5159783725961539
1 0.5860359903846154 0.517116125 0.5757962235576923 0.517116125 0.5757962235576923 0.5347512764423077 0.5860359903846154 0.5347512764423077 0.5860359903846154 0.517116125
1 0.6143553413461539 0.5149828389423077 0.5920358533653846 0.5149828389423077 0.5920358533653846 0.5307691442307692 0.6143553413461539 0.5307691442307692 0.6143553413461539 0.5149828389423077
1 0.4393543245192308 0.5062519567307693 0.4196427740384615 0.5062519567307693 0.4196427740384615 0.52297690625 0.4393543245192308 0.52297690625 0.4393543245192308 0.5062519567307693
1 0.45957786057692307 0.5055693052884616 0.4414662740384615 0.5055693052884616 0.4414662740384615 0.5205876298076924 0.45957786057692307 0.5205876298076924 0.45957786057692307 0.5055693052884616
1 0.39129142307692305 0.5039764543269231 0.3847635721153846 0.5039764543269231 0.3847635721153846 0.5185396754807692 0.39129142307692305 0.5185396754807692 0.39129142307692305 0.5039764543269231
1 0.3551281923076923 0.5049064735576922 0.34304846875000006 0.5049064735576922 0.34304846875000006 0.5154306778846154 0.3551281923076923 0.5154306778846154 0.3551281923076923 0.5049064735576922
1 0.4709818533653846 0.504704295673077 0.46707261778846154 0.504704295673077 0.46707261778846154 0.5119798173076924 0.4709818533653846 0.5119798173076924 0.4709818533653846 0.504704295673077
1 0.47745652403846156 0.5057901947115385 0.4734862067307692 0.5057901947115385 0.4734862067307692 0.5106767379807692 0.47745652403846156 0.5106767379807692 0.47745652403846156 0.5057901947115385
1 0.48637446875 0.5045957067307693 0.48051061538461537 0.5045957067307693 0.48051061538461537 0.5095908389423077 0.48637446875 0.5095908389423077 0.48637446875 0.5045957067307693
0 0.5039270456730769 0.5123391298076924 0.5019005 0.5123391298076924 0.5019005 0.5213237692307693 0.5039270456730769 0.5213237692307693 0.5039270456730769 0.5123391298076924
0 0.6906245817307692 0.4894427307692307 0.6788656009615385 0.4894427307692307 0.6788656009615385 0.49533612019230766 0.6906245817307692 0.49533612019230766 0.6906245817307692 0.4894427307692307