0 0.11376874038461539 0.6770817548076924 0.10120902884615385 0.6770817548076924 0.10120902884615385 0.7166186274038462 0.11376874038461539 0.7166186274038462 0.11376874038461539 0.6770817548076924
0 0.11312875480769231 0.7033922644230769 0.12640845192307693 0.7033922644230769 0.12640845192307693 0.6594466033653846 0.11312875480769231 0.6594466033653846 0.11312875480769231 0.7033922644230769
0 0.32677899519230774 0.4946160024038461 0.3178831995192307 0.4946160024038461 0.3178831995192307 0.5331857860576923 0.32677899519230774 0.5331857860576923 0.32677899519230774 0.4946160024038461
0 0.33881071874999996 0.4919991730769231 0.3327308581730769 0.4919991730769231 0.3327308581730769 0.5197603149038461 0.33881071874999996 0.5197603149038461 0.33881071874999996 0.4919991730769231
0 0.3454665673076923 0.4591181490384616 0.3380427379807692 0.4591181490384616 0.3380427379807692 0.5015562884615384 0.3454665673076923 0.5015562884615384 0.3454665673076923 0.4591181490384616
0 0.30847541346153845 0.48096298317307695 0.29733966826923075 0.48096298317307695 0.29733966826923075 0.5207842932692308 0.30847541346153845 0.5207842932692308 0.30847541346153845 0.48096298317307695
0 0.27194975 0.44961703124999997 0.2630437043269231 0.44961703124999997 0.2630437043269231 0.4829496033653846 0.27194975 0.4829496033653846 0.27194975 0.44961703124999997
0 0.22585705528846153 0.43156189182692306 0.21788848798076924 0.43156189182692306 0.21788848798076924 0.46545000480769233 0.22585705528846153 0.46545000480769233 0.22585705528846153 0.43156189182692306
0 0.24632533653846153 0.40822909134615387 0.2383567692307692 0.40822909134615387 0.2383567692307692 0.4446171466346154 0.24632533653846153 0.4446171466346154 0.24632533653846153 0.40822909134615387
0 0.2310131875 0.4051736057692308 0.22226338701923076 0.4051736057692308 0.22226338701923076 0.43711731971153844 0.2310131875 0.43711731971153844 0.2310131875 0.4051736057692308
0 0.2364818125 0.3968404639423077 0.22929447596153846 0.3968404639423077 0.22929447596153846 0.4235065192307692 0.2364818125 0.4235065192307692 0.2364818125 0.3968404639423077
0 0.22226338701923076 0.40350697596153845 0.21476355769230768 0.40350697596153845 0.21476355769230768 0.4290619471153846 0.22226338701923076 0.4290619471153846 0.22226338701923076 0.40350697596153845
0 0.21788848798076924 0.4143400625 0.20991991826923076 0.4143400625 0.20991991826923076 0.43433960576923075 0.21788848798076924 0.43433960576923075 0.21788848798076924 0.4143400625
0 0.4221025625 0.3801741778846154 0.41241528605769234 0.3801741778846154 0.41241528605769234 0.4073957764423077 0.4221025625 0.4073957764423077 0.4221025625 0.3801741778846154
0 0.5601639302884616 0.44129123557692307 0.5521641129807692 0.44129123557692307 0.5521641129807692 0.4745349182692308 0.5601639302884616 0.4745349182692308 0.5601639302884616 0.44129123557692307
0 0.7593795961538461 0.44089458173076923 0.7493798245192308 0.44089458173076923 0.7493798245192308 0.4728938485576923 0.7593795961538461 0.4728938485576923 0.7593795961538461 0.44089458173076923
0 0.691451704326923 0.3188347403846154 0.6845768605769231 0.3188347403846154 0.6845768605769231 0.3468340985576923 0.691451704326923 0.3468340985576923 0.691451704326923 0.3188347403846154
0 0.6476940625 0.19461375721153845 0.6421901899038461 0.19461375721153845 0.6421901899038461 0.21918919471153847 0.6476940625 0.21918919471153847 0.6476940625 0.19461375721153845
0 0.8764855264423077 0.14840465625 0.866860747596154 0.14840465625 0.866860747596154 0.17151523798076923 0.8764855264423077 0.17151523798076923 0.8764855264423077 0.14840465625
0 0.9085683149038462 0.11560282451923078 0.9007684951923077 0.11560282451923078 0.9007684951923077 0.1380023125 0.9085683149038462 0.1380023125 0.9085683149038462 0.11560282451923078
1 0.979210375 0.040127576923076926 0.8271028028846155 0.040127576923076926 0.8271028028846155 0.07827367788461538 0.979210375 0.07827367788461538 0.979210375 0.040127576923076926
0 0.9981716875 0.04317761057692308 0.9919254302884616 0.04317761057692308 0.9919254302884616 0.06138163942307692 0.9981716875 0.06138163942307692 0.9981716875 0.04317761057692308
0 0.9999790096153846 0.012827240384615385 0.9973618245192307 0.012827240384615385 0.9973618245192307 0.02815753605769231 0.9999790096153846 0.02815753605769231 0.9999790096153846 0.012827240384615385
0 0.9929830721153846 0.01393078125 0.9979154591346154 0.01393078125 0.9979154591346154 0.0003005384615384615 0.9929830721153846 0.0003005384615384615 0.9929830721153846 0.01393078125
0 0.6398336201923077 0.0063412187500000005 0.6359801923076923 0.0063412187500000005 0.6359801923076923 0.025681177884615384 0.6398336201923077 0.025681177884615384 0.6398336201923077 0.0063412187500000005
0 0.6340665865384616 0.006807242788461538 0.6302131562500001 0.006807242788461538 0.6302131562500001 0.022465617788461536 0.6340665865384616 0.022465617788461536 0.6340665865384616 0.006807242788461538
0 0.6285354735576922 0.005688786057692307 0.6247344735576923 0.005688786057692307 0.6247344735576923 0.02274523317307692 0.6285354735576922 0.02274523317307692 0.6285354735576922 0.005688786057692307
0 0.9231108822115384 0 0.9231108822115384 0.010791300480769232 0.9259908173076923 0.010791300480769232 0.9259908173076923 0 0.9231108822115384 0
0 0.93575059375 0.004960322115384616 0.9322306754807692 0.004960322115384616 0.9322306754807692 0.014915651442307692 0.93575059375 0.014915651442307692 0.93575059375 0.004960322115384616
0 0.9408704759615384 0.004391447115384616 0.9367105721153847 0.004391447115384616 0.9367105721153847 0.014631213942307692 0.9408704759615384 0.014631213942307692 0.9408704759615384 0.004391447115384616
0 0.06183205528846154 0.4610258894230769 0.05135229567307693 0.4610258894230769 0.05135229567307693 0.49231406009615386 0.06183205528846154 0.49231406009615386 0.06183205528846154 0.4610258894230769
0 0.05295225961538462 0.4441018317307692 0.04551243028846154 0.4441018317307692 0.04551243028846154 0.4679946177884616 0.05295225961538462 0.4679946177884616 0.05295225961538462 0.4441018317307692
0 0.04207250961538462 0.4163691322115385 0.028232824519230766 0.4163691322115385 0.028232824519230766 0.4590348221153846 0.04207250961538462 0.4590348221153846 0.04207250961538462 0.4163691322115385
0 0.08775146394230769 0.4461311971153846 0.08775146394230769 0.4301643725961538 0.07863167307692308 0.4301643725961538 0.07863167307692308 0.4532038461538462 0.08775146394230769 0.4532038461538462 0.08775146394230769 0.4461311971153846
0 0.11015094951923077 0.4276044302884615 0.10055117067307692 0.4276044302884615 0.10055117067307692 0.45519491105769233 0.11015094951923077 0.45519491105769233 0.11015094951923077 0.4276044302884615
0 0.11223090384615385 0.4066982427884615 0.10351110336538462 0.4066982427884615 0.10351110336538462 0.42476005288461544 0.11223090384615385 0.42476005288461544 0.11223090384615385 0.4066982427884615
0 0.1546299326923077 0.3823788004807692 0.14551014182692307 0.3823788004807692 0.14551014182692307 0.41011149759615384 0.1546299326923077 0.41011149759615384 0.1546299326923077 0.3823788004807692
0 0.13946527884615384 0.3854187307692308 0.13034048798076922 0.3854187307692308 0.13034048798076922 0.40586270673076924 0.13946527884615384 0.40586270673076924 0.13946527884615384 0.3854187307692308
0 0.15953248076923077 0.3580358822115385 0.14945271153846154 0.3580358822115385 0.14945271153846154 0.38477304807692303 0.15953248076923077 0.38477304807692303 0.15953248076923077 0.3580358822115385
0 0.18703444230769228 0.32845783894230773 0.17990756490384616 0.32845783894230773 0.17990756490384616 0.3434579591346154 0.18703444230769228 0.3434579591346154 0.18703444230769228 0.32845783894230773
0 0.20213945673076922 0.26990589903846157 0.19363965144230771 0.26990589903846157 0.19363965144230771 0.3036829038461538 0.20213945673076922 0.3036829038461538 0.20213945673076922 0.26990589903846157
0 0.09855182211538462 0.4444645697115384 0.08917703605769231 0.4444645697115384 0.08917703605769231 0.4719639399038461 0.09855182211538462 0.4719639399038461 0.09855182211538462 0.4444645697115384
0 0.35172187019230766 0.11482997596153846 0.3482826201923077 0.11482997596153846 0.3482826201923077 0.13809385096153848 0.35172187019230766 0.13809385096153848 0.35172187019230766 0.11482997596153846
0 0.3557483100961539 0.11318957692307692 0.3521832331730769 0.11318957692307692 0.3521832331730769 0.1398833798076923 0.3557483100961539 0.1398833798076923 0.3557483100961539 0.11318957692307692
0 0.35400771394230773 0.10595689663461538 0.3504006947115385 0.10595689663461538 0.3504006947115385 0.11784980528846155 0.35400771394230773 0.11784980528846155 0.35400771394230773 0.10595689663461538
0 0.36088809855769227 0.09958839903846153 0.355717016826923 0.09958839903846153 0.355717016826923 0.1252560793269231 0.36088809855769227 0.1252560793269231 0.36088809855769227 0.09958839903846153
0 0.45279360336538466 0.014278831730769232 0.44964794711538464 0.014278831730769232 0.44964794711538464 0.030571 0.45279360336538466 0.030571 0.45279360336538466 0.014278831730769232
0 0.44964794711538464 0.012489302884615385 0.4465022932692308 0.012489302884615385 0.4465022932692308 0.029191572115384614 0.44964794711538464 0.029191572115384614 0.44964794711538464 0.012489302884615385
0 0.4443632451923077 0.016664870192307692 0.4414063293269231 0.016664870192307692 0.4414063293269231 0.036610658653846155 0.4443632451923077 0.036610658653846155 0.4443632451923077 0.016664870192307692
0 0.4414063293269231 0.013495913461538462 0.43826067307692307 0.013495913461538462 0.43826067307692307 0.03467200480769231 0.4414063293269231 0.03467200480769231 0.4414063293269231 0.013495913461538462
0 0.47515356971153844 0.00013903125 0.4716304326923077 0.00013903125 0.4716304326923077 0.014119725961538461 0.47515356971153844 0.014119725961538461 0.47515356971153844 0.00013903125
0 0.47196597115384614 0.0004372884615384615 0.46915585096153845 0.0004372884615384615 0.46915585096153845 0.01594653605769231 0.47196597115384614 0.01594653605769231 0.47196597115384614 0.0004372884615384615
0 0.46527620913461537 0 0.46527620913461537 0.01177096875 0.46856866346153847 0.01177096875 0.46856866346153847 0 0.46527620913461537 0
0 0.47605532451923077 0 0.47605532451923077 0.01009328605769231 0.47934777644230764 0.01009328605769231 0.47934777644230764 0 0.47605532451923077 0
0 0.5200652668269231 0.010741120192307692 0.5229452019230769 0.010741120192307692 0.5229452019230769 0.00016003125 0.5200652668269231 0.00016003125 0.5200652668269231 0.010741120192307692
1 0.3597241826923077 0.387655170673077 0.3319248197115385 0.387655170673077 0.3319248197115385 0.42249881730769234 0.3597241826923077 0.42249881730769234 0.3597241826923077 0.387655170673077
1 0.373123875 0.35405593990384615 0.3547242980769231 0.35405593990384615 0.3547242980769231 0.39192173798076924 0.373123875 0.39192173798076924 0.373123875 0.35405593990384615
1 0.33683688461538464 0.42862296875 0.2914619230769231 0.42862296875 0.2914619230769231 0.47731874278846154 0.33683688461538464 0.47731874278846154 0.33683688461538464 0.42862296875