1 0.8441806538461538 0.5070535504807693 0.8346733413461538 0.5070535504807693 0.8346733413461538 0.5296848942307693 0.8441806538461538 0.5296848942307693 0.8441806538461538 0.5070535504807693
1 0.8076016706730769 0.5182259855769231 0.7982555 0.5182259855769231 0.7982555 0.5483056177884615 0.8076016706730769 0.5483056177884615 0.8076016706730769 0.5182259855769231
1 0.7481406826923076 0.3669684038461538 0.74088934375 0.3669684038461538 0.74088934375 0.3838702932692308 0.7481406826923076 0.3838702932692308 0.7481406826923076 0.3669684038461538
1 0.47710170673076924 0.44431603124999997 0.47081721153846157 0.44431603124999997 0.47081721153846157 0.45548846634615386 0.47710170673076924 0.45548846634615386 0.47710170673076924 0.44431603124999997
1 0.41667387259615385 0.39475625480769233 0.41216192788461536 0.39475625480769233 0.41216192788461536 0.4128040336538461 0.41667387259615385 0.4128040336538461 0.41667387259615385 0.39475625480769233
1 0.6375980336538463 0.32428397115384616 0.6321192427884615 0.32428397115384616 0.6321192427884615 0.3311593173076923 0.6375980336538463 0.3311593173076923 0.6375980336538463 0.32428397115384616
1 0.6762718461538462 0.3291540072115385 0.6693427884615384 0.3291540072115385 0.6693427884615384 0.33918055288461535 0.6762718461538462 0.33918055288461535 0.6762718461538462 0.3291540072115385
1 0.6058532764423077 0.31712215625 0.6023081778846154 0.31712215625 0.6023081778846154 0.32571633653846155 0.6058532764423077 0.32571633653846155 0.6058532764423077 0.31712215625
1 0.6574183629807693 0.3314457908653846 0.6535509807692308 0.3314457908653846 0.6535509807692308 0.34118586057692313 0.6574183629807693 0.34118586057692313 0.6574183629807693 0.3314457908653846
1 0.18335044951923077 0.4970328533653846 0.1750920769230769 0.4970328533653846 0.1750920769230769 0.5306169038461538 0.18335044951923077 0.5306169038461538 0.18335044951923077 0.4970328533653846
1 0.7340212980769232 0.40388040144230775 0.7258289903846153 0.40388040144230775 0.7258289903846153 0.41797469230769235 0.7340212980769232 0.41797469230769235 0.7340212980769232 0.40388040144230775