0 0.12989537259615386 0.9306555721153846 0.05145535576923077 0.9306555721153846 0.05145535576923077 0.9966684615384616 0.12989537259615386 0.9966684615384616 0.12989537259615386 0.9306555721153846
0 0.5358246850961538 0.9415846778846154 0.5309781081730769 0.9415846778846154 0.5309781081730769 0.9564972283653846 0.5358246850961538 0.9564972283653846 0.5358246850961538 0.9415846778846154
0 0.5969661442307692 0.7851685913461538 0.5928651923076923 0.7851685913461538 0.5928651923076923 0.8024008725961539 0.5969661442307692 0.8024008725961539 0.5969661442307692 0.7851685913461538
0 0.5619216490384615 0.74937846875 0.5589391394230769 0.74937846875 0.5589391394230769 0.7576632211538462 0.5619216490384615 0.7576632211538462 0.5619216490384615 0.74937846875
1 0.7565304350961538 0.9435730192307693 0.70191321875 0.9435730192307693 0.70191321875 0.9992465408653846 0.7565304350961538 0.9992465408653846 0.7565304350961538 0.9435730192307693
1 0.7453964014423077 0.6899738173076924 0.7365420745192307 0.6899738173076924 0.7365420745192307 0.7053006033653847 0.7453964014423077 0.7053006033653847 0.7453964014423077 0.6899738173076924
1 0.723959610576923 0.6767182163461538 0.7179013870192308 0.6767182163461538 0.7179013870192308 0.6883168677884615 0.723959610576923 0.6883168677884615 0.723959610576923 0.6767182163461538
1 0.6479988052884615 0.7214558677884615 0.6398435048076923 0.7214558677884615 0.6398435048076923 0.7376111298076923 0.6479988052884615 0.7376111298076923 0.6479988052884615 0.7214558677884615
1 0.8784443149038462 0.6837602524038461 0.8737841418269231 0.6837602524038461 0.8737841418269231 0.6945304302884616 0.8784443149038462 0.6945304302884616 0.8784443149038462 0.6837602524038461
1 0.3018208485576923 0.9200242764423077 0.2830906826923077 0.9200242764423077 0.2830906826923077 0.9340221899038461 0.3018208485576923 0.9340221899038461 0.3018208485576923 0.9200242764423077
1 0.31864333653846155 0.9422777211538461 0.3145394038461538 0.9422777211538461 0.3145394038461538 0.9539850673076924 0.31864333653846155 0.9539850673076924 0.31864333653846155 0.9422777211538461
1 0.8248242067307692 0.9414421394230769 0.8177854831730769 0.9414421394230769 0.8177854831730769 0.9505619927884615 0.8248242067307692 0.9505619927884615 0.8248242067307692 0.9414421394230769
1 0.8708741634615385 0.9255354182692308 0.8682495552884616 0.9255354182692308 0.8682495552884616 0.9386849735576923 0.8708741634615385 0.9386849735576923 0.8708741634615385 0.9255354182692308
1 0.8777935865384615 0.9272321346153846 0.8737373725961538 0.9272321346153846 0.8737373725961538 0.9376245264423078 0.8777935865384615 0.9376245264423078 0.8777935865384615 0.9272321346153846
1 0.9108398004807692 0.8432446490384616 0.8971202524038462 0.8432446490384616 0.8971202524038462 0.8661503269230769 0.9108398004807692 0.8661503269230769 0.9108398004807692 0.8432446490384616
1 0.8397367572115384 0.8445171874999999 0.8379472524038462 0.8445171874999999 0.8379472524038462 0.8515161442307692 0.8397367572115384 0.8515161442307692 0.8397367572115384 0.8445171874999999
1 0.8429762331730769 0.8445608533653846 0.84097275 0.8445608533653846 0.84097275 0.85012065625 0.8429762331730769 0.85012065625 0.8429762331730769 0.8445608533653846
1 0.8484491634615385 0.8451689567307692 0.8462013509615385 0.8451689567307692 0.8462013509615385 0.8506418870192308 0.8484491634615385 0.8506418870192308 0.8484491634615385 0.8451689567307692
1 0.8888997115384616 0.733297483173077 0.8847003389423077 0.733297483173077 0.8847003389423077 0.7471426923076923 0.8888997115384616 0.7471426923076923 0.8888997115384616 0.733297483173077
0 0.8124160841346153 1 0.8124160841346153 0.9892259735576924 0.8094841586538462 0.9892259735576924 0.8094841586538462 1 0.8124160841346153 1
0 0.8143096201923077 0.9595809350961539 0.8043532860576923 0.9595809350961539 0.8043532860576923 0.9690282548076923 0.8143096201923077 0.9690282548076923 0.8143096201923077 0.9595809350961539
1 0.866473485576923 0.9777154447115385 0.8568836394230769 0.9777154447115385 0.8568836394230769 0.9904204615384615 0.866473485576923 0.9904204615384615 0.866473485576923 0.9777154447115385
1 0.24186074278846154 0.9785281538461538 0.22988870913461537 0.9785281538461538 0.22988870913461537 0.9926014038461539 0.24186074278846154 0.9926014038461539 0.24186074278846154 0.9785281538461538
1 0.2517315649038462 0.9865203701923076 0.24650296153846155 0.9865203701923076 0.24650296153846155 0.9998117716346153 0.2517315649038462 0.9998117716346153 0.2517315649038462 0.9865203701923076
1 0.2609671346153846 0.9601113100961538 0.253979375 0.9601113100961538 0.253979375 0.9796574879807692 0.2609671346153846 0.9796574879807692 0.2609671346153846 0.9601113100961538
1 0.29761708653846153 0.4298751730769231 0.2937040336538462 0.4298751730769231 0.2937040336538462 0.44073416105769236 0.29761708653846153 0.44073416105769236 0.29761708653846153 0.4298751730769231
1 0.3716978653846154 0.5247555817307693 0.3693309471153846 0.5247555817307693 0.3693309471153846 0.5311352355769231 0.3716978653846154 0.5311352355769231 0.3716978653846154 0.5247555817307693
1 0.3809364903846154 0.5270631177884615 0.3732249110576923 0.5270631177884615 0.3732249110576923 0.5348001442307692 0.3809364903846154 0.5348001442307692 0.3809364903846154 0.5270631177884615
1 0.9033102355769231 0.7034187524038462 0.8998505216346153 0.7034187524038462 0.8998505216346153 0.7180529350961538 0.9033102355769231 0.7180529350961538 0.9033102355769231 0.7034187524038462
1 0.9108261586538462 0.7046912908653845 0.9073664471153846 0.7046912908653845 0.9073664471153846 0.7201738317307692 0.9108261586538462 0.7201738317307692 0.9108261586538462 0.7046912908653845
1 0.9034295336538462 0.7197496538461539 0.9000891225961538 0.7197496538461539 0.9000891225961538 0.737141 0.9034295336538462 0.737141 0.9034295336538462 0.7197496538461539
1 0.6841128125 0.6583741586538461 0.6804860793269231 0.6583741586538461 0.6804860793269231 0.673983954326923 0.6841128125 0.673983954326923 0.6841128125 0.6583741586538461
1 0.8369781610576923 0.5929132379807692 0.8351886538461539 0.5929132379807692 0.8351886538461539 0.5990638365384615 0.8369781610576923 0.5990638365384615 0.8369781610576923 0.5929132379807692
1 0.17998390865384614 0.6399756826923078 0.17721613942307693 0.6399756826923078 0.17721613942307693 0.6465928798076923 0.17998390865384614 0.6465928798076923 0.17998390865384614 0.6399756826923078
1 0.20819029807692307 0.6372883052884616 0.20377286057692306 0.6372883052884616 0.20377286057692306 0.6427786081730769 0.20819029807692307 0.6427786081730769 0.20819029807692307 0.6372883052884616
1 0.08746642307692308 0.5923900048076923 0.08021295673076922 0.5923900048076923 0.08021295673076922 0.6012129326923077 0.08746642307692308 0.6012129326923077 0.08746642307692308 0.5923900048076923