1 0.0020408173076923077 0.06704459615384616 0.10816326442307693 0.06704459615384616 0.10816326442307693 0.0017384735576923076 0.0020408173076923077 0.0017384735576923076 0.0020408173076923077 0.06704459615384616
0 0.4149659855769231 0.8241118677884616 0.40680272115384614 0.8241118677884616 0.40680272115384614 0.8495086923076923 0.4149659855769231 0.8495086923076923 0.4149659855769231 0.8241118677884616
0 0.32951292548076927 0.9273593942307692 0.3244974158653846 0.9273593942307692 0.3244974158653846 0.9461830384615385 0.32951292548076927 0.9461830384615385 0.32951292548076927 0.9273593942307692
0 0.49530340144230767 0.7193086009615384 0.49223836778846153 0.7193086009615384 0.49223836778846153 0.7326832956730769 0.49530340144230767 0.7326832956730769 0.49530340144230767 0.7193086009615384
0 0.4989257139423077 0.7143550120192308 0.4964179591346154 0.7143550120192308 0.4964179591346154 0.7242621923076923 0.4989257139423077 0.7242621923076923 0.4989257139423077 0.7143550120192308
0 0.4989257139423077 0.7361508076923078 0.5019907475961538 0.7361508076923078 0.5019907475961538 0.7242621923076923 0.4989257139423077 0.7242621923076923 0.4989257139423077 0.7361508076923078
0 0.5410002716346154 0.7564605288461539 0.534870204326923 0.7564605288461539 0.534870204326923 0.778256326923077 0.5410002716346154 0.778256326923077 0.5410002716346154 0.7564605288461539
0 0.5410002716346154 0.7762748918269231 0.5474089807692308 0.7762748918269231 0.5474089807692308 0.7564605288461539 0.5410002716346154 0.7564605288461539 0.5410002716346154 0.7762748918269231
0 0.5432293870192308 0.845129795673077 0.5432293870192308 0.8302690240384615 0.5376565985576923 0.8302690240384615 0.5376565985576923 0.845129795673077 0.5393284350961538 0.845129795673077 0.5432293870192308 0.845129795673077
0 0.5373779591346154 0.8718791826923076 0.5373779591346154 0.8555323341346154 0.53152653125 0.8555323341346154 0.53152653125 0.8768327740384615 0.5373779591346154 0.8768327740384615 0.5373779591346154 0.8718791826923076
0 0.5529817692307692 0.8614766442307692 0.5462944206730769 0.8614766442307692 0.5462944206730769 0.8812910048076923 0.5529817692307692 0.8812910048076923 0.5529817692307692 0.8614766442307692
0 0.5460157812499999 0.8718791826923076 0.5396070745192307 0.8718791826923076 0.5396070745192307 0.8921889038461538 0.5460157812499999 0.8921889038461538 0.5460157812499999 0.8718791826923076
0 0.5663564615384615 0.8540462572115385 0.5635700673076923 0.8540462572115385 0.5635700673076923 0.8718791826923076 0.5663564615384615 0.8718791826923076 0.5663564615384615 0.8540462572115385
0 0.5462944206730769 0.845129795673077 0.5376565985576923 0.845129795673077 0.5376565985576923 0.8664302331730769 0.5462944206730769 0.8664302331730769 0.5462944206730769 0.845129795673077
0 0.6374312932692308 0.5610549350961539 0.6340876201923076 0.5610549350961539 0.6340876201923076 0.5719528341346154 0.6374312932692308 0.5719528341346154 0.6374312932692308 0.5610549350961539
0 0.6931591826923077 0.5486709591346154 0.688143673076923 0.5486709591346154 0.688143673076923 0.5625410120192308 0.6931591826923077 0.5625410120192308 0.6931591826923077 0.5486709591346154
0 0.6797844903846154 0.5541199086538462 0.6753262572115385 0.5541199086538462 0.6753262572115385 0.5645224495192308 0.6797844903846154 0.5645224495192308 0.6797844903846154 0.5541199086538462
0 0.6232206802884614 0.6799411033653846 0.6209915649038462 0.6799411033653846 0.6209915649038462 0.6992601057692307 0.6232206802884614 0.6992601057692307 0.6232206802884614 0.6799411033653846
0 0.6232206802884614 0.7002508245192308 0.6268429927884616 0.7002508245192308 0.6268429927884616 0.6799411033653846 0.6232206802884614 0.6799411033653846 0.6232206802884614 0.7002508245192308
0 0.636595375 0.6952972331730769 0.632694423076923 0.6952972331730769 0.632694423076923 0.7106533629807692 0.636595375 0.7106533629807692 0.636595375 0.6952972331730769
0 0.7188255769230769 0.6398902427884615 0.7156156514423077 0.6398902427884615 0.7156156514423077 0.6544736129807693 0.7188255769230769 0.6544736129807693 0.7188255769230769 0.6398902427884615
0 0.6811981057692308 0.6902979783653845 0.6767398750000001 0.6902979783653845 0.6767398750000001 0.7029791682692307 0.6811981057692308 0.7029791682692307 0.6811981057692308 0.6902979783653845
0 0.6811981057692308 0.702662139423077 0.6858346658653847 0.702662139423077 0.6858346658653847 0.6902979783653845 0.6811981057692308 0.6902979783653845 0.6811981057692308 0.702662139423077
0 0.7373718197115384 0.6744464879807693 0.7407600769230769 0.6744464879807693 0.7407600769230769 0.6677888629807692 0.7373718197115384 0.6677888629807692 0.7373718197115384 0.6744464879807693
0 0.7147240048076923 0.5809227019230769 0.711514079326923 0.5809227019230769 0.711514079326923 0.5964571610576923 0.7147240048076923 0.5964571610576923 0.7147240048076923 0.5809227019230769
0 0.7505681850961538 0.5929698341346155 0.7486065624999999 0.5929698341346155 0.7486065624999999 0.6005785480769231 0.7505681850961538 0.6005785480769231 0.7505681850961538 0.5929698341346155
0 0.7544914278846153 0.590750625 0.7516381610576922 0.590750625 0.7516381610576922 0.6037488461538462 0.7544914278846153 0.6037488461538462 0.7544914278846153 0.590750625
0 0.7732159999999999 0.5599987379807693 0.775712610576923 0.5599987379807693 0.775712610576923 0.5492197259615385 0.7732159999999999 0.5492197259615385 0.7732159999999999 0.5599987379807693
0 0.7533604927884615 0.5525312932692308 0.7487952620192307 0.5525312932692308 0.7487952620192307 0.5672414759615385 0.7533604927884615 0.5672414759615385 0.7533604927884615 0.5525312932692308
0 0.7904465889423077 0.6331705913461538 0.7866570913461538 0.6331705913461538 0.7866570913461538 0.6462480697115385 0.7904465889423077 0.6462480697115385 0.7904465889423077 0.6331705913461538
0 0.7962422884615384 0.6541738149038461 0.7935673509615384 0.6541738149038461 0.7935673509615384 0.66645871875 0.7962422884615384 0.66645871875 0.7962422884615384 0.6541738149038461
0 0.7962422884615384 0.66645871875 0.8020379903846154 0.66645871875 0.8020379903846154 0.6541738149038461 0.7962422884615384 0.6541738149038461 0.7962422884615384 0.66645871875
0 0.8138523028846154 0.6941988245192309 0.8105086298076922 0.6941988245192309 0.8105086298076922 0.7041060048076923 0.8138523028846154 0.7041060048076923 0.8138523028846154 0.6941988245192309
0 0.8439453629807693 0.5705572091346154 0.8401558677884615 0.5705572091346154 0.8401558677884615 0.5780866682692307 0.8439453629807693 0.5780866682692307 0.8439453629807693 0.5705572091346154
0 0.9583250048076923 0.5043850865384616 0.9565902163461538 0.5043850865384616 0.9565902163461538 0.5115271322115384 0.9583250048076923 0.5115271322115384 0.9583250048076923 0.5043850865384616
0 0.9545815144230769 0.5027618942307692 0.9522989014423077 0.5027618942307692 0.9522989014423077 0.5134749639423076 0.9545815144230769 0.5134749639423076 0.9545815144230769 0.5027618942307692
0 0.9301967956730769 0.5567868100961538 0.9280568461538461 0.5567868100961538 0.9280568461538461 0.5643955240384615 0.9301967956730769 0.5643955240384615 0.9301967956730769 0.5567868100961538
0 0.9269155384615384 0.5529824519230769 0.9232062884615384 0.5529824519230769 0.9232062884615384 0.5649027716346153 0.9269155384615384 0.5649027716346153 0.9269155384615384 0.5529824519230769
0 0.90622934375 0.5136707596153847 0.9032334134615384 0.5136707596153847 0.9032334134615384 0.5248302067307692 0.90622934375 0.5248302067307692 0.90622934375 0.5136707596153847
0 0.9110799014423077 0.515446125 0.9075133149038461 0.515446125 0.9075133149038461 0.5299026850961538 0.9110799014423077 0.5299026850961538 0.9110799014423077 0.515446125
0 0.9373299663461538 0.5210258509615385 0.9361071105769232 0.5210258509615385 0.93362071875 0.5210258509615385 0.93362071875 0.5352287836538461 0.9373299663461538 0.5352287836538461 0.9373299663461538 0.5210258509615385
0 0.9557335456730769 0.519250483173077 0.9549226802884616 0.519250483173077 0.9503123365384615 0.519250483173077 0.9503123365384615 0.5329461706730769 0.9557335456730769 0.5329461706730769 0.9557335456730769 0.519250483173077
0 0.10780625721153846 0.8681777692307692 0.10316969711538461 0.8681777692307692 0.10316969711538461 0.8852973749999999 0.10780625721153846 0.8852973749999999 0.10780625721153846 0.8681777692307692
0 0.09264827163461538 0.8830781682692308 0.08712006490384616 0.8830781682692308 0.08712006490384616 0.9033680745192308 0.09264827163461538 0.9033680745192308 0.09264827163461538 0.8830781682692308
0 0.10299136778846153 0.8792738100961538 0.09674984375 0.8792738100961538 0.09674984375 0.8970274783653847 0.10299136778846153 0.8970274783653847 0.10299136778846153 0.8792738100961538
0 0.5793934807692308 0.5173051346153846 0.5765402115384616 0.5173051346153846 0.5765402115384616 0.52618196875 0.5793934807692308 0.52618196875 0.5793934807692308 0.5173051346153846
0 0.7118326418269232 0.5401142211538461 0.7075527403846155 0.5401142211538461 0.7075527403846155 0.5505762043269231 0.7118326418269232 0.5505762043269231 0.7118326418269232 0.5401142211538461
0 0.699171264423077 0.520458375 0.696496326923077 0.520458375 0.696496326923077 0.5340906538461538 0.699171264423077 0.5340906538461538 0.699171264423077 0.520458375
0 0.694356375 0.510313420673077 0.6907897908653846 0.510313420673077 0.6907897908653846 0.5220435240384615 0.694356375 0.5220435240384615 0.694356375 0.510313420673077
0 0.7296013677884615 0.5390743629807692 0.7261774471153846 0.5390743629807692 0.7261774471153846 0.5498280120192308 0.7296013677884615 0.5498280120192308 0.7296013677884615 0.5390743629807692
0 0.8466396730769231 0.4603213557692308 0.8427164302884615 0.4603213557692308 0.8427164302884615 0.47236848557692307 0.8466396730769231 0.47236848557692307 0.8466396730769231 0.4603213557692308
0 0.8963935360576923 0.44415283653846155 0.8919353028846154 0.44415283653846155 0.8919353028846154 0.4581021466346154 0.8963935360576923 0.4581021466346154 0.8963935360576923 0.44415283653846155
0 0.8919353028846154 0.4451039254807692 0.8908601466346154 0.4451039254807692 0.8890820360576923 0.4451039254807692 0.8890820360576923 0.45429778846153845 0.8919353028846154 0.45429778846153845 0.8919353028846154 0.4451039254807692
0 0.8890820360576923 0.44225065625 0.8840888173076924 0.44225065625 0.8840888173076924 0.45429778846153845 0.8890820360576923 0.45429778846153845 0.8890820360576923 0.44225065625
0 0.8389715168269232 0.4970968100961538 0.8346916129807693 0.4970968100961538 0.8346916129807693 0.5107290889423077 0.8389715168269232 0.5107290889423077 0.8389715168269232 0.4970968100961538
0 0.8330866514423078 0.49265839182692306 0.8282717596153847 0.49265839182692306 0.8282717596153847 0.509778 0.8330866514423078 0.509778 0.8330866514423078 0.49265839182692306
0 0.7722246538461538 0.7056304999999999 0.7684351562499999 0.7056304999999999 0.7684351562499999 0.7226708509615385 0.7722246538461538 0.7226708509615385 0.7722246538461538 0.7056304999999999
0 0.755283375 0.7523923918269231 0.7506022307692307 0.7523923918269231 0.7506022307692307 0.7729993293269231 0.755283375 0.7729993293269231 0.755283375 0.7523923918269231
0 0.7900575793269231 0.7238597139423076 0.7876055504807693 0.7238597139423076 0.7876055504807693 0.7409000649038462 0.7900575793269231 0.7409000649038462 0.7900575793269231 0.7238597139423076
0 0.8214881081730769 0.7143488197115384 0.8174756995192307 0.7143488197115384 0.8174756995192307 0.7361446177884615 0.8214881081730769 0.7361446177884615 0.8214881081730769 0.7143488197115384
0 0.8214881081730769 0.7321817451923077 0.8257234278846154 0.7321817451923077 0.8257234278846154 0.7143488197115384 0.8214881081730769 0.7143488197115384 0.8214881081730769 0.7321817451923077
0 0.8544790192307693 0.6862124254807692 0.8506895240384615 0.6862124254807692 0.8506895240384615 0.6996861923076924 0.8544790192307693 0.6996861923076924 0.8544790192307693 0.6862124254807692
0 0.8687453605769231 0.67868296875 0.8642871298076924 0.67868296875 0.8642871298076924 0.6973084687500001 0.8687453605769231 0.6973084687500001 0.8687453605769231 0.67868296875
0 0.8609434567307692 0.6941381706730769 0.8571539591346155 0.6941381706730769 0.8571539591346155 0.7084045120192308 0.8609434567307692 0.7084045120192308 0.8609434567307692 0.6941381706730769
0 0.8402126802884615 0.7127636706730769 0.8368690072115386 0.7127636706730769 0.8368690072115386 0.7282188725961538 0.8402126802884615 0.7282188725961538 0.8402126802884615 0.7127636706730769
0 0.8335253341346154 0.6802681177884615 0.8283983677884615 0.6802681177884615 0.8283983677884615 0.6889864375 0.8335253341346154 0.6889864375 0.8335253341346154 0.6802681177884615
0 0.8335253341346154 0.7127636706730769 0.8368690072115386 0.7127636706730769 0.8368690072115386 0.6969121802884615 0.8335253341346154 0.6969121802884615 0.8335253341346154 0.7127636706730769
0 0.8413272379807691 0.704441639423077 0.845116735576923 0.704441639423077 0.845116735576923 0.6941381706730769 0.8413272379807691 0.6941381706730769 0.8413272379807691 0.704441639423077
0 0.7829244086538462 0.7737919038461538 0.7769057956730769 0.7737919038461538 0.7769057956730769 0.7860768076923077 0.7829244086538462 0.7860768076923077 0.7829244086538462 0.7737919038461538
0 0.8123487355769231 0.7341631802884615 0.8101196201923078 0.7341631802884615 0.8101196201923078 0.7420889254807693 0.8123487355769231 0.7420889254807693 0.8123487355769231 0.7341631802884615
0 0.8045468293269231 0.7389186274038462 0.8003115096153847 0.7389186274038462 0.8003115096153847 0.7460517980769231 0.8045468293269231 0.7460517980769231 0.8045468293269231 0.7389186274038462
1 0.8272838100961538 0.7405037764423077 0.8234943125 0.7405037764423077 0.8234943125 0.7567515528846154 0.8272838100961538 0.7567515528846154 0.8272838100961538 0.7405037764423077
0 0.6434630697115384 0.7708663437500001 0.6384698509615384 0.7708663437500001 0.6384698509615384 0.7883663870192308 0.6434630697115384 0.7883663870192308 0.6434630697115384 0.7708663437500001
0 0.6503109134615385 0.7759388197115384 0.6464590024038461 0.7759388197115384 0.6464590024038461 0.7916634975961538 0.6503109134615385 0.7916634975961538 0.6503109134615385 0.7759388197115384
0 0.6575867475961539 0.774670701923077 0.6534495072115385 0.774670701923077 0.6534495072115385 0.790902625 0.6575867475961539 0.790902625 0.6575867475961539 0.774670701923077
0 0.6660038870192307 0.7703590961538461 0.6590133822115385 0.7703590961538461 0.6590133822115385 0.79115625 0.6660038870192307 0.79115625 0.6660038870192307 0.7703590961538461
0 0.25328234134615385 0.8731023245192309 0.25328234134615385 0.8724069639423077 0.25020081250000004 0.8724069639423077 0.25020081250000004 0.8858287355769231 0.25328234134615385 0.8858287355769231 0.25328234134615385 0.8731023245192309
0 0.25020081250000004 0.8767895817307692 0.24742743509615384 0.8767895817307692 0.24742743509615384 0.8893896129807692 0.25020081250000004 0.8893896129807692 0.25020081250000004 0.8767895817307692
0 0.2468111298076923 0.8765156682692308 0.2448081346153846 0.8765156682692308 0.2448081346153846 0.8910330961538461 0.2468111298076923 0.8910330961538461 0.2468111298076923 0.8765156682692308
0 0.2448081346153846 0.8765156682692308 0.24265106490384614 0.8765156682692308 0.24265106490384614 0.8885678725961538 0.2448081346153846 0.8885678725961538 0.2448081346153846 0.8765156682692308
0 0.24157252884615385 0.8803504615384615 0.23864507692307693 0.8803504615384615 0.23864507692307693 0.893772233173077 0.24157252884615385 0.893772233173077 0.24157252884615385 0.8803504615384615
0 0.22601080528846154 0.89212875 0.22354558173076924 0.89212875 0.22354558173076924 0.9036331274038462 0.22601080528846154 0.9036331274038462 0.22601080528846154 0.89212875
0 0.22354558173076924 0.8915809230769232 0.22015589903846156 0.8915809230769232 0.22015589903846156 0.9036331274038462 0.22354558173076924 0.9036331274038462 0.22354558173076924 0.8915809230769232
0 0.10718592548076923 0.8706876129807692 0.10436794230769232 0.8706876129807692 0.10436794230769232 0.8878722163461539 0.10718592548076923 0.8878722163461539 0.10718592548076923 0.8706876129807692
0 0.21365312740384615 0.9210699375 0.21815862500000002 0.9210699375 0.21815862500000002 0.90086346875 0.21365312740384615 0.90086346875 0.21365312740384615 0.9210699375
0 0.23275029086538462 0.8991340841346154 0.23633420673076921 0.8991340841346154 0.23633420673076921 0.8902141105769231 0.23275029086538462 0.8902141105769231 0.23275029086538462 0.8991340841346154
0 0.26679751201923074 0.8792746274038462 0.2719173942307692 0.8792746274038462 0.2719173942307692 0.8610706009615385 0.26679751201923074 0.8610706009615385 0.26679751201923074 0.8792746274038462
0 0.4162564759615384 0.9452156418269231 0.4134917403846154 0.9452156418269231 0.4134917403846154 0.95968784375 0.4162564759615384 0.95968784375 0.4162564759615384 0.9452156418269231
0 0.41917481009615387 0.9503127692307692 0.42234913701923077 0.9503127692307692 0.42234913701923077 0.9392993317307692 0.41917481009615387 0.9392993317307692 0.41917481009615387 0.9503127692307692
0 0.4723243125 0.8736890576923078 0.46786796634615385 0.8736890576923078 0.46786796634615385 0.8817862091346154 0.4723243125 0.8817862091346154 0.4723243125 0.8736890576923078
0 0.26938145673076924 0.5281474302884616 0.2717814014423077 0.5281474302884616 0.2717814014423077 0.5160588173076923 0.26938145673076924 0.5160588173076923 0.26938145673076924 0.5281474302884616
0 0.40237841346153846 0.46219338221153844 0.40547834134615385 0.46219338221153844 0.40547834134615385 0.4518825072115385 0.40237841346153846 0.4518825072115385 0.40237841346153846 0.46219338221153844
0 0.4387775793269231 0.4467270721153846 0.4415775144230769 0.4467270721153846 0.4415775144230769 0.43730506490384613 0.4387775793269231 0.43730506490384613 0.4387775793269231 0.4467270721153846
0 0.5672939615384616 0.39874737980769226 0.5692599975961539 0.39874737980769226 0.5692599975961539 0.3906502283653846 0.5672939615384616 0.3906502283653846 0.5672939615384616 0.39874737980769226
0 0.5669335216346154 0.39309685096153846 0.5652951586538462 0.39309685096153846 0.5652951586538462 0.3988638870192308 0.5669335216346154 0.3988638870192308 0.5669335216346154 0.39309685096153846
0 0.6512863798076923 0.36690968509615385 0.6533663317307692 0.36690968509615385 0.6533663317307692 0.35922986057692313 0.6512863798076923 0.35922986057692313 0.6512863798076923 0.36690968509615385
0 0.6887255240384615 0.3580921105769231 0.6910454687500001 0.3580921105769231 0.6910454687500001 0.3506967235576923 0.6887255240384615 0.3506967235576923 0.6887255240384615 0.3580921105769231
0 0.8015229423076923 0.3435857740384615 0.8035228942307693 0.3435857740384615 0.8035228942307693 0.33761257932692307 0.8015229423076923 0.33761257932692307 0.8015229423076923 0.3435857740384615
0 0.64012459375 0.4437429807692308 0.6431245264423077 0.4437429807692308 0.6431245264423077 0.4339654278846154 0.64012459375 0.4339654278846154 0.64012459375 0.4437429807692308
0 0.6057253822115385 0.4339654278846154 0.6084253197115385 0.4339654278846154 0.6084253197115385 0.4229434567307692 0.6057253822115385 0.4229434567307692 0.6057253822115385 0.4339654278846154
0 0.724373545673077 0.4144746033653846 0.7272242956730769 0.4144746033653846 0.7272242956730769 0.40363956490384617 0.724373545673077 0.40363956490384617 0.724373545673077 0.4144746033653846
0 0.7280762451923077 0.4133677980769231 0.73040271875 0.4133677980769231 0.73040271875 0.4047463701923077 0.7280762451923077 0.4047463701923077 0.7280762451923077 0.4133677980769231
0 0.7282073149038462 0.39169772355769233 0.730697625 0.39169772355769233 0.730697625 0.3833093052884615 0.7282073149038462 0.3833093052884615 0.7282073149038462 0.39169772355769233
0 0.7554368990384616 0.41296002644230767 0.7575995384615385 0.41296002644230767 0.7575995384615385 0.40346480528846157 0.7554368990384616 0.40346480528846157 0.7554368990384616 0.41296002644230767
0 0.7579599759615385 0.4109794278846154 0.7601226153846153 0.4109794278846154 0.7601226153846153 0.4018919783653846 0.7579599759615385 0.4018919783653846 0.7579599759615385 0.4109794278846154
0 0.7082460600961539 0.48363226442307694 0.7106380697115384 0.48363226442307694 0.7106380697115384 0.47518559615384615 0.7082460600961539 0.47518559615384615 0.7082460600961539 0.48363226442307694
0 0.7007423605769231 0.4780982403846154 0.7037569471153847 0.4780982403846154 0.7037569471153847 0.4671466971153846 0.7007423605769231 0.4671466971153846 0.7007423605769231 0.4780982403846154
0 0.723056858173077 0.47798173317307696 0.7196162980769232 0.47798173317307696 0.7196162980769232 0.4864284038461539 0.723056858173077 0.4864284038461539 0.723056858173077 0.47798173317307696
0 0.7128334759615385 0.5061178798076923 0.7146684423076923 0.5061178798076923 0.7146684423076923 0.4996518076923077 0.7128334759615385 0.4996518076923077 0.7128334759615385 0.5061178798076923
0 0.7163395721153846 0.4961566346153846 0.7181745384615384 0.4961566346153846 0.7181745384615384 0.49021484134615384 0.7163395721153846 0.49021484134615384 0.7163395721153846 0.4961566346153846
0 0.7511844062499999 0.503059545673077 0.7535764158653847 0.503059545673077 0.7535764158653847 0.4957196802884616 0.7511844062499999 0.4957196802884616 0.7511844062499999 0.503059545673077
0 0.754362829326923 0.5035255697115384 0.7575412524038462 0.5035255697115384 0.7575412524038462 0.4911759567307692 0.754362829326923 0.4911759567307692 0.754362829326923 0.5035255697115384
0 0.5818669038461539 0.5209616298076922 0.5840428533653846 0.5209616298076922 0.5840428533653846 0.5122009399038462 0.5818669038461539 0.5122009399038462 0.5818669038461539 0.5209616298076922
0 0.5883947548076923 0.5155004206730769 0.5904427067307693 0.5155004206730769 0.5904427067307693 0.5090152355769231 0.5883947548076923 0.5090152355769231 0.5883947548076923 0.5155004206730769
0 0.5928106538461538 0.5057157572115385 0.5910826923076923 0.5057157572115385 0.5910826923076923 0.5132249182692308 0.5928106538461538 0.5132249182692308 0.5928106538461538 0.5057157572115385
0 0.5928106538461538 0.5156141971153846 0.5950506009615385 0.5156141971153846 0.5950506009615385 0.5057157572115385 0.5928106538461538 0.5057157572115385 0.5928106538461538 0.5156141971153846
0 0.5850028317307692 0.5200514278846154 0.5874347764423077 0.5200514278846154 0.5874347764423077 0.5117458413461539 0.5850028317307692 0.5117458413461539 0.5850028317307692 0.5200514278846154
0 0.6280098485576923 0.48899080528846156 0.630185798076923 0.48899080528846156 0.630185798076923 0.47886481490384614 0.6280098485576923 0.47886481490384614 0.6280098485576923 0.48899080528846156
0 0.6549833100961538 0.5025375600961538 0.6529189735576922 0.5025375600961538 0.6529189735576922 0.5112172403846154 0.6549833100961538 0.5112172403846154 0.6549833100961538 0.5025375600961538
0 0.626551516826923 0.563038201923077 0.6247902764423077 0.563038201923077 0.6247902764423077 0.5710479735576923 0.626551516826923 0.5710479735576923 0.626551516826923 0.563038201923077
0 0.6301149567307692 0.5603440048076923 0.6324496225961538 0.5603440048076923 0.6324496225961538 0.5537905552884616 0.6301149567307692 0.5537905552884616 0.6301149567307692 0.5603440048076923
0 0.6627183701923076 0.5529895769230769 0.6652987908653846 0.5529895769230769 0.6652987908653846 0.5467273918269231 0.6627183701923076 0.5467273918269231 0.6627183701923076 0.5529895769230769
0 0.6512907908653846 0.535004 0.6544855985576923 0.535004 0.6544855985576923 0.5283777331730769 0.6512907908653846 0.5283777331730769 0.6512907908653846 0.535004
0 0.7027565913461539 0.5322484927884615 0.7043923317307693 0.5322484927884615 0.7043923317307693 0.5259105769230769 0.7027565913461539 0.5259105769230769 0.7027565913461539 0.5322484927884615
0 0.7043713605769231 0.5304589639423077 0.7063216682692308 0.5304589639423077 0.7063216682692308 0.5231144375000001 0.7043713605769231 0.5231144375000001 0.7043713605769231 0.5304589639423077
0 0.7066934519230769 0.52962434375 0.7087905576923077 0.52962434375 0.7087905576923077 0.5226339975961538 0.7066934519230769 0.5226339975961538 0.7066934519230769 0.52962434375
0 0.7348077524038461 0.5120902259615385 0.7379534086538461 0.5120902259615385 0.7379534086538461 0.5060901778846154 0.7348077524038461 0.5060901778846154 0.7348077524038461 0.5120902259615385
0 0.7938799375 0.5201464182692308 0.7889520504807692 0.5201464182692308 0.7889520504807692 0.5275418028846154 0.7938799375 0.5275418028846154 0.7938799375 0.5201464182692308
0 0.8085356009615385 0.5113857283653845 0.8031597235576923 0.5113857283653845 0.8031597235576923 0.5196913173076922 0.8085356009615385 0.5196913173076922 0.8085356009615385 0.5113857283653845
0 0.7533448653846153 0.5419372067307692 0.755444016826923 0.5419372067307692 0.755444016826923 0.5359298798076924 0.7533448653846153 0.5359298798076924 0.7533448653846153 0.5419372067307692
0 0.7670149519230769 0.5430294495192307 0.7695236947115384 0.5430294495192307 0.7695236947115384 0.5362029399038462 0.7670149519230769 0.5362029399038462 0.7670149519230769 0.5430294495192307
0 0.7633798365384615 0.5387515024038462 0.7653253894230769 0.5387515024038462 0.7653253894230769 0.5324711129807692 0.7633798365384615 0.5324711129807692 0.7633798365384615 0.5387515024038462
0 0.7575431682692308 0.5620526586538461 0.7606662980769231 0.5620526586538461 0.7606662980769231 0.5504020817307692 0.7575431682692308 0.5504020817307692 0.7575431682692308 0.5620526586538461
0 0.7714692500000001 0.5564094086538461 0.7734660048076923 0.5564094086538461 0.7734660048076923 0.5471253557692308 0.7714692500000001 0.5471253557692308 0.7714692500000001 0.5564094086538461
0 0.8385187355769231 0.47082912499999996 0.8413986706730768 0.47082912499999996 0.8413986706730768 0.4617271081730769 0.8385187355769231 0.4617271081730769 0.8385187355769231 0.47082912499999996
0 0.8511035360576924 0.4566192860576923 0.8527746658653845 0.4566192860576923 0.8527746658653845 0.4499784567307692 0.8511035360576924 0.4499784567307692 0.8511035360576924 0.4566192860576923
0 0.8808123750000001 0.5077776971153847 0.8833723173076924 0.5077776971153847 0.8833723173076924 0.4982205817307692 0.8808123750000001 0.4982205817307692 0.8808123750000001 0.5077776971153847
0 0.97777015625 0.445315125 0.9742502379807692 0.445315125 0.9742502379807692 0.45817172115384613 0.97777015625 0.45817172115384613 0.97777015625 0.445315125
0 0.9849379927884615 0.4422431971153846 0.9872419399038462 0.4422431971153846 0.9872419399038462 0.43302740624999997 0.9849379927884615 0.43302740624999997 0.9849379927884615 0.4422431971153846
1 0.7025564807692307 0.97016975 0.70583640625 0.97016975 0.70583640625 0.9609255168269232 0.7025564807692307 0.9609255168269232 0.7025564807692307 0.97016975
1 0.7062363990384615 0.9630588004807692 0.7087963389423078 0.9630588004807692 0.7087963389423078 0.9568011658653847 0.7062363990384615 0.9568011658653847 0.7062363990384615 0.9630588004807692
1 0.6789570216346154 0.9351838846153846 0.6763170817307693 0.9351838846153846 0.6763170817307693 0.9411570817307692 0.6789570216346154 0.9411570817307692 0.6789570216346154 0.9351838846153846
0 0.5527724182692307 0.8683298341346154 0.5569723221153846 0.8683298341346154 0.5569723221153846 0.8532190697115385 0.5527724182692307 0.8532190697115385 0.5527724182692307 0.8683298341346154
0 0.80068165625 0.6937440480769231 0.8043615721153846 0.6937440480769231 0.8043615721153846 0.68094434375 0.80068165625 0.68094434375 0.80068165625 0.6937440480769231
0 0.7782821682692307 0.6734067379807692 0.7828420649038462 0.6734067379807692 0.7828420649038462 0.6644469423076923 0.7782821682692307 0.6644469423076923 0.7782821682692307 0.6734067379807692
0 0.7362031322115385 0.6644469423076923 0.7331632019230769 0.6644469423076923 0.7331632019230769 0.671842329326923 0.7362031322115385 0.671842329326923 0.7362031322115385 0.6644469423076923
0 0.7184230600961539 0.6569582596153847 0.7219864975961539 0.6569582596153847 0.7219864975961539 0.6500407307692307 0.7184230600961539 0.6500407307692307 0.7184230600961539 0.6569582596153847
0 0.7248945913461539 0.645089233173077 0.7213311514423076 0.645089233173077 0.7213311514423076 0.6525892932692308 0.7248945913461539 0.6525892932692308 0.7248945913461539 0.645089233173077
0 0.7038749134615384 0.6822909855769231 0.7079708197115384 0.6822909855769231 0.7079708197115384 0.6753006394230769 0.7038749134615384 0.6753006394230769 0.7038749134615384 0.6822909855769231
0 0.7002377475961539 0.6836890552884616 0.7028918942307693 0.6836890552884616 0.7028918942307693 0.6759414206730768 0.7002377475961539 0.6759414206730768 0.7002377475961539 0.6836890552884616
0 0.7009913942307692 0.6751258798076923 0.7039076802884616 0.6751258798076923 0.7039076802884616 0.6688928197115385 0.7009913942307692 0.6688928197115385 0.7009913942307692 0.6751258798076923
0 0.704366420673077 0.6649898774038461 0.7001394447115385 0.6649898774038461 0.7001394447115385 0.6717472115384615 0.704366420673077 0.6717472115384615 0.704366420673077 0.6649898774038461
1 0.7477325961538461 0.6384468677884616 0.7675321442307692 0.6384468677884616 0.7675321442307692 0.6126696802884616 0.7477325961538461 0.6126696802884616 0.7477325961538461 0.6384468677884616
0 0.9006040985576923 0.6798148100961539 0.904924 0.6798148100961539 0.904924 0.671708329326923 0.9006040985576923 0.671708329326923 0.9006040985576923 0.6798148100961539
0 0.8985241442307692 0.6708550168269232 0.9020440649038461 0.6708550168269232 0.9020440649038461 0.6620374399038462 0.8985241442307692 0.6620374399038462 0.8985241442307692 0.6708550168269232
0 0.9085239158653846 0.6475311057692308 0.9112438533653846 0.6475311057692308 0.9112438533653846 0.6365802451923077 0.9085239158653846 0.6365802451923077 0.9085239158653846 0.6475311057692308
0 0.9140437908653846 0.6388557475961538 0.9106838677884616 0.6388557475961538 0.9106838677884616 0.6475311057692308 0.9140437908653846 0.6475311057692308 0.9140437908653846 0.6388557475961538
0 0.9106038677884616 0.6567753389423078 0.9130038125000001 0.6567753389423078 0.9130038125000001 0.6452556009615384 0.9106038677884616 0.6452556009615384 0.9106038677884616 0.6567753389423078
0 0.9545228629807692 0.6246338509615386 0.9586827692307692 0.6246338509615386 0.9586827692307692 0.6094164230769231 0.9545228629807692 0.6094164230769231 0.9545228629807692 0.6246338509615386
0 0.9595627475961539 0.6270515745192308 0.9632426634615385 0.6270515745192308 0.9632426634615385 0.6128296778846154 0.9595627475961539 0.6128296778846154 0.9595627475961539 0.6270515745192308
0 0.947803016826923 0.6109808317307692 0.9530028990384616 0.6109808317307692 0.9530028990384616 0.599318875 0.947803016826923 0.599318875 0.947803016826923 0.6109808317307692
0 0.9450030817307693 0.6116919254807692 0.9488429927884615 0.6116919254807692 0.9488429927884615 0.6021632548076923 0.9450030817307693 0.6021632548076923 0.9450030817307693 0.6116919254807692
0 0.9783769086538462 0.5904189254807692 0.9817847043269231 0.5904189254807692 0.9817847043269231 0.5808071995192308 0.9783769086538462 0.5808071995192308 0.9783769086538462 0.5904189254807692
0 0.9843405480769231 0.5879140528846154 0.988370920673077 0.5879140528846154 0.988370920673077 0.5784188317307692 0.9843405480769231 0.5784188317307692 0.9843405480769231 0.5879140528846154