0 0.043900379807692305 0.2861009326923077 0.039799427884615386 0.2861009326923077 0.039799427884615386 0.2976995841346154 0.043900379807692305 0.2976995841346154 0.043900379807692305 0.2861009326923077
0 0.050051807692307694 0.2761592331730769 0.04501881971153846 0.2761592331730769 0.04501881971153846 0.29239734375 0.050051807692307694 0.29239734375 0.050051807692307694 0.2761592331730769
0 0.07391188701923077 0.2781475721153846 0.07092937740384615 0.2781475721153846 0.07092937740384615 0.2910717836538462 0.07391188701923077 0.2910717836538462 0.07391188701923077 0.2781475721153846
0 0.08155456971153846 0.27582784375 0.07838565384615384 0.27582784375 0.07838565384615384 0.29074039423076925 0.08155456971153846 0.29074039423076925 0.08155456971153846 0.27582784375
0 0.09404383173076923 0.2698628221153846 0.09124772836538461 0.2698628221153846 0.09124772836538461 0.27682201201923073 0.09404383173076923 0.27682201201923073 0.09404383173076923 0.2698628221153846
0 0.09739915625 0.2701942115384615 0.09404383173076923 0.2701942115384615 0.09404383173076923 0.27682201201923073 0.09739915625 0.27682201201923073 0.09739915625 0.2701942115384615
0 0.11417577403846153 0.2778161826923077 0.10876997596153845 0.2778161826923077 0.10876997596153845 0.29206595432692306 0.11417577403846153 0.29206595432692306 0.11417577403846153 0.2778161826923077
0 0.11846313221153845 0.2778161826923077 0.11417577403846153 0.2778161826923077 0.11417577403846153 0.29007761298076923 0.11846313221153845 0.29007761298076923 0.11846313221153845 0.2778161826923077
0 0.13207083653846155 0.2705256033653846 0.12815629086538463 0.2705256033653846 0.12815629086538463 0.2847753725961538 0.13207083653846155 0.2847753725961538 0.13207083653846155 0.2705256033653846
0 0.1952627692307692 0.28278703365384616 0.19097541105769228 0.28278703365384616 0.19097541105769228 0.29372290384615385 0.1952627692307692 0.29372290384615385 0.1952627692307692 0.28278703365384616
0 0.21949566346153848 0.2834498125 0.2155811201923077 0.2834498125 0.2155811201923077 0.29670541346153845 0.21949566346153848 0.29670541346153845 0.21949566346153848 0.2834498125
0 0.2431693389423077 0.3285188557692308 0.23534025 0.3285188557692308 0.23534025 0.351053375 0.2431693389423077 0.351053375 0.2431693389423077 0.3285188557692308
0 0.2526760889423077 0.3059843341346154 0.25025280048076926 0.3059843341346154 0.25025280048076926 0.3139376947115385 0.2526760889423077 0.3139376947115385 0.2526760889423077 0.3059843341346154
0 0.25621781971153845 0.3059843341346154 0.2526760889423077 0.3059843341346154 0.2526760889423077 0.3116179639423077 0.25621781971153845 0.3116179639423077 0.25621781971153845 0.3059843341346154
0 0.2597595504807692 0.30333321394230767 0.25491297115384615 0.30333321394230767 0.25491297115384615 0.3122807451923077 0.2597595504807692 0.3122807451923077 0.2597595504807692 0.30333321394230767
0 0.2765361706730769 0.29074039423076925 0.27243521875 0.29074039423076925 0.27243521875 0.30366460336538464 0.2765361706730769 0.30366460336538464 0.2765361706730769 0.29074039423076925
0 0.2799189375 0.3126121346153846 0.27560413461538463 0.3126121346153846 0.27560413461538463 0.3265305144230769 0.2799189375 0.3265305144230769 0.2799189375 0.3126121346153846
0 0.2923807548076923 0.31327491346153846 0.2886526177884615 0.31327491346153846 0.2886526177884615 0.32785607451923077 0.2923807548076923 0.32785607451923077 0.2923807548076923 0.31327491346153846
1 0.27709538942307693 0.3023390432692308 0.2621828389423077 0.3023390432692308 0.2621828389423077 0.31592603365384614 0.27709538942307693 0.31592603365384614 0.27709538942307693 0.3023390432692308
0 0.2948040456730769 0.2877578822115385 0.29107590625 0.2877578822115385 0.29107590625 0.2970368028846154 0.2948040456730769 0.2970368028846154 0.2948040456730769 0.2877578822115385
0 0.2981593677884615 0.29242488461538463 0.2981593677884615 0.2897462235576923 0.29517685817307693 0.2897462235576923 0.29517685817307693 0.29968792307692305 0.2981593677884615 0.29968792307692305 0.2981593677884615 0.29242488461538463
0 0.2741128798076923 0.2788103533653846 0.2705711490384615 0.2788103533653846 0.2705711490384615 0.29074039423076925 0.2741128798076923 0.29074039423076925 0.2741128798076923 0.2788103533653846
0 0.27840023798076924 0.2778161826923077 0.2763497620192308 0.2778161826923077 0.2763497620192308 0.28875205288461536 0.27840023798076924 0.28875205288461536 0.27840023798076924 0.2778161826923077
0 0.28492448076923077 0.27715340384615383 0.2828740048076923 0.27715340384615383 0.2828740048076923 0.28411259375 0.28492448076923077 0.28411259375 0.28492448076923077 0.27715340384615383
0 0.28827980288461535 0.27085699278846154 0.28827980288461535 0.2705256033653846 0.28511088701923076 0.2705256033653846 0.28511088701923076 0.2781475721153846 0.28827980288461535 0.2781475721153846 0.28827980288461535 0.27085699278846154
0 0.2897710576923077 0.27715340384615383 0.2916351274038461 0.27715340384615383 0.2916351274038461 0.2705256033653846 0.2897710576923077 0.2705256033653846 0.2897710576923077 0.27715340384615383
0 0.2765361706730769 0.2619094615384615 0.2750449158653846 0.2619094615384615 0.2750449158653846 0.2701942115384615 0.2765361706730769 0.2701942115384615 0.2765361706730769 0.2619094615384615
0 0.27970508653846154 0.25992112259615385 0.2776546105769231 0.25992112259615385 0.2776546105769231 0.26621753125000003 0.27970508653846154 0.26621753125000003 0.27970508653846154 0.25992112259615385
1 0.27989149278846154 0.2642291923076923 0.27989149278846154 0.2715197716346154 0.2862293269230769 0.2715197716346154 0.2862293269230769 0.26469400721153846 0.2862293269230769 0.2642291923076923 0.27989149278846154 0.2642291923076923
0 0.2660973846153846 0.32520495432692303 0.2694527091346154 0.32520495432692303 0.2694527091346154 0.31592603365384614 0.2660973846153846 0.31592603365384614 0.2660973846153846 0.32520495432692303
0 0.3205663677884615 0.2855022788461538 0.3185812067307693 0.2855022788461538 0.3185812067307693 0.2958183197115385 0.3205663677884615 0.2958183197115385 0.3205663677884615 0.2855022788461538
0 0.3234677524038462 0.2855022788461538 0.3205663677884615 0.2855022788461538 0.3205663677884615 0.2982615913461539 0.3234677524038462 0.2982615913461539 0.3234677524038462 0.2855022788461538
1 0.3508782139423077 0.28875997596153846 0.34828223798076924 0.28875997596153846 0.34828223798076924 0.29975470192307696 0.3508782139423077 0.29975470192307696 0.3508782139423077 0.28875997596153846
0 0.3118622091346154 0.3156359711538462 0.30590673317307693 0.3156359711538462 0.30590673317307693 0.32432316105769227 0.3118622091346154 0.32432316105769227 0.3118622091346154 0.3156359711538462
0 0.3062121418269231 0.2865881778846154 0.3021654711538461 0.2865881778846154 0.3021654711538461 0.3007048629807692 0.3062121418269231 0.3007048629807692 0.3062121418269231 0.2865881778846154
0 0.2981593677884615 0.3011120745192308 0.30163100721153846 0.3011120745192308 0.30163100721153846 0.29242488461538463 0.2981593677884615 0.29242488461538463 0.2981593677884615 0.3011120745192308
0 0.30590673317307693 0.2724714951923077 0.3043796875 0.2724714951923077 0.3043796875 0.2833304831730769 0.30590673317307693 0.2833304831730769 0.30590673317307693 0.2724714951923077
1 0.3037688701923077 0.26500593990384613 0.2972789278846154 0.26500593990384613 0.2972789278846154 0.27220001923076925 0.3037688701923077 0.27220001923076925 0.3037688701923077 0.26500593990384613
1 0.31560346875 0.27029969711538465 0.3067466081730769 0.27029969711538465 0.3067466081730769 0.2815658966346154 0.31560346875 0.2815658966346154 0.31560346875 0.27029969711538465
1 0.3281252403846154 0.2673134759615384 0.32339139903846154 0.2673134759615384 0.32339139903846154 0.27735803846153845 0.3281252403846154 0.27735803846153845 0.3281252403846154 0.2673134759615384
1 0.9836488822115383 0.03796137019230769 0.8272682572115385 0.03796137019230769 0.8272682572115385 0.07992514182692309 0.9836488822115383 0.07992514182692309 0.9836488822115383 0.03796137019230769
1 0.2864725 0.27022115384615386 0.29204169951923076 0.27022115384615386 0.29204169951923076 0.2649823798076923 0.2864725 0.2649823798076923 0.2864725 0.27022115384615386
1 0.28284981490384614 0.2842102403846154 0.27917475240384615 0.2842102403846154 0.27917475240384615 0.28954213461538464 0.28284981490384614 0.28954213461538464 0.28284981490384614 0.2842102403846154
1 0.2902844278846154 0.28411259375 0.28492448076923077 0.28411259375 0.28492448076923077 0.3008066995192308 0.2902844278846154 0.3008066995192308 0.2902844278846154 0.28411259375
1 0.28116012980769234 0.27362155048076925 0.27702040384615384 0.27362155048076925 0.27702040384615384 0.278127375 0.28116012980769234 0.278127375 0.28116012980769234 0.27362155048076925
0 0.28099116346153846 0.2926211153846154 0.2779497307692308 0.2926211153846154 0.2779497307692308 0.30643898317307694 0.28099116346153846 0.30643898317307694 0.28099116346153846 0.2926211153846154
0 0.2756044471153846 0.2858083076923077 0.27333351201923073 0.2858083076923077 0.27333351201923073 0.29753547115384615 0.2756044471153846 0.29753547115384615 0.2756044471153846 0.2858083076923077
0 0.1401688798076923 0.32731965865384616 0.13171220673076925 0.32731965865384616 0.13171220673076925 0.34638728124999996 0.1401688798076923 0.34638728124999996 0.1401688798076923 0.32731965865384616
1 0.06603506971153847 0.25866622596153843 0.06393986057692308 0.25866622596153843 0.06393986057692308 0.2632321298076923 0.06603506971153847 0.2632321298076923 0.06603506971153847 0.25866622596153843
1 0.07134067788461539 0.25944723557692306 0.06954961298076924 0.25944723557692306 0.06954961298076924 0.2632321298076923 0.07134067788461539 0.2632321298076923 0.07134067788461539 0.25944723557692306
1 0.07722078125000001 0.25932708173076924 0.07522695432692307 0.25932708173076924 0.07522695432692307 0.26347243990384617 0.07722078125000001 0.26347243990384617 0.07722078125000001 0.25932708173076924
1 0.053396225961538465 0.25986777884615386 0.05130101923076923 0.25986777884615386 0.05130101923076923 0.26473407211538463 0.053396225961538465 0.26473407211538463 0.053396225961538465 0.25986777884615386
1 0.02919994230769231 0.2619705 0.024637793269230768 0.2619705 0.024637793269230768 0.2672573341346154 0.02919994230769231 0.2672573341346154 0.02919994230769231 0.2619705
1 0.08631254567307692 0.25912509134615386 0.08387042307692308 0.25912509134615386 0.08387042307692308 0.2634666418269231 0.08631254567307692 0.2634666418269231 0.08631254567307692 0.25912509134615386
1 0.30405402644230767 0.27329652403846155 0.3004212043269231 0.27329652403846155 0.3004212043269231 0.2772015721153846 0.30405402644230767 0.2772015721153846 0.30405402644230767 0.27329652403846155
0 0.33395383894230773 0.34205579807692305 0.3278949423076923 0.34205579807692305 0.3278949423076923 0.36955717788461534 0.33395383894230773 0.36955717788461534 0.33395383894230773 0.34205579807692305
0 0.28535374759615384 0.3265305144230769 0.2799189375 0.3265305144230769 0.2799189375 0.34755607451923076 0.28535374759615384 0.34755607451923076 0.28535374759615384 0.3265305144230769
0 0.24217940625 0.46426585576923074 0.23155287500000002 0.46426585576923074 0.23155287500000002 0.5319705841346154 0.24217940625 0.5319705841346154 0.24217940625 0.46426585576923074
0 0.23533649519230768 0.5248906634615385 0.21960914423076924 0.5248906634615385 0.21960914423076924 0.6154160336538462 0.23533649519230768 0.6154160336538462 0.23533649519230768 0.5248906634615385
0 0.3477096634615385 0.7335549759615384 0.32051713701923074 0.7335549759615384 0.32051713701923074 0.8585286899038462 0.3477096634615385 0.8585286899038462 0.3477096634615385 0.7335549759615384
1 0.31342290144230767 0.2933876009615385 0.3104828485576923 0.2933876009615385 0.3104828485576923 0.30462212499999997 0.31342290144230767 0.30462212499999997 0.31342290144230767 0.2933876009615385
0 0.18102485576923077 0.34338575721153847 0.17096966346153847 0.34338575721153847 0.17096966346153847 0.3784500144230769 0.18102485576923077 0.3784500144230769 0.18102485576923077 0.34338575721153847
1 0.27535481730769235 0.32328975240384616 0.27282028846153844 0.32328975240384616 0.27282028846153844 0.3282461610576923 0.27535481730769235 0.3282461610576923 0.27535481730769235 0.32328975240384616
1 0.5799872524038462 0.44308496875000003 0.5703646322115384 0.44308496875000003 0.5703646322115384 0.4777060360576923 0.5799872524038462 0.4777060360576923 0.5799872524038462 0.44308496875000003
0 0.2978657475961538 0.27576163221153843 0.2990876682692308 0.27576163221153843 0.2990876682692308 0.2710911826923077 0.2978657475961538 0.2710911826923077 0.2978657475961538 0.27576163221153843
0 0.2599862283653846 0.2807579278846154 0.2568092355769231 0.2807579278846154 0.2568092355769231 0.29096774759615385 0.2599862283653846 0.29096774759615385 0.2599862283653846 0.2807579278846154