0 0.1064139951923077 0.027839009615384616 0.0921922764423077 0.027839009615384616 0.0921922764423077 0.05059375721153846 0.1064139951923077 0.05059375721153846 0.1064139951923077 0.027839009615384616
0 0.09645879326923076 0.04553714663461539 0.08294816105769232 0.04553714663461539 0.08294816105769232 0.07461265625 0.09645879326923076 0.07461265625 0.09645879326923076 0.04553714663461539
0 0.05734907211538461 0.2756129158653846 0.045971699519230774 0.2756129158653846 0.045971699519230774 0.2983676634615385 0.05734907211538461 0.2983676634615385 0.05734907211538461 0.2756129158653846
0 0.07725947596153845 0.2667638485576923 0.06161558653846154 0.2667638485576923 0.06161558653846154 0.3034242740384615 0.07725947596153845 0.3034242740384615 0.07725947596153845 0.2667638485576923
0 0.03957192548076923 0.31480164663461535 0.024639125 0.31480164663461535 0.024639125 0.3413488509615385 0.03957192548076923 0.3413488509615385 0.03957192548076923 0.31480164663461535
1 0.37733769471153844 0.2617072379807692 0.36596032211538465 0.2617072379807692 0.36596032211538465 0.2844619831730769 0.37733769471153844 0.2844619831730769 0.37733769471153844 0.2617072379807692
1 0.34604991826923076 0.2667638485576923 0.3382279735576923 0.2667638485576923 0.3382279735576923 0.2882544423076923 0.34604991826923076 0.2882544423076923 0.34604991826923076 0.2667638485576923
1 0.3311171153846154 0.33249978125 0.32329517307692307 0.33249978125 0.32329517307692307 0.3514620721153846 0.3311171153846154 0.3514620721153846 0.3311171153846154 0.33249978125
1 0.2507644182692308 0.48293393990384614 0.22872075721153845 0.48293393990384614 0.22872075721153845 0.5056886875 0.2507644182692308 0.5056886875 0.2507644182692308 0.48293393990384614
1 0.2223209831730769 0.48040563461538466 0.20667709615384616 0.48040563461538466 0.20667709615384616 0.5132736009615384 0.2223209831730769 0.5132736009615384 0.2223209831730769 0.48040563461538466
1 0.20525492548076923 0.5233868221153846 0.18889994951923078 0.5233868221153846 0.18889994951923078 0.5436132644230769 0.20525492548076923 0.5436132644230769 0.20525492548076923 0.5233868221153846
0 0.15903434615384615 0.08599002884615385 0.14836805769230768 0.08599002884615385 0.14836805769230768 0.11000892788461539 0.15903434615384615 0.11000892788461539 0.15903434615384615 0.08599002884615385
1 0.5110218293269231 0.007612569711538461 0.52666571875 0.007612569711538461 0.52666571875 0.0012918052884615383 0.5110218293269231 0.0012918052884615383 0.5110218293269231 0.007612569711538461
0 0.18254350240384615 0.022622528846153844 0.17639207451923078 0.022622528846153844 0.17639207451923078 0.037203689903846156 0.18254350240384615 0.037203689903846156 0.18254350240384615 0.022622528846153844
0 0.17620566826923076 0.025273649038461538 0.1698678341346154 0.025273649038461538 0.1698678341346154 0.04350010096153846 0.17620566826923076 0.04350010096153846 0.17620566826923076 0.025273649038461538
1 0.24092781971153845 0.5536827379807693 0.23126448798076923 0.5536827379807693 0.23126448798076923 0.5698015480769231 0.24092781971153845 0.5698015480769231 0.24092781971153845 0.5536827379807693
1 0.3604528100961539 0.3717240769230769 0.35544410096153845 0.3717240769230769 0.35544410096153845 0.3876867884615385 0.3604528100961539 0.3876867884615385 0.3604528100961539 0.3717240769230769
1 0.24964507451923076 0.5095540889423077 0.23741678365384616 0.5095540889423077 0.23741678365384616 0.5249305865384616 0.24964507451923076 0.5249305865384616 0.24964507451923076 0.5095540889423077
0 0.04766660817307692 0.32362179807692304 0.038408896634615386 0.32362179807692304 0.038408896634615386 0.3390619206730769 0.04766660817307692 0.3390619206730769 0.04766660817307692 0.32362179807692304
0 0.06163071875 0.29848387740384613 0.04224440384615384 0.29848387740384613 0.04224440384615384 0.3200242283653846 0.06163071875 0.3200242283653846 0.06163071875 0.29848387740384613