0 0.8364745552884615 0.7200779615384616 0.8278080625 0.7200779615384616 0.8278080625 0.7574285072115384 0.8364745552884615 0.7574285072115384 0.8364745552884615 0.7200779615384616
0 0.8140732908653846 0.9281468942307692 0.8253988221153846 0.9281468942307692 0.8253988221153846 0.8823341153846154 0.8140732908653846 0.8823341153846154 0.8140732908653846 0.9281468942307692
0 0.8885920072115384 0.9354419230769231 0.9020513341346154 0.9354419230769231 0.9020513341346154 0.8910881490384616 0.8885920072115384 0.8910881490384616 0.8885920072115384 0.9354419230769231
0 0.8373283822115384 0.9554328028846153 0.8259831538461538 0.9554328028846153 0.8259831538461538 0.9791503990384616 0.8373283822115384 0.9791503990384616 0.8373283822115384 0.9554328028846153
0 0.9031685552884615 0.78785665625 0.9173500889423077 0.78785665625 0.9173500889423077 0.7661466538461539 0.9031685552884615 0.7661466538461539 0.9031685552884615 0.78785665625
0 0.85622603125 0.6759307932692308 0.8634197475961538 0.6759307932692308 0.8634197475961538 0.64820175 0.85622603125 0.64820175 0.85622603125 0.6759307932692308
0 0.8873203605769231 0.7080548245192309 0.8981248004807691 0.7080548245192309 0.8981248004807691 0.6790852620192307 0.8873203605769231 0.6790852620192307 0.8873203605769231 0.7080548245192309
0 0.9187352980769231 0.711278764423077 0.9273072475961539 0.711278764423077 0.9273072475961539 0.6984301778846155 0.9187352980769231 0.6984301778846155 0.9187352980769231 0.711278764423077
0 0.950233014423077 0.7205971923076924 0.9589730408653847 0.7205971923076924 0.9589730408653847 0.7036251033653845 0.950233014423077 0.7036251033653845 0.950233014423077 0.7205971923076924
0 0.9852509014423076 0.7009153221153847 0.9912344591346154 0.7009153221153847 0.9912344591346154 0.6690030168269231 0.9852509014423076 0.6690030168269231 0.9852509014423076 0.7009153221153847
0 0.9960750889423077 0.6782061899038462 0.9890158365384616 0.6782061899038462 0.9890158365384616 0.6984053653846154 0.9960750889423077 0.6984053653846154 0.9960750889423077 0.6782061899038462
0 0.926003877403846 0.7267336033653845 0.9339035168269232 0.7267336033653845 0.9339035168269232 0.69266990625 0.926003877403846 0.69266990625 0.926003877403846 0.7267336033653845
0 0.9387777644230769 0.6959567548076924 0.9469295192307693 0.6959567548076924 0.9469295192307693 0.66278946875 0.9387777644230769 0.66278946875 0.9387777644230769 0.6959567548076924
0 0.9339035168269232 0.7108969711538461 0.9418031586538462 0.7108969711538461 0.9418031586538462 0.6947615360576923 0.9339035168269232 0.6947615360576923 0.9339035168269232 0.7108969711538461
0 0.9568460889423077 0.6657775120192307 0.9568460889423077 0.6999906129807693 0.9651659254807693 0.6999906129807693 0.9651659254807693 0.6657775120192307 0.9606341370192308 0.6657775120192307 0.9568460889423077 0.6657775120192307
0 0.9651659254807693 0.6657775120192307 0.9606341370192308 0.6657775120192307 0.9606341370192308 0.6849905673076923 0.9651659254807693 0.6849905673076923 0.9651659254807693 0.6657775120192307
0 0.9639946346153846 0.6367075168269231 0.9714572740384615 0.6367075168269231 0.9714572740384615 0.6086199038461538 0.9639946346153846 0.6086199038461538 0.9639946346153846 0.6367075168269231
0 0.8870989158653846 0.5790051057692308 0.8934455216346154 0.5790051057692308 0.8934455216346154 0.5533796442307692 0.8870989158653846 0.5533796442307692 0.8870989158653846 0.5790051057692308
0 0.8934455216346154 0.5549095216346154 0.8908638509615384 0.5549095216346154 0.8908638509615384 0.5631326177884616 0.8934455216346154 0.5631326177884616 0.8934455216346154 0.5549095216346154
0 0.9004266177884616 0.5749488365384615 0.9060202355769231 0.5749488365384615 0.9060202355769231 0.5523831298076923 0.9004266177884616 0.5523831298076923 0.9004266177884616 0.5749488365384615
0 0.5946616394230769 0.89650446875 0.6002081947115385 0.89650446875 0.6002081947115385 0.8743929447115384 0.5946616394230769 0.8743929447115384 0.5946616394230769 0.89650446875
0 0.636843826923077 0.8993671201923077 0.6253935504807693 0.8993671201923077 0.6253935504807693 0.9553929399038462 0.636843826923077 0.9553929399038462 0.636843826923077 0.8993671201923077
0 0.4284298317307692 0.8789798076923077 0.4191067860576923 0.8789798076923077 0.4191067860576923 0.9191316442307692 0.4284298317307692 0.9191316442307692 0.4284298317307692 0.8789798076923077
0 0.41911518990384616 0.8997964134615385 0.4312167668269231 0.8997964134615385 0.4312167668269231 0.8774458461538461 0.41911518990384616 0.8774458461538461 0.41911518990384616 0.8997964134615385
0 0.42982933894230774 1 0.42982933894230774 0.9546401538461539 0.4183160336538462 0.9546401538461539 0.4183160336538462 1 0.42982933894230774 1
0 0.4576461586538461 1 0.4576461586538461 0.95224971875 0.4461328533653846 0.95224971875 0.4461328533653846 1 0.4576461586538461 1
0 0.48815221875000003 1 0.48815221875000003 0.9444808052884616 0.4769750673076923 0.9444808052884616 0.4769750673076923 1 0.48815221875000003 1
0 0.6708681706730769 0.9436964447115385 0.6570017812500001 0.9436964447115385 0.6570017812500001 0.9952401971153846 0.6708681706730769 0.9952401971153846 0.6708681706730769 0.9436964447115385
0 0.76306259375 0.9948696947115384 0.7741977259615385 0.9948696947115384 0.7741977259615385 0.9425789302884616 0.76306259375 0.9425789302884616 0.76306259375 0.9948696947115384
0 0.11293515625 0.5124538581730769 0.10511955528846154 0.5124538581730769 0.10511955528846154 0.5359100024038461 0.11293515625 0.5359100024038461 0.11293515625 0.5124538581730769
0 0.23471901201923076 0.47932420913461543 0.22934053124999998 0.47932420913461543 0.22934053124999998 0.4899616442307692 0.23471901201923076 0.4899616442307692 0.23471901201923076 0.47932420913461543
0 0.29114954807692306 0.4179441418269231 0.28840652403846156 0.4179441418269231 0.28840652403846156 0.42721902884615387 0.29114954807692306 0.42721902884615387 0.29114954807692306 0.4179441418269231
0 0.5906028846153846 0.45522934855769226 0.5873220120192307 0.45522934855769226 0.5873220120192307 0.46268750480769233 0.5906028846153846 0.46268750480769233 0.5906028846153846 0.45522934855769226
0 0.5826400456730769 0.4649078798076923 0.5785524014423077 0.4649078798076923 0.5785524014423077 0.4832664182692307 0.5826400456730769 0.4832664182692307 0.5826400456730769 0.4649078798076923
0 0.6320393485576923 0.47029662259615385 0.6269297932692308 0.47029662259615385 0.6269297932692308 0.48559540625 0.6320393485576923 0.48559540625 0.6320393485576923 0.47029662259615385
0 0.7887203798076924 0.5317521009615385 0.7836108245192308 0.5317521009615385 0.7836108245192308 0.5415528846153846 0.7887203798076924 0.5415528846153846 0.7887203798076924 0.5317521009615385
0 0.6428610576923077 0.9486531033653847 0.6330453365384615 0.9486531033653847 0.6330453365384615 0.9792506706730768 0.6428610576923077 0.9792506706730768 0.6428610576923077 0.9486531033653847
0 0.6529457067307691 0.9460236249999999 0.6425249038461539 0.9460236249999999 0.6425249038461539 0.9928761514423077 0.6529457067307691 0.9928761514423077 0.6529457067307691 0.9460236249999999
0 0.6853203125 0.9652608221153846 0.6733027740384615 0.9652608221153846 0.6733027740384615 0.9975316947115385 0.6853203125 0.9975316947115385 0.6853203125 0.9652608221153846
0 0.77074909375 0.9404030360576924 0.7628830697115384 0.9404030360576924 0.7628830697115384 0.9706420360576923 0.77074909375 0.9706420360576923 0.77074909375 0.9404030360576924
0 0.7485460625000001 0.9977454591346154 0.7619922596153846 0.9977454591346154 0.7619922596153846 0.9389407620192307 0.7485460625000001 0.9389407620192307 0.7485460625000001 0.9977454591346154
0 0.7531513846153846 1 0.7531513846153846 0.9403792908653846 0.7408817307692307 0.9403792908653846 0.7408817307692307 1 0.7531513846153846 1
0 0.7390118677884616 1 0.7390118677884616 0.9444785120192307 0.7307760745192307 0.9444785120192307 0.7307760745192307 1 0.7390118677884616 1
0 0.7322887716346155 1 0.7322887716346155 0.9427977379807693 0.7221200841346154 0.9427977379807693 0.7221200841346154 1 0.7322887716346155 1
0 0.7233806658653846 1 0.7233806658653846 0.9460845865384615 0.7129598629807692 0.9460845865384615 0.7129598629807692 1 0.7233806658653846 1
0 0.71380025 0.94578578125 0.7062367644230769 0.94578578125 0.7062367644230769 0.9982259471153847 0.71380025 0.9982259471153847 0.71380025 0.94578578125
0 0.7089260048076922 0.9487738269230769 0.6988413557692308 0.9487738269230769 0.6988413557692308 0.9997199711538461 0.7089260048076922 0.9997199711538461 0.7089260048076922 0.9487738269230769
0 0.7025390600961539 0.9583355649038462 0.6933788389423078 0.9583355649038462 0.6933788389423078 0.9997199711538461 0.7025390600961539 0.9997199711538461 0.7025390600961539 0.9583355649038462
0 0.6977488533653846 0.9456363798076922 0.687075935096154 0.9456363798076922 0.687075935096154 0.9974789374999999 0.6977488533653846 0.9974789374999999 0.6977488533653846 0.9456363798076922
0 0.8351991177884616 0.952217516826923 0.8474687716346154 0.952217516826923 0.8474687716346154 0.9296577860576923 0.8351991177884616 0.9296577860576923 0.8351991177884616 0.952217516826923
0 0.8417541394230769 0.9752254519230769 0.8547801418269232 0.9752254519230769 0.8547801418269232 0.9483330600961538 0.8417541394230769 0.9483330600961538 0.8417541394230769 0.9752254519230769
0 0.8464603076923077 0.9602852331730769 0.8579736129807691 0.9602852331730769 0.8579736129807691 0.9356338750000001 0.8464603076923077 0.9356338750000001 0.8464603076923077 0.9602852331730769
0 0.8337324326923077 0.9596526778846154 0.8520730432692307 0.9596526778846154 0.8520730432692307 0.9455969182692308 0.8337324326923077 0.9455969182692308 0.8337324326923077 0.9596526778846154
0 0.6322741153846153 0.9416010769230769 0.6214541298076923 0.9416010769230769 0.6214541298076923 0.9989341658653846 0.6322741153846153 0.9989341658653846 0.6322741153846153 0.9416010769230769
0 0.4559382548076923 0.9213353052884615 0.44343749278846156 0.9213353052884615 0.44343749278846156 0.9697042620192308 0.4559382548076923 0.9697042620192308 0.4559382548076923 0.9213353052884615
0 0.35211103125 1 0.35211103125 0.9454333389423077 0.3395052211538462 0.9454333389423077 0.3395052211538462 1 0.35211103125 1
0 0.32421017307692307 0.9326541177884615 0.31261282932692314 0.9326541177884615 0.31261282932692314 0.9508811826923077 0.32421017307692307 0.9508811826923077 0.32421017307692307 0.9326541177884615
0 0.3395052211538462 0.9308612908653846 0.32815999278846153 0.9308612908653846 0.32815999278846153 0.9484907475961539 0.3395052211538462 0.9484907475961539 0.3395052211538462 0.9308612908653846
0 0.2947966177884615 1 0.2947966177884615 0.9910703701923077 0.28882986778846154 0.9910703701923077 0.28882986778846154 1 0.2947966177884615 1
0 0.33068115624999994 1 0.33068115624999994 0.9898751538461539 0.31975612019230765 0.9898751538461539 0.31975612019230765 1 0.33068115624999994 1
0 0.2528678581730769 0.9481552596153846 0.23784593509615387 0.9481552596153846 0.23784593509615387 0.9875600865384615 0.2528678581730769 0.9875600865384615 0.2528678581730769 0.9481552596153846
0 0.2578182644230769 0.9286669447115384 0.2420189831730769 0.9286669447115384 0.2420189831730769 0.9539159158653846 0.2578182644230769 0.9539159158653846 0.2578182644230769 0.9286669447115384
0 0.6174593846153846 0.9482818942307693 0.6072066610576923 0.9482818942307693 0.6072066610576923 0.9941483653846154 0.6174593846153846 0.9941483653846154 0.6174593846153846 0.9482818942307693
0 0.60546621875 0.9430824855769231 0.5953546778846154 0.9430824855769231 0.5953546778846154 0.9990186634615384 0.60546621875 0.9990186634615384 0.60546621875 0.9430824855769231
0 0.5814518149038461 1 0.5814518149038461 0.9581976322115384 0.5691485456730769 0.9581976322115384 0.5691485456730769 1 0.5814518149038461 1
0 0.5003736971153846 1 0.5003736971153846 0.9613432235576924 0.48924024759615387 0.9613432235576924 0.48924024759615387 1 0.5003736971153846 1
0 0.5060211009615384 1 0.5060211009615384 0.97004440625 0.4941884471153846 0.97004440625 0.4941884471153846 1 0.5060211009615384 1
0 0.5098059350961539 0.9514071418269231 0.4996943966346154 0.9514071418269231 0.4996943966346154 0.9984509014423076 0.5098059350961539 0.9984509014423076 0.5098059350961539 0.9514071418269231
0 0.5173358052884616 0.9464350360576923 0.5060947860576923 0.9464350360576923 0.5060947860576923 0.9999807788461539 0.5173358052884616 0.9999807788461539 0.5173358052884616 0.9464350360576923
0 0.5187161899038462 0.94383828125 0.5120603245192308 0.94383828125 0.5120603245192308 0.9743163269230769 0.5187161899038462 0.9743163269230769 0.5187161899038462 0.94383828125
0 0.5668934927884616 1 0.5668934927884616 0.9513669783653846 0.5574811562499999 0.9513669783653846 0.5574811562499999 1 0.5668934927884616 1
0 0.5582341418269231 1 0.5582341418269231 0.9537574134615384 0.5476923245192308 0.9537574134615384 0.5476923245192308 1 0.5582341418269231 1
0 0.5472707860576923 1 0.5472707860576923 0.9480660865384615 0.5361911201923077 0.9480660865384615 0.5361911201923077 1 0.5472707860576923 1
0 0.5582341418269231 0.9454844158653846 0.5467329375 0.9454844158653846 0.5467329375 0.9719704350961538 0.5582341418269231 0.9719704350961538 0.5582341418269231 0.9454844158653846
0 0.5250947572115384 0.9183651418269231 0.5120519471153846 0.9183651418269231 0.5120519471153846 0.9658152740384616 0.5250947572115384 0.9658152740384616 0.5250947572115384 0.9183651418269231
0 0.5293303076923077 0.9333053581730769 0.5272461490384616 0.9333053581730769 0.5202541274038461 0.9333053581730769 0.5202541274038461 0.9833849711538462 0.5293303076923077 0.9833849711538462 0.5293303076923077 0.9333053581730769
0 0.5392804951923077 0.9333053581730769 0.5272461490384616 0.9333053581730769 0.5272461490384616 0.9867315817307692 0.5392804951923077 0.9867315817307692 0.5392804951923077 0.9333053581730769
0 0.5412974230769231 0.9249388365384615 0.5318178557692308 0.9249388365384615 0.5318178557692308 0.9655762307692307 0.5412974230769231 0.9655762307692307 0.5412974230769231 0.9249388365384615
0 0.5787691057692308 0.9461740865384616 0.57727946875 0.9461740865384616 0.5768491899038461 0.9461740865384616 0.5764054663461539 0.9461740865384616 0.5675818701923077 0.9461740865384616 0.5675818701923077 0.9803094975961538 0.5787691057692308 0.9803094975961538 0.5787691057692308 0.9461740865384616
0 0.616536110576923 0.9475665144230769 0.6094903028846154 0.9475665144230769 0.6094903028846154 0.9664031418269231 0.616536110576923 0.9664031418269231 0.616536110576923 0.9475665144230769
0 0.7693892307692308 0.5771530360576923 0.7790032620192308 0.5771530360576923 0.7790032620192308 0.5630494711538462 0.7693892307692308 0.5630494711538462 0.7693892307692308 0.5771530360576923
0 0.8044165745192308 0.5892247331730769 0.8095933605769231 0.5892247331730769 0.8095933605769231 0.5710574278846153 0.8044165745192308 0.5710574278846153 0.8044165745192308 0.5892247331730769
0 0.7947530625 0.5409095360576923 0.7900716346153847 0.5409095360576923 0.7900716346153847 0.5475798052884615 0.7947530625 0.5475798052884615 0.7947530625 0.5409095360576923
0 0.8016719375 0.5319138509615384 0.7971970432692307 0.5319138509615384 0.7971970432692307 0.5530261706730769 0.8016719375 0.5530261706730769 0.8016719375 0.5319138509615384
0 0.7982297091346153 0.5543112692307692 0.7940990384615384 0.5543112692307692 0.7940990384615384 0.5645308581730769 0.7982297091346153 0.5645308581730769 0.7982297091346153 0.5543112692307692
0 0.8019473149038461 0.5523530240384615 0.796061108173077 0.5523530240384615 0.796061108173077 0.5677130048076923 0.8019473149038461 0.5677130048076923 0.8019473149038461 0.5523530240384615
0 0.8136853052884615 0.5597155649038462 0.8093136778846154 0.5597155649038462 0.8093136778846154 0.5730561057692308 0.8136853052884615 0.5730561057692308 0.8136853052884615 0.5597155649038462
0 0.8184355793269231 0.5660798581730769 0.8120674591346154 0.5660798581730769 0.8120674591346154 0.5877429350961538 0.8184355793269231 0.5877429350961538 0.8184355793269231 0.5660798581730769
0 0.7448956394230769 0.5531913846153846 0.7393880793269231 0.5531913846153846 0.7393880793269231 0.5626766298076923 0.7448956394230769 0.5626766298076923 0.7448956394230769 0.5531913846153846
0 0.718402329326923 0.5326430697115385 0.7113565240384615 0.5326430697115385 0.7113565240384615 0.5473681490384615 0.718402329326923 0.5473681490384615 0.718402329326923 0.5326430697115385
0 0.9004849182692307 0.5059688461538461 0.8932562427884616 0.5059688461538461 0.8932562427884616 0.5159130552884615 0.9004849182692307 0.5159130552884615 0.9004849182692307 0.5059688461538461
0 0.908272954326923 0.49480073317307693 0.9024641995192308 0.49480073317307693 0.9024641995192308 0.5150716225961538 0.908272954326923 0.5150716225961538 0.908272954326923 0.49480073317307693
0 0.9765517331730769 0.4910161538461538 0.9716465600961539 0.4910161538461538 0.9716465600961539 0.5125109447115385 0.9765517331730769 0.5125109447115385 0.9765517331730769 0.4910161538461538
0 0.971293733173077 0.48747994711538467 0.9662336586538461 0.48747994711538467 0.9662336586538461 0.5051041466346153 0.971293733173077 0.5051041466346153 0.971293733173077 0.48747994711538467
0 0.9668876826923077 0.4862560456730769 0.9613801201923077 0.4862560456730769 0.9613801201923077 0.5051041466346153 0.9668876826923077 0.5051041466346153 0.9668876826923077 0.4862560456730769
0 0.8329553990384616 0.44521773798076925 0.8271063028846153 0.44521773798076925 0.8271063028846153 0.45597469471153845 0.8329553990384616 0.45597469471153845 0.8329553990384616 0.44521773798076925
0 0.8715975769230769 0.48625392548076923 0.8668214879807692 0.48625392548076923 0.8668214879807692 0.50377103125 0.8715975769230769 0.50377103125 0.8715975769230769 0.48625392548076923
0 0.7709231466346154 0.4864847884615384 0.7664590096153846 0.4864847884615384 0.7664590096153846 0.5055126514423077 0.7709231466346154 0.5055126514423077 0.7709231466346154 0.4864847884615384
0 0.7780255961538463 0.4863493870192308 0.7720447259615385 0.4863493870192308 0.7720447259615385 0.5064672884615384 0.7780255961538463 0.5064672884615384 0.7780255961538463 0.4863493870192308
0 0.8515882620192308 0.5041861418269231 0.8566655456730768 0.5041861418269231 0.8566655456730768 0.4860570841346154 0.8515882620192308 0.4860570841346154 0.8515882620192308 0.5041861418269231
0 0.7723624302884615 0.4258442716346154 0.7686620384615386 0.4258442716346154 0.7686620384615386 0.44083708173076924 0.7723624302884615 0.44083708173076924 0.7723624302884615 0.4258442716346154
0 0.7629603461538461 0.4121985 0.7594148533653846 0.4121985 0.7594148533653846 0.4264569663461538 0.7629603461538461 0.4264569663461538 0.7629603461538461 0.4121985
0 0.74039109375 0.41997042067307694 0.7371140937499999 0.41997042067307694 0.7371140937499999 0.42657949519230765 0.74039109375 0.42657949519230765 0.74039109375 0.41997042067307694
0 0.5862615288461538 0.9461740865384616 0.5853595841346154 0.9461740865384616 0.5849293052884615 0.9461740865384616 0.5768491899038461 0.9461740865384616 0.5768491899038461 0.9981308966346153 0.5862615288461538 0.9981308966346153 0.5862615288461538 0.9461740865384616
0 0.044775483173076926 0.39879782692307697 0.03944003125 0.39879782692307697 0.03944003125 0.4142801971153846 0.044775483173076926 0.4142801971153846 0.044775483173076926 0.39879782692307697
0 0.0544005889423077 0.40404221634615384 0.050681884615384615 0.40404221634615384 0.050681884615384615 0.41272115625 0.0544005889423077 0.41272115625 0.0544005889423077 0.40404221634615384
0 0.646052673076923 0.8082263269230769 0.6361697187500001 0.8082263269230769 0.6361697187500001 0.8585449831730769 0.646052673076923 0.8585449831730769 0.646052673076923 0.8082263269230769
0 0.6361697187500001 0.8045650408653846 0.6276953317307693 0.8045650408653846 0.6276953317307693 0.8539275216346154 0.6361697187500001 0.8539275216346154 0.6361697187500001 0.8045650408653846
0 0.59051646875 0.9461740865384616 0.5849293052884615 0.9461740865384616 0.5849293052884615 0.9600392403846154 0.59051646875 0.9600392403846154 0.59051646875 0.9461740865384616
0 0.5973533894230769 0.9502977307692307 0.5834029615384615 0.9502977307692307 0.5834029615384615 0.9990186634615384 0.5973533894230769 0.9990186634615384 0.5973533894230769 0.9502977307692307
0 0.5008048725961538 0.8044219567307693 0.49114041826923077 0.8044219567307693 0.49114041826923077 0.8568994735576924 0.5008048725961538 0.8568994735576924 0.5008048725961538 0.8044219567307693
0 0.5046026177884616 0.8152390240384615 0.5007561274038461 0.8152390240384615 0.49651389182692307 0.8152390240384615 0.49651389182692307 0.8705178317307692 0.5046026177884616 0.8705178317307692 0.5046026177884616 0.8152390240384615
0 0.7020301346153845 0.527036201923077 0.6977273533653846 0.527036201923077 0.6977273533653846 0.550596329326923 0.7020301346153845 0.550596329326923 0.7020301346153845 0.527036201923077
0 0.6995775504807693 0.5245883966346153 0.6946723774038461 0.5245883966346153 0.6946723774038461 0.5485309927884615 0.6995775504807693 0.5485309927884615 0.6995775504807693 0.5245883966346153
0 0.7008253557692308 0.5430999254807692 0.7065910865384615 0.5430999254807692 0.7065910865384615 0.5308608990384616 0.7008253557692308 0.5308608990384616 0.7008253557692308 0.5430999254807692
0 0.6712973581730769 0.4949962331730769 0.666994576923077 0.4949962331730769 0.666994576923077 0.5043590913461539 0.6712973581730769 0.5043590913461539 0.6712973581730769 0.4949962331730769
0 0.4280309975961538 0.7545899759615384 0.4238290625 0.7545899759615384 0.4238290625 0.7871596514423077 0.4280309975961538 0.7871596514423077 0.4280309975961538 0.7545899759615384
0 0.7450018918269231 0.4172704759615385 0.7418420336538462 0.4172704759615385 0.7418420336538462 0.4263541298076923 0.7450018918269231 0.4263541298076923 0.7450018918269231 0.4172704759615385
1 0.6276090384615384 0.7500132716346154 0.5007561274038461 0.7500132716346154 0.5007561274038461 0.8152390240384615 0.5752844759615384 0.8152390240384615 0.5758671658653847 0.8152390240384615 0.6276090384615384 0.8152390240384615 0.6276090384615384 0.7500132716346154
1 0.525379704326923 0.8419737548076923 0.525379704326923 0.8152390240384615 0.5046935721153847 0.8152390240384615 0.5046935721153847 0.8777976826923077 0.525379704326923 0.8777976826923077 0.525379704326923 0.8454753677884616 0.525379704326923 0.8440747211538462 0.525379704326923 0.8419737548076923
1 0.6276140144230768 0.8149599711538461 0.5754732355769231 0.8149599711538461 0.5754732355769231 0.8700026706730769 0.6276140144230768 0.8700026706730769 0.6276140144230768 0.8149599711538461
1 0.525379704326923 0.8454753677884616 0.5754732355769231 0.8454753677884616 0.5754732355769231 0.8149599711538461 0.525379704326923 0.8149599711538461 0.525379704326923 0.8454753677884616
0 0.2914729855769231 0.42906907211538464 0.2888913173076923 0.42906907211538464 0.2888913173076923 0.4371774278846154 0.2914729855769231 0.4371774278846154 0.2914729855769231 0.42906907211538464
0 0.28160078846153846 0.4279044086538461 0.28160078846153846 0.4156653822115385 0.2784597572115385 0.4156653822115385 0.2784597572115385 0.42522712019230774 0.2784597572115385 0.4279044086538461 0.28160078846153846 0.4279044086538461
0 0.28289162259615386 0.42522712019230774 0.2784597572115385 0.42522712019230774 0.2784597572115385 0.4422852644230769 0.28289162259615386 0.4422852644230769 0.28289162259615386 0.42522712019230774
1 0.981681829326923 0.033590141826923076 0.8267764927884615 0.033590141826923076 0.8267764927884615 0.08429637019230769 0.981681829326923 0.08429637019230769 0.981681829326923 0.033590141826923076