1 0.026075384615384615 0.5350940961538462 0.01287901923076923 0.5350940961538462 0.01287901923076923 0.5848677740384616 0.026075384615384615 0.5848677740384616 0.026075384615384615 0.5350940961538462
1 0.04266000480769231 0.5350940961538462 0.026075384615384615 0.5350940961538462 0.026075384615384615 0.5823315360576923 0.04266000480769231 0.5823315360576923 0.04266000480769231 0.5350940961538462
1 0.15500743269230768 0.5208277572115384 0.14769593509615386 0.5208277572115384 0.14769593509615386 0.5601394495192308 0.15500743269230768 0.5601394495192308 0.15500743269230768 0.5208277572115384
1 0.15500743269230768 0.5667970769230769 0.16267559134615384 0.5667970769230769 0.16267559134615384 0.5208277572115384 0.15500743269230768 0.5208277572115384 0.15500743269230768 0.5667970769230769
1 0.10061701201923076 0.5468241995192308 0.11060344951923076 0.5468241995192308 0.11060344951923076 0.5148041923076924 0.10061701201923076 0.5148041923076924 0.10061701201923076 0.5468241995192308
1 0.10275696394230768 0.5094146850961538 0.09651543990384616 0.5094146850961538 0.09651543990384616 0.5468241995192308 0.10275696394230768 0.5468241995192308 0.10275696394230768 0.5094146850961538
1 0.07529425721153846 0.5385814254807693 0.08349740384615385 0.5385814254807693 0.08349740384615385 0.5151212211538462 0.07529425721153846 0.5151212211538462 0.07529425721153846 0.5385814254807693
1 0.04836654086538462 0.5071954759615385 0.044086639423076925 0.5071954759615385 0.044086639423076925 0.5398495432692307 0.04836654086538462 0.5398495432692307 0.04836654086538462 0.5071954759615385
1 0.044086639423076925 0.5062443870192308 0.03695346875 0.5062443870192308 0.03695346875 0.5354111274038462 0.044086639423076925 0.5354111274038462 0.044086639423076925 0.5062443870192308
1 0.22063259855769232 0.5144871610576923 0.2118944639423077 0.5144871610576923 0.2118944639423077 0.552847766826923 0.22063259855769232 0.552847766826923 0.22063259855769232 0.5144871610576923
1 0.23115402403846153 0.4999037908653846 0.22277255048076924 0.4999037908653846 0.22277255048076924 0.5297045913461539 0.23115402403846153 0.5297045913461539 0.23115402403846153 0.4999037908653846
1 0.24773864423076922 0.5284364711538462 0.23971382932692306 0.5284364711538462 0.23971382932692306 0.5788442067307693 0.24773864423076922 0.5788442067307693 0.24773864423076922 0.5284364711538462
1 0.25451515625 0.50909765625 0.24720365625 0.50909765625 0.24720365625 0.552847766826923 0.25451515625 0.552847766826923 0.25451515625 0.50909765625
1 0.24506370673076922 0.508780625 0.2402488173076923 0.508780625 0.2402488173076923 0.5408006322115384 0.24506370673076922 0.5408006322115384 0.24506370673076922 0.508780625
1 0.2402488173076923 0.5027570600961538 0.23418562259615383 0.5027570600961538 0.23418562259615383 0.5236810264423076 0.2402488173076923 0.5236810264423076 0.2402488173076923 0.5027570600961538
1 0.11559666826923078 0.49926973317307694 0.10899848798076922 0.49926973317307694 0.10899848798076922 0.5268513221153847 0.11559666826923078 0.5268513221153847 0.11559666826923078 0.49926973317307694
1 0.12879303365384615 0.5071954759615385 0.12362148557692308 0.5071954759615385 0.12362148557692308 0.5297045913461539 0.12879303365384615 0.5297045913461539 0.12879303365384615 0.5071954759615385
1 0.1455559831730769 0.5008548822115384 0.14145441105769233 0.5008548822115384 0.14145441105769233 0.5262172644230769 0.1455559831730769 0.5262172644230769 0.1455559831730769 0.5008548822115384
1 0.16659883653846153 0.49926973317307694 0.16338890865384614 0.49926973317307694 0.16338890865384614 0.525266173076923 0.16659883653846153 0.525266173076923 0.16659883653846153 0.49926973317307694
1 0.1701654206730769 0.5008548822115384 0.16802546875 0.5008548822115384 0.16802546875 0.5268513221153847 0.1701654206730769 0.5268513221153847 0.1701654206730769 0.5008548822115384
1 0.1701654206730769 0.5281194423076923 0.17498031009615383 0.5281194423076923 0.17498031009615383 0.5008548822115384 0.1701654206730769 0.5008548822115384 0.1701654206730769 0.5281194423076923
1 0.19441819951923078 0.49609943509615384 0.1897816370192308 0.49609943509615384 0.1897816370192308 0.5259002331730769 0.19441819951923078 0.5259002331730769 0.19441819951923078 0.49609943509615384
1 0.19441819951923078 0.5278024134615384 0.20030306490384617 0.5278024134615384 0.20030306490384617 0.49609943509615384 0.19441819951923078 0.49609943509615384 0.19441819951923078 0.5278024134615384
1 0.19869810096153848 0.5230469663461539 0.20458296634615386 0.5230469663461539 0.20458296634615386 0.49609943509615384 0.19869810096153848 0.49609943509615384 0.19869810096153848 0.5230469663461539
1 0.20458296634615386 0.518608548076923 0.20832787980769232 0.518608548076923 0.20832787980769232 0.49609943509615384 0.20458296634615386 0.49609943509615384 0.20458296634615386 0.518608548076923
1 0.2724019807692308 0.5001372307692308 0.2668737740384616 0.5001372307692308 0.2668737740384616 0.5280358509615385 0.2724019807692308 0.5280358509615385 0.2724019807692308 0.5001372307692308
1 0.2724019807692308 0.5178908966346154 0.27543357692307696 0.5178908966346154 0.27543357692307696 0.5001372307692308 0.2724019807692308 0.5001372307692308 0.2724019807692308 0.5178908966346154
1 0.28256674759615386 0.49189445673076926 0.27632522355769235 0.49189445673076926 0.27632522355769235 0.5188419879807692 0.28256674759615386 0.5188419879807692 0.28256674759615386 0.49189445673076926
1 0.29326650480769234 0.49030930528846156 0.2893432596153846 0.49030930528846156 0.2893432596153846 0.5128184206730769 0.29326650480769234 0.5128184206730769 0.29326650480769234 0.49030930528846156
1 0.29326650480769234 0.5153546586538462 0.2968330889423077 0.5153546586538462 0.2968330889423077 0.49030930528846156 0.29326650480769234 0.49030930528846156 0.29326650480769234 0.5153546586538462
1 0.30396625721153847 0.4912603966346154 0.30022134375 0.4912603966346154 0.30022134375 0.5137695096153846 0.30396625721153847 0.5137695096153846 0.30396625721153847 0.4912603966346154
1 0.30396625721153847 0.5140865408653846 0.309851125 0.5140865408653846 0.309851125 0.4912603966346154 0.30396625721153847 0.4912603966346154 0.30396625721153847 0.5140865408653846
1 0.31288272115384613 0.4836516802884615 0.31038611057692306 0.4836516802884615 0.31038611057692306 0.5052097067307693 0.31288272115384613 0.5052097067307693 0.31288272115384613 0.4836516802884615
1 0.31288272115384613 0.5058437668269231 0.31787593990384616 0.5058437668269231 0.31787593990384616 0.48650494951923073 0.31288272115384613 0.48650494951923073 0.31288272115384613 0.5058437668269231
1 0.3344479783653846 0.48637352403846157 0.3312380504807692 0.48637352403846157 0.3312380504807692 0.5101507572115385 0.3344479783653846 0.5101507572115385 0.3344479783653846 0.48637352403846157
1 0.33676625721153847 0.5085656081730769 0.3387278798076923 0.5085656081730769 0.3387278798076923 0.49398223798076923 0.33676625721153847 0.49398223798076923 0.33676625721153847 0.5085656081730769
1 0.3373012451923077 0.48637352403846157 0.3344479783653846 0.48637352403846157 0.3344479783653846 0.5107848173076923 0.3373012451923077 0.5107848173076923 0.3373012451923077 0.48637352403846157
1 0.35388586778846154 0.4898608509615385 0.3496059639423077 0.4898608509615385 0.3496059639423077 0.5136380841346153 0.35388586778846154 0.5136380841346153 0.35388586778846154 0.4898608509615385
1 0.3611973653846154 0.48732461298076923 0.3569174639423077 0.48732461298076923 0.3569174639423077 0.5095166971153846 0.3611973653846154 0.5095166971153846 0.3611973653846154 0.48732461298076923
1 0.3611973653846154 0.5107848173076923 0.36601225480769234 0.5107848173076923 0.36601225480769234 0.4895438221153846 0.3611973653846154 0.4895438221153846 0.3611973653846154 0.5107848173076923
1 0.3373012451923077 0.5402685865384615 0.34336443990384613 0.5402685865384615 0.34336443990384613 0.5082485793269231 0.3373012451923077 0.5082485793269231 0.3373012451923077 0.5402685865384615
1 0.34336443990384613 0.5361471995192308 0.34639603846153844 0.5361471995192308 0.34639603846153844 0.5082485793269231 0.34336443990384613 0.5082485793269231 0.34336443990384613 0.5361471995192308
1 0.3635156466346154 0.5177594735576924 0.3635156466346154 0.5136380841346153 0.35656080528846157 0.5136380841346153 0.35656080528846157 0.5307576947115384 0.3635156466346154 0.5307576947115384 0.3635156466346154 0.5177594735576924
1 0.36993550000000003 0.5193446201923076 0.3661905841346154 0.5193446201923076 0.3661905841346154 0.555486016826923 0.36993550000000003 0.555486016826923 0.36993550000000003 0.5193446201923076
1 0.36993550000000003 0.5542178966346154 0.3747503894230769 0.5542178966346154 0.3747503894230769 0.5193446201923076 0.36993550000000003 0.5193446201923076 0.36993550000000003 0.5542178966346154
1 0.3814118485576923 0.5010320817307693 0.3772746105769231 0.5010320817307693 0.3772746105769231 0.5400901490384615 0.3814118485576923 0.5400901490384615 0.3814118485576923 0.5010320817307693
1 0.38269581971153843 0.53831478125 0.38840235576923077 0.53831478125 0.38840235576923077 0.5066118052884615 0.38269581971153843 0.5066118052884615 0.38269581971153843 0.53831478125
1 0.39111295913461536 0.46882185576923074 0.38854501923076923 0.46882185576923074 0.38854501923076923 0.48657552163461537 0.39111295913461536 0.48657552163461537 0.39111295913461536 0.46882185576923074
1 0.38854501923076923 0.4718653413461539 0.38554908653846154 0.4718653413461539 0.38554908653846154 0.4842929086538461 0.38854501923076923 0.4842929086538461 0.38854501923076923 0.4718653413461539
1 0.3859770769230769 0.49418423798076927 0.3859770769230769 0.47744506490384614 0.3821251658653846 0.47744506490384614 0.3821251658653846 0.49418423798076927 0.38298114663461535 0.49418423798076927 0.3859770769230769 0.49418423798076927
1 0.3821251658653846 0.46780735817307695 0.38041320432692305 0.46780735817307695 0.38041320432692305 0.48048855048076927 0.3821251658653846 0.48048855048076927 0.3821251658653846 0.46780735817307695
1 0.38298114663461535 0.5043291899038461 0.38669039423076923 0.5043291899038461 0.38669039423076923 0.49418423798076927 0.38298114663461535 0.49418423798076927 0.38298114663461535 0.5043291899038461
1 0.39838879326923077 0.5048364375 0.3949648725961538 0.5048364375 0.3949648725961538 0.5220828581730769 0.39838879326923077 0.5220828581730769 0.39838879326923077 0.5048364375
1 0.3996727644230769 0.535017673076923 0.40438065624999997 0.535017673076923 0.40438065624999997 0.5094016658653846 0.3996727644230769 0.5094016658653846 0.3996727644230769 0.535017673076923
1 0.40438065624999997 0.4962132283653846 0.3996727644230769 0.4962132283653846 0.3996727644230769 0.5094016658653846 0.40438065624999997 0.5094016658653846 0.40438065624999997 0.4962132283653846
1 0.4038100024038461 0.4779523125 0.39881678365384615 0.4779523125 0.39881678365384615 0.49393061298076923 0.4038100024038461 0.49393061298076923 0.4038100024038461 0.4779523125
1 0.4079472403846154 0.4812494230769231 0.4049513100961538 0.4812494230769231 0.4049513100961538 0.5005248341346153 0.4079472403846154 0.5005248341346153 0.4079472403846154 0.4812494230769231
1 0.41108583653846154 0.4812494230769231 0.4079472403846154 0.4812494230769231 0.4079472403846154 0.49114074999999996 0.41108583653846154 0.49114074999999996 0.41108583653846154 0.4812494230769231
1 0.41536573798076926 0.5129523990384615 0.41536573798076926 0.49342336538461534 0.4115138269230769 0.49342336538461534 0.4115138269230769 0.5162495096153846 0.41536573798076926 0.5162495096153846 0.41536573798076926 0.5129523990384615
1 0.40637794471153843 0.4949451081730769 0.40637794471153843 0.5187857475961539 0.41108583653846154 0.5187857475961539 0.41108583653846154 0.5167567572115385 0.41108583653846154 0.4949451081730769 0.40637794471153843 0.4949451081730769
1 0.4082325673076923 0.5558148269230769 0.4159363918269231 0.5558148269230769 0.4159363918269231 0.5177712524038461 0.4082325673076923 0.5177712524038461 0.4082325673076923 0.5558148269230769
1 0.41536573798076926 0.5553075793269231 0.4205016201923077 0.5553075793269231 0.4205016201923077 0.5114306562500001 0.41536573798076926 0.5114306562500001 0.41536573798076926 0.5553075793269231
1 0.41765009374999995 0.47739498798076924 0.41372685096153844 0.47739498798076924 0.41372685096153844 0.49261241586538457 0.41765009374999995 0.49261241586538457 0.41765009374999995 0.47739498798076924
1 0.42424827644230767 0.4694692427884615 0.42086002163461533 0.4694692427884615 0.42086002163461533 0.47866310576923077 0.42424827644230767 0.47866310576923077 0.42424827644230767 0.4694692427884615
1 0.43120311778846154 0.48310152403846157 0.42674488701923075 0.48310152403846157 0.42674488701923075 0.4992700408653846 0.43120311778846154 0.4992700408653846 0.43120311778846154 0.48310152403846157
1 0.43280808173076923 0.5110001442307692 0.4271015432692308 0.5110001442307692 0.4271015432692308 0.5446053004807692 0.43280808173076923 0.5446053004807692 0.43280808173076923 0.5110001442307692
1 0.4438644951923077 0.5268516322115384 0.4385146177884615 0.5268516322115384 0.4385146177884615 0.5664803557692308 0.4438644951923077 0.5664803557692308 0.4438644951923077 0.5268516322115384
1 0.4438644951923077 0.5094149951923077 0.43762297115384613 0.5094149951923077 0.43762297115384613 0.5268516322115384 0.4438644951923077 0.5268516322115384 0.4438644951923077 0.5094149951923077
1 0.4340563846153846 0.5484096586538462 0.4372663125 0.5484096586538462 0.4372663125 0.5224132163461539 0.4340563846153846 0.5224132163461539 0.4340563846153846 0.5484096586538462
1 0.46116243269230767 0.48880806009615385 0.45670419951923075 0.48880806009615385 0.45670419951923075 0.5186088581730769 0.46116243269230767 0.5186088581730769 0.46116243269230767 0.48880806009615385
1 0.4468960913461538 0.4805652860576923 0.44350783653846154 0.4805652860576923 0.44350783653846154 0.504976576923077 0.4468960913461538 0.504976576923077 0.4468960913461538 0.4805652860576923
1 0.4761420889423077 0.5201940072115385 0.46990056490384613 0.5201940072115385 0.46990056490384613 0.5493607475961538 0.4761420889423077 0.5493607475961538 0.4761420889423077 0.5201940072115385
1 0.481848625 0.5059276682692307 0.474537125 0.5059276682692307 0.474537125 0.5398498533653846 0.481848625 0.5398498533653846 0.481848625 0.5059276682692307
1 0.4715055288461538 0.48215043509615385 0.46651231009615385 0.48215043509615385 0.46651231009615385 0.5043425192307692 0.4715055288461538 0.5043425192307692 0.4715055288461538 0.48215043509615385
1 0.47685540625 0.47454171875 0.4723971754807692 0.47454171875 0.4723971754807692 0.5024403389423078 0.47685540625 0.5024403389423078 0.47685540625 0.47454171875
1 0.4752504423076923 0.49134429807692304 0.47953034375 0.49134429807692304 0.47953034375 0.47454171875 0.4752504423076923 0.47454171875 0.4752504423076923 0.49134429807692304
1 0.5103813052884616 0.5002211322115385 0.506279733173077 0.5002211322115385 0.506279733173077 0.5344603485576923 0.5103813052884616 0.5344603485576923 0.5103813052884616 0.5002211322115385
1 0.5212593894230769 0.5008551899038461 0.5157311826923077 0.5008551899038461 0.5157311826923077 0.5259005432692307 0.5212593894230769 0.5259005432692307 0.5212593894230769 0.5008551899038461
1 0.528570889423077 0.5065617259615385 0.5228643533653846 0.5065617259615385 0.5228643533653846 0.5341433173076923 0.528570889423077 0.5341433173076923 0.528570889423077 0.5065617259615385
1 0.5123429254807692 0.5537991634615385 0.5203677427884615 0.5537991634615385 0.5203677427884615 0.5189258894230769 0.5123429254807692 0.5189258894230769 0.5123429254807692 0.5537991634615385
1 0.45303091105769233 0.4713579471153846 0.4513874278846154 0.4713579471153846 0.4513874278846154 0.48434348798076926 0.45303091105769233 0.48434348798076926 0.45303091105769233 0.4713579471153846
1 0.45713961778846157 0.46989707451923074 0.4550396105769231 0.46989707451923074 0.4550396105769231 0.48450580528846154 0.45713961778846157 0.48450580528846154 0.45713961778846157 0.46989707451923074
1 0.44417436778846153 0.4724941826923077 0.4412526201923077 0.4724941826923077 0.4412526201923077 0.4817463798076923 0.44417436778846153 0.4817463798076923 0.44417436778846153 0.4724941826923077
1 0.44800915865384616 0.47395505528846155 0.44563524038461544 0.47395505528846155 0.44563524038461544 0.48255797596153843 0.44800915865384616 0.48255797596153843 0.44800915865384616 0.47395505528846155
1 0.42956563461538466 0.4707086706730769 0.42792215144230766 0.4707086706730769 0.42792215144230766 0.48158406009615384 0.42956563461538466 0.48158406009615384 0.42956563461538466 0.4707086706730769
1 0.42956563461538466 0.47655216346153845 0.4322134663461539 0.47655216346153845 0.4322134663461539 0.4715202668269231 0.42956563461538466 0.4715202668269231 0.42956563461538466 0.47655216346153845
1 0.39779164182692306 0.4708709903846154 0.3961481586538461 0.4708709903846154 0.3961481586538461 0.48612900000000003 0.39779164182692306 0.48612900000000003 0.39779164182692306 0.4708709903846154
1 0.46426137259615385 0.46697532692307697 0.46179614903846156 0.46697532692307697 0.46179614903846156 0.4767144831730769 0.46426137259615385 0.4767144831730769 0.46426137259615385 0.46697532692307697
1 0.46015266826923074 0.4671376466346154 0.45832657692307693 0.4671376466346154 0.45832657692307693 0.4772014399038461 0.46015266826923074 0.4772014399038461 0.46015266826923074 0.4671376466346154
1 0.48991048076923077 0.47977905048076924 0.4856191658653846 0.47977905048076924 0.4856191658653846 0.49828344471153846 0.48991048076923077 0.49828344471153846 0.48991048076923077 0.47977905048076924
1 0.4856191658653846 0.47880513461538465 0.4824235048076923 0.47880513461538465 0.4824235048076923 0.4960109759615384 0.4856191658653846 0.4960109759615384 0.4856191658653846 0.47880513461538465
1 0.5144714110576923 0.477019625 0.5115496658653846 0.477019625 0.5115496658653846 0.4955240192307692 0.5144714110576923 0.4955240192307692 0.5144714110576923 0.477019625
1 0.5072583509615385 0.4815645625 0.5005018125 0.4815645625 0.5005018125 0.5002211322115385 0.5072583509615385 0.5002211322115385 0.5072583509615385 0.4815645625
1 0.5593756538461538 0.50716565625 0.55378325 0.50716565625 0.55378325 0.5365860192307692 0.5593756538461538 0.5365860192307692 0.5593756538461538 0.50716565625
1 0.5593756538461538 0.5416584951923077 0.5670224134615385 0.5416584951923077 0.5670224134615385 0.5096004447115384 0.5593756538461538 0.5096004447115384 0.5593756538461538 0.5416584951923077
1 0.572843079326923 0.5027018774038461 0.5677071971153846 0.5027018774038461 0.5677071971153846 0.535774423076923 0.572843079326923 0.535774423076923 0.572843079326923 0.5027018774038461
1 0.572843079326923 0.5309048461538461 0.5774083076923077 0.5309048461538461 0.5774083076923077 0.5027018774038461 0.572843079326923 0.5027018774038461 0.572843079326923 0.5309048461538461
1 0.5897344254807693 0.49174532692307693 0.5839137596153846 0.49174532692307693 0.5839137596153846 0.5213685913461539 0.5897344254807693 0.5213685913461539 0.5897344254807693 0.49174532692307693
1 0.579006139423077 0.47064382692307694 0.5756963485576923 0.47064382692307694 0.5756963485576923 0.4834264663461539 0.579006139423077 0.4834264663461539 0.579006139423077 0.47064382692307694
1 0.5860822427884615 0.46658584375 0.5832289759615384 0.46658584375 0.5832289759615384 0.47551340384615387 0.5860822427884615 0.47551340384615387 0.5860822427884615 0.46658584375
1 0.5364353798076923 0.49357141826923073 0.5331255889423077 0.49357141826923073 0.5331255889423077 0.51771640625 0.5364353798076923 0.51771640625 0.5364353798076923 0.49357141826923073
1 0.543853875 0.4986438942307692 0.5405440865384615 0.4986438942307692 0.5405440865384615 0.5146729206730769 0.543853875 0.5146729206730769 0.543853875 0.4986438942307692
1 0.5480767139423077 0.49133952884615384 0.5453375745192308 0.49133952884615384 0.5453375745192308 0.5164990120192308 0.5480767139423077 0.5164990120192308 0.5480767139423077 0.49133952884615384
1 0.5480767139423077 0.5191367019230769 0.5519571562500001 0.5191367019230769 0.5519571562500001 0.4931656201923077 0.5480767139423077 0.4931656201923077 0.5480767139423077 0.5191367019230769
1 0.5593756538461538 0.4919482259615385 0.5538973798076923 0.4919482259615385 0.5538973798076923 0.50716565625 0.5593756538461538 0.50716565625 0.5593756538461538 0.4919482259615385
1 0.5641691442307692 0.4982380985576923 0.5602886995192308 0.4982380985576923 0.5602886995192308 0.5096004447115384 0.5641691442307692 0.5096004447115384 0.5641691442307692 0.4982380985576923
1 0.572843079326923 0.48707864903846154 0.5687343725961539 0.48707864903846154 0.5687343725961539 0.5027018774038461 0.572843079326923 0.5027018774038461 0.572843079326923 0.48707864903846154
1 0.5638267524038462 0.5027018774038461 0.5677071971153846 0.5027018774038461 0.5677071971153846 0.4834264663461539 0.5638267524038462 0.4834264663461539 0.5638267524038462 0.5027018774038461
1 0.5706745961538462 0.46861483413461535 0.567821326923077 0.46861483413461535 0.567821326923077 0.4775423942307692 0.5706745961538462 0.4775423942307692 0.5706745961538462 0.46861483413461535
1 0.5662234975961539 0.46273076201923075 0.5635984903846154 0.46273076201923075 0.5635984903846154 0.47490470673076923 0.5662234975961539 0.47490470673076923 0.5662234975961539 0.46273076201923075
1 0.5616582692307692 0.46435395432692306 0.5594897860576923 0.46435395432692306 0.5594897860576923 0.4740931081730769 0.5616582692307692 0.4740931081730769 0.5616582692307692 0.46435395432692306
1 0.5584626081730769 0.4625278629807692 0.5560658629807692 0.4625278629807692 0.5560658629807692 0.476325 0.5584626081730769 0.476325 0.5584626081730769 0.4625278629807692
1 0.5548104254807693 0.4653684495192308 0.5520712884615384 0.4653684495192308 0.5520712884615384 0.47470180528846156 0.5548104254807693 0.47470180528846156 0.5548104254807693 0.4653684495192308
1 0.5966750000000001 0.46578185576923076 0.5939358629807692 0.46578185576923076 0.5939358629807692 0.47941667307692304 0.5966750000000001 0.47941667307692304 0.5966750000000001 0.46578185576923076
1 0.6013315336538462 0.46415866586538457 0.598135875 0.46415866586538457 0.598135875 0.48006595192307694 0.6013315336538462 0.48006595192307694 0.6013315336538462 0.46415866586538457
1 0.6069011129807692 0.47324854326923077 0.6047098028846154 0.47324854326923077 0.6047098028846154 0.48607176201923075 0.6069011129807692 0.48607176201923075 0.6069011129807692 0.47324854326923077
1 0.6233359375 0.46578185576923076 0.6207794086538462 0.46578185576923076 0.6207794086538462 0.4826630576923077 0.6233359375 0.4826630576923077 0.6233359375 0.46578185576923076
1 0.5982271778846153 0.49516164182692307 0.5915619447115384 0.49516164182692307 0.5915619447115384 0.53314434375 0.5982271778846153 0.53314434375 0.5982271778846153 0.49516164182692307
1 0.6121967788461539 0.5001935360576923 0.6091837283653846 0.5001935360576923 0.6091837283653846 0.5292486826923077 0.6121967788461539 0.5292486826923077 0.6121967788461539 0.5001935360576923
1 0.6067185048076923 0.496297875 0.6036141490384616 0.496297875 0.6036141490384616 0.5209704014423078 0.6067185048076923 0.5209704014423078 0.6067185048076923 0.496297875
1 0.6027011033653846 0.4975964302884615 0.5989576153846154 0.4975964302884615 0.5989576153846154 0.5221066370192308 0.6027011033653846 0.5221066370192308 0.6027011033653846 0.4975964302884615
1 0.6050750216346154 0.48607176201923075 0.6023358846153847 0.48607176201923075 0.6023358846153847 0.4979210673076923 0.6050750216346154 0.4979210673076923 0.6050750216346154 0.48607176201923075
1 0.6100967740384615 0.4875326370192308 0.6060793725961539 0.4875326370192308 0.6060793725961539 0.4975964302884615 0.6100967740384615 0.4975964302884615 0.6100967740384615 0.4875326370192308
1 0.6302086009615385 0.48712249519230766 0.6258716322115384 0.48712249519230766 0.6258716322115384 0.49665875 0.6302086009615385 0.49665875 0.6302086009615385 0.48712249519230766
1 0.6337466538461538 0.49848484375 0.6294096850961538 0.49848484375 0.6294096850961538 0.5279052067307692 0.6337466538461538 0.5279052067307692 0.6337466538461538 0.49848484375
1 0.6378553581730769 0.5078181995192308 0.6347738293269232 0.5078181995192308 0.6347738293269232 0.5339921778846154 0.6378553581730769 0.5339921778846154 0.6378553581730769 0.5078181995192308
1 0.6389966658653846 0.49909354086538466 0.6389966658653846 0.4901659807692308 0.6361433990384615 0.4901659807692308 0.6361433990384615 0.5092384927884616 0.6389966658653846 0.5092384927884616 0.6389966658653846 0.49909354086538466
1 0.6344314375 0.46703548798076927 0.632262954326923 0.46703548798076927 0.632262954326923 0.48326741346153845 0.6344314375 0.48326741346153845 0.6344314375 0.46703548798076927
1 0.6393390576923077 0.46602099278846154 0.6367140528846154 0.46602099278846154 0.6367140528846154 0.4820500192307692 0.6393390576923077 0.4820500192307692 0.6393390576923077 0.46602099278846154
1 0.6671869543269231 0.5076153004807693 0.65999671875 0.5076153004807693 0.65999671875 0.5429197355769231 0.6671869543269231 0.5429197355769231 0.6671869543269231 0.5076153004807693
1 0.6539477908653846 0.5025428221153846 0.6470999471153847 0.5025428221153846 0.6470999471153847 0.5366298653846153 0.6539477908653846 0.5366298653846153 0.6539477908653846 0.5025428221153846
1 0.6554314903846153 0.48996308173076925 0.6510945240384616 0.48996308173076925 0.6510945240384616 0.5086297956730769 0.6554314903846153 0.5086297956730769 0.6554314903846153 0.48996308173076925
1 0.6460727716346154 0.49645585096153844 0.6427629807692308 0.49645585096153844 0.6427629807692308 0.5228327307692308 0.6460727716346154 0.5228327307692308 0.6460727716346154 0.49645585096153844
1 0.6389966658653846 0.5252675192307692 0.642877110576923 0.5252675192307692 0.642877110576923 0.49909354086538466 0.6389966658653846 0.49909354086538466 0.6389966658653846 0.5252675192307692
1 0.6586271514423078 0.4666296899038462 0.6560021442307692 0.4666296899038462 0.6560021442307692 0.4779920360576923 0.6586271514423078 0.4779920360576923 0.6586271514423078 0.4666296899038462
1 0.6617086802884615 0.46561519471153845 0.6597684567307692 0.46561519471153845 0.6597684567307692 0.4761659447115385 0.6617086802884615 0.4761659447115385 0.6617086802884615 0.46561519471153845
1 0.6675293461538462 0.4688615793269231 0.6644478173076924 0.4688615793269231 0.6644478173076924 0.4802239278846154 0.6675293461538462 0.4802239278846154 0.6675293461538462 0.4688615793269231
1 0.6617086802884615 0.47819493509615385 0.6633065096153847 0.47819493509615385 0.6633065096153847 0.46561519471153845 0.6617086802884615 0.46561519471153845 0.6617086802884615 0.47819493509615385
1 0.6518934375000001 0.4662238918269231 0.649040170673077 0.4662238918269231 0.649040170673077 0.47819493509615385 0.6518934375000001 0.47819493509615385 0.6518934375000001 0.4662238918269231
1 0.6472140793269231 0.46561519471153845 0.6440184182692307 0.46561519471153845 0.6440184182692307 0.47738333894230767 0.6472140793269231 0.47738333894230767 0.6472140793269231 0.46561519471153845
1 0.6435618942307693 0.4700789735576923 0.6407086274038462 0.4700789735576923 0.6407086274038462 0.4812384230769231 0.6435618942307693 0.4812384230769231 0.6435618942307693 0.4700789735576923
1 0.6702684831730769 0.49320946634615387 0.6658173870192308 0.49320946634615387 0.6658173870192308 0.5171515552884615 0.6702684831730769 0.5171515552884615 0.6702684831730769 0.49320946634615387
1 0.7179374591346155 0.5038546682692308 0.7104476298076924 0.5038546682692308 0.7104476298076924 0.5365087331730769 0.7179374591346155 0.5365087331730769 0.7179374591346155 0.5038546682692308
1 0.7013528389423077 0.509244173076923 0.6943979975961538 0.509244173076923 0.6943979975961538 0.5396790312499999 0.7013528389423077 0.5396790312499999 0.7013528389423077 0.509244173076923
1 0.7281022259615385 0.4965629831730769 0.7222173605769231 0.4965629831730769 0.7222173605769231 0.5222423942307692 0.7281022259615385 0.5222423942307692 0.7281022259615385 0.4965629831730769
1 0.7425468942307692 0.4981481322115385 0.7364836995192309 0.4981481322115385 0.7364836995192309 0.5292170504807692 0.7425468942307692 0.5292170504807692 0.7425468942307692 0.4981481322115385
1 0.7425468942307692 0.5510921057692307 0.7500367235576924 0.5510921057692307 0.7500367235576924 0.5124144711538462 0.7425468942307692 0.5124144711538462 0.7425468942307692 0.5510921057692307
1 0.7364836995192309 0.4895883269230769 0.7322037980769232 0.4895883269230769 0.7322037980769232 0.5079760552884616 0.7364836995192309 0.5079760552884616 0.7364836995192309 0.4895883269230769
1 0.7322037980769232 0.48736911778846154 0.726853920673077 0.48736911778846154 0.726853920673077 0.5054398149038462 0.7322037980769232 0.5054398149038462 0.7322037980769232 0.48736911778846154
1 0.7281022259615385 0.4731027788461538 0.7243573125 0.4731027788461538 0.7243573125 0.48736911778846154 0.7281022259615385 0.48736911778846154 0.7281022259615385 0.4731027788461538
1 0.7209690552884616 0.47532198798076924 0.7177591298076924 0.47532198798076924 0.7177591298076924 0.4914905048076923 0.7209690552884616 0.4914905048076923 0.7209690552884616 0.47532198798076924
1 0.7560999182692308 0.4677132716346154 0.7532466514423077 0.4677132716346154 0.7532466514423077 0.4845158509615385 0.7560999182692308 0.4845158509615385 0.7560999182692308 0.4677132716346154
1 0.761449795673077 0.4692984206730769 0.7580615408653847 0.4692984206730769 0.7580615408653847 0.4841988221153847 0.761449795673077 0.4841988221153847 0.761449795673077 0.4692984206730769
1 0.7673346610576923 0.46834733173076926 0.7643030649038463 0.46834733173076926 0.7643030649038463 0.4829307019230769 0.7673346610576923 0.4829307019230769 0.7673346610576923 0.46834733173076926
1 0.6967070120192307 0.46980071394230766 0.694852389423077 0.46980071394230766 0.694852389423077 0.48248190625 0.6967070120192307 0.48248190625 0.6967070120192307 0.46980071394230766
1 0.7021282211538461 0.4736050721153846 0.6988469639423076 0.4736050721153846 0.6988469639423076 0.4845108966346154 0.7021282211538461 0.4845108966346154 0.7021282211538461 0.4736050721153846
1 0.6988469639423076 0.46980071394230766 0.6967070120192307 0.46980071394230766 0.6967070120192307 0.48222828125 0.6988469639423076 0.48222828125 0.6988469639423076 0.46980071394230766
1 0.7069787764423077 0.5012500697115384 0.7046961634615384 0.5012500697115384 0.7046961634615384 0.52306171875 0.7069787764423077 0.52306171875 0.7069787764423077 0.5012500697115384
1 0.7028415384615384 0.4878080072115385 0.6987043004807691 0.4878080072115385 0.6987043004807691 0.5098732788461539 0.7028415384615384 0.5098732788461539 0.7028415384615384 0.4878080072115385
1 0.6959936947115384 0.48958337259615387 0.6910004759615384 0.48958337259615387 0.6910004759615384 0.509244173076923 0.6959936947115384 0.509244173076923 0.6959936947115384 0.48958337259615387
1 0.6854366033653847 0.5042935552884615 0.67773278125 0.5042935552884615 0.67773278125 0.5398008918269231 0.6854366033653847 0.5398008918269231 0.6854366033653847 0.5042935552884615
1 0.6857219302884616 0.4677717259615385 0.6832966538461539 0.4677717259615385 0.6832966538461539 0.4801992908653846 0.6857219302884616 0.4801992908653846 0.6857219302884616 0.4677717259615385
1 0.6911431394230768 0.46624998076923074 0.6877192187500001 0.46624998076923074 0.6877192187500001 0.48273553125 0.6911431394230768 0.48273553125 0.6911431394230768 0.46624998076923074
1 0.6820126826923077 0.46675723076923076 0.6785887620192308 0.46675723076923076 0.6785887620192308 0.4842572740384616 0.6820126826923077 0.4842572740384616 0.6820126826923077 0.46675723076923076
1 0.6707422740384616 0.4705615865384616 0.6690303125000001 0.4705615865384616 0.6690303125000001 0.48273553125 0.6707422740384616 0.48273553125 0.6707422740384616 0.4705615865384616
1 0.6731675504807693 0.4705615865384616 0.6707422740384616 0.4705615865384616 0.6707422740384616 0.4850181442307692 0.6731675504807693 0.4850181442307692 0.6731675504807693 0.4705615865384616
1 0.6751648389423077 0.4677717259615385 0.6735955408653846 0.4677717259615385 0.6735955408653846 0.48400364903846155 0.6751648389423077 0.48400364903846155 0.6751648389423077 0.4677717259615385
1 0.6785887620192308 0.4677717259615385 0.6751648389423077 0.4677717259615385 0.6751648389423077 0.4842572740384616 0.6785887620192308 0.4842572740384616 0.6785887620192308 0.4677717259615385
1 0.6791594134615385 0.492880483173077 0.6760208197115385 0.492880483173077 0.6760208197115385 0.5042935552884615 0.6791594134615385 0.5042935552884615 0.6791594134615385 0.492880483173077
1 0.6767341370192308 0.5017573173076924 0.6737382043269231 0.5017573173076924 0.6737382043269231 0.5169747451923077 0.6767341370192308 0.5169747451923077 0.6767341370192308 0.5017573173076924
1 0.6867205745192309 0.4923732355769231 0.6834393173076924 0.4923732355769231 0.6834393173076924 0.5050544278846154 0.6867205745192309 0.5050544278846154 0.6867205745192309 0.4923732355769231
1 0.6867205745192309 0.5250907091346154 0.6910004759615384 0.5250907091346154 0.6910004759615384 0.5050544278846154 0.6867205745192309 0.5050544278846154 0.6867205745192309 0.5250907091346154
1 0.6910004759615384 0.48653988701923073 0.6874338918269232 0.48653988701923073 0.6874338918269232 0.5050544278846154 0.6910004759615384 0.5050544278846154 0.6910004759615384 0.48653988701923073
1 0.8203621875 0.5001557283653846 0.8137640048076923 0.5001557283653846 0.8137640048076923 0.5274202908653846 0.8203621875 0.5274202908653846 0.8203621875 0.5001557283653846
1 0.7946827764423077 0.4992046394230769 0.7905812019230769 0.4992046394230769 0.7905812019230769 0.519177516826923 0.7946827764423077 0.519177516826923 0.7946827764423077 0.4992046394230769
1 0.7759582043269231 0.49825355048076925 0.7700733389423077 0.49825355048076925 0.7700733389423077 0.5258351418269231 0.7759582043269231 0.5258351418269231 0.7759582043269231 0.49825355048076925
1 0.7729266057692308 0.47923176201923073 0.7693600216346154 0.47923176201923073 0.7693600216346154 0.49571731009615383 0.7729266057692308 0.49571731009615383 0.7729266057692308 0.47923176201923073
1 0.8078791394230769 0.48113394230769235 0.8057391899038462 0.48113394230769235 0.8057391899038462 0.49857057932692306 0.8078791394230769 0.49857057932692306 0.8078791394230769 0.48113394230769235
1 0.8159039567307692 0.4824020600961539 0.8119807139423076 0.4824020600961539 0.8119807139423076 0.5001557283653846 0.8159039567307692 0.5001557283653846 0.8159039567307692 0.4824020600961539
1 0.8007459711538462 0.4843042403846154 0.79807103125 0.4843042403846154 0.79807103125 0.5033260264423076 0.8007459711538462 0.5033260264423076 0.8007459711538462 0.4843042403846154
1 0.7866579591346153 0.48842562740384615 0.7804164350961538 0.48842562740384615 0.7804164350961538 0.5083985024038461 0.7866579591346153 0.5083985024038461 0.7866579591346153 0.48842562740384615
1 0.7772065096153846 0.4703549278846154 0.7750665576923077 0.4703549278846154 0.7750665576923077 0.4843042403846154 0.7772065096153846 0.4843042403846154 0.7772065096153846 0.4703549278846154
1 0.7797031177884615 0.4713060192307692 0.7784548124999999 0.4713060192307692 0.7784548124999999 0.4827190913461538 0.7797031177884615 0.4827190913461538 0.7797031177884615 0.4713060192307692
1 0.7916511778846154 0.4694038389423077 0.7889762403846153 0.4694038389423077 0.7889762403846153 0.4839872091346154 0.7916511778846154 0.4839872091346154 0.7916511778846154 0.4694038389423077
1 0.7936128004807692 0.4694038389423077 0.7916511778846154 0.4694038389423077 0.7916511778846154 0.48462126923076926 0.7936128004807692 0.48462126923076926 0.7936128004807692 0.4694038389423077
1 0.7936128004807692 0.48715750721153844 0.7959310793269231 0.48715750721153844 0.7959310793269231 0.4694038389423077 0.7936128004807692 0.4694038389423077 0.7936128004807692 0.48715750721153844
1 0.8032425793269231 0.4741592860576923 0.800567639423077 0.4741592860576923 0.800567639423077 0.48905968509615383 0.8032425793269231 0.48905968509615383 0.8032425793269231 0.4741592860576923
1 0.8159039567307692 0.47003789903846155 0.8123373701923077 0.47003789903846155 0.8123373701923077 0.4824020600961539 0.8159039567307692 0.4824020600961539 0.8159039567307692 0.47003789903846155
1 0.8178655769230769 0.47003789903846155 0.8159039567307692 0.47003789903846155 0.8159039567307692 0.4855723581730769 0.8178655769230769 0.4855723581730769 0.8178655769230769 0.47003789903846155
1 0.8235721129807693 0.46876978125 0.8207188461538462 0.46876978125 0.8207188461538462 0.48493829807692307 0.8235721129807693 0.48493829807692307 0.8235721129807693 0.46876978125
1 0.8235721129807693 0.4862064182692307 0.8267820408653846 0.4862064182692307 0.8267820408653846 0.46876978125 0.8235721129807693 0.46876978125 0.8235721129807693 0.4862064182692307
1 0.8207188461538462 0.4668676009615385 0.8173305913461538 0.4668676009615385 0.8173305913461538 0.48493829807692307 0.8207188461538462 0.48493829807692307 0.8207188461538462 0.4668676009615385
1 0.8283870048076923 0.48842562740384615 0.8260687235576923 0.48842562740384615 0.8260687235576923 0.5103006802884615 0.8283870048076923 0.5103006802884615 0.8283870048076923 0.48842562740384615
1 0.8283870048076923 0.5239329615384615 0.8315969302884615 0.5239329615384615 0.8315969302884615 0.49857057932692306 0.8283870048076923 0.49857057932692306 0.8283870048076923 0.5239329615384615
1 0.8319535889423076 0.47669552403846155 0.8285653341346154 0.47669552403846155 0.8285653341346154 0.49508325240384615 0.8319535889423076 0.49508325240384615 0.8319535889423076 0.47669552403846155
1 0.8367684783653846 0.4852553293269231 0.8367684783653846 0.47098898798076927 0.8335585528846153 0.47098898798076927 0.8335585528846153 0.4852553293269231 0.8340935408653846 0.4852553293269231 0.8367684783653846 0.4852553293269231
1 0.8319535889423076 0.5144220697115385 0.8374817956730769 0.5144220697115385 0.8374817956730769 0.48684047836538463 0.8319535889423076 0.48684047836538463 0.8319535889423076 0.5144220697115385
1 0.84265334375 0.49825355048076925 0.8390867596153846 0.49825355048076925 0.8390867596153846 0.52266484375 0.84265334375 0.52266484375 0.84265334375 0.49825355048076925
1 0.84265334375 0.5248840528846154 0.8480032211538462 0.5248840528846154 0.8480032211538462 0.5011068173076922 0.84265334375 0.5011068173076922 0.84265334375 0.5248840528846154
1 0.8487165384615385 0.4843042403846154 0.8462199302884615 0.4843042403846154 0.8462199302884615 0.498887608173077 0.8487165384615385 0.498887608173077 0.8487165384615385 0.4843042403846154
1 0.8462199302884615 0.475110375 0.8415833677884615 0.475110375 0.8415833677884615 0.4960343413461539 0.8462199302884615 0.4960343413461539 0.8462199302884615 0.475110375
1 0.8513914783653846 0.4738422572115385 0.8487165384615385 0.4738422572115385 0.8487165384615385 0.4833531490384615 0.8513914783653846 0.4833531490384615 0.8513914783653846 0.4738422572115385
1 0.8554930504807692 0.4833531490384615 0.8513914783653846 0.4833531490384615 0.8513914783653846 0.5033260264423076 0.8554930504807692 0.5033260264423076 0.8554930504807692 0.4833531490384615
1 0.8686894158653846 0.4973024591346154 0.862447891826923 0.4973024591346154 0.862447891826923 0.5236159326923077 0.8686894158653846 0.5236159326923077 0.8686894158653846 0.4973024591346154
1 0.8800028725961538 0.4996987596153846 0.8750096538461538 0.4996987596153846 0.8750096538461538 0.5336209471153845 0.8800028725961538 0.5336209471153845 0.8800028725961538 0.4996987596153846
1 0.8869577139423076 0.49304113461538457 0.8828561418269231 0.49304113461538457 0.8828561418269231 0.5187205456730769 0.8869577139423076 0.5187205456730769 0.8869577139423076 0.49304113461538457
1 0.9145987475961538 0.49430925480769233 0.9090705408653845 0.49430925480769233 0.9090705408653845 0.522207875 0.9145987475961538 0.522207875 0.9145987475961538 0.49430925480769233
1 0.9898004302884615 0.4734098461538461 0.9852352019230769 0.4734098461538461 0.9852352019230769 0.49309105528846153 0.9898004302884615 0.49309105528846153 0.9898004302884615 0.4734098461538461
1 0.9822678028846153 0.4719895528846154 0.9783873581730769 0.4719895528846154 0.9783873581730769 0.4813229086538462 0.9822678028846153 0.4813229086538462 0.9822678028846153 0.4719895528846154
1 0.9791862740384616 0.4809171105769231 0.9747351754807692 0.4809171105769231 0.9747351754807692 0.49654033894230765 0.9791862740384616 0.49654033894230765 0.9791862740384616 0.4809171105769231
1 0.9723384302884616 0.4874098798076923 0.9657188485576923 0.4874098798076923 0.9657188485576923 0.5062794927884615 0.9723384302884616 0.5062794927884615 0.9723384302884616 0.4874098798076923
1 0.9598981826923076 0.48619248557692313 0.9555612139423076 0.48619248557692313 0.9555612139423076 0.5121635649038462 0.9598981826923076 0.5121635649038462 0.9598981826923076 0.48619248557692313
1 0.9624090576923077 0.47401854326923076 0.9567025216346153 0.47401854326923076 0.9567025216346153 0.48456929326923076 0.9624090576923077 0.48456929326923076 0.9624090576923077 0.47401854326923076
1 0.9538492548076923 0.48112000961538465 0.9495122860576923 0.48112000961538465 0.9495122860576923 0.49796063221153847 0.9538492548076923 0.49796063221153847 0.9538492548076923 0.48112000961538465
1 0.9485992403846153 0.47178665384615387 0.9454035793269231 0.47178665384615387 0.9454035793269231 0.49025046875 0.9485992403846153 0.49025046875 0.9485992403846153 0.47178665384615387
1 0.9447187956730769 0.5239317115384615 0.9447187956730769 0.4701634591346154 0.9148165480769231 0.4701634591346154 0.9148165480769231 0.5239317115384615 0.9285714278846153 0.5239317115384615 0.9447187956730769 0.5239317115384615
1 0.9090705408653845 0.47178665384615387 0.8567240096153846 0.47178665384615387 0.8567240096153846 0.49430925480769233 0.9090705408653845 0.49430925480769233 0.9090705408653845 0.47178665384615387
1 0.10275696394230768 0.4784155048076923 0.04424359134615385 0.4784155048076923 0.04424359134615385 0.5094146850961538 0.10275696394230768 0.5094146850961538 0.10275696394230768 0.4784155048076923
1 0.16802546875 0.46665072596153845 0.11634155048076923 0.46665072596153845 0.11634155048076923 0.5008548822115384 0.16802546875 0.5008548822115384 0.16802546875 0.46665072596153845
1 0.2309320264423077 0.46355473317307694 0.17833882932692308 0.46355473317307694 0.17833882932692308 0.4932762740384616 0.2309320264423077 0.4932762740384616 0.2309320264423077 0.46355473317307694
1 0.29326650480769234 0.4647931298076923 0.24172930528846154 0.4647931298076923 0.24172930528846154 0.49030930528846156 0.29326650480769234 0.49030930528846156 0.29326650480769234 0.4647931298076923
1 0.37703653846153845 0.4566574783653846 0.3394090673076923 0.4566574783653846 0.3394090673076923 0.4721919375 0.37703653846153845 0.4721919375 0.37703653846153845 0.4566574783653846
1 0.4118107427884615 0.45190203125 0.38399137980769227 0.45190203125 0.38399137980769227 0.46775351923076924 0.4118107427884615 0.46775351923076924 0.4118107427884615 0.45190203125
1 0.46620116346153845 0.4506339110576923 0.435171875 0.4506339110576923 0.435171875 0.46490025240384614 0.46620116346153845 0.46490025240384614 0.46620116346153845 0.4506339110576923
1 0.5449251706730769 0.44988359855769233 0.47352381009615385 0.44988359855769233 0.47352381009615385 0.4785215408653846 0.5449251706730769 0.4785215408653846 0.5449251706730769 0.44988359855769233
1 0.9598639447115385 0.8797430072115385 0.887074829326923 0.8797430072115385 0.887074829326923 0.939002266826923 0.9598639447115385 0.939002266826923 0.9598639447115385 0.8797430072115385
1 0.04557823076923077 0.5848677740384616 0.01287901923076923 0.5848677740384616 0.01287901923076923 0.6336356778846154 0.04557823076923077 0.6336356778846154 0.04557823076923077 0.5848677740384616
1 0.16462585096153845 0.5601394495192308 0.14769593509615386 0.5601394495192308 0.14769593509615386 0.6179138317307692 0.16462585096153845 0.6179138317307692 0.16462585096153845 0.5601394495192308
1 0.24965986298076923 0.5788442067307693 0.23971382932692306 0.5788442067307693 0.23971382932692306 0.6239606947115385 0.24965986298076923 0.6239606947115385 0.24965986298076923 0.5788442067307693
1 0.22108843509615386 0.552847766826923 0.2118944639423077 0.552847766826923 0.2118944639423077 0.5997732427884616 0.22108843509615386 0.5997732427884616 0.22108843509615386 0.552847766826923
1 0.34829931971153844 0.5402685865384615 0.3373012451923077 0.5402685865384615 0.3373012451923077 0.5780045360576923 0.34829931971153844 0.5780045360576923 0.34829931971153844 0.5402685865384615
1 0.37687074759615385 0.555486016826923 0.3661905841346154 0.555486016826923 0.3661905841346154 0.596145125 0.37687074759615385 0.596145125 0.37687074759615385 0.555486016826923
1 0.4231292524038462 0.5647014350961539 0.4149659855769231 0.5647014350961539 0.4149659855769231 0.6021919879807692 0.4231292524038462 0.6021919879807692 0.4231292524038462 0.5647014350961539
1 0.4462585048076923 0.5767951634615385 0.4380952379807692 0.5767951634615385 0.4380952379807692 0.6106575961538462 0.4462585048076923 0.6106575961538462 0.4462585048076923 0.5767951634615385
1 0.48231292548076926 0.5493607475961538 0.46990056490384613 0.5493607475961538 0.46990056490384613 0.58042328125 0.48231292548076926 0.58042328125 0.48231292548076926 0.5493607475961538
1 0.5251700673076922 0.5537991634615385 0.5123429254807692 0.5537991634615385 0.5123429254807692 0.5925170072115384 0.5251700673076922 0.5925170072115384 0.5251700673076922 0.5537991634615385
1 0.5741496610576923 0.5365860192307692 0.55378325 0.5365860192307692 0.55378325 0.5743764182692307 0.5741496610576923 0.5743764182692307 0.5741496610576923 0.5365860192307692
1 0.6170068028846154 0.53314434375 0.5915619447115384 0.53314434375 0.5915619447115384 0.5683295528846154 0.6170068028846154 0.5683295528846154 0.6170068028846154 0.53314434375
1 0.642857141826923 0.5356764927884615 0.6265306129807692 0.5356764927884615 0.6265306129807692 0.5610733197115384 0.642857141826923 0.5610733197115384 0.642857141826923 0.5356764927884615
1 0.642857141826923 0.5683295528846154 0.7190476201923077 0.5683295528846154 0.7190476201923077 0.5429327283653846 0.642857141826923 0.5429327283653846 0.642857141826923 0.5683295528846154
1 0.7503401370192309 0.5501889639423078 0.7340136057692307 0.5501889639423078 0.7340136057692307 0.5925170072115384 0.7503401370192309 0.5925170072115384 0.7503401370192309 0.5501889639423078
1 0.8489795913461538 0.5274202908653846 0.8137640048076923 0.5274202908653846 0.8137640048076923 0.5598639447115384 0.8489795913461538 0.5598639447115384 0.8489795913461538 0.5274202908653846
1 0.7789115649038462 0.5258351418269231 0.7700733389423077 0.5258351418269231 0.7700733389423077 0.5501889639423078 0.7789115649038462 0.5501889639423078 0.7789115649038462 0.5258351418269231
1 0.8877551009615385 0.5344671201923077 0.8619047620192308 0.5344671201923077 0.8619047620192308 0.5586545721153846 0.8877551009615385 0.5586545721153846 0.8877551009615385 0.5344671201923077
1 0.9176870745192307 0.5308390024038462 0.9047619038461538 0.5308390024038462 0.9047619038461538 0.5465608461538461 0.9176870745192307 0.5465608461538461 0.9176870745192307 0.5308390024038462
1 0.9285714278846153 0.5441421009615385 0.93945578125 0.5441421009615385 0.93945578125 0.5239317115384615 0.9285714278846153 0.5239317115384615 0.9285714278846153 0.5441421009615385
1 0.9555612139423076 0.5356764927884615 0.9755102043269231 0.5356764927884615 0.9755102043269231 0.5121635649038462 0.9555612139423076 0.5121635649038462 0.9555612139423076 0.5356764927884615