1 0.14381079567307692 0.03843219471153846 0.020789625 0.03843219471153846 0.020789625 0.09098904326923077 0.14381079567307692 0.09098904326923077 0.14381079567307692 0.03843219471153846
1 0.9963761201923076 0.8445864326923077 0.9100705697115384 0.8445864326923077 0.9100705697115384 0.8581494903846154 0.9963761201923076 0.8581494903846154 0.9963761201923076 0.8445864326923077
1 0.94773984375 0.8038972596153846 0.94773984375 0.7911818942307692 0.9253290096153847 0.7911818942307692 0.9253290096153847 0.834414139423077 0.94773984375 0.834414139423077 0.94773984375 0.8038972596153846
1 0.94773984375 0.8327187572115384 0.9744421129807692 0.8327187572115384 0.9744421129807692 0.8038972596153846 0.94773984375 0.8038972596153846 0.94773984375 0.8327187572115384
1 0.959183673076923 0.834414139423077 0.9253290096153847 0.834414139423077 0.9253290096153847 0.8445864326923077 0.959183673076923 0.8445864326923077 0.959183673076923 0.834414139423077
1 0.9296204471153846 0.8700171658653846 0.9405874495192308 0.8700171658653846 0.9405874495192308 0.8581494903846154 0.9296204471153846 0.8581494903846154 0.9296204471153846 0.8700171658653846
1 0.4945304591346154 0.28916785096153846 0.4945304591346154 0.28561237740384615 0.49243050721153847 0.28561237740384615 0.49243050721153847 0.28792287259615384 0.49243050721153847 0.28916785096153846 0.4945304591346154 0.28916785096153846
1 0.5051302163461538 0.28063471394230766 0.5026302740384615 0.28063471394230766 0.5026302740384615 0.2854346033653846 0.5051302163461538 0.2854346033653846 0.5051302163461538 0.28063471394230766
1 0.5027302716346154 0.25930186778846154 0.5005303221153846 0.25930186778846154 0.5005303221153846 0.2641017596153846 0.5027302716346154 0.2641017596153846 0.5027302716346154 0.25930186778846154
1 0.49193445432692307 0.25980928365384615 0.4899946346153846 0.25980928365384615 0.4899946346153846 0.2646093221153846 0.49193445432692307 0.2646093221153846 0.49193445432692307 0.25980928365384615
1 0.48110815625000003 0.27099383894230766 0.4831004038461538 0.27099383894230766 0.4831004038461538 0.26703264182692305 0.48110815625000003 0.26703264182692305 0.48110815625000003 0.27099383894230766
1 0.48566935576923076 0.27038800721153844 0.4879499567307692 0.27038800721153844 0.4879499567307692 0.26633360576923076 0.48566935576923076 0.26633360576923076 0.48566935576923076 0.27038800721153844
1 0.48897229567307693 0.24545577163461538 0.4854596466346154 0.24545577163461538 0.4854596466346154 0.2527257331730769 0.48897229567307693 0.2527257331730769 0.48897229567307693 0.24545577163461538
1 0.45812899519230765 0.24686294230769232 0.46043294230769233 0.24686294230769232 0.46043294230769233 0.2412879591346154 0.45812899519230765 0.2412879591346154 0.45812899519230765 0.24686294230769232
1 0.4428333461538462 0.25175527403846154 0.4450092956730769 0.25175527403846154 0.4450092956730769 0.24515631490384615 0.4428333461538462 0.24515631490384615 0.4428333461538462 0.25175527403846154
1 0.4286896682692308 0.2572164831730769 0.4308656201923077 0.2572164831730769 0.4308656201923077 0.25084507451923077 0.4286896682692308 0.25084507451923077 0.4286896682692308 0.2572164831730769
1 0.4332335649038462 0.24208438461538462 0.4354095144230769 0.24208438461538462 0.4354095144230769 0.23741960336538462 0.4332335649038462 0.23741960336538462 0.4332335649038462 0.24208438461538462
1 0.4354735144230769 0.24174306009615384 0.4376494639423077 0.24174306009615384 0.4376494639423077 0.23514410096153845 0.4354735144230769 0.23514410096153845 0.4354735144230769 0.24174306009615384
1 0.43848144471153844 0.24003643269230768 0.44052939903846156 0.24003643269230768 0.44052939903846156 0.235257875 0.43848144471153844 0.235257875 0.43848144471153844 0.24003643269230768
1 0.44769723317307697 0.23764715384615384 0.4501291778846154 0.23764715384615384 0.4501291778846154 0.23423389903846153 0.44769723317307697 0.23423389903846153 0.44769723317307697 0.23764715384615384
1 0.43572950721153847 0.2605159639423077 0.43745746874999997 0.2605159639423077 0.43745746874999997 0.2567613822115385 0.43572950721153847 0.2567613822115385 0.43572950721153847 0.2605159639423077
1 0.43240158413461544 0.2606569735576923 0.43240158413461544 0.2617674903846154 0.4339375480769231 0.2617674903846154 0.4339375480769231 0.25812668509615383 0.43240158413461544 0.25812668509615383 0.43240158413461544 0.2606569735576923
1 0.4849201033653846 0.2847963076923077 0.4849201033653846 0.2807698677884615 0.4829068846153846 0.2807698677884615 0.4829068846153846 0.2826937956730769 0.4829068846153846 0.2847963076923077 0.4849201033653846 0.2847963076923077
1 0.4902626129807693 0.25675943028846154 0.4888198076923077 0.25675943028846154 0.4888198076923077 0.26030866346153847 0.4902626129807693 0.26030866346153847 0.4902626129807693 0.25675943028846154
1 0.4901787307692308 0.2594735504807692 0.4922087259615384 0.2594735504807692 0.4922087259615384 0.25452251923076924 0.4901787307692308 0.25452251923076924 0.4901787307692308 0.2594735504807692
1 0.48821584134615387 0.2544628701923077 0.48546443990384613 0.2544628701923077 0.48546443990384613 0.25878756490384613 0.48821584134615387 0.25878756490384613 0.48821584134615387 0.2544628701923077
1 0.49156937259615385 0.2497266778846154 0.4895050360576923 0.2497266778846154 0.4895050360576923 0.25345486057692307 0.49156937259615385 0.25345486057692307 0.49156937259615385 0.2497266778846154
1 0.4592972331730769 0.22228091346153847 0.45751469471153844 0.22228091346153847 0.45751469471153844 0.22754697355769232 0.4592972331730769 0.22754697355769232 0.4592972331730769 0.22228091346153847
1 0.45452632211538463 0.22777998557692308 0.45680692307692305 0.22777998557692308 0.45680692307692305 0.22027701442307693 0.45452632211538463 0.22027701442307693 0.45452632211538463 0.22777998557692308
1 0.42271273798076925 0.22912463701923078 0.42066193749999997 0.22912463701923078 0.42066193749999997 0.23597733894230769 0.42271273798076925 0.23597733894230769 0.42271273798076925 0.22912463701923078
1 0.42321738461538466 0.23700810576923076 0.4254185048076923 0.23700810576923076 0.4254185048076923 0.23269414903846153 0.42321738461538466 0.23269414903846153 0.42321738461538466 0.23700810576923076
1 0.4143181610576923 0.23951006009615383 0.4124056033653846 0.23951006009615383 0.4124056033653846 0.24329789423076922 0.4143181610576923 0.24329789423076922 0.4143181610576923 0.23951006009615383
1 0.4136638653846154 0.24049430048076925 0.41626427403846156 0.24049430048076925 0.41626427403846156 0.23691524278846154 0.4136638653846154 0.23691524278846154 0.4136638653846154 0.24049430048076925
0 0.4086811466346154 0.23682576682692308 0.4062485048076923 0.23682576682692308 0.4062485048076923 0.24132941346153844 0.4086811466346154 0.24132941346153844 0.4086811466346154 0.23682576682692308
0 0.41624749759615387 0.22322534615384615 0.413512875 0.22322534615384615 0.413512875 0.23118875 0.41624749759615387 0.23118875 0.41624749759615387 0.22322534615384615
0 0.3897122115384616 0.2501382475961539 0.38646169951923076 0.2501382475961539 0.38646169951923076 0.2535868173076923 0.3897122115384616 0.2535868173076923 0.3897122115384616 0.2501382475961539
0 0.38981706730769233 0.24771492788461538 0.3920452403846154 0.24771492788461538 0.3920452403846154 0.23806824759615383 0.38981706730769233 0.23806824759615383 0.38981706730769233 0.24771492788461538
1 0.44767092788461543 0.24240725240384617 0.4456229735576923 0.24240725240384617 0.4456229735576923 0.24568397596153846 0.44767092788461543 0.24568397596153846 0.44767092788461543 0.24240725240384617
1 0.5127446370192308 0.2592459759615385 0.5127446370192308 0.2563333317307692 0.5105942884615385 0.2563333317307692 0.5105942884615385 0.25775185096153846 0.5105942884615385 0.2592459759615385 0.5127446370192308 0.2592459759615385
1 0.66223978125 0.2698629735576923 0.6605686514423077 0.2698629735576923 0.6605686514423077 0.2760377788461538 0.66223978125 0.2760377788461538 0.66223978125 0.2698629735576923
0 0.48586326442307687 0.20116579326923079 0.48408072596153845 0.20116579326923079 0.48408072596153845 0.2075037067307692 0.48586326442307687 0.2075037067307692 0.48586326442307687 0.20116579326923079
0 0.48336770913461535 0.19840693509615384 0.48103992548076924 0.19840693509615384 0.48103992548076924 0.20530407692307692 0.48336770913461535 0.20530407692307692 0.48336770913461535 0.19840693509615384
0 0.42173409134615386 0.21092239903846155 0.41885057451923075 0.21092239903846155 0.41885057451923075 0.2168874951923077 0.42173409134615386 0.2168874951923077 0.42173409134615386 0.21092239903846155
0 0.4252811105769231 0.19218670913461539 0.4230857043269231 0.19218670913461539 0.4230857043269231 0.20115765624999998 0.4252811105769231 0.20115765624999998 0.4252811105769231 0.19218670913461539
1 0.43416103605769235 0.19777898798076923 0.42944255048076924 0.19777898798076923 0.42944255048076924 0.20995384134615386 0.43416103605769235 0.20995384134615386 0.43416103605769235 0.19777898798076923
1 0.5284433341346154 0.2632605865384615 0.5266280985576923 0.2632605865384615 0.5266280985576923 0.2669657620192308 0.5284433341346154 0.2669657620192308 0.5284433341346154 0.2632605865384615
1 0.5132126081730769 0.2520848557692308 0.5163536394230769 0.2520848557692308 0.5163536394230769 0.2487956153846154 0.5132126081730769 0.2487956153846154 0.5132126081730769 0.2520848557692308
1 0.5060140384615385 0.259483125 0.5083203293269231 0.259483125 0.5083203293269231 0.2550770769230769 0.5060140384615385 0.2550770769230769 0.5060140384615385 0.259483125
0 0.3831621826923077 0.24746093028846156 0.38070959615384614 0.24746093028846156 0.38070959615384614 0.25250952884615385 0.3831621826923077 0.25250952884615385 0.3831621826923077 0.24746093028846156
1 0.46152128124999997 0.24749871875 0.4634764639423077 0.24749871875 0.4634764639423077 0.24431657211538463 0.46152128124999997 0.24431657211538463 0.46152128124999997 0.24749871875