1 0.30411409855769234 0.34594696634615385 0.2925419591346154 0.34594696634615385 0.2925419591346154 0.36015697115384615 0.30411409855769234 0.36015697115384615 0.30411409855769234 0.34594696634615385
1 0.5266447716346154 0.38328364423076927 0.5047419615384615 0.38328364423076927 0.5047419615384615 0.4151799326923077 0.5266447716346154 0.4151799326923077 0.5266447716346154 0.38328364423076927
1 0.4651305 0.3816266947115385 0.4453247692307692 0.3816266947115385 0.4453247692307692 0.4168368822115385 0.4651305 0.4168368822115385 0.4651305 0.3816266947115385
1 0.40035410817307693 0.32280496634615385 0.3649368004807692 0.32280496634615385 0.3649368004807692 0.3513873557692308 0.40035410817307693 0.3513873557692308 0.40035410817307693 0.32280496634615385
1 0.34833845432692306 0.1440747451923077 0.3332394951923077 0.1440747451923077 0.3332394951923077 0.15998146634615384 0.34833845432692306 0.15998146634615384 0.34833845432692306 0.1440747451923077
1 0.4927706129807692 0.06359126682692308 0.4832265817307692 0.06359126682692308 0.4832265817307692 0.0762148389423077 0.4927706129807692 0.0762148389423077 0.4927706129807692 0.06359126682692308
1 0.14526944711538461 0.03020669230769231 0.017273997596153848 0.03020669230769231 0.017273997596153848 0.09796527163461538 0.14526944711538461 0.09796527163461538 0.14526944711538461 0.03020669230769231
1 0.18595074519230767 0.08787664423076923 0.1790536923076923 0.08787664423076923 0.1790536923076923 0.09715556490384616 0.18595074519230767 0.09715556490384616 0.18595074519230767 0.08787664423076923
1 0.23081515384615384 0.04895820192307692 0.22628173798076923 0.04895820192307692 0.22628173798076923 0.057017608173076925 0.23081515384615384 0.057017608173076925 0.23081515384615384 0.04895820192307692
1 0.21089198798076922 0.042171334134615386 0.2067164735576923 0.042171334134615386 0.2067164735576923 0.05065491826923077 0.21089198798076922 0.05065491826923077 0.21089198798076922 0.042171334134615386
1 0.19299692548076924 0.048321932692307695 0.18906001201923078 0.048321932692307695 0.18906001201923078 0.05362417307692308 0.19299692548076924 0.05362417307692308 0.19299692548076924 0.048321932692307695
1 0.34883308173076927 0.06186385576923077 0.3463516322115385 0.06186385576923077 0.3463516322115385 0.06983842307692308 0.34883308173076927 0.06983842307692308 0.34883308173076927 0.06186385576923077
1 0.32125082692307694 0.05999746634615385 0.3164788100961538 0.05999746634615385 0.3164788100961538 0.06848105048076923 0.32125082692307694 0.06848105048076923 0.32125082692307694 0.05999746634615385
1 0.3275498894230769 0.055416331730769236 0.32067818509615387 0.055416331730769236 0.32067818509615387 0.06186385576923077 0.3275498894230769 0.06186385576923077 0.3275498894230769 0.055416331730769236
1 0.29901323076923075 0.041842596153846154 0.29414577403846154 0.041842596153846154 0.29414577403846154 0.047272088942307694 0.29901323076923075 0.047272088942307694 0.29901323076923075 0.041842596153846154
1 0.2971044254807692 0.06389991586538461 0.2937640144230769 0.06389991586538461 0.2937640144230769 0.06949908173076923 0.2971044254807692 0.06949908173076923 0.2971044254807692 0.06389991586538461
1 0.3144745649038461 0.06508761778846153 0.31008430769230766 0.06508761778846153 0.31008430769230766 0.07391054326923077 0.3144745649038461 0.07391054326923077 0.3144745649038461 0.06508761778846153
1 0.3164788100961538 0.054907314903846156 0.30951166826923077 0.054907314903846156 0.30951166826923077 0.06220319711538461 0.3164788100961538 0.06220319711538461 0.3164788100961538 0.054907314903846156
1 0.30874814423076924 0.07526791826923077 0.30006307451923075 0.07526791826923077 0.30006307451923075 0.08273347115384616 0.30874814423076924 0.08273347115384616 0.30874814423076924 0.07526791826923077
1 0.22929593750000002 0.009321305288461538 0.22566920673076923 0.009321305288461538 0.22566920673076923 0.01984094951923077 0.22929593750000002 0.01984094951923077 0.22929593750000002 0.009321305288461538
1 0.24532991346153846 0.014920471153846152 0.24179862019230772 0.014920471153846152 0.24179862019230772 0.022386024038461537 0.24532991346153846 0.022386024038461537 0.24532991346153846 0.014920471153846152
1 0.23874453125 0.008642617788461539 0.23549956009615383 0.008642617788461539 0.23549956009615383 0.014411456730769231 0.23874453125 0.014411456730769231 0.23874453125 0.008642617788461539
1 0.24265758413461538 0.0004983774038461538 0.23960349278846155 0.0004983774038461538 0.23960349278846155 0.00966064903846154 0.24265758413461538 0.00966064903846154 0.24265758413461538 0.0004983774038461538
1 0.2435165456730769 0 0.2435165456730769 0.005418855769230769 0.24532991346153846 0.005418855769230769 0.24532991346153846 0 0.2435165456730769 0
1 0.27054143028846156 0.02731329086538462 0.26681543990384615 0.02731329086538462 0.26681543990384615 0.03230842548076923 0.27054143028846156 0.03230842548076923 0.27054143028846156 0.02731329086538462
1 0.2742674182692308 0.019060459134615383 0.2720073918269231 0.019060459134615383 0.2720073918269231 0.025358673076923077 0.2742674182692308 0.025358673076923077 0.2742674182692308 0.019060459134615383
1 0.25563746875 0.02948508894230769 0.25154498798076924 0.02948508894230769 0.25154498798076924 0.033828685096153846 0.25563746875 0.033828685096153846 0.25563746875 0.02948508894230769
1 0.6526834783653845 0.53344659375 0.6690831033653846 0.53344659375 0.6690831033653846 0.4890742740384615 0.6526834783653845 0.4890742740384615 0.6526834783653845 0.53344659375
1 0.43105603365384615 0.4415907451923077 0.46607603365384614 0.4415907451923077 0.46607603365384614 0.40545575 0.43105603365384615 0.40545575 0.43105603365384615 0.4415907451923077
1 0.24607837980769232 0.004086831730769231 0.24758567307692306 0.004086831730769231 0.24758567307692306 0.00012563221153846153 0.24607837980769232 0.00012563221153846153 0.24607837980769232 0.004086831730769231
1 0.26842564423076926 0.02459184615384615 0.27163683653846155 0.02459184615384615 0.27163683653846155 0.021737456730769232 0.26842564423076926 0.021737456730769232 0.26842564423076926 0.02459184615384615