1 0.14818761778846154 0.031078002403846155 0.010102533653846153 0.031078002403846155 0.010102533653846153 0.10508438942307692 0.14818761778846154 0.10508438942307692 0.14818761778846154 0.031078002403846155
1 1 0.7855821274038461 0.8995329326923076 0.7855821274038461 0.8995329326923076 0.8794438822115385 1 0.8794438822115385 1 0.7855821274038461
1 0.5077544326923077 0.26910261778846156 0.47385590624999996 0.26910261778846156 0.47385590624999996 0.30029456250000003 0.5077544326923077 0.30029456250000003 0.5077544326923077 0.26910261778846156
1 0.45852491346153845 0.2639544326923077 0.44149047836538463 0.2639544326923077 0.44149047836538463 0.2760678100961539 0.45852491346153845 0.2760678100961539 0.45852491346153845 0.2639544326923077
1 0.4779441706730769 0.24366452644230768 0.47198211778846155 0.24366452644230768 0.47198211778846155 0.2536580625 0.4779441706730769 0.2536580625 0.4779441706730769 0.24366452644230768
1 0.43205084134615385 0.27465247596153847 0.42963917067307694 0.27465247596153847 0.42963917067307694 0.28220205048076924 0.43205084134615385 0.28220205048076924 0.43205084134615385 0.27465247596153847
1 0.43705767548076924 0.2739068389423077 0.4351964951923077 0.2739068389423077 0.4351964951923077 0.27982533173076923 0.43705767548076924 0.27982533173076923 0.43705767548076924 0.2739068389423077
1 0.43705767548076924 0.26416695673076923 0.4353799927884615 0.26416695673076923 0.4353799927884615 0.2715767235576923 0.43705767548076924 0.2715767235576923 0.43705767548076924 0.26416695673076923
1 0.4346197932692308 0.2654718197115385 0.4326537572115384 0.2654718197115385 0.4326537572115384 0.2705980745192308 0.4346197932692308 0.2705980745192308 0.4346197932692308 0.2654718197115385
1 0.4326275432692308 0.26603104807692307 0.4307139375 0.26603104807692307 0.4307139375 0.2725087692307692 0.4326275432692308 0.2725087692307692 0.4326275432692308 0.26603104807692307
1 0.42104104326923075 0.2705980745192308 0.4231381490384616 0.2705980745192308 0.4231381490384616 0.26593784375 0.42104104326923075 0.26593784375 0.42104104326923075 0.2705980745192308
1 0.4217226033653846 0.26379413701923077 0.41907500961538463 0.26379413701923077 0.41907500961538463 0.2686873798076923 0.4217226033653846 0.2686873798076923 0.4217226033653846 0.26379413701923077
1 0.4147497331730769 0.25992614423076926 0.41294098076923075 0.25992614423076926 0.41294098076923075 0.2664970721153846 0.4147497331730769 0.2664970721153846 0.4147497331730769 0.25992614423076926
1 0.41210213942307694 0.27344081490384614 0.4142778846153846 0.27344081490384614 0.4142778846153846 0.2676155264423077 0.41210213942307694 0.2676155264423077 0.41210213942307694 0.27344081490384614
1 0.40596811057692306 0.27087768990384614 0.4077244326923077 0.27087768990384614 0.4077244326923077 0.2675689254807692 0.40596811057692306 0.2675689254807692 0.40596811057692306 0.27087768990384614
0 0.39602035817307696 0.2670982331730769 0.39418161778846156 0.2670982331730769 0.39418161778846156 0.27289630528846154 0.39602035817307696 0.27289630528846154 0.39602035817307696 0.2670982331730769