0 0.24570020913461538 0.47524330769230766 0.24083207451923078 0.47524330769230766 0.24083207451923078 0.4914303581730769 0.24570020913461538 0.4914303581730769 0.24570020913461538 0.47524330769230766
0 0.27319615625 0.45681250961538467 0.2676969663461538 0.45681250961538467 0.2676969663461538 0.4758843798076923 0.27319615625 0.4758843798076923 0.27319615625 0.45681250961538467
0 0.34357440384615384 0.45167956730769226 0.3376893701923077 0.45167956730769226 0.3376893701923077 0.4628598509615385 0.34357440384615384 0.4628598509615385 0.34357440384615384 0.45167956730769226
0 0.6785869134615384 0.6718898942307692 0.6681632451923077 0.6718898942307692 0.6681632451923077 0.6929250432692308 0.6785869134615384 0.6929250432692308 0.6785869134615384 0.6718898942307692
0 0.883758266826923 0.6329765456730769 0.8778984759615385 0.6329765456730769 0.8778984759615385 0.6522086850961538 0.883758266826923 0.6522086850961538 0.883758266826923 0.6329765456730769
0 0.8705962716346154 0.6395475264423076 0.8629334663461539 0.6395475264423076 0.8629334663461539 0.654612701923077 0.8705962716346154 0.654612701923077 0.8705962716346154 0.6395475264423076
0 0.9809209711538462 0.7699074230769232 0.9931065865384615 0.7699074230769232 0.9931065865384615 0.7478706009615385 0.9809209711538462 0.7478706009615385 0.9809209711538462 0.7699074230769232
1 0.1415811610576923 0.7871560552884616 0.16692409134615385 0.7871560552884616 0.16692409134615385 0.7572756177884615 0.1415811610576923 0.7572756177884615 0.1415811610576923 0.7871560552884616
0 0.3357749903846154 0.6835350576923077 0.3445150168269231 0.6835350576923077 0.3445150168269231 0.6350092283653846 0.3357749903846154 0.6350092283653846 0.3357749903846154 0.6835350576923077
0 0.4032909158653846 0.6257210817307691 0.41256879326923074 0.6257210817307691 0.41256879326923074 0.5819761225961538 0.4032909158653846 0.5819761225961538 0.4032909158653846 0.6257210817307691
0 0.3193150865384615 0.4594727451923077 0.3160449711538461 0.4594727451923077 0.3160449711538461 0.47087033653846155 0.3193150865384615 0.47087033653846155 0.3193150865384615 0.4594727451923077
0 0.07093124519230769 0.46398602884615386 0.0786628076923077 0.46398602884615386 0.0786628076923077 0.4540657211538462 0.07093124519230769 0.4540657211538462 0.07093124519230769 0.46398602884615386