1 0.8773890504807693 0.4733650072115384 0.8296080336538462 0.4733650072115384 0.8296080336538462 0.6576503629807693 0.8773890504807693 0.6576503629807693 0.8773890504807693 0.4733650072115384
1 0.3380304495192308 0.412896375 0.3169744086538462 0.412896375 0.3169744086538462 0.49784040625 0.3380304495192308 0.49784040625 0.3380304495192308 0.412896375
1 0.06916099759615385 0.3625058485576923 0.01247165625 0.3625058485576923 0.01247165625 0.4791239254807692 0.06916099759615385 0.4791239254807692 0.06916099759615385 0.3625058485576923
1 0.09912536538461537 0.41001691586538463 0.05701328125 0.41001691586538463 0.05701328125 0.4532087956730769 0.09912536538461537 0.4532087956730769 0.09912536538461537 0.41001691586538463
1 0.12180110096153846 0.3927401658653846 0.09993521153846154 0.3927401658653846 0.09993521153846154 0.44888960817307694 0.12180110096153846 0.44888960817307694 0.12180110096153846 0.3927401658653846
1 0.18658892067307692 0.3841017884615385 0.16148364182692307 0.3841017884615385 0.16148364182692307 0.46328690144230766 0.18658892067307692 0.46328690144230766 0.18658892067307692 0.3841017884615385
1 0.40524781249999997 0.3740236826923077 0.3882410120192308 0.3740236826923077 0.3882410120192308 0.43017312740384617 0.40524781249999997 0.43017312740384617 0.40524781249999997 0.3740236826923077
1 0.9664723028846154 0.34234963701923077 0.9486556514423078 0.34234963701923077 0.9486556514423078 0.3783428701923077 0.9664723028846154 0.3783428701923077 0.9664723028846154 0.34234963701923077
1 0.36621340625 0.36411008173076925 0.3502920048076923 0.36411008173076925 0.3502920048076923 0.4061294471153846 0.36621340625 0.4061294471153846 0.36621340625 0.36411008173076925
1 0.34815820913461537 0.36381828125000004 0.33781750721153847 0.36381828125000004 0.33781750721153847 0.3816181514423077 0.34815820913461537 0.3816181514423077 0.34815820913461537 0.36381828125000004
1 0.40232379567307697 0.41984410096153846 0.3532464927884615 0.41984410096153846 0.3532464927884615 0.5450267884615385 0.40232379567307697 0.5450267884615385 0.40232379567307697 0.41984410096153846
1 0.4322596201923077 0.37779222115384614 0.4111448894230769 0.37779222115384614 0.4111448894230769 0.43232401923076924 0.4322596201923077 0.43232401923076924 0.4322596201923077 0.37779222115384614
1 0.4579685769230769 0.3985080168269231 0.4240904639423077 0.3985080168269231 0.4240904639423077 0.4771776057692308 0.4579685769230769 0.4771776057692308 0.4579685769230769 0.3985080168269231
1 0.3587853149038462 0.3833365048076923 0.3692061177884615 0.3833365048076923 0.3692061177884615 0.3667528629807692 0.3587853149038462 0.3667528629807692 0.3587853149038462 0.3833365048076923
1 0.40030044711538465 0.41124056490384614 0.4103178629807692 0.41124056490384614 0.4103178629807692 0.3740236826923077 0.40030044711538465 0.3740236826923077 0.40030044711538465 0.41124056490384614
1 0.5395517860576923 0.43282997355769226 0.5054418269230769 0.43282997355769226 0.5054418269230769 0.5399757067307692 0.5395517860576923 0.5399757067307692 0.5395517860576923 0.43282997355769226
1 0.5270606177884616 0.5063746081730769 0.5525020288461538 0.5063746081730769 0.5525020288461538 0.40599501682692307 0.5270606177884616 0.40599501682692307 0.5270606177884616 0.5063746081730769
1 0.6455674543269231 0.38118616826923074 0.63027240625 0.38118616826923074 0.63027240625 0.43497095432692306 0.6455674543269231 0.43497095432692306 0.6455674543269231 0.38118616826923074
1 0.620439875 0.4052399182692307 0.6053129038461539 0.4052399182692307 0.6053129038461539 0.43422394471153847 0.620439875 0.43422394471153847 0.620439875 0.4052399182692307
1 0.6482566923076922 0.3989650288461538 0.6176665961538461 0.3989650288461538 0.6176665961538461 0.4484171514423077 0.6482566923076922 0.4484171514423077 0.6482566923076922 0.3989650288461538
1 0.6926416778846154 0.39214375 0.6710017043269231 0.39214375 0.6710017043269231 0.44406100721153846 0.6926416778846154 0.44406100721153846 0.6926416778846154 0.39214375
1 0.7032168221153847 0.33456013942307694 0.6992905336538461 0.33456013942307694 0.6992905336538461 0.3408708870192308 0.7032168221153847 0.3408708870192308 0.7032168221153847 0.33456013942307694
1 0.8456250120192308 0.3925381971153846 0.8148458269230769 0.3925381971153846 0.8148458269230769 0.44949778124999995 0.8456250120192308 0.44949778124999995 0.8456250120192308 0.3925381971153846
1 0.7974077908653846 0.44072040384615385 0.8192578605769231 0.44072040384615385 0.8192578605769231 0.4080386754807692 0.7974077908653846 0.4080386754807692 0.7974077908653846 0.44072040384615385
1 0.8306030889423077 0.39085742307692306 0.8093833076923077 0.39085742307692306 0.8093833076923077 0.4401601442307692 0.8306030889423077 0.4401601442307692 0.8306030889423077 0.39085742307692306
1 0.8862093966346154 0.4603018221153846 0.9082695625 0.4603018221153846 0.9082695625 0.40520976682692306 0.8862093966346154 0.40520976682692306 0.8862093966346154 0.4603018221153846
1 0.9057746634615385 0.45119762740384617 0.9266530360576923 0.45119762740384617 0.9266530360576923 0.39797309855769225 0.9057746634615385 0.39797309855769225 0.9057746634615385 0.45119762740384617
1 0.9057746634615385 0.44606192788461535 0.9334811826923077 0.44606192788461535 0.9334811826923077 0.4021750360576923 0.9057746634615385 0.4021750360576923 0.9057746634615385 0.44606192788461535
1 0.9582024375 0.4707519519230769 0.9398189663461539 0.4707519519230769 0.9398189663461539 0.5029667956730769 0.9582024375 0.5029667956730769 0.9582024375 0.4707519519230769
1 1 0.5374759591346154 0.9668127620192308 0.5374759591346154 0.9668127620192308 0.6457615384615385 1 0.6457615384615385 1 0.5374759591346154
1 0.8773890504807693 0.6820941995192308 0.9371588990384615 0.6820941995192308 0.9371588990384615 0.4861827908653846 0.8773890504807693 0.4861827908653846 0.8773890504807693 0.6820941995192308
1 0.19583473317307692 0.3392648557692307 0.18373315625 0.3392648557692307 0.18373315625 0.3619739879807692 0.19583473317307692 0.3619739879807692 0.19583473317307692 0.3392648557692307
1 0.13928649759615383 0.4031105841346154 0.12339792548076924 0.4031105841346154 0.12339792548076924 0.43089005288461535 0.13928649759615383 0.43089005288461535 0.13928649759615383 0.4031105841346154
1 0.1553746610576923 0.3793156201923077 0.14293693028846152 0.3793156201923077 0.14293693028846152 0.41696496875 0.1553746610576923 0.41696496875 0.1553746610576923 0.3793156201923077
1 0.15949256009615384 0.3672140408653846 0.14755906009615385 0.3672140408653846 0.14755906009615385 0.41322991586538466 0.15949256009615384 0.41322991586538466 0.15949256009615384 0.3672140408653846
1 0.1438613557692308 0.38155665144230766 0.1341969014423077 0.38155665144230766 0.1341969014423077 0.39784149038461536 0.1438613557692308 0.39784149038461536 0.1438613557692308 0.38155665144230766
1 0.21527983173076923 0.36172826442307693 0.19742160096153846 0.36172826442307693 0.19742160096153846 0.4080429399038462 0.21527983173076923 0.4080429399038462 0.21527983173076923 0.36172826442307693
1 0.1709494014423077 0.40580190865384613 0.1876520985576923 0.40580190865384613 0.1876520985576923 0.3817108052884616 0.1709494014423077 0.3817108052884616 0.1709494014423077 0.40580190865384613
1 0.20662699278846153 0.34840692548076924 0.19439095432692308 0.34840692548076924 0.19439095432692308 0.3629885793269231 0.20662699278846153 0.3629885793269231 0.20662699278846153 0.34840692548076924
1 0.31858364903846154 0.3742104831730769 0.2994123149038461 0.3742104831730769 0.2994123149038461 0.4260343653846154 0.31858364903846154 0.4260343653846154 0.31858364903846154 0.3742104831730769
1 0.2860186418269231 0.3998889831730769 0.2614635769230769 0.3998889831730769 0.2614635769230769 0.43303759375 0.2860186418269231 0.43303759375 0.2860186418269231 0.3998889831730769
1 0.33210863221153847 0.42976941826923076 0.2886448533653846 0.42976941826923076 0.2886448533653846 0.5121740625 0.33210863221153847 0.5121740625 0.33210863221153847 0.42976941826923076
1 0.08264122115384616 0.42881371874999996 0.015836997596153847 0.42881371874999996 0.015836997596153847 0.4857149423076923 0.08264122115384616 0.4857149423076923 0.08264122115384616 0.42881371874999996
1 0 0.05756229567307692 0.10745728125000001 0.05756229567307692 0.10745728125000001 0.003465110576923077 0 0.003465110576923077 0 0.05756229567307692