1 0.4128919855769231 0.7920192451923077 0.39227049759615384 0.7920192451923077 0.39227049759615384 0.8248872139423077 0.4128919855769231 0.8248872139423077 0.4128919855769231 0.7920192451923077
1 0.5501315504807692 1 0.5501315504807692 0.9715289134615385 0.5174216033653847 0.9715289134615385 0.5174216033653847 1 0.5501315504807692 1
1 0.45484605048076926 0.6466416995192308 0.44133541826923073 0.6466416995192308 0.44133541826923073 0.6731889038461538 0.45484605048076926 0.6731889038461538 0.45484605048076926 0.6466416995192308
0 0.39867026923076926 0.3976036418269231 0.3887150673076923 0.3976036418269231 0.3887150673076923 0.44437728605769233 0.39867026923076926 0.44437728605769233 0.39867026923076926 0.3976036418269231
0 0.38122375 0.30634463942307694 0.3763026081730769 0.30634463942307694 0.3763026081730769 0.3275536009615384 0.38122375 0.3275536009615384 0.38122375 0.30634463942307694
0 0.3851010144230769 0.3082004230769231 0.38003074519230773 0.3082004230769231 0.38003074519230773 0.3296744975961538 0.3851010144230769 0.3296744975961538 0.3851010144230769 0.3082004230769231
0 0.4113471033653846 0.32304669711538464 0.40493470673076926 0.32304669711538464 0.40493470673076926 0.34876256250000004 0.4113471033653846 0.34876256250000004 0.4113471033653846 0.32304669711538464
0 0.41731212259615386 0.32198624759615385 0.41239098076923075 0.32198624759615385 0.41239098076923075 0.3474370024038462 0.41731212259615386 0.3474370024038462 0.41731212259615386 0.32198624759615385
0 0.47069905528846157 0.38614335576923076 0.4623480264423077 0.38614335576923076 0.4623480264423077 0.4012547403846154 0.47069905528846157 0.4012547403846154 0.47069905528846157 0.38614335576923076
0 0.47830445432692303 0.35194390625000005 0.46861129807692303 0.35194390625000005 0.46861129807692303 0.3800457788461538 0.47830445432692303 0.3800457788461538 0.47830445432692303 0.35194390625000005
0 0.4724885600961538 0.39277115625 0.48173434134615384 0.39277115625 0.48173434134615384 0.3744784278846154 0.4724885600961538 0.3744784278846154 0.4724885600961538 0.39277115625
0 0.7520799254807693 0.6858304302884615 0.73430278125 0.6858304302884615 0.73430278125 0.7401889903846153 0.7520799254807693 0.7401889903846153 0.7520799254807693 0.6858304302884615
0 0.9888715072115384 0.9108495889423077 0.9696721899038461 0.9108495889423077 0.9696721899038461 0.9955478125 0.9888715072115384 0.9955478125 0.9888715072115384 0.9108495889423077
0 0.9988267091346154 0.8640759447115385 0.9782052187500001 0.8640759447115385 0.9782052187500001 0.9386609471153846 0.9988267091346154 0.9386609471153846 0.9988267091346154 0.8640759447115385
0 0.9049633798076923 0.67192475 0.884341889423077 0.67192475 0.884341889423077 0.7427172956730769 0.9049633798076923 0.7427172956730769 0.9049633798076923 0.67192475
0 0.9255848677884615 0.6580190721153846 0.9070966370192307 0.6580190721153846 0.9070966370192307 0.7123776346153845 0.9255848677884615 0.7123776346153845 0.9255848677884615 0.6580190721153846
0 0.9319846394230769 0.6327360216346154 0.8985636057692308 0.6327360216346154 0.8985636057692308 0.6630756826923078 0.9319846394230769 0.6630756826923078 0.9319846394230769 0.6327360216346154
0 0.946206358173077 0.5897548341346154 0.9184740096153846 0.5897548341346154 0.9184740096153846 0.6314718677884615 0.946206358173077 0.6314718677884615 0.946206358173077 0.5897548341346154
0 0.975360875 0.6087171225961538 0.9547393870192308 0.6087171225961538 0.9547393870192308 0.6479058509615385 0.975360875 0.6479058509615385 0.975360875 0.6087171225961538
0 0.9767830480769231 0.5682642403846153 0.9988267091346154 0.5682642403846153 0.9988267091346154 0.5442453413461539 0.9767830480769231 0.5442453413461539 0.9767830480769231 0.5682642403846153
0 0.9334068125 0.5278113557692308 0.9696721899038461 0.5278113557692308 0.9696721899038461 0.5113773725961539 0.9334068125 0.5113773725961539 0.9334068125 0.5278113557692308
0 0.9504728725961538 0.5025283052884615 0.9206072668269231 0.5025283052884615 0.9206072668269231 0.5278113557692308 0.9504728725961538 0.5278113557692308 0.9504728725961538 0.5025283052884615
0 0.946206358173077 0.39128287740384615 0.9284292115384616 0.39128287740384615 0.9284292115384616 0.44058482932692306 0.946206358173077 0.44058482932692306 0.946206358173077 0.39128287740384615
0 0.9142074951923077 0.49367923798076924 0.9078077235576922 0.49367923798076924 0.9078077235576922 0.53286796875 0.9142074951923077 0.53286796875 0.9142074951923077 0.49367923798076924
0 0.9078077235576922 0.4911509302884615 0.897141435096154 0.4911509302884615 0.897141435096154 0.53286796875 0.9078077235576922 0.53286796875 0.9078077235576922 0.4911509302884615
0 0.897141435096154 0.45069804807692304 0.8857640625 0.45069804807692304 0.8857640625 0.4911509302884615 0.897141435096154 0.4911509302884615 0.897141435096154 0.45069804807692304
0 0.8857640625 0.4431131322115384 0.8665647451923076 0.4431131322115384 0.8665647451923076 0.4911509302884615 0.8857640625 0.4911509302884615 0.8857640625 0.4431131322115384
0 0.8487875985576923 0.5164339831730769 0.8345658822115385 0.5164339831730769 0.8345658822115385 0.5745850024038461 0.8487875985576923 0.5745850024038461 0.8487875985576923 0.5164339831730769
0 0.882566110576923 0.5387530528846154 0.8748768245192308 0.5387530528846154 0.8748768245192308 0.5673354423076923 0.882566110576923 0.5673354423076923 0.882566110576923 0.5387530528846154
0 0.8727797475961538 0.5412384783653846 0.8639254206730769 0.5412384783653846 0.8639254206730769 0.5623645913461538 0.8727797475961538 0.5623645913461538 0.8727797475961538 0.5412384783653846
0 0.8639254206730769 0.5354391538461538 0.8562361370192307 0.5354391538461538 0.8562361370192307 0.5565652668269231 0.8639254206730769 0.5565652668269231 0.8639254206730769 0.5354391538461538
0 0.8653234735576922 0.5963320673076923 0.852508 0.5963320673076923 0.852508 0.6543253197115385 0.8653234735576922 0.6543253197115385 0.8653234735576922 0.5963320673076923
0 0.8026441586538462 0.58721884375 0.787731608173077 0.58721884375 0.787731608173077 0.6439693822115384 0.8026441586538462 0.6439693822115384 0.8026441586538462 0.58721884375
0 0.7579065072115385 0.4969150625 0.7422949302884615 0.4969150625 0.7422949302884615 0.5491089903846154 0.7579065072115385 0.5491089903846154 0.7579065072115385 0.4969150625
0 0.7266833533653846 0.49401540144230766 0.7471881105769231 0.49401540144230766 0.7471881105769231 0.474132 0.7266833533653846 0.474132 0.7266833533653846 0.49401540144230766
0 0.7669938413461538 0.47868861298076926 0.7422949302884615 0.47868861298076926 0.7422949302884615 0.5047855769230769 0.7669938413461538 0.5047855769230769 0.7669938413461538 0.47868861298076926
0 0.7237689711538462 0.37010757451923076 0.7159049302884615 0.37010757451923076 0.7159049302884615 0.40376437259615383 0.7237689711538462 0.40376437259615383 0.7237689711538462 0.37010757451923076
0 0.6723444375000001 0.46599278846153847 0.6962045192307692 0.46599278846153847 0.6962045192307692 0.45347950240384616 0.6723444375000001 0.45347950240384616 0.6723444375000001 0.46599278846153847
0 0.702408139423077 0.37839978125 0.6942957115384616 0.37839978125 0.6942957115384616 0.41360665625000004 0.702408139423077 0.41360665625000004 0.702408139423077 0.37839978125
1 0.6902395 0.3870954543269231 0.6789059615384615 0.3870954543269231 0.6789059615384615 0.40554724999999997 0.6902395 0.40554724999999997 0.6902395 0.3870954543269231
0 0.6162732475961538 0.4172121778846154 0.5976623846153847 0.4172121778846154 0.5976623846153847 0.4269683004807692 0.6162732475961538 0.4269683004807692 0.6162732475961538 0.4172121778846154
0 0.6033888028846154 0.4352397956730769 0.6191364567307692 0.4352397956730769 0.6191364567307692 0.4176363581730769 0.6033888028846154 0.4176363581730769 0.6033888028846154 0.4352397956730769
0 0.6188978557692307 0.4409662139423077 0.6351227115384616 0.4409662139423077 0.6351227115384616 0.4239990456730769 0.6188978557692307 0.4239990456730769 0.6188978557692307 0.4409662139423077
0 0.5810796274038462 0.37224918028846155 0.5722513990384616 0.37224918028846155 0.5722513990384616 0.39112515625 0.5810796274038462 0.39112515625 0.5810796274038462 0.37224918028846155
0 0.58943065625 0.37606679326923076 0.580483125 0.37606679326923076 0.580483125 0.39345814182692307 0.58943065625 0.39345814182692307 0.58943065625 0.37606679326923076
0 0.6389403245192308 0.37691515384615387 0.6259365817307692 0.37691515384615387 0.6259365817307692 0.39748784615384614 0.6389403245192308 0.39748784615384614 0.6389403245192308 0.37691515384615387
0 0.5506353870192308 0.4124304302884615 0.5398237884615384 0.4124304302884615 0.5398237884615384 0.45153445192307695 0.5506353870192308 0.45153445192307695 0.5506353870192308 0.4124304302884615
0 0.5250976442307692 0.43165105288461536 0.5170821466346154 0.43165105288461536 0.5170821466346154 0.46313310336538466 0.5250976442307692 0.46313310336538466 0.5250976442307692 0.43165105288461536
0 0.5127947884615385 0.3647102692307692 0.5062705480769231 0.3647102692307692 0.5062705480769231 0.38658200961538464 0.5127947884615385 0.38658200961538464 0.5127947884615385 0.3647102692307692
0 0.5441111442307692 0.33654211778846155 0.5394509735576923 0.33654211778846155 0.5394509735576923 0.3584138581730769 0.5441111442307692 0.3584138581730769 0.5441111442307692 0.33654211778846155
0 0.5495169447115384 0.3352165576923077 0.5441111442307692 0.3352165576923077 0.5441111442307692 0.3584138581730769 0.5495169447115384 0.3584138581730769 0.5495169447115384 0.3352165576923077
0 0.5724449927884615 0.32991431730769233 0.5558547788461539 0.32991431730769233 0.5558547788461539 0.3408501875 0.5724449927884615 0.3408501875 0.5724449927884615 0.32991431730769233
1 0.5286572067307692 0.31365858413461534 0.5125277932692307 0.31365858413461534 0.5125277932692307 0.3272323197115385 0.5286572067307692 0.3272323197115385 0.5286572067307692 0.31365858413461534
1 0.9120742379807693 0.7844343317307693 0.7186588918269231 0.7844343317307693 0.7186588918269231 0.8628117908653846 0.9120742379807693 0.8628117908653846 0.9120742379807693 0.7844343317307693
0 0.7101703629807693 0.39046735096153845 0.7053232451923077 0.39046735096153845 0.7053232451923077 0.410085 0.7101703629807693 0.410085 0.7101703629807693 0.39046735096153845
1 0.9719817403846154 0.6829670721153847 0.9472305 0.6829670721153847 0.9472305 0.7064349134615384 0.9719817403846154 0.7064349134615384 0.9719817403846154 0.6829670721153847
1 1 0.64476765625 0.9725875264423076 0.64476765625 0.9725875264423076 0.661928516826923 1 0.661928516826923 1 0.64476765625
1 0.8211619495192307 0.41479329086538463 0.8082781033653846 0.41479329086538463 0.8082781033653846 0.42511914182692306 0.8211619495192307 0.42511914182692306 0.8211619495192307 0.41479329086538463
1 0.9152562668269231 0.41873588701923076 0.9049069471153846 0.41873588701923076 0.9049069471153846 0.42962496875 0.9152562668269231 0.42962496875 0.9152562668269231 0.41873588701923076
1 0.7718571442307692 0.41198700721153847 0.7650093028846154 0.41198700721153847 0.7650093028846154 0.43208134615384614 0.7718571442307692 0.43208134615384614 0.7718571442307692 0.41198700721153847
0 0.5887418870192308 0.33168094951923077 0.5838312403846154 0.33168094951923077 0.5838312403846154 0.34106808653846155 0.5887418870192308 0.34106808653846155 0.5887418870192308 0.33168094951923077
0 0.591065201923077 0.3365622620192308 0.5867881875 0.3365622620192308 0.5867881875 0.34519842788461536 0.591065201923077 0.34519842788461536 0.591065201923077 0.3365622620192308
1 0.5919100456730769 0.3468881129807692 0.5801350552884615 0.3468881129807692 0.5801350552884615 0.35158168028846154 0.5919100456730769 0.35158168028846154 0.5919100456730769 0.3468881129807692
1 0.5935976177884615 0.3825810120192308 0.5904615625 0.3825810120192308 0.5904615625 0.3880600961538461 0.5935976177884615 0.3880600961538461 0.5935976177884615 0.3825810120192308
1 0.6002211826923077 0.37940891105769226 0.5953819254807692 0.37940891105769226 0.5953819254807692 0.38330194471153844 0.6002211826923077 0.38330194471153844 0.6002211826923077 0.37940891105769226
1 0.7800629326923076 0.03029275480769231 0.7746242596153846 0.03029275480769231 0.7746242596153846 0.04061860576923077 0.7800629326923076 0.04061860576923077 0.7800629326923076 0.03029275480769231
1 0.37889996394230774 0.8240315913461539 0.3578982139423077 0.8240315913461539 0.3578982139423077 0.8532219014423077 0.37889996394230774 0.8532219014423077 0.37889996394230774 0.8240315913461539
1 0.39072651682692305 0.8859793341346154 0.3788127956730769 0.8859793341346154 0.3788127956730769 0.9132417283653846 0.39072651682692305 0.9132417283653846 0.39072651682692305 0.8859793341346154
1 0.16555052644230767 0.48701925 0.15889106249999999 0.48701925 0.15889106249999999 0.4982066057692308 0.16555052644230767 0.4982066057692308 0.16555052644230767 0.48701925
1 0.15413265625 0.3822692427884615 0.15147375721153847 0.3822692427884615 0.15147375721153847 0.38699617067307696 0.15413265625 0.38699617067307696 0.15413265625 0.3822692427884615
1 0.2809421875 0.41857561778846153 0.2709713197115385 0.41857561778846153 0.2709713197115385 0.42830753125 0.2809421875 0.42830753125 0.2809421875 0.41857561778846153
0 0.6959496634615385 0.89513946875 0.6803021394230769 0.89513946875 0.6803021394230769 0.946981766826923 0.6959496634615385 0.946981766826923 0.6959496634615385 0.89513946875
0 0.5127947884615385 0.34554338942307694 0.5076914855769231 0.34554338942307694 0.5076914855769231 0.3647102692307692 0.5127947884615385 0.3647102692307692 0.5127947884615385 0.34554338942307694