1 0.3047891153846154 0.057224490384615384 0.2956462572115385 0.057224490384615384 0.2956462572115385 0.06728647115384614 0.3047891153846154 0.06728647115384614 0.3047891153846154 0.057224490384615384
1 0.28171428605769233 0.07657445192307692 0.27431292548076924 0.07657445192307692 0.27431292548076924 0.09747241105769232 0.28171428605769233 0.09747241105769232 0.28171428605769233 0.07657445192307692
1 0.05179863942307693 0.787844233173077 0.05131383894230769 0.787844233173077 0.04622585096153846 0.787844233173077 0.04622585096153846 0.7987421322115384 0.05179863942307693 0.7987421322115384 0.05179863942307693 0.787844233173077
1 0.9830876586538462 0.37498498317307694 0.9795496081730769 0.37498498317307694 0.9795496081730769 0.38168065384615385 0.9830876586538462 0.38168065384615385 0.9830876586538462 0.37498498317307694
1 0.9911909399038462 0.37417338701923075 0.9870822355769231 0.37417338701923075 0.9870822355769231 0.3814777548076923 0.9911909399038462 0.3814777548076923 0.9911909399038462 0.37417338701923075
1 0.996440954326923 0.3711299014423077 0.9917615937500001 0.3711299014423077 0.9917615937500001 0.3841154423076923 0.996440954326923 0.3841154423076923 0.996440954326923 0.3711299014423077
0 0.3123209591346154 0.618495 0.30912530048076925 0.618495 0.30912530048076925 0.6292486514423078 0.3123209591346154 0.6292486514423078 0.3123209591346154 0.618495
0 0.31665792788461544 0.6124080288461539 0.31369052884615384 0.6124080288461539 0.31369052884615384 0.6199152932692308 0.31665792788461544 0.6199152932692308 0.31665792788461544 0.6124080288461539
0 0.2897230769230769 0.6329008341346154 0.2864132860576923 0.6329008341346154 0.2864132860576923 0.6397994038461537 0.2897230769230769 0.6397994038461537 0.2897230769230769 0.6329008341346154
0 0.2852719783653846 0.6345240264423077 0.2829893629807692 0.6345240264423077 0.2829893629807692 0.6414225961538461 0.2852719783653846 0.6414225961538461 0.2852719783653846 0.6345240264423077
0 0.9977994014423076 0.3286418557692308 0.993964608173077 0.3286418557692308 0.993964608173077 0.3343230288461539 0.9977994014423076 0.3343230288461539 0.9977994014423076 0.3286418557692308
0 0.9898559014423077 0.33075200480769235 0.985655891826923 0.33075200480769235 0.985655891826923 0.33789405048076926 0.9898559014423077 0.33789405048076926 0.9898559014423077 0.33075200480769235
0 0.9841950192307691 0.3348099855769231 0.9814558822115385 0.3348099855769231 0.9814558822115385 0.34178971394230767 0.9841950192307691 0.34178971394230767 0.9841950192307691 0.3348099855769231
0 0.9553427716346155 0.3414650745192308 0.9507775432692308 0.3414650745192308 0.9507775432692308 0.34649697115384614 0.9553427716346155 0.34649697115384614 0.9553427716346155 0.3414650745192308
0 0.9188209423076923 0.35785931971153845 0.9158078918269231 0.35785931971153845 0.9158078918269231 0.3687347091346154 0.9188209423076923 0.3687347091346154 0.9188209423076923 0.35785931971153845
0 0.915077454326923 0.35688540384615386 0.9118817932692308 0.35688540384615386 0.9118817932692308 0.36841006971153845 0.915077454326923 0.36841006971153845 0.915077454326923 0.35688540384615386
0 0.8999208942307693 0.36824775000000004 0.8951730552884616 0.36824775000000004 0.8951730552884616 0.37376660576923076 0.8999208942307693 0.37376660576923076 0.8999208942307693 0.36824775000000004
0 0.9008339399038461 0.37474051923076923 0.8948078389423078 0.37474051923076923 0.8948078389423078 0.37879850240384616 0.9008339399038461 0.37879850240384616 0.9008339399038461 0.37474051923076923
0 0.8557784711538462 0.38689709855769233 0.8524184615384616 0.38689709855769233 0.8524184615384616 0.3936495793269231 0.8557784711538462 0.3936495793269231 0.8557784711538462 0.38689709855769233
0 0.8324775432692307 0.39338987019230764 0.828094923076923 0.39338987019230764 0.828094923076923 0.4009214831730769 0.8324775432692307 0.4009214831730769 0.8324775432692307 0.39338987019230764
0 0.8063279110576923 0.4129980336538462 0.8027487740384616 0.4129980336538462 0.8027487740384616 0.4183221057692308 0.8063279110576923 0.4183221057692308 0.8063279110576923 0.4129980336538462
0 0.8074235673076923 0.4023498918269231 0.8041366033653846 0.4023498918269231 0.8041366033653846 0.40676497596153843 0.8074235673076923 0.40676497596153843 0.8074235673076923 0.4023498918269231
0 0.8222514302884616 0.3963765432692308 0.8181609855769231 0.3963765432692308 0.8181609855769231 0.40390815625 0.8222514302884616 0.40390815625 0.8222514302884616 0.3963765432692308
0 0.8241505649038461 0.40689483173076924 0.8198409903846154 0.40689483173076924 0.8198409903846154 0.4111800576923077 0.8241505649038461 0.4111800576923077 0.8241505649038461 0.40689483173076924
0 0.7234413701923077 0.44669419471153843 0.7198804903846153 0.44669419471153843 0.7198804903846153 0.45237536778846155 0.7234413701923077 0.45237536778846155 0.7234413701923077 0.44669419471153843
0 0.7205196225961538 0.43971446634615385 0.7164109182692309 0.43971446634615385 0.7164109182692309 0.4445840432692308 0.7205196225961538 0.4445840432692308 0.7205196225961538 0.43971446634615385
0 0.4788115072115385 0.5428603221153846 0.47595823798076925 0.5428603221153846 0.47595823798076925 0.5514835312499999 0.4788115072115385 0.5514835312499999 0.4788115072115385 0.5428603221153846
0 0.25089759134615386 0.6521645865384615 0.24532801201923077 0.6521645865384615 0.24532801201923077 0.6565472067307693 0.25089759134615386 0.6565472067307693 0.25089759134615386 0.6521645865384615
0 0.25089759134615386 0.6458341370192309 0.2447801826923077 0.6458341370192309 0.2447801826923077 0.6521645865384615 0.25089759134615386 0.6521645865384615 0.25089759134615386 0.6458341370192309
0 0.23784103605769233 0.6438863052884615 0.23409754807692307 0.6438863052884615 0.23409754807692307 0.6500544350961538 0.23784103605769233 0.6500544350961538 0.23784103605769233 0.6438863052884615
0 0.23008014663461537 0.654599375 0.2324540673076923 0.654599375 0.2324540673076923 0.6479442860576923 0.23008014663461537 0.6479442860576923 0.23008014663461537 0.654599375
0 0.22341491346153844 0.6586573557692308 0.21967142548076923 0.6586573557692308 0.21967142548076923 0.6661240408653846 0.22341491346153844 0.6661240408653846 0.22341491346153844 0.6586573557692308
0 0.21720620192307694 0.6609298269230769 0.2132801057692308 0.6609298269230769 0.2132801057692308 0.6680718725961537 0.21720620192307694 0.6680718725961537 0.21720620192307694 0.6609298269230769
0 0.19941066826923076 0.6722268918269231 0.2042607668269231 0.6722268918269231 0.2042607668269231 0.6667210216346154 0.19941066826923076 0.6667210216346154 0.19941066826923076 0.6722268918269231
0 0.18366222115384617 0.6790021995192308 0.179736125 0.6790021995192308 0.179736125 0.6841964158653846 0.18366222115384617 0.6841964158653846 0.18366222115384617 0.6790021995192308
0 0.17882307932692307 0.6733210264423076 0.1749882860576923 0.6733210264423076 0.1749882860576923 0.6825732235576923 0.17882307932692307 0.6825732235576923 0.17882307932692307 0.6733210264423076
0 0.06993663221153847 0.5423203798076923 0.06565672836538462 0.5423203798076923 0.06565672836538462 0.5530993918269231 0.06993663221153847 0.5530993918269231 0.06993663221153847 0.5423203798076923
0 0.08509461778846153 0.53661384375 0.08134970432692307 0.53661384375 0.08134970432692307 0.5442225576923077 0.08509461778846153 0.5442225576923077 0.08509461778846153 0.53661384375
0 0.08990950721153847 0.5391500817307693 0.08669958173076922 0.5391500817307693 0.08669958173076922 0.5448566177884615 0.08990950721153847 0.5448566177884615 0.08990950721153847 0.5391500817307693
0 0.46156068509615383 0.5587026370192307 0.46552859375 0.5587026370192307 0.46552859375 0.5486904230769231 0.46156068509615383 0.5486904230769231 0.46156068509615383 0.5587026370192307
0 0.3905585336538462 0.5927614639423078 0.39622726923076923 0.5927614639423078 0.39622726923076923 0.5795380576923077 0.3905585336538462 0.5795380576923077 0.3905585336538462 0.5927614639423078
0 0.31773311538461535 0.6248541610576923 0.3217471033653846 0.6248541610576923 0.3217471033653846 0.6148055384615385 0.31773311538461535 0.6148055384615385 0.31773311538461535 0.6248541610576923
0 0.33747538221153844 0.6029365120192307 0.33305180528846157 0.6029365120192307 0.33305180528846157 0.6078151923076923 0.33747538221153844 0.6078151923076923 0.33747538221153844 0.6029365120192307
0 0.24711655528846155 0.6423418341346154 0.24239806971153846 0.6423418341346154 0.24239806971153846 0.6464195360576923 0.24711655528846155 0.6464195360576923 0.24711655528846155 0.6423418341346154
0 0.23008014663461537 0.6484001322115385 0.22781664423076925 0.6484001322115385 0.22781664423076925 0.6530021129807693 0.23008014663461537 0.6530021129807693 0.23008014663461537 0.6484001322115385
0 0.20019385336538462 0.6625555841346155 0.19514769711538463 0.6625555841346155 0.19514769711538463 0.6680896105769231 0.20019385336538462 0.6680896105769231 0.20019385336538462 0.6625555841346155
0 0.21572552884615387 0.6562642740384615 0.21041723557692307 0.6562642740384615 0.21041723557692307 0.6623225745192307 0.21572552884615387 0.6623225745192307 0.21572552884615387 0.6562642740384615
0 0.17283319951923076 0.6742644158653845 0.1676559735576923 0.6742644158653845 0.1676559735576923 0.6800314519230769 0.17283319951923076 0.6800314519230769 0.17283319951923076 0.6742644158653845
0 0.12753018509615385 0.6928777836538462 0.12490880528846154 0.6928777836538462 0.12490880528846154 0.6968389807692308 0.12753018509615385 0.6968389807692308 0.12753018509615385 0.6928777836538462
0 0.1399030985576923 0.6957205240384615 0.13487004807692307 0.6957205240384615 0.13487004807692307 0.7025710649038461 0.1399030985576923 0.7025710649038461 0.1399030985576923 0.6957205240384615
0 0.025447516826923075 0.7362673701923076 0.019523197115384618 0.7362673701923076 0.019523197115384618 0.746426673076923 0.025447516826923075 0.746426673076923 0.025447516826923075 0.7362673701923076
1 0.006975653846153846 0.8470266322115385 0.013733899038461537 0.8470266322115385 0.013733899038461537 0.8260009807692307 0.006975653846153846 0.8260009807692307 0.006975653846153846 0.8470266322115385
1 0.06851664423076922 0.8391989014423077 0.06580310817307691 0.8391989014423077 0.06580310817307691 0.8455703100961538 0.06851664423076922 0.8455703100961538 0.06851664423076922 0.8391989014423077
1 0.08079613942307692 0.8481854903846154 0.08705468509615384 0.8481854903846154 0.08705468509615384 0.8368261778846153 0.08079613942307692 0.8368261778846153 0.08079613942307692 0.8481854903846154
1 0.3441097980769231 0.6740772355769231 0.346961860576923 0.6740772355769231 0.346961860576923 0.6689696201923077 0.3441097980769231 0.6689696201923077 0.3441097980769231 0.6740772355769231
1 0.3441097980769231 0.66725465625 0.3419707524038461 0.66725465625 0.3419707524038461 0.6719894519230769 0.3441097980769231 0.6719894519230769 0.3441097980769231 0.66725465625
1 0.9798221514423078 0.37848691105769233 0.9765126586538462 0.37848691105769233 0.9765126586538462 0.38407918990384615 0.9798221514423078 0.38407918990384615 0.9798221514423078 0.37848691105769233
1 0.04400122355769231 0.35226906249999995 0.049921086538461536 0.35226906249999995 0.049921086538461536 0.34146042067307697 0.04400122355769231 0.34146042067307697 0.04400122355769231 0.35226906249999995
1 0.0785604326923077 0.3262429903846154 0.08528027884615384 0.3262429903846154 0.08528027884615384 0.31386993990384615 0.0785604326923077 0.31386993990384615 0.0785604326923077 0.3262429903846154
1 0.11743954326923077 0.24930252884615384 0.12103945913461539 0.24930252884615384 0.12103945913461539 0.23892054326923076 0.11743954326923077 0.23892054326923076 0.11743954326923077 0.24930252884615384
1 0.14711886298076923 0.20336580288461537 0.15151876201923076 0.20336580288461537 0.15151876201923076 0.19298381971153844 0.14711886298076923 0.19298381971153844 0.14711886298076923 0.20336580288461537
1 0.021601735576923076 0.13211410096153847 0.026721617788461542 0.13211410096153847 0.026721617788461542 0.11959883173076923 0.021601735576923076 0.11959883173076923 0.021601735576923076 0.13211410096153847
1 0.0999999423076923 0.09641713942307692 0.1031198701923077 0.09641713942307692 0.1031198701923077 0.08788400240384615 0.0999999423076923 0.08788400240384615 0.0999999423076923 0.09641713942307692
1 0.05320101201923077 0.05190260336538462 0.05624094230769231 0.05190260336538462 0.05624094230769231 0.04564496875 0.05320101201923077 0.04564496875 0.05320101201923077 0.05190260336538462
0 0.09346367788461539 0.5336784086538462 0.08731981971153847 0.5336784086538462 0.08731981971153847 0.5397084927884616 0.09346367788461539 0.5397084927884616 0.09346367788461539 0.5336784086538462