0 0.38606576923076924 0.4926817139423077 0.3812708846153846 0.4926817139423077 0.3812708846153846 0.5058110552884615 0.38606576923076924 0.5058110552884615 0.38606576923076924 0.4926817139423077
0 0.46186679326923075 0.48387869471153844 0.45873473557692307 0.48387869471153844 0.45873473557692307 0.5037362548076924 0.46186679326923075 0.5037362548076924 0.46186679326923075 0.48387869471153844
0 0.41787538461538465 0.4864311490384615 0.41407270432692306 0.4864311490384615 0.41407270432692306 0.5160256274038462 0.41787538461538465 0.5160256274038462 0.41787538461538465 0.4864311490384615
0 0.3603595745192308 0.47833054086538457 0.3575335817307692 0.47833054086538457 0.3575335817307692 0.49593319471153846 0.3603595745192308 0.49593319471153846 0.3603595745192308 0.47833054086538457
0 0.35728530769230765 0.4765097163461538 0.3549027764423077 0.4765097163461538 0.3549027764423077 0.4926579230769231 0.35728530769230765 0.4926579230769231 0.35728530769230765 0.4765097163461538
0 0.34900697115384616 0.4799013485576923 0.34468116826923073 0.4799013485576923 0.34468116826923073 0.5006598581730769 0.34900697115384616 0.5006598581730769 0.34900697115384616 0.4799013485576923
0 0.5148274110576924 0.45716284375 0.5125670120192308 0.45716284375 0.5125670120192308 0.4671417524038462 0.5148274110576924 0.4671417524038462 0.5148274110576924 0.45716284375
0 0.49990463221153847 0.45815443749999996 0.4975091298076923 0.45815443749999996 0.4975091298076923 0.4687234110576923 0.49990463221153847 0.4687234110576923 0.49990463221153847 0.45815443749999996
0 0.27020861298076926 0.4854387644230769 0.2672010432692308 0.4854387644230769 0.2672010432692308 0.5068816562499999 0.27020861298076926 0.5068816562499999 0.27020861298076926 0.4854387644230769
0 0.5060323701923077 0.4711798221153846 0.5036852524038461 0.4711798221153846 0.5036852524038461 0.48307885096153846 0.5060323701923077 0.48307885096153846 0.5060323701923077 0.4711798221153846
0 0.517156125 0.45593366346153846 0.5146769519230769 0.45593366346153846 0.5146769519230769 0.4672893677884616 0.517156125 0.4672893677884616 0.517156125 0.45593366346153846
0 0.5015954639423077 0.4582998197115385 0.49913733894230766 0.4582998197115385 0.49913733894230766 0.46943133413461535 0.5015954639423077 0.46943133413461535 0.5015954639423077 0.4582998197115385
0 0.33375012019230765 0.4861427596153846 0.33085215865384615 0.4861427596153846 0.33085215865384615 0.5003401009615385 0.33375012019230765 0.5003401009615385 0.33375012019230765 0.4861427596153846
0 0.2543917331730769 0.4853665961538462 0.2515328076923077 0.4853665961538462 0.2515328076923077 0.5029650649038462 0.2543917331730769 0.5029650649038462 0.2543917331730769 0.4853665961538462
0 0.508205858173077 0.4830928509615384 0.508205858173077 0.47332029086538463 0.5061033245192308 0.47332029086538463 0.5061033245192308 0.4842313413461538 0.508205858173077 0.4842313413461538 0.508205858173077 0.4830928509615384
0 0.3961626370192307 0.5051422451923077 0.3961626370192307 0.4901215721153846 0.39190619711538466 0.4901215721153846 0.39190619711538466 0.5157835793269231 0.3961626370192307 0.5157835793269231 0.3961626370192307 0.5051422451923077
0 0.3182540576923077 0.49786473076923077 0.31292085576923073 0.49786473076923077 0.31292085576923073 0.5295068245192307 0.3182540576923077 0.5295068245192307 0.3182540576923077 0.49786473076923077
0 0.3289514230769231 0.47981296153846154 0.32586660336538464 0.47981296153846154 0.32586660336538464 0.5006900360576924 0.3289514230769231 0.5006900360576924 0.3289514230769231 0.47981296153846154
0 0.3549599014423077 0.4789400456730769 0.3523838990384615 0.4789400456730769 0.3523838990384615 0.4925665961538461 0.3549599014423077 0.4925665961538461 0.3549599014423077 0.4789400456730769
0 0.26386628125 0.4614277860576923 0.2612217115384615 0.4614277860576923 0.2612217115384615 0.46952545673076923 0.26386628125 0.46952545673076923 0.26386628125 0.4614277860576923
0 0.41525065144230766 0.48879592307692304 0.41151587259615385 0.48879592307692304 0.41151587259615385 0.5142799086538461 0.41525065144230766 0.5142799086538461 0.41525065144230766 0.48879592307692304
0 0.4048163100961538 0.4926958990384615 0.40230026201923075 0.4926958990384615 0.40230026201923075 0.5096424230769231 0.4048163100961538 0.5096424230769231 0.4048163100961538 0.4926958990384615
0 0.29855616826923076 0.4882386947115384 0.29332990625 0.4882386947115384 0.29332990625 0.5134930072115385 0.29855616826923076 0.5134930072115385 0.29855616826923076 0.4882386947115384
0 0.2888482091346154 0.4741446610576923 0.28613017307692307 0.4741446610576923 0.28613017307692307 0.49431429326923076 0.2888482091346154 0.49431429326923076 0.2888482091346154 0.4741446610576923
0 0.43540271153846155 0.47222284375 0.4329061201923077 0.47222284375 0.4329061201923077 0.493261548076923 0.43540271153846155 0.493261548076923 0.43540271153846155 0.47222284375
0 0.25622881249999996 0.4847603125 0.25390680528846155 0.4847603125 0.25390680528846155 0.5030176225961539 0.25622881249999996 0.5030176225961539 0.25622881249999996 0.4847603125
0 0.3095134735576923 0.4566909230769231 0.30722490865384616 0.4566909230769231 0.30722490865384616 0.46644806971153846 0.3095134735576923 0.46644806971153846 0.3095134735576923 0.4566909230769231
0 0.35220921875 0.4772003173076923 0.34945837740384617 0.4772003173076923 0.34945837740384617 0.49184524999999996 0.35220921875 0.49184524999999996 0.35220921875 0.4772003173076923
0 0.5147795673076924 0.47224434615384614 0.5121382716346153 0.47224434615384614 0.5121382716346153 0.4903406201923077 0.5147795673076924 0.4903406201923077 0.5147795673076924 0.47224434615384614
0 0.39404961298076924 0.4736952596153846 0.3918959615384615 0.4736952596153846 0.3918959615384615 0.48586759375 0.39404961298076924 0.48586759375 0.39404961298076924 0.4736952596153846
0 0.3361897475961539 0.48428350480769233 0.3326479278846154 0.48428350480769233 0.3326479278846154 0.5008686778846154 0.3361897475961539 0.5008686778846154 0.3361897475961539 0.48428350480769233
0 0.4945386875 0.4571227740384615 0.49179871875000003 0.4571227740384615 0.49179871875000003 0.46824337980769226 0.4945386875 0.46824337980769226 0.4945386875 0.4571227740384615
0 0.33854754807692305 0.45919412740384613 0.33501920673076924 0.45919412740384613 0.33501920673076924 0.4697529254807692 0.33854754807692305 0.4697529254807692 0.33854754807692305 0.45919412740384613
0 0.908334733173077 0.46852648798076924 0.9034343725961538 0.46852648798076924 0.9034343725961538 0.49335389423076925 0.908334733173077 0.49335389423076925 0.908334733173077 0.46852648798076924
0 0.8458824158653846 0.47034748317307695 0.8421554567307693 0.47034748317307695 0.8421554567307693 0.4832376538461538 0.8458824158653846 0.4832376538461538 0.8458824158653846 0.47034748317307695
0 0.8539113365384616 0.4706965697115385 0.8502105721153845 0.4706965697115385 0.8502105721153845 0.48390322115384615 0.8539113365384616 0.48390322115384615 0.8539113365384616 0.4706965697115385
0 0.5910818725961539 0.46381722836538464 0.58883953125 0.46381722836538464 0.58883953125 0.4707631995192308 0.5910818725961539 0.4707631995192308 0.5910818725961539 0.46381722836538464
0 0.8822503413461539 0.46967112259615384 0.8793249759615385 0.46967112259615384 0.8793249759615385 0.47987778124999997 0.8822503413461539 0.47987778124999997 0.8822503413461539 0.46967112259615384
0 0.5700042091346154 0.48035425240384616 0.565392875 0.48035425240384616 0.565392875 0.5018315072115385 0.5700042091346154 0.5018315072115385 0.5700042091346154 0.48035425240384616
0 0.7909821826923077 0.477495829326923 0.7874618533653847 0.477495829326923 0.7874618533653847 0.49764387259615384 0.7909821826923077 0.49764387259615384 0.7909821826923077 0.477495829326923
0 0.8915058774038461 0.46945037980769233 0.8862536754807693 0.46945037980769233 0.8862536754807693 0.4855399230769231 0.8915058774038461 0.4855399230769231 0.8915058774038461 0.46945037980769233
0 0.7047103245192308 0.46986968509615384 0.7023959471153846 0.46986968509615384 0.7023959471153846 0.4821110480769231 0.7047103245192308 0.4821110480769231 0.7047103245192308 0.46986968509615384
0 0.7636466346153846 0.46995713942307693 0.7603617980769232 0.46995713942307693 0.7603617980769232 0.48139106009615384 0.7636466346153846 0.48139106009615384 0.7636466346153846 0.46995713942307693
0 0.5925593701923076 0.4795086322115385 0.5896062211538461 0.4795086322115385 0.5896062211538461 0.5002847740384616 0.5925593701923076 0.5002847740384616 0.5925593701923076 0.4795086322115385
0 0.60239346875 0.46794354326923077 0.5997703557692308 0.46794354326923077 0.5997703557692308 0.4792809951923077 0.60239346875 0.4792809951923077 0.60239346875 0.46794354326923077
0 0.5829793942307693 0.4648908269230769 0.580397733173077 0.4648908269230769 0.580397733173077 0.4772083990384616 0.5829793942307693 0.4772083990384616 0.5829793942307693 0.4648908269230769
0 0.73004678125 0.46726616826923073 0.7274967836538462 0.46726616826923073 0.7274967836538462 0.4782221466346154 0.73004678125 0.4782221466346154 0.73004678125 0.46726616826923073
0 0.5624984735576923 0.48065456971153847 0.5595790865384616 0.48065456971153847 0.5595790865384616 0.50086534375 0.5624984735576923 0.50086534375 0.5624984735576923 0.48065456971153847
0 0.535291608173077 0.4792713870192308 0.5322906177884615 0.4792713870192308 0.5322906177884615 0.4997654110576923 0.535291608173077 0.4997654110576923 0.535291608173077 0.4792713870192308
0 0.7101804735576922 0.46708040625 0.7081316634615384 0.46708040625 0.7081316634615384 0.4778067139423077 0.7101804735576922 0.4778067139423077 0.7101804735576922 0.46708040625
0 0.7828835168269231 0.468808125 0.7798382451923077 0.468808125 0.7798382451923077 0.478469 0.7828835168269231 0.478469 0.7828835168269231 0.468808125
0 0.5724634807692308 0.4674275721153846 0.5698829639423078 0.4674275721153846 0.5698829639423078 0.4784550985576923 0.5724634807692308 0.4784550985576923 0.5724634807692308 0.4674275721153846
0 0.8645116802884616 0.4697933918269231 0.8615549735576923 0.4697933918269231 0.8615549735576923 0.4832758581730769 0.8645116802884616 0.4832758581730769 0.8645116802884616 0.4697933918269231
0 0.6161414471153847 0.4654452019230769 0.6139104855769231 0.4654452019230769 0.6139104855769231 0.47823045673076925 0.6161414471153847 0.47823045673076925 0.6161414471153847 0.4654452019230769
0 0.5524406442307692 0.46271503605769226 0.5500485096153847 0.46271503605769226 0.5500485096153847 0.47519949519230764 0.5524406442307692 0.47519949519230764 0.5524406442307692 0.46271503605769226
0 0.6005111057692308 0.48115353125 0.5970857620192308 0.48115353125 0.5970857620192308 0.5035919759615385 0.6005111057692308 0.5035919759615385 0.6005111057692308 0.48115353125
0 0.7191237139423077 0.4668906322115385 0.7167781826923078 0.4668906322115385 0.7167781826923078 0.4768356899038461 0.7191237139423077 0.4768356899038461 0.7191237139423077 0.4668906322115385
0 0.6250662475961538 0.4687954663461538 0.622375360576923 0.4687954663461538 0.622375360576923 0.47839558894230766 0.6250662475961538 0.47839558894230766 0.6250662475961538 0.4687954663461538
0 0.5731883365384616 0.4827246201923077 0.5706375120192309 0.4827246201923077 0.5706375120192309 0.5040305240384615 0.5731883365384616 0.5040305240384615 0.5731883365384616 0.4827246201923077
0 0.6072107307692307 0.4645892668269231 0.60516840625 0.4645892668269231 0.60516840625 0.47032222115384614 0.6072107307692307 0.47032222115384614 0.6072107307692307 0.4645892668269231
0 0.6204295480769232 0.4649646610576923 0.6178579326923077 0.4649646610576923 0.6178579326923077 0.4732424423076923 0.6204295480769232 0.4732424423076923 0.6204295480769232 0.4649646610576923
0 0.7777704879807692 0.46850131009615387 0.7746477115384616 0.46850131009615387 0.7746477115384616 0.47935271153846154 0.7777704879807692 0.47935271153846154 0.7777704879807692 0.46850131009615387
0 0.7224061322115385 0.46668195432692305 0.7202287043269231 0.46668195432692305 0.7202287043269231 0.4755061394230769 0.7224061322115385 0.4755061394230769 0.7224061322115385 0.46668195432692305
0 0.5457628245192307 0.46372231490384613 0.5433343894230769 0.46372231490384613 0.5433343894230769 0.47700251923076925 0.5457628245192307 0.47700251923076925 0.5457628245192307 0.46372231490384613
0 0.8997247067307692 0.4717146418269231 0.8958510721153845 0.4717146418269231 0.8958510721153845 0.49797753125 0.8997247067307692 0.49797753125 0.8997247067307692 0.4717146418269231
0 0.5979950576923077 0.4775314326923077 0.5953153605769231 0.4775314326923077 0.5953153605769231 0.49719967307692303 0.5979950576923077 0.49719967307692303 0.5979950576923077 0.4775314326923077
0 0.8702851610576924 0.47409656730769234 0.8661549254807692 0.47409656730769234 0.8661549254807692 0.4961307091346154 0.8702851610576924 0.4961307091346154 0.8702851610576924 0.47409656730769234
0 0.85868034375 0.48409014663461536 0.85868034375 0.4716641466346154 0.8544586177884615 0.4716641466346154 0.8544586177884615 0.49430163221153844 0.85868034375 0.49430163221153844 0.85868034375 0.48409014663461536
0 0.7804215745192308 0.47748882211538457 0.777643204326923 0.47748882211538457 0.777643204326923 0.4890326033653846 0.7804215745192308 0.4890326033653846 0.7804215745192308 0.47748882211538457
0 0.7164077764423078 0.46715859375 0.71425221875 0.46715859375 0.71425221875 0.47636826201923077 0.7164077764423078 0.47636826201923077 0.7164077764423078 0.46715859375
0 0.6467233028846154 0.48085807451923074 0.6429161706730769 0.48085807451923074 0.6429161706730769 0.5006689567307693 0.6467233028846154 0.5006689567307693 0.6467233028846154 0.48085807451923074
0 0.8714558269230769 0.46998307932692307 0.8683443701923077 0.46998307932692307 0.8683443701923077 0.4836113269230769 0.8714558269230769 0.4836113269230769 0.8714558269230769 0.46998307932692307
0 0.5779291778846154 0.48284499519230767 0.5743839903846154 0.48284499519230767 0.5743839903846154 0.5049060408653846 0.5779291778846154 0.5049060408653846 0.5779291778846154 0.48284499519230767
0 0.7743929543269231 0.4683760192307692 0.7720156995192308 0.4683760192307692 0.7720156995192308 0.4775926947115385 0.7743929543269231 0.4775926947115385 0.7743929543269231 0.4683760192307692
0 0.5714367548076923 0.4828963100961538 0.5687464399038462 0.4828963100961538 0.5687464399038462 0.5033956442307692 0.5714367548076923 0.5033956442307692 0.5714367548076923 0.4828963100961538
0 0.5220613173076922 0.4799756081730769 0.5188745192307692 0.4799756081730769 0.5188745192307692 0.4943048557692308 0.5220613173076922 0.4943048557692308 0.5220613173076922 0.4799756081730769
0 0.7152219134615384 0.48093459615384615 0.7124075576923077 0.48093459615384615 0.7124075576923077 0.4977513629807693 0.7152219134615384 0.4977513629807693 0.7152219134615384 0.48093459615384615
0 0.5281874975961538 0.47837043990384615 0.5250566177884616 0.47837043990384615 0.5250566177884616 0.49834159615384616 0.5281874975961538 0.49834159615384616 0.5281874975961538 0.47837043990384615
0 0.5311132427884615 0.4839998028846154 0.5285747211538461 0.4839998028846154 0.5285747211538461 0.5001995504807693 0.5311132427884615 0.5001995504807693 0.5311132427884615 0.4839998028846154
0 0.77678909375 0.47797597115384616 0.7740278870192309 0.47797597115384616 0.7740278870192309 0.48920112980769226 0.77678909375 0.48920112980769226 0.77678909375 0.47797597115384616
0 0.5977108629807693 0.4661144951923077 0.5957286826923076 0.4661144951923077 0.5957286826923076 0.47341769230769226 0.5977108629807693 0.47341769230769226 0.5977108629807693 0.4661144951923077
0 0.6442361826923076 0.46628743028846154 0.6417495096153847 0.46628743028846154 0.6417495096153847 0.4765235048076923 0.6442361826923076 0.4765235048076923 0.6442361826923076 0.46628743028846154
0 0.6014699302884615 0.4677394447115385 0.59860153125 0.4677394447115385 0.59860153125 0.4773766418269231 0.6014699302884615 0.4773766418269231 0.6014699302884615 0.4677394447115385
0 0.7833215721153847 0.4758577139423077 0.780724016826923 0.4758577139423077 0.780724016826923 0.4880008846153846 0.7833215721153847 0.4880008846153846 0.7833215721153847 0.4758577139423077
1 0.8352677475961539 0.47188278125 0.8318059615384615 0.47188278125 0.8318059615384615 0.4916995769230769 0.8352677475961539 0.4916995769230769 0.8352677475961539 0.47188278125
0 0.8386703509615384 0.4756702091346154 0.8358455336538462 0.4756702091346154 0.8358455336538462 0.49211445673076926 0.8386703509615384 0.49211445673076926 0.8386703509615384 0.4756702091346154
0 0.830915951923077 0.47054984375000003 0.8279803581730769 0.47054984375000003 0.8279803581730769 0.4831538173076923 0.830915951923077 0.4831538173076923 0.830915951923077 0.47054984375000003
0 0.8279803581730769 0.4700575 0.8251001538461539 0.4700575 0.8251001538461539 0.4831538173076923 0.8279803581730769 0.4831538173076923 0.8279803581730769 0.4700575
0 0.8251001538461539 0.47035290625 0.8219983942307691 0.47035290625 0.8219983942307691 0.4811844471153846 0.8251001538461539 0.4811844471153846 0.8251001538461539 0.47035290625
0 0.8224415024038462 0.4818737259615385 0.8224415024038462 0.4810960865384616 0.8224415024038462 0.47054984375000003 0.819173579326923 0.47054984375000003 0.819173579326923 0.4864032788461538 0.8224415024038462 0.4864032788461538 0.8224415024038462 0.4818737259615385
1 0.820059795673077 0.46995903125000005 0.8071542620192307 0.46995903125000005 0.8071542620192307 0.4896527427884615 0.820059795673077 0.4896527427884615 0.820059795673077 0.46995903125000005
0 0.8069880961538461 0.47773804807692305 0.804107889423077 0.47773804807692305 0.804107889423077 0.5016659038461538 0.8069880961538461 0.5016659038461538 0.8069880961538461 0.47773804807692305
1 0.804107889423077 0.4686789399038461 0.7971289326923077 0.4686789399038461 0.7971289326923077 0.4859109375 0.804107889423077 0.4859109375 0.804107889423077 0.4686789399038461
0 0.8263784975961539 0.4818737259615385 0.8224415024038462 0.4818737259615385 0.8224415024038462 0.49740493990384615 0.8263784975961539 0.49740493990384615 0.8263784975961539 0.4818737259615385
0 0.7874618533653847 0.4703260889423077 0.7837985432692308 0.4703260889423077 0.7837985432692308 0.48971208413461537 0.7874618533653847 0.48971208413461537 0.7874618533653847 0.4703260889423077
0 0.7714226610576923 0.4812499423076923 0.7684801442307693 0.4812499423076923 0.7684801442307693 0.5017129375 0.7714226610576923 0.5017129375 0.7714226610576923 0.4812499423076923
1 0.7714226610576923 0.47186465865384614 0.7658838052884616 0.47186465865384614 0.7658838052884616 0.4812499423076923 0.7714226610576923 0.4812499423076923 0.7714226610576923 0.47186465865384614
0 0.7603081682692309 0.48215096875 0.7576772115384615 0.48215096875 0.7576772115384615 0.50122925 0.7603081682692309 0.50122925 0.7603081682692309 0.48215096875
0 0.7475688004807692 0.4817817115384615 0.7441070144230769 0.4817817115384615 0.7441070144230769 0.50073690625 0.7475688004807692 0.50073690625 0.7475688004807692 0.4817817115384615
0 0.7504074639423077 0.48399725480769235 0.7484688629807692 0.48399725480769235 0.7484688629807692 0.50073690625 0.7504074639423077 0.50073690625 0.7504074639423077 0.48399725480769235
0 0.7553924326923076 0.47956616826923076 0.7508921129807693 0.47956616826923076 0.7508921129807693 0.5014754206730769 0.7553924326923076 0.5014754206730769 0.7553924326923076 0.47956616826923076
0 0.7571925625 0.47451965625000003 0.7533153629807692 0.47451965625000003 0.7533153629807692 0.4949518798076923 0.7571925625 0.4949518798076923 0.7571925625 0.47451965625000003
0 0.7533153629807692 0.4667652572115385 0.7512382908653846 0.4667652572115385 0.7512382908653846 0.4758735985576923 0.7533153629807692 0.4758735985576923 0.7533153629807692 0.4667652572115385
0 0.7508921129807693 0.46787302884615384 0.7484688629807692 0.46787302884615384 0.7484688629807692 0.47956616826923076 0.7508921129807693 0.47956616826923076 0.7508921129807693 0.46787302884615384
0 0.7475688004807692 0.4709501706730769 0.7447993701923077 0.4709501706730769 0.7447993701923077 0.48387416826923074 0.7475688004807692 0.48387416826923074 0.7475688004807692 0.4709501706730769
0 0.7416145288461539 0.4673806850961538 0.7386373942307691 0.4673806850961538 0.7386373942307691 0.4799354254807692 0.7416145288461539 0.4799354254807692 0.7416145288461539 0.4673806850961538
0 0.7386373942307691 0.4666421730769231 0.735937201923077 0.4666421730769231 0.735937201923077 0.4799354254807692 0.7386373942307691 0.4799354254807692 0.7386373942307691 0.4666421730769231
1 0.9586194783653846 0.8851382620192307 0.8909146730769231 0.8851382620192307 0.8909146730769231 0.9295583485576924 0.9586194783653846 0.9295583485576924 0.9586194783653846 0.8851382620192307
0 0.725384625 0.4739728028846154 0.7230029182692307 0.4739728028846154 0.7230029182692307 0.48953083413461534 0.725384625 0.48953083413461534 0.725384625 0.4739728028846154
0 0.6943116442307692 0.47781307692307695 0.6904898341346153 0.47781307692307695 0.6904898341346153 0.4943557908653846 0.6943116442307692 0.4943557908653846 0.6943116442307692 0.47781307692307695
0 0.7020106538461538 0.4804717259615385 0.6979119014423076 0.4804717259615385 0.6979119014423076 0.4999685 0.7020106538461538 0.4999685 0.7020106538461538 0.4804717259615385
0 0.6888281754807692 0.46895090624999997 0.6858371947115385 0.46895090624999997 0.6858371947115385 0.48037325721153845 0.6888281754807692 0.48037325721153845 0.6888281754807692 0.46895090624999997
0 0.6861695264423078 0.4683600961538461 0.6843417043269231 0.4683600961538461 0.6843417043269231 0.4823426298076923 0.6861695264423078 0.4823426298076923 0.6861695264423078 0.4683600961538461
0 0.6831785432692308 0.4671784735576923 0.6810737788461538 0.4671784735576923 0.6810737788461538 0.48017632211538464 0.6831785432692308 0.48017632211538464 0.6831785432692308 0.4671784735576923
0 0.6815722764423077 0.47535136298076924 0.6780827956730769 0.47535136298076924 0.6780827956730769 0.4936665120192308 0.6815722764423077 0.4936665120192308 0.6815722764423077 0.47535136298076924
0 0.6775289110576923 0.46550450721153847 0.6757010889423077 0.46550450721153847 0.6757010889423077 0.4789946971153846 0.6775289110576923 0.4789946971153846 0.6775289110576923 0.46550450721153847
0 0.6744825408653846 0.4675723461538462 0.6732086033653846 0.4675723461538462 0.6732086033653846 0.47958550961538465 0.6744825408653846 0.47958550961538465 0.6744825408653846 0.4675723461538462
0 0.6724885528846154 0.47623757932692307 0.6705499519230769 0.47623757932692307 0.6705499519230769 0.491007860576923 0.6724885528846154 0.491007860576923 0.6724885528846154 0.47623757932692307
0 0.670051454326923 0.4814564110576923 0.6673928052884615 0.4814564110576923 0.6673928052884615 0.5020363389423077 0.670051454326923 0.5020363389423077 0.670051454326923 0.4814564110576923
0 0.6668389182692308 0.4884476802884615 0.66296171875 0.4884476802884615 0.66296171875 0.5119816610576924 0.6668389182692308 0.5119816610576924 0.6668389182692308 0.4884476802884615
0 0.6643464326923076 0.4814564110576923 0.6606354014423077 0.4814564110576923 0.6606354014423077 0.5008547163461539 0.6643464326923076 0.5008547163461539 0.6643464326923076 0.4814564110576923
0 0.65836446875 0.48086560096153846 0.6548196009615384 0.48086560096153846 0.6548196009615384 0.5033164302884615 0.65836446875 0.5033164302884615 0.65836446875 0.48086560096153846
0 0.6515516778846154 0.47879776201923074 0.6485606947115384 0.47879776201923074 0.6485606947115384 0.4938634495192308 0.6515516778846154 0.4938634495192308 0.6515516778846154 0.47879776201923074
1 0.6596937956730768 0.4661937860576923 0.6502777403846154 0.4661937860576923 0.6502777403846154 0.4783054182692308 0.6596937956730768 0.4783054182692308 0.6596937956730768 0.4661937860576923
1 0.6485606947115384 0.4726927115384615 0.6427448966346153 0.4726927115384615 0.6427448966346153 0.4819487548076923 0.6485606947115384 0.4819487548076923 0.6485606947115384 0.4726927115384615
0 0.6408616850961538 0.4659968509615385 0.6383138125 0.4659968509615385 0.6383138125 0.48066866346153847 0.6408616850961538 0.48066866346153847 0.6408616850961538 0.4659968509615385
1 0.6380922572115384 0.46481522836538464 0.6337165600961538 0.46481522836538464 0.6337165600961538 0.4833273149038462 0.6380922572115384 0.4833273149038462 0.6380922572115384 0.46481522836538464
1 0.6321656802884615 0.4649136971153846 0.6265160480769231 0.4649136971153846 0.6265160480769231 0.4786992932692308 0.6321656802884615 0.4786992932692308 0.6321656802884615 0.4649136971153846
0 0.6298947500000001 0.48372118990384616 0.6264606610576924 0.48372118990384616 0.6264606610576924 0.508141389423077 0.6298947500000001 0.508141389423077 0.6298947500000001 0.48372118990384616
0 0.6251313341346154 0.48066866346153847 0.6214203004807692 0.48066866346153847 0.6214203004807692 0.49878687740384614 0.6251313341346154 0.49878687740384614 0.6251313341346154 0.48066866346153847
0 0.6224172956730769 0.48322884615384615 0.6183185408653846 0.48322884615384615 0.6183185408653846 0.5051873317307692 0.6224172956730769 0.5051873317307692 0.6224172956730769 0.48322884615384615
0 0.6134997379807692 0.4815548798076923 0.6097333149038462 0.4815548798076923 0.6097333149038462 0.5042026466346153 0.6134997379807692 0.5042026466346153 0.6134997379807692 0.4815548798076923
0 0.6099548701923078 0.47929010576923076 0.6066869447115384 0.47929010576923076 0.6066869447115384 0.5065658918269231 0.6099548701923078 0.5065658918269231 0.6099548701923078 0.47929010576923076
0 0.6066869447115384 0.4779115432692308 0.6046929567307692 0.4779115432692308 0.6046929567307692 0.49602975721153847 0.6066869447115384 0.49602975721153847 0.6066869447115384 0.4779115432692308
1 0.6174323245192308 0.47823045673076925 0.6139104855769231 0.47823045673076925 0.6139104855769231 0.5052858004807692 0.6174323245192308 0.5052858004807692 0.6174323245192308 0.47823045673076925
0 0.5887410504807693 0.4826380360576923 0.5849746298076923 0.4826380360576923 0.5849746298076923 0.5051873317307692 0.5887410504807693 0.5051873317307692 0.5887410504807693 0.4826380360576923
1 0.5844207451923077 0.4771237956730769 0.5769986778846155 0.4771237956730769 0.5769986778846155 0.4986884086538461 0.5844207451923077 0.4986884086538461 0.5844207451923077 0.4771237956730769
0 0.5586096754807692 0.47889623076923077 0.5541785913461539 0.47889623076923077 0.5541785913461539 0.5026271490384615 0.5586096754807692 0.5026271490384615 0.5586096754807692 0.47889623076923077
0 0.5379497427884615 0.4642244158653846 0.536121920673077 0.4642244158653846 0.536121920673077 0.47288964903846153 0.5379497427884615 0.47288964903846153 0.5379497427884615 0.4642244158653846
0 0.5340725432692308 0.4633381995192308 0.5316908365384616 0.4633381995192308 0.5316908365384616 0.4740712716346154 0.5340725432692308 0.4740712716346154 0.5340725432692308 0.4633381995192308
1 0.5316908365384616 0.4723973052884615 0.5316908365384616 0.46176270192307695 0.5232163870192308 0.46176270192307695 0.5232163870192308 0.4723973052884615 0.5286998533653846 0.4723973052884615 0.5316908365384616 0.4723973052884615
0 0.5447625360576923 0.48421353125 0.5410515024038461 0.48421353125 0.5410515024038461 0.5083383269230769 0.5447625360576923 0.5083383269230769 0.5447625360576923 0.48421353125
0 0.5403868389423077 0.5078459831730769 0.5403868389423077 0.4800778533653846 0.5366204182692308 0.4800778533653846 0.5366204182692308 0.5078459831730769 0.5381325745192307 0.5078459831730769 0.5403868389423077 0.5078459831730769
0 0.5101833317307692 0.4866623365384615 0.5069292548076922 0.4866623365384615 0.5069292548076922 0.5138642716346153 0.5101833317307692 0.5138642716346153 0.5101833317307692 0.4866623365384615
0 0.5050598894230769 0.4812465649038461 0.5013903990384615 0.4812465649038461 0.5013903990384615 0.5038943317307693 0.5050598894230769 0.5038943317307693 0.5050598894230769 0.4812465649038461
0 0.49758243509615385 0.4766923942307692 0.4946745360576923 0.4766923942307692 0.4946745360576923 0.49527833413461536 0.49758243509615385 0.49527833413461536 0.49758243509615385 0.4766923942307692
0 0.4942591201923077 0.4854314783653846 0.49003574278846157 0.4854314783653846 0.49003574278846157 0.5075869014423077 0.4942591201923077 0.5075869014423077 0.4942591201923077 0.4854314783653846
0 0.48608930769230774 0.47336908173076925 0.48359682451923075 0.47336908173076925 0.48359682451923075 0.49195501923076923 0.48608930769230774 0.49195501923076923 0.48608930769230774 0.47336908173076925
0 0.4750808317307692 0.48789319230769235 0.47196522596153845 0.48789319230769235 0.47196522596153845 0.5098024447115385 0.4750808317307692 0.5098024447115385 0.4750808317307692 0.48789319230769235
1 0.48290446634615386 0.4780463389423077 0.47397306250000004 0.4780463389423077 0.47397306250000004 0.4963861057692308 0.48290446634615386 0.4963861057692308 0.48290446634615386 0.4780463389423077
0 0.46511089182692306 0.47890793750000005 0.4615106370192308 0.47890793750000005 0.4615106370192308 0.4949090769230769 0.46511089182692306 0.4949090769230769 0.46511089182692306 0.47890793750000005
0 0.47023433413461535 0.46906108173076927 0.46635713461538464 0.46906108173076927 0.46635713461538464 0.4854314783653846 0.47023433413461535 0.4854314783653846 0.47023433413461535 0.46906108173076927
1 0.48795867307692303 0.4604450841346154 0.47334993990384616 0.4604450841346154 0.47334993990384616 0.4681994831730769 0.48795867307692303 0.4681994831730769 0.48795867307692303 0.4604450841346154
0 0.45375623798076925 0.49380130528846156 0.4491866826923077 0.49380130528846156 0.4491866826923077 0.5126334158653847 0.45375623798076925 0.5126334158653847 0.45375623798076925 0.49380130528846156
0 0.44856356009615383 0.4875239350961538 0.44482483173076925 0.4875239350961538 0.44482483173076925 0.50992553125 0.44856356009615383 0.50992553125 0.44856356009615383 0.4875239350961538
0 0.4471788461538461 0.49232427644230764 0.4426092908653846 0.49232427644230764 0.4426092908653846 0.5179261009615385 0.4471788461538461 0.5179261009615385 0.4471788461538461 0.49232427644230764
0 0.4413630480769231 0.4940474759615385 0.43907826923076926 0.4940474759615385 0.43907826923076926 0.5125103293269231 0.4413630480769231 0.5125103293269231 0.4413630480769231 0.4940474759615385
0 0.4497405673076923 0.47176896874999996 0.4460710745192307 0.47176896874999996 0.4460710745192307 0.4856776490384615 0.4497405673076923 0.4856776490384615 0.4497405673076923 0.47176896874999996
0 0.4329061201923077 0.46832256971153846 0.43049304326923077 0.46832256971153846 0.43049304326923077 0.4785386802884615 0.4329061201923077 0.4785386802884615 0.4329061201923077 0.46832256971153846
0 0.42467724519230765 0.4721382259615385 0.4228078798076923 0.4721382259615385 0.4228078798076923 0.4871546778846154 0.42467724519230765 0.4871546778846154 0.42467724519230765 0.4721382259615385
0 0.43049304326923077 0.4861699927884615 0.42530036538461535 0.4861699927884615 0.42530036538461535 0.5090639302884615 0.43049304326923077 0.5090639302884615 0.43049304326923077 0.4861699927884615
0 0.41787538461538465 0.4737383389423077 0.414361125 0.4737383389423077 0.414361125 0.48777010576923074 0.41787538461538465 0.48777010576923074 0.41787538461538465 0.4737383389423077
0 0.4149842475961538 0.4729998245192307 0.41179940625 0.4729998245192307 0.41179940625 0.48530839423076927 0.4149842475961538 0.48530839423076927 0.4149842475961538 0.4729998245192307
0 0.41041469230769234 0.48875479326923077 0.40806067788461536 0.48875479326923077 0.40806067788461536 0.5114025576923077 0.41041469230769234 0.5114025576923077 0.41041469230769234 0.48875479326923077
0 0.41249176201923077 0.48604690625 0.40999927644230766 0.48604690625 0.40999927644230766 0.5074638173076923 0.41249176201923077 0.5074638173076923 0.41249176201923077 0.48604690625
0 0.40245258653846155 0.47423068028846155 0.3998908653846154 0.47423068028846155 0.3998908653846154 0.48887787740384614 0.40245258653846155 0.48887787740384614 0.40245258653846155 0.47423068028846155
0 0.4039065360576923 0.48370827884615386 0.40106787259615384 0.48370827884615386 0.40106787259615384 0.5051251899038461 0.4039065360576923 0.5051251899038461 0.4039065360576923 0.48370827884615386
0 0.3982984447115384 0.4891240480769231 0.3957367235576923 0.4891240480769231 0.3957367235576923 0.5146027860576923 0.3982984447115384 0.5146027860576923 0.3982984447115384 0.4891240480769231
1 0.39933697836538457 0.46573776923076926 0.3944212451923077 0.46573776923076926 0.3944212451923077 0.4869085072115385 0.39933697836538457 0.4869085072115385 0.39933697836538457 0.46573776923076926
1 0.4688732884615385 0.46164047596153845 0.46745534375 0.46164047596153845 0.46745534375 0.46794246394230765 0.4688732884615385 0.46794246394230765 0.4688732884615385 0.46164047596153845
1 0.4634230552884615 0.46077395432692303 0.44707235336538464 0.46077395432692303 0.44707235336538464 0.46739104086538463 0.4634230552884615 0.46739104086538463 0.4634230552884615 0.46077395432692303
1 0.44543285096153845 0.4605376298076923 0.4369251682692308 0.4605376298076923 0.4369251682692308 0.4664457427884615 0.44543285096153845 0.4664457427884615 0.44543285096153845 0.4605376298076923
1 0.46107458173076926 0.46920286298076924 0.45602314423076923 0.46920286298076924 0.45602314423076923 0.47314160336538463 0.46107458173076926 0.47314160336538463 0.46107458173076926 0.46920286298076924
0 0.3755991875 0.4871309879807692 0.37130657211538465 0.4871309879807692 0.37130657211538465 0.507193954326923 0.3755991875 0.507193954326923 0.3755991875 0.4871309879807692
0 0.3728297572115385 0.48528470192307693 0.36895256009615385 0.48528470192307693 0.36895256009615385 0.507193954326923 0.3728297572115385 0.507193954326923 0.3728297572115385 0.48528470192307693
0 0.3773993149038462 0.47322230528846154 0.3736605865384615 0.47322230528846154 0.3736605865384615 0.48774641586538464 0.3773993149038462 0.48774641586538464 0.3773993149038462 0.47322230528846154
0 0.37130657211538465 0.4785149903846154 0.3664600745192308 0.4785149903846154 0.3664600745192308 0.4924236730769231 0.37130657211538465 0.4924236730769231 0.37130657211538465 0.4785149903846154
0 0.32436476923076923 0.4870079014423077 0.31937980048076925 0.4870079014423077 0.31937980048076925 0.5139636658653847 0.32436476923076923 0.5139636658653847 0.32436476923076923 0.4870079014423077
0 0.32325699759615384 0.4783919038461538 0.32000292067307695 0.4783919038461538 0.32000292067307695 0.4924236730769231 0.32325699759615384 0.4924236730769231 0.32325699759615384 0.4783919038461538
0 0.3157795432692308 0.4798689326923077 0.3119715793269231 0.4798689326923077 0.3119715793269231 0.4931621850961539 0.3157795432692308 0.4931621850961539 0.3157795432692308 0.4798689326923077
0 0.34458159375 0.4604213942307692 0.34215834375000004 0.4604213942307692 0.34215834375000004 0.4707605913461539 0.34458159375 0.4707605913461539 0.34458159375 0.4604213942307692
1 0.32491865625 0.4601752211538462 0.3109330432692308 0.4601752211538462 0.3109330432692308 0.4722376201923077 0.32491865625 0.4722376201923077 0.32491865625 0.4601752211538462
1 0.33447318269230764 0.45869819471153844 0.3265110769230769 0.45869819471153844 0.3265110769230769 0.46891430528846156 0.33447318269230764 0.46891430528846156 0.33447318269230764 0.45869819471153844
1 0.36763708173076926 0.46152916586538456 0.36050580528846154 0.46152916586538456 0.36050580528846154 0.47026825000000005 0.36763708173076926 0.47026825000000005 0.36763708173076926 0.46152916586538456
1 0.35392841346153847 0.46263693509615383 0.34956656490384613 0.46263693509615383 0.34956656490384613 0.4722376201923077 0.35392841346153847 0.4722376201923077 0.35392841346153847 0.46263693509615383
1 0.3065711947115385 0.46374470673076923 0.2901623341346154 0.46374470673076923 0.2901623341346154 0.47937658894230767 0.3065711947115385 0.47937658894230767 0.3065711947115385 0.46374470673076923
1 0.27908462259615385 0.46152916586538456 0.26572213221153845 0.46152916586538456 0.26572213221153845 0.47949967548076927 0.27908462259615385 0.47949967548076927 0.27908462259615385 0.46152916586538456
1 0.29057774999999997 0.4643601370192308 0.2801231586538461 0.4643601370192308 0.2801231586538461 0.4806074471153846 0.29057774999999997 0.4806074471153846 0.29057774999999997 0.4643601370192308
0 0.26461436298076924 0.48897727403846153 0.25872932692307693 0.48897727403846153 0.25872932692307693 0.5182716658653846 0.26461436298076924 0.5182716658653846 0.26461436298076924 0.48897727403846153
0 0.25014410096153844 0.49119281490384614 0.24605919471153845 0.49119281490384614 0.24605919471153845 0.5198717788461539 0.25014410096153844 0.5198717788461539 0.25014410096153844 0.49119281490384614
0 0.2371970264423077 0.4873771586538461 0.2323505264423077 0.4873771586538461 0.2323505264423077 0.5084248100961538 0.2371970264423077 0.5084248100961538 0.2371970264423077 0.4873771586538461
0 0.22452689423076924 0.4838076730769231 0.22058045913461538 0.4838076730769231 0.22058045913461538 0.5095325817307692 0.22452689423076924 0.5095325817307692 0.22452689423076924 0.4838076730769231
0 0.24605919471153845 0.48183830288461543 0.24335900240384617 0.48183830288461543 0.24335900240384617 0.5032552115384615 0.24605919471153845 0.5032552115384615 0.24605919471153845 0.48183830288461543
0 0.24211275961538462 0.4797458461538462 0.23830479807692306 0.4797458461538462 0.23830479807692306 0.49931647115384614 0.24211275961538462 0.49931647115384614 0.24211275961538462 0.4797458461538462
1 0.26032175 0.4620215072115385 0.22418071394230768 0.4620215072115385 0.22418071394230768 0.4841769302884616 0.26032175 0.4841769302884616 0.26032175 0.4620215072115385
0 0.21386459615384615 0.46448322115384616 0.21081822596153849 0.46448322115384616 0.21081822596153849 0.4726068774038461 0.21386459615384615 0.4726068774038461 0.21386459615384615 0.46448322115384616
0 0.21081822596153849 0.4643601370192308 0.20825650480769228 0.4643601370192308 0.20825650480769228 0.4726068774038461 0.21081822596153849 0.4726068774038461 0.21081822596153849 0.4643601370192308
1 0.20604096153846155 0.46423705048076924 0.19586331490384618 0.46423705048076924 0.19586331490384618 0.47186836298076923 0.20604096153846155 0.47186836298076923 0.20604096153846155 0.46423705048076924
0 0.1984942716346154 0.485530875 0.19420165625000002 0.485530875 0.19420165625000002 0.508178639423077 0.1984942716346154 0.508178639423077 0.1984942716346154 0.485530875
0 0.19274770673076924 0.48639247355769233 0.18942439423076923 0.48639247355769233 0.18942439423076923 0.503378298076923 0.19274770673076924 0.503378298076923 0.19274770673076924 0.48639247355769233
1 0.1843701875 0.4803612740384615 0.1652611346153846 0.4803612740384615 0.1652611346153846 0.5023936129807692 0.1843701875 0.5023936129807692 0.1843701875 0.4803612740384615
0 0.13292806490384615 0.48811567307692305 0.12939704326923077 0.48811567307692305 0.12939704326923077 0.5122404687500001 0.13292806490384615 0.5122404687500001 0.13292806490384615 0.48811567307692305
0 0.1398516346153846 0.4876233317307692 0.13479742788461538 0.4876233317307692 0.13479742788461538 0.5101480120192308 0.1398516346153846 0.5101480120192308 0.1398516346153846 0.4876233317307692
1 0.16443030769230768 0.4814690456730769 0.14912921875 0.4814690456730769 0.14912921875 0.5035013846153846 0.16443030769230768 0.5035013846153846 0.16443030769230768 0.4814690456730769
0 0.12268118028846153 0.4977163557692308 0.11721156009615384 0.4977163557692308 0.11721156009615384 0.52651840625 0.12268118028846153 0.52651840625 0.12268118028846153 0.4977163557692308
0 0.11693461778846154 0.5010396706730769 0.1095956346153846 0.5010396706730769 0.1095956346153846 0.5291032067307693 0.11693461778846154 0.5291032067307693 0.11693461778846154 0.5010396706730769
0 0.10156429326923076 0.5058400120192308 0.09720244471153847 0.5058400120192308 0.09720244471153847 0.5310725769230769 0.10156429326923076 0.5310725769230769 0.10156429326923076 0.5058400120192308
0 0.09207900240384616 0.507686298076923 0.08619396874999999 0.507686298076923 0.08619396874999999 0.5276261778846154 0.09207900240384616 0.5276261778846154 0.09207900240384616 0.507686298076923
0 0.08709403125 0.49931647115384614 0.08197059134615385 0.49931647115384614 0.08197059134615385 0.5228258365384616 0.08709403125 0.5228258365384616 0.08709403125 0.49931647115384614
1 0.07954734134615384 0.47494550480769226 0.04631420673076923 0.47494550480769226 0.04631420673076923 0.51888709375 0.07954734134615384 0.51888709375 0.07954734134615384 0.47494550480769226
1 0.09609467307692307 0.4754378461538461 0.0807243485576923 0.4754378461538461 0.0807243485576923 0.4987010408653846 0.09609467307692307 0.4987010408653846 0.09609467307692307 0.4754378461538461
1 0.04693732692307692 0.47211453365384615 0.03225936057692307 0.47211453365384615 0.03225936057692307 0.49070047115384613 0.04693732692307692 0.49070047115384613 0.04693732692307692 0.47211453365384615
1 0.03212088701923077 0.47605327644230766 0.00020323076923076921 0.47605327644230766 0.00020323076923076921 0.5085478966346154 0.03212088701923077 0.5085478966346154 0.03212088701923077 0.47605327644230766
0 0.0430651826923077 0.49706812259615385 0.039008403846153845 0.49706812259615385 0.039008403846153845 0.5235123125000001 0.0430651826923077 0.5235123125000001 0.0430651826923077 0.49706812259615385
1 0.1467213557692308 0.4723352235576923 0.10002613701923077 0.4723352235576923 0.10002613701923077 0.4854821947115384 0.1467213557692308 0.4854821947115384 0.1467213557692308 0.4723352235576923
1 0.6304644471153846 0.50160071875 0.5523714471153846 0.50160071875 0.5523714471153846 0.5334539495192308 0.6304644471153846 0.5334539495192308 0.6304644471153846 0.50160071875
1 0.6470296298076923 0.5028027283653846 0.6424657524038462 0.5028027283653846 0.6424657524038462 0.5241383822115384 0.6470296298076923 0.5241383822115384 0.6470296298076923 0.5028027283653846
1 0.6573406081730769 0.5033164302884615 0.6548196009615384 0.5033164302884615 0.6548196009615384 0.5235373774038462 0.6573406081730769 0.5235373774038462 0.6573406081730769 0.5033164302884615
1 0.661397389423077 0.5418680096153846 0.6695109471153846 0.5418680096153846 0.6695109471153846 0.512118295673077 0.661397389423077 0.512118295673077 0.661397389423077 0.5418680096153846
1 0.6815722764423077 0.4936665120192308 0.678976764423077 0.4936665120192308 0.678976764423077 0.5172268317307692 0.6815722764423077 0.5172268317307692 0.6815722764423077 0.4936665120192308
1 0.6683277187500001 0.5202318533653846 0.6732296610576923 0.5202318533653846 0.6732296610576923 0.5020363389423077 0.6683277187500001 0.5020363389423077 0.6683277187500001 0.5202318533653846
1 0.5454347764423078 0.5083901899038461 0.5356985072115384 0.5083901899038461 0.5356985072115384 0.5307475504807692 0.5454347764423078 0.5307475504807692 0.5454347764423078 0.5083901899038461
1 0.5056783413461539 0.54180603125 0.5110873798076923 0.54180603125 0.5110873798076923 0.5144002331730769 0.5056783413461539 0.5144002331730769 0.5056783413461539 0.54180603125
1 0.5040556298076923 0.5057457716346154 0.5012158846153846 0.5057457716346154 0.5012158846153846 0.5259395168269231 0.5040556298076923 0.5259395168269231 0.5040556298076923 0.5057457716346154
1 0.49003574278846157 0.5317091586538462 0.49540116826923075 0.5317091586538462 0.49540116826923075 0.5075869014423077 0.49003574278846157 0.5075869014423077 0.49003574278846157 0.5317091586538462
1 0.4701139110576923 0.5374788004807692 0.4802558581730769 0.5374788004807692 0.4802558581730769 0.5103134038461539 0.4701139110576923 0.5103134038461539 0.4701139110576923 0.5374788004807692
1 0.4505061442307693 0.5300263461538461 0.45280498557692306 0.5300263461538461 0.45280498557692306 0.5126334158653847 0.4505061442307693 0.5126334158653847 0.4505061442307693 0.5300263461538461
1 0.43833580769230773 0.5463736634615385 0.4484777548076923 0.5463736634615385 0.4484777548076923 0.5184870625 0.43833580769230773 0.5184870625 0.43833580769230773 0.5463736634615385
1 0.42968134375000006 0.5110346081730769 0.4254893389423077 0.5110346081730769 0.4254893389423077 0.5341131754807692 0.42968134375000006 0.5341131754807692 0.42968134375000006 0.5110346081730769
1 0.39190619711538466 0.5461332620192307 0.41994507451923074 0.5461332620192307 0.41994507451923074 0.5157835793269231 0.39190619711538466 0.5157835793269231 0.39190619711538466 0.5461332620192307
1 0.36895256009615385 0.5321899615384615 0.3755909567307692 0.5321899615384615 0.3755909567307692 0.507193954326923 0.36895256009615385 0.507193954326923 0.36895256009615385 0.5321899615384615
1 0.31292085576923073 0.5507008942307693 0.32150056730769233 0.5507008942307693 0.32150056730769233 0.5295068245192307 0.31292085576923073 0.5295068245192307 0.31292085576923073 0.5507008942307693
1 0.31937980048076925 0.5456524591346154 0.32542212019230765 0.5456524591346154 0.32542212019230765 0.5139636658653847 0.31937980048076925 0.5139636658653847 0.31937980048076925 0.5456524591346154
1 0.29332990625 0.5382000048076923 0.2981064735576923 0.5382000048076923 0.2981064735576923 0.5134930072115385 0.29332990625 0.5134930072115385 0.29332990625 0.5382000048076923
1 0.25872932692307693 0.5475756730769231 0.2649761105769231 0.5475756730769231 0.2649761105769231 0.5182716658653846 0.25872932692307693 0.5182716658653846 0.25872932692307693 0.5475756730769231
1 0.24509789182692307 0.5482968774038461 0.2492898966346154 0.5482968774038461 0.2492898966346154 0.5192082692307692 0.24509789182692307 0.5192082692307692 0.24509789182692307 0.5482968774038461
1 0.22058045913461538 0.5326707644230769 0.22724806250000001 0.5326707644230769 0.22724806250000001 0.5095325817307692 0.22058045913461538 0.5095325817307692 0.22058045913461538 0.5326707644230769
1 0.19235976201923075 0.5194486706730769 0.19939151201923078 0.5194486706730769 0.19939151201923078 0.5079093870192307 0.19235976201923075 0.5079093870192307 0.19235976201923075 0.5194486706730769
1 0.08487176682692307 0.5592691009615385 0.12475286298076924 0.5592691009615385 0.12475286298076924 0.5301579519230769 0.08487176682692307 0.5301579519230769 0.08487176682692307 0.5592691009615385