0 0.1826695889423077 1 0.1826695889423077 0.7081519447115384 0.11217061538461538 0.7081519447115384 0.11217061538461538 1 0.1826695889423077 1
0 0.2527558870192308 1 0.2527558870192308 0.6460669951923077 0.18892852403846155 0.6460669951923077 0.18892852403846155 1 0.2527558870192308 1
0 0.2948489326923077 0.6284594471153846 0.25963383653846156 0.6284594471153846 0.25963383653846156 0.9228967860576923 0.2948489326923077 0.9228967860576923 0.2948489326923077 0.6284594471153846
0 0.3870134447115384 0.7096498100961538 0.30777947596153843 0.7096498100961538 0.30777947596153843 0.8490429038461538 0.3870134447115384 0.8490429038461538 0.3870134447115384 0.7096498100961538
0 0.4150754759615385 0.6930204591346154 0.3886641514423077 0.6930204591346154 0.3886641514423077 0.8769215216346153 0.4150754759615385 0.8769215216346153 0.4150754759615385 0.6930204591346154
0 0.18122522115384615 0.6211229687500001 0.14766083173076924 0.6211229687500001 0.14766083173076924 0.7032915288461539 0.18122522115384615 0.7032915288461539 0.18122522115384615 0.6211229687500001
0 0.13445517067307694 0.5599856466346154 0.11877344711538461 0.5599856466346154 0.11877344711538461 0.6529143749999999 0.13445517067307694 0.6529143749999999 0.13445517067307694 0.5599856466346154
0 0.17022050240384615 0.5492254783653846 0.13940729326923076 0.5492254783653846 0.13940729326923076 0.6460669951923077 0.17022050240384615 0.6460669951923077 0.17022050240384615 0.5492254783653846
0 0.1731716610576923 0.5293928341346154 0.15532183173076924 0.5293928341346154 0.15532183173076924 0.5995901394230769 0.1731716610576923 0.5995901394230769 0.1731716610576923 0.5293928341346154
0 0.19462751442307694 0.5888521947115385 0.18245717548076923 0.5888521947115385 0.18245717548076923 0.6231495096153845 0.19462751442307694 0.6231495096153845 0.19462751442307694 0.5888521947115385
0 0.1919229951923077 0.6319642379807693 0.21346900000000002 0.6319642379807693 0.21346900000000002 0.5944615697115384 0.1919229951923077 0.5944615697115384 0.1919229951923077 0.6319642379807693
0 0.25701176201923076 0.6085651370192308 0.24231720673076923 0.6085651370192308 0.24231720673076923 0.6367722740384616 0.25701176201923076 0.6367722740384616 0.25701176201923076 0.6085651370192308
0 0.21977954567307692 0.5707419326923077 0.19742218509615383 0.5707419326923077 0.19742218509615383 0.60535978125 0.21977954567307692 0.60535978125 0.21977954567307692 0.5707419326923077
0 0.03822894711538462 0.51226815625 0.026537533653846153 0.51226815625 0.026537533653846153 0.5726190072115385 0.03822894711538462 0.5726190072115385 0.03822894711538462 0.51226815625
0 0.061470911057692305 0.5255403341346153 0.04893433653846154 0.5255403341346153 0.04893433653846154 0.5726190072115385 0.061470911057692305 0.5726190072115385 0.061470911057692305 0.5255403341346153
0 0.08203652644230769 0.537560420673077 0.07273974278846154 0.537560420673077 0.07273974278846154 0.5701148221153847 0.08203652644230769 0.5701148221153847 0.08203652644230769 0.537560420673077
0 0.08358599278846154 0.5816340721153846 0.09837633173076923 0.5816340721153846 0.09837633173076923 0.5453233942307693 0.08358599278846154 0.5453233942307693 0.08358599278846154 0.5816340721153846
0 0.01005686778846154 0.5310495408653846 0.01005686778846154 0.48897923798076925 0.004422454326923077 0.48897923798076925 0.004422454326923077 0.5187790360576924 0.004422454326923077 0.5310495408653846 0.01005686778846154 0.5310495408653846
0 0.008648264423076923 0.5340545624999999 0.017240747596153846 0.5340545624999999 0.017240747596153846 0.4959909567307692 0.008648264423076923 0.4959909567307692 0.008648264423076923 0.5340545624999999
0 0 0.5200311274038462 0.0031547091346153847 0.5200311274038462 0.0031547091346153847 0.4942380264423077 0 0.4942380264423077 0 0.5200311274038462
0 0.26563928846153845 0.5765868942307693 0.25229699278846157 0.5765868942307693 0.25229699278846157 0.60030653125 0.26563928846153845 0.60030653125 0.26563928846153845 0.5765868942307693
0 0.2156056778846154 0.5974217115384616 0.2240798389423077 0.5974217115384616 0.2240798389423077 0.5616819879807692 0.2156056778846154 0.5616819879807692 0.2156056778846154 0.5974217115384616
0 0.2220965264423077 0.5942163557692308 0.23084113701923076 0.5942163557692308 0.23084113701923076 0.5546302043269231 0.2220965264423077 0.5546302043269231 0.2220965264423077 0.5942163557692308
0 0.3333490745192308 0.6255355721153847 0.31690559615384617 0.6255355721153847 0.31690559615384617 0.6638716346153846 0.3333490745192308 0.6638716346153846 0.3333490745192308 0.6255355721153847
0 0.3402005240384615 0.6581019927884615 0.3402005240384615 0.6147655745192308 0.3275073125 0.6147655745192308 0.3275073125 0.6214506538461539 0.3275073125 0.6581019927884615 0.3402005240384615 0.6581019927884615
0 0.4133478581730769 0.6467472572115385 0.37289275480769235 0.6467472572115385 0.37289275480769235 0.6834085216346154 0.4133478581730769 0.6834085216346154 0.4133478581730769 0.6467472572115385
0 0.3952050408653846 0.6032746129807692 0.3815697548076923 0.6032746129807692 0.3815697548076923 0.65876734375 0.3952050408653846 0.65876734375 0.3952050408653846 0.6032746129807692
0 0.36644166346153845 0.5943722788461538 0.35519086298076924 0.5943722788461538 0.35519086298076924 0.6292465576923078 0.36644166346153845 0.6292465576923078 0.36644166346153845 0.5943722788461538
0 0.38028591826923075 0.6110526322115384 0.36816967067307693 0.6110526322115384 0.36816967067307693 0.6364903413461539 0.38028591826923075 0.6364903413461539 0.38028591826923075 0.6110526322115384
0 0.39667170192307694 0.5784349278846154 0.3805167043269231 0.5784349278846154 0.3805167043269231 0.6245920600961538 0.39667170192307694 0.6245920600961538 0.39667170192307694 0.5784349278846154
0 0.3794204735576923 0.5561769326923077 0.36747731490384616 0.5561769326923077 0.36747731490384616 0.6066420625 0.3794204735576923 0.6066420625 0.3794204735576923 0.5561769326923077
0 0.40913412740384614 0.5592540745192308 0.4015181995192308 0.5592540745192308 0.4015181995192308 0.6048983485576923 0.40913412740384614 0.6048983485576923 0.40913412740384614 0.5592540745192308
0 0.39667170192307694 0.5683829302884615 0.38957504326923076 0.5683829302884615 0.38957504326923076 0.5900254951923076 0.39667170192307694 0.5900254951923076 0.39667170192307694 0.5683829302884615
0 0.39667170192307694 0.5934103509615385 0.40301830769230773 0.5934103509615385 0.40301830769230773 0.5722806418269231 0.39667170192307694 0.5722806418269231 0.39667170192307694 0.5934103509615385
0 0.3655748293269231 0.5432015721153847 0.35610901201923073 0.5432015721153847 0.35610901201923073 0.5970515600961538 0.3655748293269231 0.5970515600961538 0.3655748293269231 0.5432015721153847
1 0.35610901201923073 0.5367090432692307 0.31012618509615386 0.5367090432692307 0.31012618509615386 0.5970515600961538 0.35610901201923073 0.5970515600961538 0.35610901201923073 0.5367090432692307
1 0.3275073125 0.5887960841346154 0.2925468076923077 0.5887960841346154 0.2925468076923077 0.623454 0.3275073125 0.623454 0.3275073125 0.5887960841346154
1 0.24420352403846154 0.5407157403846153 0.22696221153846155 0.5407157403846153 0.22696221153846155 0.5765756634615384 0.24420352403846154 0.5765756634615384 0.24420352403846154 0.5407157403846153
1 0.27147409375 0.5545388389423077 0.24679535576923076 0.5545388389423077 0.24679535576923076 0.5803820240384615 0.27147409375 0.5803820240384615 0.27147409375 0.5545388389423077
0 0.38957504326923076 0.5419434158653846 0.3732076923076923 0.5419434158653846 0.3732076923076923 0.5719134975961538 0.38957504326923076 0.5719134975961538 0.38957504326923076 0.5419434158653846
0 0.8038656225961538 1 0.8038656225961538 0.8183439423076924 0.7528183461538462 0.8183439423076924 0.7528183461538462 1 0.8038656225961538 1
0 0.6292302067307692 0.7084878197115384 0.5717348557692308 0.7084878197115384 0.5717348557692308 0.9730977860576923 0.6292302067307692 0.9730977860576923 0.6292302067307692 0.7084878197115384
0 0.6469624182692308 0.67791915625 0.583556329326923 0.67791915625 0.583556329326923 0.7619829759615384 0.6469624182692308 0.7619829759615384 0.6469624182692308 0.67791915625
0 0.510478125 0.6607242860576924 0.47071498557692304 0.6607242860576924 0.47071498557692304 0.7849094711538461 0.510478125 0.7849094711538461 0.510478125 0.6607242860576924
0 0.4777004014423077 0.6244240024038461 0.45674415144230773 0.6244240024038461 0.45674415144230773 0.7677145985576923 0.4777004014423077 0.7677145985576923 0.4777004014423077 0.6244240024038461
0 0.45674415144230773 0.6129607548076923 0.43793725961538466 0.6129607548076923 0.43793725961538466 0.7610277043269231 0.45674415144230773 0.7610277043269231 0.45674415144230773 0.6129607548076923
0 0.510478125 0.5957658822115385 0.4841484783653846 0.5957658822115385 0.4841484783653846 0.6721875336538462 0.510478125 0.6721875336538462 0.510478125 0.5957658822115385
1 0.48618892548076925 0.5960253028846154 0.4637921225961538 0.5960253028846154 0.4637921225961538 0.6531207139423076 0.48618892548076925 0.6531207139423076 0.48618892548076925 0.5960253028846154
1 0.46252437980769234 0.58851275 0.5054867980769231 0.58851275 0.5054867980769231 0.534422360576923 0.46252437980769234 0.534422360576923 0.46252437980769234 0.58851275
1 0.46252437980769234 0.5306660841346154 0.3891361177884616 0.5306660841346154 0.3891361177884616 0.5549566730769231 0.46252437980769234 0.5549566730769231 0.46252437980769234 0.5306660841346154
0 0.43167595432692313 0.5585752211538462 0.4237877716346154 0.5585752211538462 0.4237877716346154 0.6072565721153846 0.43167595432692313 0.6072565721153846 0.43167595432692313 0.5585752211538462
0 0.43911338221153845 0.5615802427884615 0.4328028365384615 0.5615802427884615 0.4328028365384615 0.6092599182692308 0.43911338221153845 0.6092599182692308 0.43911338221153845 0.5615802427884615
0 0.44779038221153844 0.5613799086538461 0.44125446153846154 0.5613799086538461 0.44125446153846154 0.6094602548076924 0.44779038221153844 0.6094602548076924 0.44779038221153844 0.5613799086538461
0 0.44914264182692304 0.6130662788461538 0.4579323293269231 0.6130662788461538 0.4579323293269231 0.5585752211538462 0.44914264182692304 0.5585752211538462 0.44914264182692304 0.6130662788461538
1 0.7104440336538461 0.6198904567307693 0.7104440336538461 0.5428867788461539 0.507252923076923 0.5428867788461539 0.507252923076923 0.6198904567307693 0.6410516466346153 0.6198904567307693 0.7104440336538461 0.6198904567307693
1 0 0 0 0.06559067307692308 0.11284671874999999 0.06559067307692308 0.11284671874999999 0 0 0
0 0.9670956778846154 0.7909211802884616 0.9193799110576923 0.7909211802884616 0.9193799110576923 0.8826271610576922 0.9670956778846154 0.8826271610576922 0.9670956778846154 0.7909211802884616
0 0.8265276033653847 0.7435397548076923 0.7929976033653846 0.7435397548076923 0.7929976033653846 0.9078463052884616 0.8265276033653847 0.9078463052884616 0.8265276033653847 0.7435397548076923
0 0.8458718341346153 0.6938656802884615 0.8123418341346155 0.6938656802884615 0.8123418341346155 0.8008559951923077 0.8458718341346153 0.8008559951923077 0.8458718341346153 0.6938656802884615
0 0.8080431153846154 0.71297109375 0.7633364495192307 0.71297109375 0.7633364495192307 0.8360099543269232 0.8080431153846154 0.8360099543269232 0.8080431153846154 0.71297109375
0 0.6383753004807692 0.6647619326923077 0.65302478125 0.6647619326923077 0.65302478125 0.6198904567307693 0.6383753004807692 0.6198904567307693 0.6383753004807692 0.6647619326923077
0 0.6593634975961538 0.6602543990384616 0.6744355576923078 0.6602543990384616 0.6744355576923078 0.6198904567307693 0.6593634975961538 0.6198904567307693 0.6593634975961538 0.6602543990384616
1 0.7192291634615385 0.6847954110576923 0.70303021875 0.6847954110576923 0.70303021875 0.709086 0.7192291634615385 0.709086 0.7192291634615385 0.6847954110576923
1 0.7081011923076923 0.6547451947115385 0.6942968749999999 0.6547451947115385 0.6942968749999999 0.6940608942307692 0.7081011923076923 0.6940608942307692 0.7081011923076923 0.6547451947115385
1 0.7543998004807692 0.654300701923077 0.7337989687500001 0.654300701923077 0.7337989687500001 0.6893592860576923 0.7543998004807692 0.6893592860576923 0.7543998004807692 0.654300701923077
1 0.8070463701923077 0.6589960480769231 0.7746484807692308 0.6589960480769231 0.7746484807692308 0.6984369567307692 0.8070463701923077 0.6984369567307692 0.8070463701923077 0.6589960480769231
1 0.8052856153846153 0.63927559375 0.7866216153846154 0.63927559375 0.7866216153846154 0.6843509182692308 0.8052856153846153 0.6843509182692308 0.8052856153846153 0.63927559375
1 0.7665490096153846 0.637397454326923 0.754575875 0.637397454326923 0.754575875 0.6618132548076924 0.7665490096153846 0.6618132548076924 0.7665490096153846 0.637397454326923
1 0.7765853125 0.6367714086538462 0.7700705192307692 0.6367714086538462 0.7700705192307692 0.6492923317307693 0.7765853125 0.6492923317307693 0.7765853125 0.6367714086538462
1 0.717670454326923 0.6232644615384615 0.7090779711538461 0.6232644615384615 0.7090779711538461 0.6382895697115385 0.717670454326923 0.6382895697115385 0.717670454326923 0.6232644615384615
1 0.7380952115384616 0.5907100600961539 0.7272489615384615 0.5907100600961539 0.7272489615384615 0.6167535817307692 0.7380952115384616 0.6167535817307692 0.7380952115384616 0.5907100600961539
1 0.722177985576923 0.5729303509615384 0.7165435721153847 0.5729303509615384 0.7165435721153847 0.5806933221153846 0.722177985576923 0.5806933221153846 0.722177985576923 0.5729303509615384
1 0.7413662524038462 0.5772931081730769 0.7380982908653846 0.5772931081730769 0.7380982908653846 0.5855068341346154 0.7413662524038462 0.5855068341346154 0.7413662524038462 0.5772931081730769
1 0.7422677596153846 0.5915168774038462 0.7474514230769231 0.5915168774038462 0.7474514230769231 0.5812998052884615 0.7422677596153846 0.5812998052884615 0.7422677596153846 0.5915168774038462
1 0.7560157331730769 0.5758907668269231 0.7507193822115384 0.5758907668269231 0.7507193822115384 0.5847054951923076 0.7560157331730769 0.5847054951923076 0.7560157331730769 0.5758907668269231
1 0.7766619927884615 0.6233877932692308 0.7857672091346154 0.6233877932692308 0.7857672091346154 0.5995078870192307 0.7766619927884615 0.5995078870192307 0.7766619927884615 0.6233877932692308
1 0.7583614110576923 0.6081623509615385 0.7679173798076923 0.6081623509615385 0.7679173798076923 0.5934177115384616 0.7583614110576923 0.5934177115384616 0.7583614110576923 0.6081623509615385
1 0.7518705649038462 0.5966230673076923 0.7689991875 0.5966230673076923 0.7689991875 0.5793141418269231 0.7518705649038462 0.5793141418269231 0.7518705649038462 0.5966230673076923
1 0.7689991875 0.6088034206730769 0.7745885264423078 0.6088034206730769 0.7745885264423078 0.5950203894230769 0.7689991875 0.5950203894230769 0.7689991875 0.6088034206730769
1 0.8753432019230769 0.5688628774038461 0.7863194375 0.5688628774038461 0.7863194375 0.6279616370192307 0.8753432019230769 0.6279616370192307 0.8753432019230769 0.5688628774038461
1 0.9592358629807692 0.657623985576923 0.9460513317307692 0.657623985576923 0.9460513317307692 0.673650766826923 0.9592358629807692 0.673650766826923 0.9592358629807692 0.657623985576923
1 0.9146112932692307 0.6159543533653846 0.9042439687499999 0.6159543533653846 0.9042439687499999 0.6371898389423076 0.9146112932692307 0.6371898389423076 0.9146112932692307 0.6159543533653846
1 0.908526125 0.5981245576923077 0.8995110600961538 0.5981245576923077 0.8995110600961538 0.6069392884615384 0.908526125 0.6069392884615384 0.908526125 0.5981245576923077
1 0.9422199302884615 0.6165553557692308 0.9224994759615384 0.6165553557692308 0.9224994759615384 0.6313801298076923 0.9422199302884615 0.6313801298076923 0.9422199302884615 0.6165553557692308
1 0.9526999423076923 0.5893098269230769 0.9404169158653846 0.5893098269230769 0.9404169158653846 0.5979242235576924 0.9526999423076923 0.5979242235576924 0.9526999423076923 0.5893098269230769
1 0.9659971634615385 0.6035335961538462 0.9471782139423077 0.6035335961538462 0.9471782139423077 0.6161546875 0.9659971634615385 0.6161546875 0.9659971634615385 0.6035335961538462
1 0.8888056706730769 0.6125486610576923 0.8788890985576923 0.6125486610576923 0.8788890985576923 0.6223650649038461 0.8888056706730769 0.6223650649038461 0.8888056706730769 0.6125486610576923