1 0.48361113701923075 0.8517784158653845 0.4615802091346154 0.8517784158653845 0.4615802091346154 0.8966761370192308 0.48361113701923075 0.8966761370192308 0.48361113701923075 0.8517784158653845
1 0.3273849831730769 0.6227560985576923 0.31720561778846157 0.6227560985576923 0.31720561778846157 0.64134184375 0.3273849831730769 0.64134184375 0.3273849831730769 0.6227560985576923
1 0.5793247043269231 0.62027965625 0.5716618990384615 0.62027965625 0.5716618990384615 0.6355050985576922 0.5793247043269231 0.6355050985576922 0.5793247043269231 0.62027965625
1 0.5937488076923076 0.6106635865384615 0.5811277163461539 0.6106635865384615 0.5811277163461539 0.6276519759615385 0.5937488076923076 0.6276519759615385 0.5937488076923076 0.6106635865384615
1 0.0219946875 0.661826201923077 0.009445716346153847 0.661826201923077 0.009445716346153847 0.6990083341346154 0.0219946875 0.6990083341346154 0.0219946875 0.661826201923077
1 0.05890910096153846 0.5516763533653847 0.051581656249999996 0.5516763533653847 0.051581656249999996 0.565420923076923 0.05890910096153846 0.565420923076923 0.05890910096153846 0.5516763533653847
1 0.08718034615384615 0.5389575 0.07927593749999999 0.5389575 0.07927593749999999 0.5532149254807692 0.08718034615384615 0.5532149254807692 0.08718034615384615 0.5389575
1 0.04292719471153846 0.5335212139423077 0.038023 0.5335212139423077 0.038023 0.5429577836538462 0.04292719471153846 0.5429577836538462 0.04292719471153846 0.5335212139423077
1 0.052732033653846155 0.4821146538461539 0.043962177884615386 0.4821146538461539 0.043962177884615386 0.5015006490384615 0.052732033653846155 0.5015006490384615 0.052732033653846155 0.4821146538461539
1 0.03132666346153846 0.456779516826923 0.024633879807692306 0.456779516826923 0.024633879807692306 0.4723703701923077 0.03132666346153846 0.4723703701923077 0.03132666346153846 0.456779516826923
1 0.02296068269230769 0.4539075192307692 0.019210415865384616 0.4539075192307692 0.019210415865384616 0.46201065865384616 0.02296068269230769 0.46201065865384616 0.02296068269230769 0.4539075192307692
1 0.02561471875 0.4632415168269231 0.02030664903846154 0.4632415168269231 0.02030664903846154 0.47421665625 0.02561471875 0.47421665625 0.02561471875 0.4632415168269231
1 0.025028725961538458 0.5328489951923077 0.018177276442307693 0.5328489951923077 0.018177276442307693 0.5433625649038462 0.025028725961538458 0.5433625649038462 0.025028725961538458 0.5328489951923077
1 0.11112956971153845 0.4450440745192308 0.10514356490384615 0.4450440745192308 0.10514356490384615 0.4560705 0.11112956971153845 0.4560705 0.11112956971153845 0.4450440745192308
1 0.1534643125 0.45337799999999995 0.14877648076923078 0.45337799999999995 0.14877648076923078 0.4629940697115385 0.1534643125 0.4629940697115385 0.1534643125 0.45337799999999995
1 0.20383277884615386 0.4437998485576923 0.1992632235576923 0.4437998485576923 0.1992632235576923 0.45192350240384616 0.20383277884615386 0.45192350240384616 0.20383277884615386 0.4437998485576923
1 0.24315855769230768 0.48816336298076923 0.2369850408653846 0.48816336298076923 0.2369850408653846 0.5085750721153846 0.24315855769230768 0.5085750721153846 0.24315855769230768 0.48816336298076923
1 0.24165844951923077 0.5102162163461539 0.24783196634615384 0.5102162163461539 0.24783196634615384 0.49288164903846154 0.24165844951923077 0.49288164903846154 0.24165844951923077 0.5102162163461539
1 0.34211630528846154 0.524450201923077 0.3341830480769231 0.524450201923077 0.3341830480769231 0.5399641274038461 0.34211630528846154 0.5399641274038461 0.34211630528846154 0.524450201923077
1 0.8906893100961538 0.5163553173076922 0.8822512091346154 0.5163553173076922 0.8822512091346154 0.5352028125 0.8906893100961538 0.5352028125 0.8906893100961538 0.5163553173076922
1 0.8801597139423076 0.48584032451923076 0.873813108173077 0.48584032451923076 0.873813108173077 0.4960974639423077 0.8801597139423076 0.4960974639423077 0.8801597139423076 0.48584032451923076
1 0.8698464807692308 0.49071246634615384 0.8625623076923077 0.49071246634615384 0.8625623076923077 0.5003285336538462 0.8698464807692308 0.5003285336538462 0.8698464807692308 0.49071246634615384
1 0.8635719951923077 0.4753267548076923 0.8549896538461539 0.4753267548076923 0.8549896538461539 0.4930203221153846 0.8635719951923077 0.4930203221153846 0.8635719951923077 0.4753267548076923
1 0.8137367163461539 0.48391711057692305 0.8069573870192308 0.48391711057692305 0.8069573870192308 0.49340496394230765 0.8137367163461539 0.49340496394230765 0.8137367163461539 0.48391711057692305
1 0.8495084927884615 0.4831478245192308 0.8376807283653847 0.4831478245192308 0.8376807283653847 0.49673853605769225 0.8495084927884615 0.49673853605769225 0.8495084927884615 0.4831478245192308
1 0.8047381610576922 0.4637281730769231 0.7960836971153846 0.4637281730769231 0.7960836971153846 0.48411423798076925 0.8047381610576922 0.48411423798076925 0.8047381610576922 0.4637281730769231
1 0.8771748822115384 0.4549190528846154 0.8718668125 0.4549190528846154 0.8718668125 0.4656890480769231 0.8771748822115384 0.4656890480769231 0.8771748822115384 0.4549190528846154
0 0.8893848870192307 0.4375764711538462 0.8812713293269231 0.4375764711538462 0.8812713293269231 0.4611358413461539 0.8893848870192307 0.4611358413461539 0.8893848870192307 0.4375764711538462
0 0.8618889375 0.43148629326923077 0.85638975 0.43148629326923077 0.85638975 0.45440459375 0.8618889375 0.45440459375 0.8618889375 0.43148629326923077
0 0.8710843052884615 0.4327684350961538 0.8636018004807693 0.4327684350961538 0.8636018004807693 0.45648807451923074 0.8710843052884615 0.45648807451923074 0.8710843052884615 0.4327684350961538
0 0.8733380697115384 0.45600726923076923 0.8794683149038461 0.45600726923076923 0.8794683149038461 0.4345313822115384 0.8733380697115384 0.4345313822115384 0.8733380697115384 0.45600726923076923
0 0.86089728125 0.40472156971153844 0.8524231201923077 0.40472156971153844 0.8524231201923077 0.4274795985576923 0.86089728125 0.4274795985576923 0.86089728125 0.40472156971153844
0 0.8272710889423076 0.41850460096153846 0.8196984350961538 0.41850460096153846 0.8196984350961538 0.44254477403846154 0.8272710889423076 0.44254477403846154 0.8272710889423076 0.41850460096153846
1 0.7922220721153846 0.42165481971153845 0.7862216442307692 0.42165481971153845 0.7862216442307692 0.4435025288461538 0.7922220721153846 0.4435025288461538 0.7922220721153846 0.42165481971153845
1 0.7377281682692308 0.43930030528846153 0.7277466899038461 0.43930030528846153 0.7277466899038461 0.45201916105769235 0.7377281682692308 0.45201916105769235 0.7377281682692308 0.43930030528846153
1 0.7184575673076924 0.41776031009615383 0.711649389423077 0.41776031009615383 0.711649389423077 0.4292483076923077 0.7184575673076924 0.4292483076923077 0.7184575673076924 0.41776031009615383
1 0.5238121754807692 0.5130634831730769 0.5165747379807692 0.5130634831730769 0.5165747379807692 0.5250897764423077 0.5238121754807692 0.5250897764423077 0.5238121754807692 0.5130634831730769
1 0.5529833125 0.43080983173076925 0.5474300336538461 0.43080983173076925 0.5474300336538461 0.4497855408653846 0.5529833125 0.4497855408653846 0.5529833125 0.43080983173076925
1 0.5297605072115384 0.45376018509615385 0.5297605072115384 0.43324590384615386 0.5216108870192308 0.43324590384615386 0.5216108870192308 0.43640829086538463 0.5216108870192308 0.45376018509615385 0.5297605072115384 0.45376018509615385
0 0.4798050576923077 0.410041125 0.4742662019230769 0.410041125 0.4742662019230769 0.4327709495192308 0.4798050576923077 0.4327709495192308 0.4798050576923077 0.410041125
0 0.4783280288461539 0.42866809375000003 0.48386688461538463 0.42866809375000003 0.48386688461538463 0.405527983173077 0.4783280288461539 0.405527983173077 0.4783280288461539 0.42866809375000003
1 0.4041488966346154 0.4462320216346154 0.39657624278846154 0.4462320216346154 0.39657624278846154 0.47283648076923074 0.4041488966346154 0.47283648076923074 0.4041488966346154 0.4462320216346154
1 0.39572089182692305 0.45200429326923075 0.38947983413461534 0.45200429326923075 0.38353252403846155 0.45200429326923075 0.38353252403846155 0.4681592884615385 0.39572089182692305 0.4681592884615385 0.39572089182692305 0.45200429326923075
1 0.28981228125 0.44071574759615384 0.2807539447115385 0.44071574759615384 0.2807539447115385 0.46071717307692306 0.28981228125 0.46071717307692306 0.28981228125 0.44071574759615384
1 0.3454287067307692 0.4326834447115384 0.3370742644230769 0.4326834447115384 0.3370742644230769 0.45237715624999997 0.3454287067307692 0.45237715624999997 0.3454287067307692 0.4326834447115384
0 0.2923295264423077 0.4049867692307692 0.2850551634615385 0.4049867692307692 0.2850551634615385 0.4312450480769231 0.2923295264423077 0.4312450480769231 0.2923295264423077 0.4049867692307692
0 0.26103170673076925 0.4014888942307693 0.2530263293269231 0.4014888942307693 0.2530263293269231 0.42764460096153845 0.26103170673076925 0.42764460096153845 0.26103170673076925 0.4014888942307693
0 0.25338693269230766 0.4005913942307692 0.24631912259615385 0.4005913942307692 0.24631912259615385 0.4293113870192308 0.25338693269230766 0.4293113870192308 0.25338693269230766 0.4005913942307692
1 0.22913424519230768 0.4044442331730769 0.21648718990384616 0.4044442331730769 0.21648718990384616 0.41864011538461543 0.22913424519230768 0.41864011538461543 0.22913424519230768 0.4044442331730769
0 0.04033883413461538 0.3988334471153846 0.03237672836538462 0.3988334471153846 0.03237672836538462 0.4295022980769231 0.04033883413461538 0.4295022980769231 0.04033883413461538 0.3988334471153846
0 0.18424720673076925 0.3754964182692308 0.17653031009615386 0.3754964182692308 0.17653031009615386 0.40511391105769234 0.18424720673076925 0.40511391105769234 0.18424720673076925 0.3754964182692308
1 0.14712683173076924 0.31517676923076926 0.13297318028846153 0.31517676923076926 0.13297318028846153 0.33280623076923077 0.14712683173076924 0.33280623076923077 0.14712683173076924 0.31517676923076926
1 0.18480980288461538 0.31501650240384615 0.17209856009615385 0.31501650240384615 0.17209856009615385 0.33088301682692306 0.18480980288461538 0.33088301682692306 0.18480980288461538 0.31501650240384615
1 0.11584455528846155 0.3509164927884615 0.10187120673076923 0.3509164927884615 0.10187120673076923 0.36213524038461536 0.11584455528846155 0.36213524038461536 0.11584455528846155 0.3509164927884615
0 0.3393091899038462 0.37555574519230767 0.3315086346153846 0.37555574519230767 0.3315086346153846 0.40222431249999996 0.3393091899038462 0.40222431249999996 0.3393091899038462 0.37555574519230767
0 0.30879932451923076 0.3590622644230769 0.30446055528846155 0.3590622644230769 0.30446055528846155 0.3808074038461538 0.30879932451923076 0.3808074038461538 0.30879932451923076 0.3590622644230769
0 0.3175230240384615 0.35791346394230766 0.31166106730769233 0.35791346394230766 0.31166106730769233 0.38023300240384617 0.3175230240384615 0.38023300240384617 0.3175230240384615 0.35791346394230766
0 0.312999625 0.35783140865384616 0.3080608125 0.35783140865384616 0.3080608125 0.3767866033653846 0.312999625 0.3767866033653846 0.312999625 0.35783140865384616
1 0.41358446153846157 0.35530351923076925 0.4037252980769231 0.35530351923076925 0.4037252980769231 0.37768870192307696 0.41358446153846157 0.37768870192307696 0.41358446153846157 0.35530351923076925
0 0.5150599134615385 0.40055787019230765 0.5049053437500001 0.40055787019230765 0.5049053437500001 0.41861043509615387 0.5150599134615385 0.41861043509615387 0.5150599134615385 0.40055787019230765
0 0.5145060264423077 0.37840244471153844 0.5061977427884615 0.37840244471153844 0.5061977427884615 0.4053992403846154 0.5145060264423077 0.4053992403846154 0.5145060264423077 0.37840244471153844
1 0.5020436009615384 0.37044290384615386 0.4907812620192308 0.37044290384615386 0.4907812620192308 0.39522415625 0.5020436009615384 0.39522415625 0.5020436009615384 0.37044290384615386
1 0.5346132644230769 0.37301443509615384 0.5275050673076923 0.37301443509615384 0.5275050673076923 0.3908208293269231 0.5346132644230769 0.3908208293269231 0.5346132644230769 0.37301443509615384
0 0.6011507884615385 0.39273814663461537 0.593987201923077 0.39273814663461537 0.593987201923077 0.4061955168269231 0.6011507884615385 0.4061955168269231 0.6011507884615385 0.39273814663461537
0 0.6452213653846154 0.3844233293269231 0.6359178173076923 0.3844233293269231 0.6359178173076923 0.4033990408653846 0.6452213653846154 0.4033990408653846 0.6452213653846154 0.3844233293269231
0 0.6824943149038462 0.3872770360576923 0.6752245649038462 0.3872770360576923 0.6752245649038462 0.40266274759615384 0.6824943149038462 0.40266274759615384 0.6824943149038462 0.3872770360576923
0 0.6833020624999999 0.40286789182692306 0.6914372572115385 0.40286789182692306 0.6914372572115385 0.3872770360576923 0.6833020624999999 0.3872770360576923 0.6833020624999999 0.40286789182692306
0 0.6927642764423076 0.40368846153846155 0.7003225072115384 0.40368846153846155 0.7003225072115384 0.3877898942307692 0.6927642764423076 0.3877898942307692 0.6927642764423076 0.40368846153846155
0 0.7573996875 0.3855204278846154 0.750638389423077 0.3855204278846154 0.750638389423077 0.4155706442307692 0.7573996875 0.4155706442307692 0.7573996875 0.3855204278846154
0 0.768105076923077 0.3704953197115385 0.7629214158653846 0.3704953197115385 0.7629214158653846 0.3931331490384615 0.768105076923077 0.3931331490384615 0.768105076923077 0.3704953197115385
0 0.7891777932692308 0.3793100504807692 0.7839941298076922 0.3793100504807692 0.7839941298076922 0.4017475432692308 0.7891777932692308 0.4017475432692308 0.7891777932692308 0.3793100504807692
0 0.7891777932692308 0.41116327884615383 0.7948122067307692 0.41116327884615383 0.7948122067307692 0.3815137331730769 0.7891777932692308 0.3815137331730769 0.7891777932692308 0.41116327884615383
1 0.8250412980769231 0.3924175528846154 0.8104441057692308 0.3924175528846154 0.8104441057692308 0.4126241201923077 0.8250412980769231 0.4126241201923077 0.8250412980769231 0.3924175528846154
1 0.9400464807692307 0.4005456153846154 0.9131022548076922 0.4005456153846154 0.9131022548076922 0.4200341826923077 0.9400464807692307 0.4200341826923077 0.9400464807692307 0.4005456153846154
0 0.7241731634615385 0.3522827235576923 0.7187266201923077 0.3522827235576923 0.7187266201923077 0.3779666033653846 0.7241731634615385 0.3779666033653846 0.7241731634615385 0.3522827235576923
0 0.7373279447115385 0.33390192788461537 0.7332661177884615 0.33390192788461537 0.7332661177884615 0.3568779230769231 0.7373279447115385 0.3568779230769231 0.7373279447115385 0.33390192788461537
0 0.7394973317307693 0.3376765552884615 0.7364048028846154 0.3376765552884615 0.7364048028846154 0.3535135817307692 0.7394973317307693 0.3535135817307692 0.7394973317307693 0.3376765552884615
0 0.7401896874999999 0.3574523221153846 0.7446207716346154 0.3574523221153846 0.7446207716346154 0.33898946875 0.7401896874999999 0.33898946875 0.7401896874999999 0.3574523221153846
0 0.7436514735576923 0.3339839855769231 0.7391742307692308 0.3339839855769231 0.7391742307692308 0.35006718028846157 0.7436514735576923 0.35006718028846157 0.7436514735576923 0.3339839855769231
1 0.6088156490384615 0.3513817475961538 0.6002333076923076 0.3513817475961538 0.6002333076923076 0.3707420985576923 0.6088156490384615 0.3707420985576923 0.6088156490384615 0.3513817475961538
1 0.6343463125 0.3408681778846154 0.6282160673076922 0.3408681778846154 0.6282160673076922 0.35240746153846153 0.6343463125 0.35240746153846153 0.6343463125 0.3408681778846154
1 0.5950406298076923 0.33932960576923077 0.5784529110576924 0.33932960576923077 0.5784529110576924 0.3686906706730769 0.5950406298076923 0.3686906706730769 0.5950406298076923 0.33932960576923077
1 0.5622699110576923 0.3235208894230769 0.5486535576923077 0.3235208894230769 0.5486535576923077 0.34690716826923074 0.5622699110576923 0.34690716826923074 0.5622699110576923 0.3235208894230769
1 0.5571349302884616 0.3498817403846154 0.5444994158653846 0.3498817403846154 0.5444994158653846 0.36208773798076926 0.5571349302884616 0.36208773798076926 0.5571349302884616 0.3498817403846154
1 0.5323254711538461 0.3493688822115385 0.5176128846153847 0.3493688822115385 0.5176128846153847 0.36629316586538463 0.5323254711538461 0.36629316586538463 0.5323254711538461 0.3493688822115385
1 0.4888199951923077 0.3641404038461538 0.5001284927884615 0.3641404038461538 0.5001284927884615 0.35248829086538463 0.4888199951923077 0.35248829086538463 0.4888199951923077 0.3641404038461538
1 0.5109754182692308 0.3349280673076923 0.48932772355769233 0.3349280673076923 0.48932772355769233 0.3500265769230769 0.5109754182692308 0.3500265769230769 0.5109754182692308 0.3349280673076923
0 0.47950848557692305 0.33757409134615385 0.4754005 0.33757409134615385 0.4754005 0.3536572860576923 0.47950848557692305 0.3536572860576923 0.47950848557692305 0.33757409134615385
0 0.46792304567307696 0.3360150048076923 0.4626149759615385 0.3360150048076923 0.4626149759615385 0.3475850600961538 0.46792304567307696 0.3475850600961538 0.46792304567307696 0.3360150048076923
0 0.45846083413461536 0.33946140384615386 0.45407590625 0.33946140384615386 0.45407590625 0.3538214014423077 0.45846083413461536 0.3538214014423077 0.45846083413461536 0.33946140384615386
0 0.4556452475961539 0.34381043269230765 0.4507064350961538 0.34381043269230765 0.4507064350961538 0.35972951442307693 0.4556452475961539 0.35972951442307693 0.4556452475961539 0.34381043269230765
0 0.43898084134615384 0.30342334374999996 0.4339497139423077 0.30342334374999996 0.4339497139423077 0.3202450528846154 0.43898084134615384 0.3202450528846154 0.43898084134615384 0.30342334374999996
0 0.4299801995192307 0.31425488221153847 0.42444134375 0.31425488221153847 0.42444134375 0.33165099278846155 0.4299801995192307 0.33165099278846155 0.4299801995192307 0.31425488221153847
1 0.7286053245192308 0.2895204278846154 0.719300048076923 0.2895204278846154 0.719300048076923 0.31190561298076924 0.7286053245192308 0.31190561298076924 0.7286053245192308 0.2895204278846154
0 0.8427758870192308 0.34217000480769233 0.8379979038461538 0.34217000480769233 0.8379979038461538 0.36124187500000005 0.8427758870192308 0.36124187500000005 0.8427758870192308 0.34217000480769233
0 0.8480947764423077 0.34745884375 0.84448875 0.34745884375 0.84448875 0.3646075 0.8480947764423077 0.3646075 0.8480947764423077 0.34745884375
0 0.8488159807692307 0.3660499110576923 0.8534136634615385 0.3660499110576923 0.8534136634615385 0.3490615216346154 0.8488159807692307 0.3490615216346154 0.8488159807692307 0.3660499110576923
0 0.8506189951923078 0.3628445552884615 0.8562984855769231 0.3628445552884615 0.8562984855769231 0.34569589903846154 0.8506189951923078 0.34569589903846154 0.8506189951923078 0.3628445552884615
0 0.8526023076923077 0.33079099038461535 0.8489061322115384 0.33079099038461535 0.8489061322115384 0.3413686658653846 0.8526023076923077 0.3413686658653846 0.8526023076923077 0.33079099038461535
0 0.8459311610576923 0.3283869735576923 0.8418743822115384 0.3283869735576923 0.8418743822115384 0.33736197115384614 0.8459311610576923 0.33736197115384614 0.8459311610576923 0.3283869735576923
0 0.9362105552884615 0.35251329086538463 0.929070625 0.35251329086538463 0.929070625 0.3740532860576923 0.9362105552884615 0.3740532860576923 0.9362105552884615 0.35251329086538463
0 0.9080835528846154 0.35097471874999997 0.9031793581730769 0.35097471874999997 0.9031793581730769 0.3713607860576923 0.9080835528846154 0.3713607860576923 0.9080835528846154 0.35097471874999997
0 0.9187573894230769 0.34571793509615384 0.9114732187500001 0.34571793509615384 0.9114732187500001 0.3693093581730769 0.9187573894230769 0.3693093581730769 0.9187573894230769 0.34571793509615384
1 0.8941728221153846 0.3198549903846154 0.8816418822115384 0.3198549903846154 0.8816418822115384 0.34197194951923077 0.8941728221153846 0.34197194951923077 0.8941728221153846 0.3198549903846154
1 0.8948038774038461 0.2991804423076923 0.8860592644230769 0.2991804423076923 0.8860592644230769 0.3185728485576923 0.8948038774038461 0.3185728485576923 0.8948038774038461 0.2991804423076923
1 0.6805481586538461 0.31671062740384615 0.6747394014423077 0.31671062740384615 0.6747394014423077 0.3278022451923077 0.6805481586538461 0.3278022451923077 0.6805481586538461 0.31671062740384615
1 0.6175037211538462 0.34543390384615386 0.6108478557692307 0.34543390384615386 0.6108478557692307 0.3688601658653846 0.6175037211538462 0.3688601658653846 0.6175037211538462 0.34543390384615386
1 0.6519596009615385 0.35685249999999996 0.6391016754807691 0.35685249999999996 0.6391016754807691 0.36805766346153845 0.6519596009615385 0.36805766346153845 0.6519596009615385 0.35685249999999996
0 0.8254586057692308 0.3144586298076923 0.8202818197115385 0.3144586298076923 0.8202818197115385 0.3337016298076923 0.8254586057692308 0.3337016298076923 0.8254586057692308 0.3144586298076923
1 0.8474192379807692 0.31679537259615387 0.8424441466346154 0.31679537259615387 0.8424441466346154 0.3283869735576923 0.8474192379807692 0.3283869735576923 0.8474192379807692 0.31679537259615387
0 0.8529994110576923 0.3068750673076923 0.8486293966346155 0.3068750673076923 0.8486293966346155 0.327552329326923 0.8529994110576923 0.327552329326923 0.8529994110576923 0.3068750673076923
1 0.9460738125 0.30817288221153843 0.9376699399038462 0.30817288221153843 0.9376699399038462 0.32239597115384616 0.9460738125 0.32239597115384616 0.9460738125 0.30817288221153843
1 0.2981637764423077 0.3318828701923077 0.2918608701923077 0.3318828701923077 0.2918608701923077 0.35220156971153843 0.2981637764423077 0.35220156971153843 0.2981637764423077 0.3318828701923077
1 0.3218626971153846 0.3399505889423077 0.31102170192307693 0.3399505889423077 0.31102170192307693 0.3520521658653846 0.3218626971153846 0.3520521658653846 0.3218626971153846 0.3399505889423077
1 0.36926054086538457 0.32964183894230764 0.3509400985576923 0.32964183894230764 0.3509400985576923 0.3472712956730769 0.36926054086538457 0.3472712956730769 0.36926054086538457 0.32964183894230764
1 0.40600602884615383 0.3444308533653846 0.40008970192307697 0.3444308533653846 0.40008970192307697 0.3588690817307692 0.40600602884615383 0.3588690817307692 0.40600602884615383 0.3444308533653846
1 0.5230026682692308 0.5016469110576923 0.5159434134615385 0.5016469110576923 0.5159434134615385 0.5176628245192307 0.5230026682692308 0.5176628245192307 0.5230026682692308 0.5016469110576923
1 0 0 0 0.06081431971153846 0.11123469951923076 0.06081431971153846 0.11123469951923076 0 0 0