1 0.32857559855769225 0.9814741538461539 0.3237413725961539 0.9814741538461539 0.3237413725961539 0.9912142235576924 0.32857559855769225 0.9912142235576924 0.32857559855769225 0.9814741538461539
1 0.3427559975961539 0.9201689951923077 0.33921089663461534 0.9201689951923077 0.33921089663461534 0.9322008485576923 0.3427559975961539 0.9322008485576923 0.3427559975961539 0.9201689951923077
1 0.3666048485576923 0.9164448509615385 0.36241518509615384 0.9164448509615385 0.36241518509615384 0.9238931418269231 0.3666048485576923 0.9238931418269231 0.3666048485576923 0.9164448509615385
1 0.3656380048076923 0.8708956923076923 0.3612871995192308 0.8708956923076923 0.3612871995192308 0.8797763461538461 0.3656380048076923 0.8797763461538461 0.3656380048076923 0.8708956923076923
1 0.3612871995192308 0.8651662379807692 0.3570975360576923 0.8651662379807692 0.3570975360576923 0.8708956923076923 0.3612871995192308 0.8708956923076923 0.3612871995192308 0.8651662379807692
1 0.3197128509615385 0.9536863004807692 0.3160066105769231 0.9536863004807692 0.3160066105769231 0.9631398990384615 0.3197128509615385 0.9631398990384615 0.3197128509615385 0.9536863004807692
1 0.3168123125 0.9373573581730769 0.3140729182692308 0.9373573581730769 0.3140729182692308 0.94537859375 0.3168123125 0.94537859375 0.3168123125 0.9373573581730769
1 0.30488788701923075 0.9359249951923078 0.3006982235576923 0.9359249951923078 0.3006982235576923 0.9465244831730769 0.30488788701923075 0.9465244831730769 0.30488788701923075 0.9359249951923078
1 0.2634540528846154 0.9501821682692307 0.25941135096153844 0.9501821682692307 0.25941135096153844 0.9625027860576923 0.2634540528846154 0.9625027860576923 0.2634540528846154 0.9501821682692307
1 0.2895253605769231 0.9399149855769231 0.2843275985576923 0.9399149855769231 0.2843275985576923 0.9497421442307693 0.2895253605769231 0.9497421442307693 0.2895253605769231 0.9399149855769231
1 0.3742478245192308 0.8318213677884615 0.3706572451923077 0.8318213677884615 0.3706572451923077 0.8374536490384615 0.3742478245192308 0.8374536490384615 0.3742478245192308 0.8318213677884615
1 0.37868324759615385 0.8174590480769232 0.3745646418269231 0.8174590480769232 0.3745646418269231 0.8277848990384615 0.37868324759615385 0.8277848990384615 0.37868324759615385 0.8174590480769232
1 0.3704460360576923 0.8033783413461539 0.36553538942307695 0.8033783413461539 0.36553538942307695 0.8129532211538462 0.3704460360576923 0.8129532211538462 0.3704460360576923 0.8033783413461539
1 0.3744062331730769 0.7892037644230769 0.3717132980769231 0.7892037644230769 0.3717132980769231 0.7944605600961538 0.3744062331730769 0.7944605600961538 0.3744062331730769 0.7892037644230769
1 0.39331391346153843 0.7294994182692308 0.3871499423076923 0.7294994182692308 0.3871499423076923 0.7476188461538461 0.39331391346153843 0.7476188461538461 0.39331391346153843 0.7294994182692308
1 0.36660337740384613 0.7583367043269231 0.3612504567307692 0.7583367043269231 0.3612504567307692 0.7672282019230768 0.36660337740384613 0.7672282019230768 0.36660337740384613 0.7583367043269231
1 0.37355136057692306 0.7474746610576923 0.3690094879807692 0.7474746610576923 0.3690094879807692 0.75655840625 0.37355136057692306 0.75655840625 0.37355136057692306 0.7474746610576923
1 0.4773703197115384 0.5735077475961539 0.4745321778846154 0.5735077475961539 0.4745321778846154 0.5789053509615385 0.4773703197115384 0.5789053509615385 0.4773703197115384 0.5735077475961539
1 0.4733441177884616 0.5713956418269232 0.4697799399038462 0.5713956418269232 0.4697799399038462 0.5769105841346154 0.4733441177884616 0.5769105841346154 0.4733441177884616 0.5713956418269232
1 0.5122860697115384 0.53302571875 0.5103719735576923 0.53302571875 0.5103719735576923 0.536193875 0.5122860697115384 0.536193875 0.5122860697115384 0.53302571875
1 0.5163782740384616 0.5399487307692308 0.5121540625000001 0.5399487307692308 0.5121540625000001 0.5455810144230769 0.5163782740384616 0.5455810144230769 0.5163782740384616 0.5399487307692308
1 0.33338218269230774 0.7805743461538461 0.33074205048076927 0.7805743461538461 0.33074205048076927 0.789961483173077 0.33338218269230774 0.789961483173077 0.33338218269230774 0.7805743461538461
1 0.3369298605769231 0.7795476274038461 0.33404221634615383 0.7795476274038461 0.33404221634615383 0.7887880913461539 0.3369298605769231 0.7887880913461539 0.3369298605769231 0.7795476274038461
1 0.33850548317307694 0.7227829495192307 0.3354957331730769 0.7227829495192307 0.3354957331730769 0.7347984855769231 0.33850548317307694 0.7347984855769231 0.33850548317307694 0.7227829495192307
1 0.3447361947115385 0.7172445384615386 0.34172644471153846 0.7172445384615386 0.34172644471153846 0.7291662019230769 0.3447361947115385 0.7291662019230769 0.3447361947115385 0.7172445384615386
1 0.34716511778846154 0.7101103149038461 0.3447361947115385 0.7101103149038461 0.3447361947115385 0.7188403509615384 0.34716511778846154 0.7188403509615384 0.34716511778846154 0.7101103149038461
1 0.34145094711538465 0.709227454326923 0.33864580528846155 0.709227454326923 0.33864580528846155 0.7162678052884615 0.34145094711538465 0.7162678052884615 0.34145094711538465 0.709227454326923
0 0.22356649278846152 0.9410306274038462 0.21857112740384615 0.9410306274038462 0.21857112740384615 0.9562136802884615 0.22356649278846152 0.9562136802884615 0.22356649278846152 0.9410306274038462
0 0.17796362259615384 1 0.17796362259615384 0.9928821850961539 0.16555577403846153 0.9928821850961539 0.16555577403846153 1 0.17796362259615384 1
0 0.1836035528846154 0.9679590600961538 0.17764133894230769 0.9679590600961538 0.17764133894230769 0.9848609495192308 0.1836035528846154 0.9848609495192308 0.1836035528846154 0.9679590600961538
0 0.19504455528846154 0.907799795673077 0.18892120192307693 0.907799795673077 0.18892120192307693 0.9232693197115385 0.19504455528846154 0.9232693197115385 0.19504455528846154 0.907799795673077
0 0.06016963221153847 0.9467600817307692 0.04905091105769231 0.9467600817307692 0.04905091105769231 0.9547813173076923 0.06016963221153847 0.9547813173076923 0.06016963221153847 0.9467600817307692
0 0.05404627644230769 0.9565001538461538 0.04357212019230769 0.9565001538461538 0.04357212019230769 0.9639484423076923 0.05404627644230769 0.9639484423076923 0.05404627644230769 0.9565001538461538
0 0.055013122596153846 1 0.055013122596153846 0.9908768750000001 0.03889903365384616 0.9908768750000001 0.03889903365384616 1 0.055013122596153846 1
0 0.024879776442307693 0.9774126586538461 0.005865151442307693 0.9774126586538461 0.005865151442307693 0.9934551298076923 0.024879776442307693 0.9934551298076923 0.024879776442307693 0.9774126586538461
0 0.06919352163461538 0.9143886658653847 0.05581882692307692 0.9143886658653847 0.05581882692307692 0.9278528822115385 0.06919352163461538 0.9278528822115385 0.06919352163461538 0.9143886658653847
0 0.10593364423076923 0.9395982644230769 0.09239781009615385 0.9395982644230769 0.09239781009615385 0.9504842259615385 0.10593364423076923 0.9504842259615385 0.10593364423076923 0.9395982644230769
0 0.11753578846153846 0.9006379783653846 0.10577250240384616 0.9006379783653846 0.10577250240384616 0.9155345576923076 0.11753578846153846 0.9155345576923076 0.11753578846153846 0.9006379783653846
0 0.12720424278846154 0.9648078605769231 0.12333686057692309 0.9648078605769231 0.12333686057692309 0.9802773870192307 0.12720424278846154 0.9802773870192307 0.12720424278846154 0.9648078605769231
0 0.12220887500000001 0.9559272067307693 0.11382954807692307 0.9559272067307693 0.11382954807692307 0.9748344062500001 0.12220887500000001 0.9748344062500001 0.12220887500000001 0.9559272067307693
0 0.04937319230769231 0.8588129639423077 0.04421668269230769 0.8588129639423077 0.04421668269230769 0.8737095432692308 0.04937319230769231 0.8737095432692308 0.04937319230769231 0.8588129639423077
0 0.03922131490384616 0.8674071442307691 0.031164271634615385 0.8674071442307691 0.031164271634615385 0.8780066346153846 0.03922131490384616 0.8780066346153846 0.03922131490384616 0.8674071442307691
0 0.07241633894230769 0.8473540552884615 0.06500385817307693 0.8473540552884615 0.06500385817307693 0.8628235817307692 0.07241633894230769 0.8628235817307692 0.07241633894230769 0.8473540552884615
0 0.11092901201923078 0.86139121875 0.09755431730769232 0.86139121875 0.09755431730769232 0.8725636538461538 0.11092901201923078 0.8725636538461538 0.11092901201923078 0.86139121875
0 0.019562127403846157 0.9098051033653847 0.007154278846153846 0.9098051033653847 0.007154278846153846 0.9189722307692307 0.019562127403846157 0.9189722307692307 0.019562127403846157 0.9098051033653847
0 0.006509713942307692 0.9275664110576923 0.019562127403846157 0.9275664110576923 0.019562127403846157 0.9189722307692307 0.006509713942307692 0.9189722307692307 0.006509713942307692 0.9275664110576923
0 0.1418680625 0.8098261346153847 0.13767839903846155 0.8098261346153847 0.13767839903846155 0.8298792211538462 0.1418680625 0.8298792211538462 0.1418680625 0.8098261346153847
0 0.1389675264423077 0.804669625 0.13381101923076924 0.804669625 0.13381101923076924 0.8252956586538461 0.1389675264423077 0.8252956586538461 0.1389675264423077 0.804669625
0 0.2597517764423077 0.8300831899038462 0.2574416610576923 0.8300831899038462 0.2574416610576923 0.8370062043269232 0.2597517764423077 0.8370062043269232 0.2597517764423077 0.8300831899038462
0 0.2580356899038462 0.8172932163461539 0.2540094879807692 0.8172932163461539 0.2540094879807692 0.8318432788461538 0.2580356899038462 0.8318432788461538 0.2580356899038462 0.8172932163461539
0 0.2640419927884615 0.7903051971153846 0.2612698533653846 0.7903051971153846 0.2612698533653846 0.8037992067307692 0.2640419927884615 0.8037992067307692 0.2640419927884615 0.7903051971153846
0 0.26186388221153845 0.792182625 0.25869572355769227 0.792182625 0.25869572355769227 0.8057939735576922 0.26186388221153845 0.8057939735576922 0.26186388221153845 0.792182625
0 0.2809388389423077 0.7860809855769231 0.27598859134615383 0.7860809855769231 0.27598859134615383 0.8007483870192308 0.2809388389423077 0.8007483870192308 0.2809388389423077 0.7860809855769231
0 0.27922275240384614 0.7570981995192307 0.27519655048076924 0.7570981995192307 0.27519655048076924 0.77035753125 0.27922275240384614 0.77035753125 0.27922275240384614 0.7570981995192307
0 0.2840409951923077 0.7597970000000001 0.2802128028846154 0.7597970000000001 0.2802128028846154 0.7723522980769231 0.2840409951923077 0.7723522980769231 0.2840409951923077 0.7597970000000001
0 0.31895674519230766 0.7006433701923077 0.3162506081730769 0.7006433701923077 0.3162506081730769 0.7093264711538462 0.31895674519230766 0.7093264711538462 0.31895674519230766 0.7006433701923077
0 0.3381637067307692 0.6900828389423077 0.33473153605769235 0.6900828389423077 0.33473153605769235 0.7006433701923077 0.3381637067307692 0.7006433701923077 0.3381637067307692 0.6900828389423077
0 0.3493842692307692 0.6683750841346154 0.3454240721153846 0.6683750841346154 0.3454240721153846 0.6785835961538461 0.3493842692307692 0.6785835961538461 0.3493842692307692 0.6683750841346154
0 0.3456880841346154 0.6513608990384616 0.3425859278846154 0.6513608990384616 0.3425859278846154 0.6628601418269231 0.3456880841346154 0.6628601418269231 0.3456880841346154 0.6513608990384616
0 0.3431799591346154 0.6389229423076923 0.34007780288461537 0.6389229423076923 0.34007780288461537 0.6481927403846155 0.3431799591346154 0.6481927403846155 0.3431799591346154 0.6389229423076923
0 0.36620719230769233 0.6483851754807692 0.36105365384615384 0.6483851754807692 0.36105365384615384 0.6647563437499999 0.36620719230769233 0.6647563437499999 0.36620719230769233 0.6483851754807692
0 0.3676434254807692 0.6447805168269232 0.36443302403846156 0.6447805168269232 0.36443302403846156 0.6601003221153847 0.3676434254807692 0.6601003221153847 0.3676434254807692 0.6447805168269232
0 0.3600820865384616 0.6281840576923077 0.35653374759615386 0.6281840576923077 0.35653374759615386 0.6408754663461539 0.3600820865384616 0.6408754663461539 0.3600820865384616 0.6281840576923077
0 0.47251647355769233 0.48780040384615386 0.4703507403846154 0.48780040384615386 0.4703507403846154 0.49678418750000003 0.47251647355769233 0.49678418750000003 0.47251647355769233 0.48780040384615386
0 0.3992272259615385 0.4696445072115385 0.3958900985576923 0.4696445072115385 0.3958900985576923 0.47970751682692303 0.3992272259615385 0.47970751682692303 0.3992272259615385 0.4696445072115385
0 0.3973685721153846 0.48226081971153845 0.3938202331730769 0.48226081971153845 0.3938202331730769 0.49457674278846153 0.3973685721153846 0.49457674278846153 0.3973685721153846 0.48226081971153845
0 0.3463329375 0.5678060528846154 0.3415631682692308 0.5678060528846154 0.3415631682692308 0.5861403052884615 0.3463329375 0.5861403052884615 0.3463329375 0.5678060528846154
0 0.1893938966346154 0.8465185576923078 0.18207165384615387 0.8465185576923078 0.18207165384615387 0.8643027836538462 0.1893938966346154 0.8643027836538462 0.1893938966346154 0.8465185576923078
0 0.16742717067307694 0.8406515985576923 0.15680476201923074 0.8406515985576923 0.15680476201923074 0.8503687524038461 0.16742717067307694 0.8503687524038461 0.16742717067307694 0.8406515985576923
0 0.1169868485576923 0.8227955769230769 0.10651269230769231 0.8227955769230769 0.10651269230769231 0.8328221201923077 0.1169868485576923 0.8328221201923077 0.1169868485576923 0.8227955769230769
0 0.09652195673076923 0.8396974639423077 0.08733692548076923 0.8396974639423077 0.08733692548076923 0.8497240096153846 0.09652195673076923 0.8497240096153846 0.09652195673076923 0.8396974639423077
0 0.08894833413461539 0.7950077235576922 0.08121357211538462 0.7950077235576922 0.08121357211538462 0.8110501947115385 0.08894833413461539 0.8110501947115385 0.08894833413461539 0.7950077235576922
0 0.08459753125000001 0.7703710721153846 0.08105243028846153 0.7703710721153846 0.08105243028846153 0.7772464182692308 0.08459753125000001 0.7772464182692308 0.08459753125000001 0.7703710721153846
0 0.19582502884615385 0.7280626370192308 0.19195764903846155 0.7280626370192308 0.19195764903846155 0.7403809639423078 0.19582502884615385 0.7403809639423078 0.19582502884615385 0.7280626370192308
0 0.2705226442307692 0.42289178125 0.2658817860576923 0.42289178125 0.2658817860576923 0.43389233173076924 0.2705226442307692 0.43389233173076924 0.2705226442307692 0.42289178125
0 0.2400992451923077 0.46551891826923075 0.23610294951923078 0.46551891826923075 0.23610294951923078 0.4739985096153846 0.2400992451923077 0.4739985096153846 0.2400992451923077 0.46551891826923075
0 0.2278525360576923 0.47629029086538466 0.22218037740384616 0.47629029086538466 0.22218037740384616 0.48522823798076925 0.2278525360576923 0.48522823798076925 0.2278525360576923 0.47629029086538466
0 0.2139299639423077 0.45818521634615383 0.21019149519230768 0.45818521634615383 0.21019149519230768 0.4689565913461538 0.2139299639423077 0.4689565913461538 0.2139299639423077 0.45818521634615383
0 0.17564288942307693 0.4444345288461538 0.17125985576923078 0.4444345288461538 0.17125985576923078 0.4536016538461538 0.17564288942307693 0.4536016538461538 0.17564288942307693 0.4444345288461538
0 0.19742913701923076 0.44283028125 0.19021002403846154 0.44283028125 0.19021002403846154 0.44787219951923074 0.19742913701923076 0.44787219951923074 0.19742913701923076 0.44283028125
0 0.15308316346153844 0.45451836778846155 0.14857121875 0.45451836778846155 0.14857121875 0.46574809615384616 0.15308316346153844 0.46574809615384616 0.15308316346153844 0.45451836778846155
0 0.1467664423076923 0.45199740625 0.14264123557692307 0.45199740625 0.14264123557692307 0.46299795913461533 0.1467664423076923 0.46299795913461533 0.1467664423076923 0.45199740625
0 0.09417005528846153 0.4503931610576923 0.08952919711538462 0.4503931610576923 0.08952919711538462 0.4632271370192308 0.09417005528846153 0.4632271370192308 0.09417005528846153 0.4503931610576923
0 0.04067127884615385 0.5989006033653846 0.03770628605769231 0.5989006033653846 0.03770628605769231 0.6087552644230769 0.04067127884615385 0.6087552644230769 0.04067127884615385 0.5989006033653846
0 0.047116913461538464 0.5860666274038462 0.043507358173076924 0.5860666274038462 0.043507358173076924 0.59912978125 0.047116913461538464 0.59912978125 0.047116913461538464 0.5860666274038462
0 0.044425701923076925 0.5996479903846154 0.04107336778846154 0.5996479903846154 0.04107336778846154 0.6095487908653846 0.044425701923076925 0.6095487908653846 0.044425701923076925 0.5996479903846154
0 0.035504168269230765 0.5855177211538461 0.03131375 0.5855177211538461 0.03131375 0.5956107692307693 0.035504168269230765 0.5956107692307693 0.035504168269230765 0.5855177211538461
0 0.03174630769230769 0.5835952331730769 0.026852980769230768 0.5835952331730769 0.026852980769230768 0.5970526346153846 0.03174630769230769 0.5970526346153846 0.03174630769230769 0.5835952331730769
0 0.03175686778846154 0.5599869591346154 0.027004629807692308 0.5599869591346154 0.027004629807692308 0.5746308942307692 0.03175686778846154 0.5746308942307692 0.03175686778846154 0.5599869591346154
0 0.04759766346153846 0.5376455721153847 0.04369026682692308 0.5376455721153847 0.04369026682692308 0.5474081971153846 0.04759766346153846 0.5474081971153846 0.04759766346153846 0.5376455721153847
0 0.04606638701923076 0.5315439350961538 0.04242300480769231 0.5315439350961538 0.04242300480769231 0.5447797980769231 0.04606638701923076 0.5447797980769231 0.04606638701923076 0.5315439350961538
0 0.04933355048076923 0.45304165384615386 0.044222254807692304 0.45304165384615386 0.044222254807692304 0.4673851971153846 0.04933355048076923 0.4673851971153846 0.04933355048076923 0.45304165384615386
0 0.04548951682692308 0.45544475961538466 0.040547189903846155 0.45544475961538466 0.040547189903846155 0.4682112668269231 0.04548951682692308 0.4682112668269231 0.04548951682692308 0.45544475961538466
0 0.05140341346153846 0.40888456009615387 0.04751713942307693 0.40888456009615387 0.04751713942307693 0.42195145432692305 0.05140341346153846 0.42195145432692305 0.05140341346153846 0.40888456009615387
0 0.04899561298076923 0.4040032475961538 0.04375759134615384 0.4040032475961538 0.04375759134615384 0.4160938798076923 0.04899561298076923 0.4160938798076923 0.04899561298076923 0.4040032475961538
0 0.7169839783653846 0.37915981971153845 0.7127556418269231 0.37915981971153845 0.7127556418269231 0.3892436586538462 0.7169839783653846 0.3892436586538462 0.7169839783653846 0.37915981971153845
0 0.71430259375 0.3646757596153846 0.7102805192307693 0.3646757596153846 0.7102805192307693 0.37549296875 0.71430259375 0.37549296875 0.71430259375 0.3646757596153846
0 0.6567559591346155 0.3778764230769231 0.6537651850961539 0.3778764230769231 0.6537651850961539 0.3868602067307692 0.6567559591346155 0.3868602067307692 0.6567559591346155 0.3778764230769231
0 0.6537651850961539 0.3771430528846154 0.6497431081730769 0.3771430528846154 0.6497431081730769 0.3868602067307692 0.6537651850961539 0.3868602067307692 0.6537651850961539 0.3771430528846154
0 0.6800633798076923 0.4279289302884616 0.6772788629807691 0.4279289302884616 0.6772788629807691 0.43782942788461543 0.6800633798076923 0.43782942788461543 0.6800633798076923 0.4279289302884616
0 0.6418020865384615 0.4240787379807692 0.638501920673077 0.4240787379807692 0.638501920673077 0.43324586538461535 0.6418020865384615 0.43324586538461535 0.6418020865384615 0.4240787379807692
1 0.8389033365384615 0.5230655817307692 0.83527315625 0.5230655817307692 0.83527315625 0.53245271875 0.8389033365384615 0.53245271875 0.8389033365384615 0.5230655817307692
1 0.8426341730769231 0.5247006971153846 0.8390039903846154 0.5247006971153846 0.8390039903846154 0.5343811802884615 0.8426341730769231 0.5343811802884615 0.8426341730769231 0.5247006971153846
1 0.8375189158653846 0.49668595913461544 0.8319086346153846 0.49668595913461544 0.8319086346153846 0.5084198798076923 0.8375189158653846 0.5084198798076923 0.8375189158653846 0.49668595913461544
1 0.8355388173076924 0.48553873317307694 0.8325686682692308 0.48553873317307694 0.8325686682692308 0.4956592403846154 0.8355388173076924 0.4956592403846154 0.8355388173076924 0.48553873317307694
1 0.6591449735576924 0.5852770649038461 0.6538647091346154 0.5852770649038461 0.6538647091346154 0.5965709663461538 0.6591449735576924 0.5965709663461538 0.6591449735576924 0.5852770649038461
0 0.8831156033653845 0.5073530600961539 0.8763172620192308 0.5073530600961539 0.8763172620192308 0.5241325697115384 0.8831156033653845 0.5241325697115384 0.8831156033653845 0.5073530600961539
0 0.8064857620192308 0.46569763942307696 0.8017335240384615 0.46569763942307696 0.8017335240384615 0.4803650408653847 0.8064857620192308 0.4803650408653847 0.8064857620192308 0.46569763942307696
0 0.8013375048076923 0.46616699519230764 0.7964532596153846 0.46616699519230764 0.7964532596153846 0.48447191346153845 0.8013375048076923 0.48447191346153845 0.8013375048076923 0.46616699519230764
0 0.810907985576923 0.4733246899038462 0.8052316995192308 0.4733246899038462 0.8052316995192308 0.4859973245192308 0.810907985576923 0.4859973245192308 0.810907985576923 0.4733246899038462
0 0.8375073173076923 0.4706258870192308 0.8276068221153847 0.4706258870192308 0.8276068221153847 0.47813559615384615 0.8375073173076923 0.47813559615384615 0.8375073173076923 0.4706258870192308
1 0.8019315336538462 0.5051236153846154 0.797839329326923 0.5051236153846154 0.797839329326923 0.5160361634615385 0.8019315336538462 0.5160361634615385 0.8019315336538462 0.5051236153846154
1 0.04832633653846154 0.8021472692307692 0.005785139423076923 0.8021472692307692 0.005785139423076923 0.8560041370192307 0.04832633653846154 0.8560041370192307 0.04832633653846154 0.8021472692307692
0 0.034919413461538464 0.7817504134615384 0.024864221153846153 0.7817504134615384 0.024864221153846153 0.7964178149038462 0.034919413461538464 0.7964178149038462 0.034919413461538464 0.7817504134615384
0 0.041493961538461535 0.6829746298076922 0.037497668269230774 0.6829746298076922 0.037497668269230774 0.6923709326923077 0.041493961538461535 0.6923709326923077 0.041493961538461535 0.6829746298076922
0 0.026540086538461537 0.6903083317307692 0.02254379326923077 0.6903083317307692 0.02254379326923077 0.7010797043269231 0.026540086538461537 0.7010797043269231 0.026540086538461537 0.6903083317307692
0 0.07256192548076923 0.6978712091346153 0.06843671875 0.6978712091346153 0.06843671875 0.7093301177884614 0.07256192548076923 0.7093301177884614 0.07256192548076923 0.6978712091346153
0 0.07733169471153846 0.6795369567307692 0.07372213942307693 0.6795369567307692 0.07372213942307693 0.6907666850961539 0.07733169471153846 0.6907666850961539 0.07733169471153846 0.6795369567307692
0 0.08339059374999999 0.6717448990384616 0.07900756009615385 0.6717448990384616 0.07900756009615385 0.6845788749999999 0.08339059374999999 0.6845788749999999 0.08339059374999999 0.6717448990384616
0 0.0764293076923077 0.660515170673077 0.0710149735576923 0.660515170673077 0.0710149735576923 0.6749533942307693 0.0764293076923077 0.6749533942307693 0.0764293076923077 0.660515170673077
1 0.17319811778846153 0.7641779639423076 0.14424311298076925 0.7641779639423076 0.14424311298076925 0.7932728461538462 0.17319811778846153 0.7932728461538462 0.17319811778846153 0.7641779639423076
1 0.09523865865384615 0.7343579471153846 0.027881766826923077 0.7343579471153846 0.027881766826923077 0.7664428894230769 0.09523865865384615 0.7664428894230769 0.09523865865384615 0.7343579471153846
1 0.12263261057692308 0.7320661658653846 0.10394026682692308 0.7320661658653846 0.10394026682692308 0.7930848485576922 0.12263261057692308 0.7930848485576922 0.12263261057692308 0.7320661658653846
1 0.1988985576923077 0.81420809375 0.18897227884615386 0.81420809375 0.18897227884615386 0.8311672764423077 0.1988985576923077 0.8311672764423077 0.1988985576923077 0.81420809375
1 0.1741473173076923 0.7999990456730769 0.1501695528846154 0.7999990456730769 0.1501695528846154 0.8277296033653846 0.1741473173076923 0.8277296033653846 0.1741473173076923 0.7999990456730769
1 0.2175909014423077 0.7759353413461538 0.1998009471153846 0.7759353413461538 0.1998009471153846 0.8121454879807692 0.2175909014423077 0.8121454879807692 0.2175909014423077 0.7759353413461538
0 0.23512303125 0.7926653461538462 0.2262280528846154 0.7926653461538462 0.2262280528846154 0.8043534302884615 0.23512303125 0.8043534302884615 0.23512303125 0.7926653461538462
0 0.2395060625 0.764705610576923 0.23447846634615385 0.764705610576923 0.23447846634615385 0.7775395889423078 0.2395060625 0.7775395889423078 0.2395060625 0.764705610576923
0 0.11433181971153845 0.6863266826923078 0.10853074759615386 0.6863266826923078 0.10853074759615386 0.7021399759615385 0.11433181971153845 0.7021399759615385 0.11433181971153845 0.6863266826923078
0 0.1167811610576923 0.6469080384615384 0.11291377884615385 0.6469080384615384 0.11291377884615385 0.6629505096153847 0.1167811610576923 0.6629505096153847 0.1167811610576923 0.6469080384615384
0 0.11291377884615385 0.6430120120192307 0.10801509615384616 0.6430120120192307 0.10801509615384616 0.66088790625 0.11291377884615385 0.66088790625 0.11291377884615385 0.6430120120192307
0 0.15958018028846155 0.6932020264423078 0.14694673557692306 0.6932020264423078 0.14694673557692306 0.7000773701923078 0.15958018028846155 0.7000773701923078 0.15958018028846155 0.6932020264423078
0 0.15455258653846154 0.6755553076923076 0.1450130456730769 0.6755553076923076 0.1450130456730769 0.6856391466346154 0.15455258653846154 0.6856391466346154 0.15455258653846154 0.6755553076923076
0 0.16267408653846155 0.6691383197115385 0.15893561778846152 0.6691383197115385 0.15893561778846152 0.68082640625 0.16267408653846155 0.68082640625 0.16267408653846155 0.6691383197115385
0 0.1639632139423077 0.6661590048076923 0.16009583173076924 0.6661590048076923 0.16009583173076924 0.677388733173077 0.1639632139423077 0.677388733173077 0.1639632139423077 0.6661590048076923
0 0.3203366706730769 0.6622029591346154 0.31538642067307693 0.6622029591346154 0.31538642067307693 0.6806838870192308 0.3203366706730769 0.6806838870192308 0.3203366706730769 0.6622029591346154
0 0.2479620264423077 0.7447275769230769 0.23525638942307692 0.7447275769230769 0.23525638942307692 0.7599816754807692 0.2479620264423077 0.7599816754807692 0.2479620264423077 0.7447275769230769
0 0.2684230528846154 0.7432608365384615 0.2585225576923077 0.7432608365384615 0.2585225576923077 0.7566081730769232 0.2684230528846154 0.7566081730769232 0.2684230528846154 0.7432608365384615
0 0.2691655889423077 0.7231664951923077 0.25687247355769227 0.7231664951923077 0.25687247355769227 0.73842059375 0.2691655889423077 0.73842059375 0.2691655889423077 0.7231664951923077
0 0.2833563004807692 0.7243398894230769 0.274858375 0.7243398894230769 0.274858375 0.7407673798076923 0.2833563004807692 0.7407673798076923 0.2833563004807692 0.7243398894230769
0 0.28624394711538464 0.7379805721153846 0.2737858221153846 0.7379805721153846 0.2737858221153846 0.7520612788461538 0.28624394711538464 0.7520612788461538 0.28624394711538464 0.7379805721153846
0 0.29894958413461536 0.7302068485576924 0.2910291875 0.7302068485576924 0.2910291875 0.73842059375 0.29894958413461536 0.73842059375 0.29894958413461536 0.7302068485576924
0 0.29738200480769234 0.6976452163461538 0.28913159134615385 0.6976452163461538 0.28913159134615385 0.7070323557692307 0.29738200480769234 0.7070323557692307 0.29738200480769234 0.6976452163461538
0 0.27923109375 0.670950545673077 0.27395082932692305 0.670950545673077 0.27395082932692305 0.6875247091346155 0.27923109375 0.6875247091346155 0.27923109375 0.670950545673077
0 0.2357514158653846 0.666843673076923 0.2264284471153846 0.666843673076923 0.2264284471153846 0.6779908990384615 0.2357514158653846 0.6779908990384615 0.2357514158653846 0.666843673076923
0 0.1621577259615385 0.7071790288461539 0.1539073125 0.7071790288461539 0.1539073125 0.7196463197115384 0.1621577259615385 0.7196463197115384 0.1621577259615385 0.7071790288461539
0 0.14920457692307693 0.7104058557692308 0.13724147596153846 0.7104058557692308 0.13724147596153846 0.7236065192307692 0.14920457692307693 0.7236065192307692 0.14920457692307693 0.7104058557692308
0 0.14351179086538463 0.7413540745192309 0.1340238173076923 0.7413540745192309 0.1340238173076923 0.7494211442307692 0.14351179086538463 0.7494211442307692 0.14351179086538463 0.7413540745192309
0 0.16925308173076925 0.7309402187499999 0.15679495673076924 0.7309402187499999 0.15679495673076924 0.7410607259615385 0.16925308173076925 0.7410607259615385 0.16925308173076925 0.7309402187499999
0 0.1718932139423077 0.7456076201923078 0.16224023076923075 0.7456076201923078 0.16224023076923075 0.7561681514423076 0.1718932139423077 0.7561681514423076 0.1718932139423077 0.7456076201923078
0 0.18327878605769232 0.7495678197115385 0.17049064423076923 0.7495678197115385 0.17049064423076923 0.7615950889423077 0.18327878605769232 0.7615950889423077 0.18327878605769232 0.7495678197115385
0 0.18864155288461537 0.7388606177884616 0.1808861658653846 0.7388606177884616 0.1808861658653846 0.7495678197115385 0.18864155288461537 0.7495678197115385 0.18864155288461537 0.7388606177884616
0 0.16890442788461538 0.6423772307692308 0.16395418028846154 0.6423772307692308 0.16395418028846154 0.6577780024038462 0.16890442788461538 0.6577780024038462 0.16890442788461538 0.6423772307692308
0 0.17168894230769233 0.6387103798076923 0.16828564663461537 0.6387103798076923 0.16828564663461537 0.6495275889423078 0.17168894230769233 0.6495275889423078 0.17168894230769233 0.6387103798076923
0 0.10207607932692307 0.6289932259615385 0.09640391826923077 0.6289932259615385 0.09640391826923077 0.6464107668269231 0.10207607932692307 0.6464107668269231 0.10207607932692307 0.6289932259615385
0 0.14776274278846155 0.5989250528846154 0.1445657091346154 0.5989250528846154 0.1445657091346154 0.6079088365384615 0.14776274278846155 0.6079088365384615 0.14776274278846155 0.5989250528846154
0 0.15817889182692307 0.6038753004807692 0.15374429326923075 0.6038753004807692 0.15374429326923075 0.6150591947115385 0.15817889182692307 0.6150591947115385 0.15817889182692307 0.6038753004807692
0 0.07897492067307692 0.5914080096153846 0.07464345192307692 0.5914080096153846 0.07464345192307692 0.604792014423077 0.07897492067307692 0.604792014423077 0.07897492067307692 0.5914080096153846
0 0.09165993028846153 0.5901246129807692 0.08743159375000001 0.5901246129807692 0.08743159375000001 0.6005751346153846 0.09165993028846153 0.6005751346153846 0.09165993028846153 0.5901246129807692
0 0.08516273076923077 0.5721570432692308 0.08206882451923077 0.5721570432692308 0.08206882451923077 0.5794907451923077 0.08516273076923077 0.5794907451923077 0.08516273076923077 0.5721570432692308
0 0.09361940384615385 0.5257713870192308 0.08959732932692308 0.5257713870192308 0.08959732932692308 0.539155389423077 0.09361940384615385 0.539155389423077 0.09361940384615385 0.5257713870192308
0 0.28704849759615386 0.4771019591346154 0.2831295504807692 0.4771019591346154 0.2831295504807692 0.48846919471153843 0.28704849759615386 0.48846919471153843 0.28704849759615386 0.4771019591346154
0 0.31633746634615384 0.47636858894230766 0.3129341706730769 0.47636858894230766 0.3129341706730769 0.4824188918269231 0.31633746634615384 0.4824188918269231 0.31633746634615384 0.47636858894230766
0 0.3303631682692308 0.48755248076923074 0.3272692644230769 0.48755248076923074 0.3272692644230769 0.4985530336538462 0.3303631682692308 0.4985530336538462 0.3303631682692308 0.48755248076923074
0 0.25736290624999997 0.4609372908653846 0.2558264567307692 0.4609372908653846 0.2558264567307692 0.4672368918269231 0.25736290624999997 0.4672368918269231 0.25736290624999997 0.4609372908653846
0 0.2603112307692308 0.4614294471153846 0.2577089543269231 0.4614294471153846 0.2577089543269231 0.4677290480769231 0.2603112307692308 0.4677290480769231 0.2603112307692308 0.4614294471153846
0 0.22374926442307694 0.44665656971153844 0.2201333389423077 0.44665656971153844 0.2201333389423077 0.45434651201923076 0.22374926442307694 0.45434651201923076 0.22374926442307694 0.44665656971153844
0 0.229054875 0.4446139302884615 0.22513480528846155 0.4446139302884615 0.22513480528846155 0.45759070913461536 0.229054875 0.45759070913461536 0.229054875 0.4446139302884615
0 0.22944311298076922 0.61627465625 0.21706749278846155 0.61627465625 0.21706749278846155 0.6295669903846155 0.22944311298076922 0.6295669903846155 0.22944311298076922 0.61627465625
0 0.2540654399038461 0.6440052139423076 0.24375242307692307 0.6440052139423076 0.24375242307692307 0.6517972716346154 0.2540654399038461 0.6517972716346154 0.2540654399038461 0.6440052139423076
0 0.26863257692307696 0.625900139423077 0.2599954254807692 0.625900139423077 0.2599954254807692 0.6364423341346155 0.26863257692307696 0.6364423341346155 0.26863257692307696 0.625900139423077
0 0.2643784567307692 0.6146704110576923 0.2574171706730769 0.6146704110576923 0.2574171706730769 0.6206290432692309 0.2643784567307692 0.6206290432692309 0.2643784567307692 0.6146704110576923
0 0.2713397427884615 0.5915234158653846 0.2624447668269231 0.5915234158653846 0.2624447668269231 0.5983987620192308 0.2713397427884615 0.5983987620192308 0.2713397427884615 0.5915234158653846
0 0.2801058076923077 0.6002321875 0.2694060528846154 0.6002321875 0.2694060528846154 0.6068783533653846 0.2801058076923077 0.6068783533653846 0.2801058076923077 0.6002321875
0 0.2383380889423077 0.6978620817307692 0.2280250721153846 0.6978620817307692 0.2280250721153846 0.7058833149038463 0.2383380889423077 0.7058833149038463 0.2383380889423077 0.6978620817307692
0 0.23021658894230768 0.7164255120192308 0.22622029326923077 0.7164255120192308 0.22622029326923077 0.7249051033653846 0.23021658894230768 0.7249051033653846 0.23021658894230768 0.7164255120192308
0 0.2540654399038461 0.6907575576923077 0.24504155048076923 0.6907575576923077 0.24504155048076923 0.7001538629807692 0.2540654399038461 0.7001538629807692 0.2540654399038461 0.6907575576923077
0 0.2629604182692308 0.7081750961538462 0.2544521778846154 0.7081750961538462 0.2544521778846154 0.7150504423076923 0.2629604182692308 0.7150504423076923 0.2629604182692308 0.7081750961538462
0 0.18380801201923078 0.69602865625 0.1755575985576923 0.69602865625 0.1755575985576923 0.7063416730769231 0.18380801201923078 0.7063416730769231 0.18380801201923078 0.69602865625
0 0.1709167403846154 0.7145920865384615 0.16498675480769232 0.7145920865384615 0.16498675480769232 0.721696608173077 0.1709167403846154 0.721696608173077 0.1709167403846154 0.7145920865384615
0 0.14474745913461537 0.64469275 0.13520791826923076 0.64469275 0.13520791826923076 0.6534015192307692 0.14474745913461537 0.6534015192307692 0.14474745913461537 0.64469275
0 0.1403644278846154 0.6171913701923077 0.131211625 0.6171913701923077 0.131211625 0.6314004158653846 0.1403644278846154 0.6314004158653846 0.1403644278846154 0.6171913701923077
0 0.10633147115384614 0.47533009375 0.10310865384615385 0.47533009375 0.10310865384615385 0.48587228605769234 0.10633147115384614 0.48587228605769234 0.10633147115384614 0.47533009375
0 0.10104605048076923 0.47739269471153845 0.09872562259615385 0.47739269471153845 0.09872562259615385 0.4824346153846154 0.10104605048076923 0.4824346153846154 0.10104605048076923 0.47739269471153845
0 0.13881747596153846 0.4563083052884615 0.13430553125 0.4563083052884615 0.13430553125 0.4679963918269231 0.13881747596153846 0.4679963918269231 0.13881747596153846 0.4563083052884615
0 0.1455209375 0.5023731153846154 0.14229811778846152 0.5023731153846154 0.14229811778846152 0.5099359927884616 0.1455209375 0.5099359927884616 0.1455209375 0.5023731153846154
0 0.20103075 0.6657313028846155 0.1917490360576923 0.6657313028846155 0.1917490360576923 0.6734316899038462 0.20103075 0.6734316899038462 0.20103075 0.6657313028846155
0 0.20928116346153847 0.6752651153846153 0.2015464014423077 0.6752651153846153 0.2015464014423077 0.6805820480769231 0.20928116346153847 0.6805820480769231 0.20928116346153847 0.6752651153846153
0 0.2048465673076923 0.6902992019230769 0.19669928365384617 0.6902992019230769 0.19669928365384617 0.6985496153846154 0.2048465673076923 0.6985496153846154 0.2048465673076923 0.6902992019230769
0 0.20835299278846156 0.7143170721153846 0.20206205048076922 0.7143170721153846 0.20206205048076922 0.7207340600961539 0.20835299278846156 0.7207340600961539 0.20835299278846156 0.7143170721153846
0 0.19979318750000002 0.6072450384615384 0.19638989182692307 0.6072450384615384 0.19638989182692307 0.6173288774038461 0.19979318750000002 0.6173288774038461 0.19979318750000002 0.6072450384615384
0 0.19278033653846152 0.6054116129807693 0.18886138942307693 0.6054116129807693 0.18886138942307693 0.6182455889423076 0.19278033653846152 0.6182455889423076 0.19278033653846152 0.6054116129807693
0 0.3048568317307692 0.5714769615384616 0.29640015625 0.5714769615384616 0.29640015625 0.5788106634615384 0.3048568317307692 0.5788106634615384 0.3048568317307692 0.5714769615384616
0 0.29083112740384615 0.5698268798076923 0.2812400216346154 0.5698268798076923 0.2812400216346154 0.5780772932692307 0.29083112740384615 0.5780772932692307 0.29083112740384615 0.5698268798076923
0 0.28557148798076926 0.5852276514423077 0.27897115865384614 0.5852276514423077 0.27897115865384614 0.5925613533653846 0.28557148798076926 0.5925613533653846 0.28557148798076926 0.5852276514423077
0 0.31919192307692307 0.5734937307692308 0.3108383798076923 0.5734937307692308 0.3108383798076923 0.5824775144230769 0.31919192307692307 0.5824775144230769 0.31919192307692307 0.5734937307692308
0 0.36446606971153844 0.6152958269230769 0.3603408629807693 0.6152958269230769 0.3603408629807693 0.6237295817307692 0.36446606971153844 0.6237295817307692 0.36446606971153844 0.6152958269230769
0 0.37560412740384613 0.5804607451923076 0.3710663990384615 0.5804607451923076 0.3710663990384615 0.5929280384615384 0.37560412740384613 0.5929280384615384 0.37560412740384613 0.5804607451923076
0 0.35425618269230774 0.5511259423076923 0.3501309759615384 0.5511259423076923 0.3501309759615384 0.5624931778846154 0.35425618269230774 0.5624931778846154 0.35425618269230774 0.5511259423076923
0 0.3079507355769231 0.5023568317307693 0.30599126201923077 0.5023568317307693 0.30599126201923077 0.5113406153846154 0.3079507355769231 0.5113406153846154 0.3079507355769231 0.5023568317307693
0 0.3216670480769231 0.5250913028846154 0.317232451923077 0.5250913028846154 0.317232451923077 0.5322416610576923 0.3216670480769231 0.5322416610576923 0.3216670480769231 0.5250913028846154
0 0.17033373317307693 0.5809038846153846 0.16579270673076923 0.5809038846153846 0.16579270673076923 0.5896339230769231 0.17033373317307693 0.5896339230769231 0.17033373317307693 0.5809038846153846
0 0.1651062716346154 0.548799875 0.15649943990384615 0.548799875 0.15649943990384615 0.5542444158653846 0.1651062716346154 0.5542444158653846 0.1651062716346154 0.548799875
0 0.18606892307692308 0.5446695360576923 0.17967980288461538 0.5446695360576923 0.17967980288461538 0.5541505432692307 0.18606892307692308 0.5541505432692307 0.18606892307692308 0.5446695360576923
0 0.18126388221153847 0.4890038125 0.1732378798076923 0.4890038125 0.1732378798076923 0.4954809350961539 0.18126388221153847 0.4954809350961539 0.18126388221153847 0.4890038125
0 0.16484225961538462 0.4859999278846154 0.15898116586538463 0.4859999278846154 0.15898116586538463 0.49491770913461536 0.16484225961538462 0.49491770913461536 0.16484225961538462 0.4859999278846154
0 0.17059774759615387 0.48731412740384616 0.1662679302884615 0.48731412740384616 0.1662679302884615 0.49472996634615385 0.17059774759615387 0.49472996634615385 0.17059774759615387 0.48731412740384616
0 0.20275456009615384 0.5109697139423077 0.19309167548076925 0.5109697139423077 0.19309167548076925 0.516508125 0.20275456009615384 0.516508125 0.20275456009615384 0.5109697139423077
0 0.20312417788461537 0.47173147836538465 0.20043124278846153 0.47173147836538465 0.20043124278846153 0.480930875 0.20312417788461537 0.480930875 0.20312417788461537 0.47173147836538465
0 0.20618673076923077 0.47435987740384616 0.20381061298076922 0.47435987740384616 0.20381061298076922 0.48102474519230765 0.20618673076923077 0.48102474519230765 0.20618673076923077 0.47435987740384616
0 0.24842884855769232 0.4941667379807692 0.24114208413461538 0.4941667379807692 0.24114208413461538 0.50111321875 0.24842884855769232 0.50111321875 0.24842884855769232 0.4941667379807692
0 0.2926141033653846 0.5383426057692308 0.2852745360576923 0.5383426057692308 0.2852745360576923 0.5462278004807692 0.2926141033653846 0.5462278004807692 0.2926141033653846 0.5383426057692308
0 0.2873866418269231 0.5245435120192308 0.2818423629807692 0.5245435120192308 0.2818423629807692 0.52895546875 0.2873866418269231 0.52895546875 0.2873866418269231 0.5245435120192308
0 0.29430378846153843 0.5282983677884615 0.2897099591346154 0.5282983677884615 0.2897099591346154 0.5351509783653846 0.29430378846153843 0.5351509783653846 0.29430378846153843 0.5282983677884615
0 0.3048511177884615 0.5422617331730769 0.30267300721153845 0.5422617331730769 0.30267300721153845 0.5491847475961539 0.3048511177884615 0.5491847475961539 0.3048511177884615 0.5422617331730769
0 0.3006929086538462 0.5444911802884616 0.2982507860576923 0.5444911802884616 0.2982507860576923 0.5546996923076923 0.3006929086538462 0.5546996923076923 0.3006929086538462 0.5444911802884616
0 0.32148395192307694 0.555990423076923 0.3177217620192308 0.555990423076923 0.3177217620192308 0.5646735240384616 0.32148395192307694 0.5646735240384616 0.32148395192307694 0.555990423076923
1 0.23071107692307694 0.5182102860576923 0.21279220913461538 0.5182102860576923 0.21279220913461538 0.5745881129807692 0.23071107692307694 0.5745881129807692 0.23071107692307694 0.5182102860576923
1 0.25675144471153843 0.5303567283653846 0.24321560817307694 0.5303567283653846 0.24321560817307694 0.553962076923077 0.25675144471153843 0.553962076923077 0.25675144471153843 0.5303567283653846
1 0.27157640625 0.5700045480769231 0.2419264807692308 0.5700045480769231 0.2419264807692308 0.5860470192307692 0.27157640625 0.5860470192307692 0.27157640625 0.5700045480769231
1 0.3835532091346154 0.5363869783653846 0.3696548076923077 0.5363869783653846 0.3696548076923077 0.55679815625 0.3835532091346154 0.55679815625 0.3835532091346154 0.5363869783653846
1 0.40691863942307693 0.5020102548076923 0.38657460096153845 0.5020102548076923 0.38657460096153845 0.5256442524038462 0.40691863942307693 0.5256442524038462 0.40691863942307693 0.5020102548076923
1 0.4109471610576923 0.5388936129807692 0.3974516129807692 0.5388936129807692 0.3974516129807692 0.5525010673076923 0.4109471610576923 0.5525010673076923 0.4109471610576923 0.5388936129807692
1 0.3551521274038461 0.48911898317307695 0.3378294831730769 0.48911898317307695 0.3378294831730769 0.5091720721153846 0.3551521274038461 0.5091720721153846 0.3551521274038461 0.48911898317307695
0 0.3335143221153846 0.5111136466346153 0.33068410096153844 0.5111136466346153 0.33068410096153844 0.5205007836538461 0.3335143221153846 0.5205007836538461 0.3335143221153846 0.5111136466346153
0 0.3171243798076923 0.5057066538461539 0.3132381057692308 0.5057066538461539 0.3132381057692308 0.514493016826923 0.3171243798076923 0.514493016826923 0.3171243798076923 0.5057066538461539
0 0.3275581826923077 0.5342435528846153 0.3224891298076923 0.5342435528846153 0.3224891298076923 0.5404015144230769 0.3275581826923077 0.5404015144230769 0.3275581826923077 0.5342435528846153
0 0.32836078365384613 0.5471602524038461 0.32358742307692306 0.5471602524038461 0.32358742307692306 0.5524921466346154 0.32836078365384613 0.5524921466346154 0.32836078365384613 0.5471602524038461
0 0.3391325240384615 0.5335676778846155 0.33452813221153843 0.5335676778846155 0.33452813221153843 0.5392750576923077 0.3391325240384615 0.5392750576923077 0.3391325240384615 0.5335676778846155
1 0.2548222884615385 0.5948789591346154 0.24463818509615384 0.5948789591346154 0.24463818509615384 0.60840046875 0.2548222884615385 0.60840046875 0.2548222884615385 0.5948789591346154
1 0.18301790865384618 0.5939622451923077 0.17064228846153845 0.5939622451923077 0.17064228846153845 0.6361310264423078 0.18301790865384618 0.6361310264423078 0.18301790865384618 0.5939622451923077
1 0.2367745096153846 0.6395686971153847 0.22104715865384617 0.6395686971153847 0.22104715865384617 0.6542361009615385 0.2367745096153846 0.6542361009615385 0.2367745096153846 0.6395686971153847
1 0.24682970192307693 0.623297048076923 0.23716124759615387 0.623297048076923 0.23716124759615387 0.6370477379807693 0.24682970192307693 0.6370477379807693 0.24682970192307693 0.623297048076923
1 0.3052271610576923 0.5909829302884615 0.28756611778846153 0.5909829302884615 0.28756611778846153 0.627193076923077 0.3052271610576923 0.627193076923077 0.3052271610576923 0.5909829302884615
1 0.28722475721153845 0.6532973870192307 0.2517809807692308 0.6532973870192307 0.2517809807692308 0.6686688245192307 0.28722475721153845 0.6686688245192307 0.28722475721153845 0.6532973870192307
1 0.3077517860576923 0.6331150408653846 0.2765982259615385 0.6331150408653846 0.2765982259615385 0.651889314903846 0.3077517860576923 0.651889314903846 0.3077517860576923 0.6331150408653846
1 0.31144797115384615 0.6433235528846153 0.3259686995192308 0.6433235528846153 0.3259686995192308 0.6319416490384615 0.31144797115384615 0.6319416490384615 0.31144797115384615 0.6433235528846153
1 0.3373212692307692 0.5867660528846154 0.3085438269230769 0.5867660528846154 0.3085438269230769 0.6256053317307693 0.3373212692307692 0.6256053317307693 0.3373212692307692 0.5867660528846154
1 0.3128118485576923 0.6703124350961538 0.2809704110576923 0.6703124350961538 0.2809704110576923 0.6923135384615384 0.3128118485576923 0.6923135384615384 0.3128118485576923 0.6703124350961538
1 0.3834560168269231 0.5988088509615385 0.34143047115384617 0.5988088509615385 0.34143047115384617 0.6107261177884615 0.3834560168269231 0.6107261177884615 0.3834560168269231 0.5988088509615385
1 0.3742970769230769 0.4955716466346154 0.3631590168269231 0.4955716466346154 0.3631590168269231 0.5135392139423077 0.3742970769230769 0.5135392139423077 0.3742970769230769 0.4955716466346154
1 0.36532475000000003 0.5252731370192307 0.355321125 0.5252731370192307 0.355321125 0.5434240456730769 0.36532475000000003 0.5434240456730769 0.36532475000000003 0.5252731370192307
0 0.2717856875 0.5434240456730769 0.26931056249999996 0.5434240456730769 0.26931056249999996 0.5527745144230769 0.2717856875 0.5527745144230769 0.2717856875 0.5434240456730769
0 0.2677636105769231 0.5533245408653846 0.2654947475961538 0.5533245408653846 0.2654947475961538 0.5613916129807692 0.2677636105769231 0.5613916129807692 0.2677636105769231 0.5533245408653846
0 0.24002159615384616 0.5503910600961539 0.23311187500000002 0.5503910600961539 0.23311187500000002 0.5566247067307692 0.24002159615384616 0.5566247067307692 0.24002159615384616 0.5503910600961539
0 0.2018223485576923 0.5781068149038462 0.194892 0.5781068149038462 0.194892 0.58661390625 0.2018223485576923 0.58661390625 0.2018223485576923 0.5781068149038462
0 0.23189639423076924 0.5026796995192307 0.2264176033653846 0.5026796995192307 0.2264176033653846 0.5135656610576923 0.23189639423076924 0.5135656610576923 0.23189639423076924 0.5026796995192307