0 1 0.6317135817307692 0.9939065769230768 0.6317135817307692 0.9939065769230768 0.6519997115384615 1 0.6519997115384615 1 0.6317135817307692
0 0.9864761899038462 0.6010484975961539 0.9782496923076922 0.6010484975961539 0.9782496923076922 0.6156733822115386 0.9864761899038462 0.6156733822115386 0.9864761899038462 0.6010484975961539
0 0.9777189495192308 0.6326571201923077 0.9724115312499999 0.6326571201923077 0.9724115312499999 0.6449231538461538 0.9777189495192308 0.6449231538461538 0.9777189495192308 0.6326571201923077
0 0.9732076442307692 0.6420925312500001 0.9692270817307692 0.6420925312500001 0.9692270817307692 0.6543585649038461 0.9732076442307692 0.6543585649038461 0.9732076442307692 0.6420925312500001
0 0.973473016826923 0.6543585649038461 0.9692270817307692 0.6543585649038461 0.9692270817307692 0.6652092860576923 0.973473016826923 0.6652092860576923 0.973473016826923 0.6543585649038461
0 0.9671041129807693 0.64067721875 0.9615313245192307 0.64067721875 0.9615313245192307 0.6576609591346153 0.9671041129807693 0.6576609591346153 0.9671041129807693 0.64067721875
0 0.9685368629807692 0.6052278557692308 0.9664499014423077 0.6052278557692308 0.9664499014423077 0.6217689591346154 0.9685368629807692 0.6217689591346154 0.9685368629807692 0.6052278557692308
0 0.9765368822115386 0.6064645745192307 0.9747977475961539 0.6064645745192307 0.9747977475961539 0.6146578317307692 0.9765368822115386 0.6146578317307692 0.9765368822115386 0.6064645745192307
0 0.9656672884615385 0.6025998293269231 0.9623629326923078 0.6025998293269231 0.9623629326923078 0.6151216009615385 0.9656672884615385 0.6151216009615385 0.9656672884615385 0.6025998293269231
0 0.9633194567307692 0.5910055985576923 0.9586237932692309 0.5910055985576923 0.9586237932692309 0.6080104711538461 0.9633194567307692 0.6080104711538461 0.9633194567307692 0.5910055985576923
0 0.9674064254807693 0.5866770841346154 0.9620151057692308 0.5866770841346154 0.9620151057692308 0.6005901634615385 0.9674064254807693 0.6005901634615385 0.9674064254807693 0.5866770841346154
0 0.957928139423077 0.6101747283653846 0.9544498701923078 0.6101747283653846 0.9544498701923078 0.6271796009615385 0.957928139423077 0.6271796009615385 0.957928139423077 0.6101747283653846
0 0.9517542115384615 0.6111022668269231 0.9459281105769232 0.6111022668269231 0.9459281105769232 0.6236240360576922 0.9517542115384615 0.6236240360576922 0.9517542115384615 0.6111022668269231
0 0.9449715865384616 0.6285709086538461 0.9401020072115384 0.6285709086538461 0.9401020072115384 0.6454211947115385 0.9449715865384616 0.6454211947115385 0.9449715865384616 0.6285709086538461
0 0.9494933365384616 0.6265612427884615 0.9457541971153846 0.6265612427884615 0.9457541971153846 0.6409380889423077 0.9494933365384616 0.6409380889423077 0.9494933365384616 0.6265612427884615
0 0.9563629182692307 0.6276433701923078 0.9533194326923078 0.6276433701923078 0.9533194326923078 0.6418656298076922 0.9563629182692307 0.6418656298076922 0.9563629182692307 0.6276433701923078
0 0.9551985144230769 0.6583318533653847 0.9478955072115384 0.6583318533653847 0.9478955072115384 0.6782594399038462 0.9551985144230769 0.6782594399038462 0.9551985144230769 0.6583318533653847
0 0.9337981875 0.5907316850961538 0.9297633942307691 0.5907316850961538 0.9297633942307691 0.6052012860576923 0.9337981875 0.6052012860576923 0.9337981875 0.5907316850961538
0 0.9297633942307691 0.5883819182692307 0.9266329519230769 0.5883819182692307 0.9266329519230769 0.5986466802884615 0.9297633942307691 0.5986466802884615 0.9297633942307691 0.5883819182692307
0 0.9205111995192308 0.5891239495192307 0.9171720600961539 0.5891239495192307 0.9171720600961539 0.6045829278846153 0.9205111995192308 0.6045829278846153 0.9205111995192308 0.5891239495192307
0 0.9249633822115384 0.5948128533653846 0.9205111995192308 0.5948128533653846 0.9205111995192308 0.6045829278846153 0.9249633822115384 0.6045829278846153 0.9249633822115384 0.5948128533653846
0 0.9275373028846154 0.6080457379807692 0.9250329495192309 0.6080457379807692 0.9250329495192309 0.6227626826923077 0.9275373028846154 0.6227626826923077 0.9275373028846154 0.6080457379807692
0 0.9304590504807693 0.6077983942307692 0.928093826923077 0.6077983942307692 0.928093826923077 0.6207839326923076 0.9304590504807693 0.6207839326923076 0.9304590504807693 0.6077983942307692
0 0.9588981923076924 0.696544798076923 0.9523169927884615 0.696544798076923 0.9523169927884615 0.7252284471153847 0.9588981923076924 0.7252284471153847 0.9588981923076924 0.696544798076923
0 0.9410652668269232 0.6761643149038462 0.9342717716346154 0.6761643149038462 0.9342717716346154 0.7003189639423077 0.9410652668269232 0.7003189639423077 0.9410652668269232 0.6761643149038462
0 0.9279028701923077 0.6931480528846153 0.922170858173077 0.6931480528846153 0.922170858173077 0.713905954326923 0.9279028701923077 0.713905954326923 0.9279028701923077 0.6931480528846153
0 0.9181372211538462 0.6901287211538462 0.9092207572115385 0.6901287211538462 0.9092207572115385 0.7176801177884615 0.9181372211538462 0.7176801177884615 0.9181372211538462 0.6901287211538462
0 0.8962706586538461 0.6874868052884615 0.8890525697115385 0.6874868052884615 0.8890525697115385 0.7108866225961539 0.8962706586538461 0.7108866225961539 0.8962706586538461 0.6874868052884615
0 0.9181372211538462 0.6718563317307692 0.9153362620192307 0.6718563317307692 0.9153362620192307 0.6901287211538462 0.9181372211538462 0.6901287211538462 0.9181372211538462 0.6718563317307692
0 0.9229015 0.6744843581730768 0.9194232283653846 0.6744843581730768 0.9194232283653846 0.6904071033653847 0.9229015 0.6904071033653847 0.9229015 0.6744843581730768
0 0.9262058557692308 0.6687645360576924 0.9219449735576923 0.6687645360576924 0.9219449735576923 0.6849964615384615 0.9262058557692308 0.6849964615384615 0.9262058557692308 0.6687645360576924
0 0.9049884110576923 0.6596437403846154 0.9015970985576923 0.6596437403846154 0.9015970985576923 0.6752573052884615 0.9049884110576923 0.6752573052884615 0.9049884110576923 0.6596437403846154
0 0.9098579879807692 0.6593345600961539 0.9054231947115384 0.6593345600961539 0.9054231947115384 0.6774215625 0.9098579879807692 0.6774215625 0.9098579879807692 0.6593345600961539
0 0.8846405336538462 0.6361460961538461 0.8812492211538461 0.6361460961538461 0.8812492211538461 0.6533055600961538 0.8846405336538462 0.6533055600961538 0.8846405336538462 0.6361460961538461
0 0.8925535961538462 0.6512958942307693 0.8875101057692307 0.6512958942307693 0.8875101057692307 0.673711408653846 0.8925535961538462 0.673711408653846 0.8925535961538462 0.6512958942307693
0 0.8542056754807692 0.6642814326923077 0.8497708798076923 0.6642814326923077 0.8497708798076923 0.6825230240384615 0.8542056754807692 0.6825230240384615 0.8542056754807692 0.6642814326923077
0 0.8602926466346154 0.6647452019230768 0.8564665504807691 0.6647452019230768 0.8564665504807691 0.6853056418269231 0.8602926466346154 0.6853056418269231 0.8602926466346154 0.6647452019230768
0 0.8681700240384616 0.6957592596153847 0.862599358173077 0.6957592596153847 0.862599358173077 0.7174984447115385 0.8681700240384616 0.7174984447115385 0.8681700240384616 0.6957592596153847
0 0.8756428677884615 0.6950346201923078 0.8681700240384616 0.6950346201923078 0.8681700240384616 0.7158076177884615 0.8756428677884615 0.7158076177884615 0.8756428677884615 0.6950346201923078
0 0.8886863798076923 0.729817314903846 0.8848820216346154 0.729817314903846 0.8848820216346154 0.7556627908653847 0.8886863798076923 0.7556627908653847 0.8886863798076923 0.729817314903846
0 0.8941211754807692 0.7290926778846154 0.8886863798076923 0.7290926778846154 0.8886863798076923 0.7522811418269231 0.8941211754807692 0.7522811418269231 0.8941211754807692 0.7290926778846154
0 0.8589308701923077 0.760735266826923 0.85132215625 0.760735266826923 0.85132215625 0.7889962091346153 0.8589308701923077 0.7889962091346153 0.8589308701923077 0.760735266826923
0 0.8231970841346155 0.7457593846153846 0.8170829399038462 0.7457593846153846 0.8170829399038462 0.771604860576923 0.8231970841346155 0.771604860576923 0.8231970841346155 0.7457593846153846
0 0.8789037451923077 0.7597690817307693 0.8684417644230769 0.7597690817307693 0.8684417644230769 0.7853730120192307 0.8789037451923077 0.7853730120192307 0.8789037451923077 0.7597690817307693
0 0.8696645937499999 0.752764233173077 0.8604254399038461 0.752764233173077 0.8604254399038461 0.782716 0.8696645937499999 0.782716 0.8696645937499999 0.752764233173077
0 0.9236213677884616 0.6198628677884616 0.9184039639423076 0.6198628677884616 0.9184039639423076 0.6366745048076923 0.9236213677884616 0.6366745048076923 0.9236213677884616 0.6198628677884616
0 0.9082952427884615 0.6351286057692308 0.9041647980769232 0.6351286057692308 0.9041647980769232 0.6521334807692308 0.9082952427884615 0.6521334807692308 0.9082952427884615 0.6351286057692308
0 0.9118822067307693 0.6349353701923076 0.9082952427884615 0.6349353701923076 0.9082952427884615 0.6521334807692308 0.9118822067307693 0.6521334807692308 0.9118822067307693 0.6349353701923076
0 0.898512608173077 0.6223749519230769 0.8949256442307691 0.6223749519230769 0.8949256442307691 0.6372542163461539 0.898512608173077 0.6372542163461539 0.898512608173077 0.6223749519230769
0 0.9042734927884616 0.6171575480769231 0.9018821826923078 0.6171575480769231 0.9018821826923078 0.6262396947115385 0.9042734927884616 0.6262396947115385 0.9042734927884616 0.6171575480769231
0 0.9111213365384615 0.6210222908653846 0.9089474182692308 0.6210222908653846 0.9089474182692308 0.6295247283653846 0.9111213365384615 0.6295247283653846 0.9111213365384615 0.6210222908653846
0 0.9143822139423077 0.6196696298076922 0.9116648149038462 0.6196696298076922 0.9116648149038462 0.6306841514423076 0.9143822139423077 0.6306841514423076 0.9143822139423077 0.6196696298076922
0 0.9174256995192308 0.6187034447115385 0.9153604759615385 0.6187034447115385 0.9153604759615385 0.6312638629807693 0.9174256995192308 0.6312638629807693 0.9174256995192308 0.6187034447115385
0 0.8852517067307691 0.616191360576923 0.8823169158653846 0.616191360576923 0.8823169158653846 0.628945016826923 0.8852517067307691 0.628945016826923 0.8852517067307691 0.616191360576923
0 0.8715560192307692 0.609621295673077 0.8679690552884616 0.609621295673077 0.8679690552884616 0.6252735096153846 0.8715560192307692 0.6252735096153846 0.8715560192307692 0.609621295673077
0 0.8752516802884615 0.6102010072115385 0.8715560192307692 0.6102010072115385 0.8715560192307692 0.6252735096153846 0.8752516802884615 0.6252735096153846 0.8752516802884615 0.6102010072115385
0 0.8954691225961539 0.6113604302884615 0.8922082451923077 0.6113604302884615 0.8922082451923077 0.6223749519230769 0.8954691225961539 0.6223749519230769 0.8954691225961539 0.6113604302884615
0 0.87492559375 0.5870125432692308 0.8707951490384616 0.5870125432692308 0.8707951490384616 0.5988000120192308 0.87492559375 0.5988000120192308 0.87492559375 0.5870125432692308
0 0.8780777740384615 0.58720578125 0.8750342884615385 0.58720578125 0.8750342884615385 0.6003459110576923 0.8780777740384615 0.6003459110576923 0.8780777740384615 0.58720578125
0 0.8828603966346154 0.5850801706730769 0.8806864759615384 0.5850801706730769 0.8806864759615384 0.5962879302884615 0.8828603966346154 0.5962879302884615 0.8828603966346154 0.5850801706730769
0 0.8855777932692307 0.6009256225961539 0.8855777932692307 0.5937758461538462 0.8827516995192308 0.5937758461538462 0.8827516995192308 0.6020850456730769 0.8855777932692307 0.6020850456730769 0.8855777932692307 0.6009256225961539
0 0.8855777932692307 0.6090415841346154 0.8893821514423077 0.6090415841346154 0.8893821514423077 0.6009256225961539 0.8855777932692307 0.6009256225961539 0.8855777932692307 0.6090415841346154
0 0.8915560697115384 0.5918434735576923 0.8884038870192307 0.5918434735576923 0.8884038870192307 0.6044038918269231 0.8915560697115384 0.6044038918269231 0.8915560697115384 0.5918434735576923
0 0.8963386899038461 0.5991864879807692 0.8928604206730769 0.5991864879807692 0.8928604206730769 0.6119401418269231 0.8963386899038461 0.6119401418269231 0.8963386899038461 0.5991864879807692
0 0.9018821826923078 0.59474203125 0.8991647836538461 0.59474203125 0.8991647836538461 0.6069159759615385 0.9018821826923078 0.6069159759615385 0.9018821826923078 0.59474203125
0 0.9054691490384615 0.5953217427884615 0.9030778365384615 0.5953217427884615 0.9030778365384615 0.6084618725961538 0.9054691490384615 0.6084618725961538 0.9054691490384615 0.5953217427884615
0 0.9109039447115385 0.5970608774038462 0.9063387163461538 0.5970608774038462 0.9063387163461538 0.6084618725961538 0.9109039447115385 0.6084618725961538 0.9109039447115385 0.5970608774038462
0 0.8614472980769231 0.5850801706730769 0.8594907716346154 0.5850801706730769 0.8594907716346154 0.5986067764423078 0.8614472980769231 0.5986067764423078 0.8614472980769231 0.5850801706730769
0 0.8603603389423077 0.5835342740384616 0.8565559807692308 0.5835342740384616 0.8565559807692308 0.5960946923076923 0.8603603389423077 0.5960946923076923 0.8603603389423077 0.5835342740384616
0 0.8523168413461538 0.5802492427884616 0.8477516129807692 0.5802492427884616 0.8477516129807692 0.593582608173077 0.8523168413461538 0.593582608173077 0.8523168413461538 0.5802492427884616
0 0.8436211658653847 0.5769642091346154 0.8400342019230769 0.5769642091346154 0.8400342019230769 0.5891381538461539 0.8436211658653847 0.5891381538461539 0.8436211658653847 0.5769642091346154
0 0.8460124759615385 0.5891381538461539 0.8436211658653847 0.5891381538461539 0.8436211658653847 0.5976405889423076 0.8460124759615385 0.5976405889423076 0.8460124759615385 0.5891381538461539
0 0.7708441850961538 0.7455844230769231 0.7638781995192307 0.7455844230769231 0.7638781995192307 0.7762495048076924 0.7708441850961538 0.7762495048076924 0.7708441850961538 0.7455844230769231
0 0.775819889423077 0.722585610576923 0.7662001947115384 0.722585610576923 0.7662001947115384 0.7526609807692307 0.775819889423077 0.7526609807692307 0.775819889423077 0.722585610576923
0 0.7831175889423078 0.722585610576923 0.775819889423077 0.722585610576923 0.775819889423077 0.7526609807692307 0.7831175889423078 0.7526609807692307 0.7831175889423078 0.722585610576923
0 0.7914104302884616 0.7278930288461538 0.7914104302884616 0.7178679038461537 0.7851078725961538 0.7178679038461537 0.7851078725961538 0.7573786850961538 0.7914104302884616 0.7573786850961538 0.7914104302884616 0.7278930288461538
0 0.806988764423077 0.645364326923077 0.80318440625 0.645364326923077 0.80318440625 0.6605817548076923 0.806988764423077 0.6605817548076923 0.806988764423077 0.645364326923077
0 0.8141898701923077 0.6395672091346154 0.8090268125000001 0.6395672091346154 0.8090268125000001 0.6526107211538462 0.8141898701923077 0.6526107211538462 0.8141898701923077 0.6395672091346154
0 0.8120159519230769 0.645364326923077 0.806988764423077 0.645364326923077 0.806988764423077 0.6634803149038462 0.8120159519230769 0.6634803149038462 0.8120159519230769 0.645364326923077
0 0.8220703245192307 0.6458474182692308 0.8162279182692308 0.6458474182692308 0.8162279182692308 0.6567170120192307 0.8220703245192307 0.6567170120192307 0.8220703245192307 0.6458474182692308
0 0.8194887956730769 0.655026185096154 0.81486921875 0.655026185096154 0.81486921875 0.6646880456730769 0.8194887956730769 0.6646880456730769 0.8194887956730769 0.655026185096154
0 0.8193529254807692 0.6615479423076922 0.8137822596153845 0.6615479423076922 0.8137822596153845 0.6794223822115384 0.8193529254807692 0.6794223822115384 0.8193529254807692 0.6615479423076922
0 0.8266899014423077 0.6586493822115386 0.8226138052884615 0.6586493822115386 0.8226138052884615 0.6729006274038463 0.8266899014423077 0.6729006274038463 0.8266899014423077 0.6586493822115386
0 0.8390779350961538 0.5789383317307693 0.8362953197115384 0.5789383317307693 0.8362953197115384 0.5900687932692308 0.8390779350961538 0.5900687932692308 0.8390779350961538 0.5789383317307693
0 0.8309040024038462 0.5817209471153846 0.8278605168269231 0.5817209471153846 0.8278605168269231 0.5919238701923077 0.8309040024038462 0.5919238701923077 0.8309040024038462 0.5817209471153846
0 0.8362953197115384 0.5823393052884616 0.83159965625 0.5823393052884616 0.83159965625 0.5919238701923077 0.8362953197115384 0.5919238701923077 0.8362953197115384 0.5823393052884616
0 0.8198604951923076 0.575382766826923 0.8162952692307692 0.575382766826923 0.8162952692307692 0.5880591274038461 0.8198604951923076 0.5880591274038461 0.8198604951923076 0.575382766826923
0 0.8247300745192307 0.5732185096153846 0.8215126730769231 0.5732185096153846 0.8215126730769231 0.5831122548076924 0.8247300745192307 0.5831122548076924 0.8247300745192307 0.5732185096153846
0 0.8019474062499999 0.5964069735576923 0.8019474062499999 0.5948610769230769 0.7988169639423077 0.5948610769230769 0.7988169639423077 0.6081557956730769 0.8019474062499999 0.6081557956730769 0.8019474062499999 0.5964069735576923
0 0.8026430625000001 0.6100108725961538 0.8067300288461539 0.6100108725961538 0.8067300288461539 0.5960977932692308 0.8026430625000001 0.5960977932692308 0.8026430625000001 0.6100108725961538
0 0.809773514423077 0.5960977932692308 0.8067300288461539 0.5960977932692308 0.8067300288461539 0.610474641826923 0.809773514423077 0.610474641826923 0.809773514423077 0.5960977932692308
0 0.8108169951923077 0.5818755360576924 0.8088169903846154 0.5818755360576924 0.8088169903846154 0.5957886153846154 0.8108169951923077 0.5957886153846154 0.8108169951923077 0.5818755360576924
0 0.8129039567307692 0.5826484855769231 0.8108169951923077 0.5826484855769231 0.8108169951923077 0.5926968197115385 0.8129039567307692 0.5926968197115385 0.8129039567307692 0.5826484855769231
0 0.8048169807692307 0.5747644086538461 0.8015126250000001 0.5747644086538461 0.8015126250000001 0.5866678197115385 0.8048169807692307 0.5866678197115385 0.8048169807692307 0.5747644086538461
0 0.7993387043269231 0.5764648942307692 0.7957734783653846 0.5764648942307692 0.7957734783653846 0.5866678197115385 0.7993387043269231 0.5866678197115385 0.7993387043269231 0.5764648942307692
0 0.7957734783653846 0.5727547403846154 0.7930778197115385 0.5727547403846154 0.7930778197115385 0.5845035625 0.7957734783653846 0.5845035625 0.7957734783653846 0.5727547403846154
0 0.7930778197115385 0.5719817932692307 0.7863821514423077 0.5719817932692307 0.7863821514423077 0.5823393052884616 0.7930778197115385 0.5823393052884616 0.7930778197115385 0.5719817932692307
0 0.785773454326923 0.5840397932692307 0.7832517091346154 0.5840397932692307 0.7832517091346154 0.5937789471153846 0.785773454326923 0.5937789471153846 0.785773454326923 0.5840397932692307
0 0.778295173076923 0.5713634326923077 0.7748169038461538 0.5713634326923077 0.7748169038461538 0.5828030745192307 0.778295173076923 0.5828030745192307 0.778295173076923 0.5713634326923077
0 0.7812517019230769 0.5667257403846153 0.7775995192307692 0.5667257403846153 0.7775995192307692 0.5784745625000001 0.7812517019230769 0.5784745625000001 0.7812517019230769 0.5667257403846153
0 0.7775995192307692 0.5817209471153846 0.7724690721153846 0.5817209471153846 0.7724690721153846 0.5962523846153845 0.7775995192307692 0.5962523846153845 0.7775995192307692 0.5817209471153846
0 0.7729914735576924 0.6885123028846153 0.769078420673077 0.6885123028846153 0.769078420673077 0.713826375 0.7729914735576924 0.713826375 0.7729914735576924 0.6885123028846153
0 0.7776653990384615 0.68600021875 0.7720132091346154 0.68600021875 0.7720132091346154 0.7064833629807693 0.7776653990384615 0.7064833629807693 0.7776653990384615 0.68600021875
0 0.7745132163461539 0.6599131971153847 0.7710349471153847 0.6599131971153847 0.7710349471153847 0.6809760528846154 0.7745132163461539 0.6809760528846154 0.7745132163461539 0.6599131971153847
0 0.7784262692307693 0.6543093197115385 0.7728827764423076 0.6543093197115385 0.7728827764423076 0.6713141923076923 0.7784262692307693 0.6713141923076923 0.7784262692307693 0.6543093197115385
0 0.7516870721153845 0.7039712788461538 0.7456001009615385 0.7039712788461538 0.7456001009615385 0.7283191658653846 0.7516870721153845 0.7283191658653846 0.7516870721153845 0.7039712788461538
0 0.7536435985576924 0.7014591947115385 0.7513609855769231 0.7014591947115385 0.7513609855769231 0.7196234927884616 0.7536435985576924 0.7196234927884616 0.7536435985576924 0.7014591947115385
0 0.75679578125 0.6983673990384616 0.7541870793269231 0.6983673990384616 0.7541870793269231 0.7213626274038462 0.75679578125 0.7213626274038462 0.75679578125 0.6983673990384616
0 0.7522305504807693 0.6178448557692308 0.7488338052884616 0.6178448557692308 0.7488338052884616 0.6355834254807693 0.7522305504807693 0.6355834254807693 0.7522305504807693 0.6178448557692308
0 0.7630863677884616 0.5624359423076923 0.7571420576923077 0.5624359423076923 0.7571420576923077 0.5808538629807692 0.7630863677884616 0.5808538629807692 0.7630863677884616 0.5624359423076923
0 0.739988483173077 0.5920253894230769 0.7328553125 0.5920253894230769 0.7328553125 0.6158781057692307 0.739988483173077 0.6158781057692307 0.739988483173077 0.5920253894230769
0 0.7228349086538461 0.6191993701923076 0.7185889735576924 0.6191993701923076 0.7185889735576924 0.6348998918269231 0.7228349086538461 0.6348998918269231 0.7228349086538461 0.6191993701923076
0 0.7258919807692308 0.6195013028846154 0.7228349086538461 0.6195013028846154 0.7228349086538461 0.6348998918269231 0.7258919807692308 0.6348998918269231 0.7258919807692308 0.6195013028846154
0 0.72632540625 0.5642040625 0.7236123557692308 0.5642040625 0.7236123557692308 0.5740978076923077 0.72632540625 0.5740978076923077 0.72632540625 0.5642040625
0 0.7148471153846153 0.566059139423077 0.7115079759615385 0.566059139423077 0.7115079759615385 0.5794156947115384 0.7148471153846153 0.5794156947115384 0.7148471153846153 0.566059139423077
0 0.7172123389423077 0.566059139423077 0.7148471153846153 0.566059139423077 0.7148471153846153 0.5797867115384615 0.7172123389423077 0.5797867115384615 0.7172123389423077 0.566059139423077
0 0.7102558004807692 0.5873306899038462 0.7081688389423076 0.5873306899038462 0.7081688389423076 0.5978427932692308 0.7102558004807692 0.5978427932692308 0.7102558004807692 0.5873306899038462
0 0.705664483173077 0.6043974014423077 0.7035775216346154 0.6043974014423077 0.7035775216346154 0.6178776274038462 0.705664483173077 0.6178776274038462 0.705664483173077 0.6043974014423077
0 0.69627315625 0.624679576923077 0.6928644519230769 0.624679576923077 0.6928644519230769 0.6422409735576923 0.69627315625 0.6422409735576923 0.69627315625 0.624679576923077
0 0.6999601225961538 0.6275240288461539 0.6968992451923076 0.6275240288461539 0.6968992451923076 0.6431066754807693 0.6999601225961538 0.6431066754807693 0.6999601225961538 0.6275240288461539
0 0.7000296875 0.6060051346153846 0.697386201923077 0.6060051346153846 0.697386201923077 0.6170119254807692 0.7000296875 0.6170119254807692 0.7000296875 0.6060051346153846
0 0.697386201923077 0.5869596754807692 0.694394891826923 0.5869596754807692 0.694394891826923 0.6009345889423077 0.697386201923077 0.6009345889423077 0.697386201923077 0.5869596754807692
0 0.7044818725961538 0.5859703004807693 0.7025340408653846 0.5859703004807693 0.7025340408653846 0.5967297475961538 0.7044818725961538 0.5967297475961538 0.7044818725961538 0.5859703004807693
0 0.6868122620192308 0.5847335841346154 0.6836818197115384 0.5847335841346154 0.6836818197115384 0.596111389423077 0.6868122620192308 0.596111389423077 0.6868122620192308 0.5847335841346154
0 0.6895253125 0.5848572548076922 0.6868122620192308 0.5848572548076922 0.6868122620192308 0.596111389423077 0.6895253125 0.596111389423077 0.6895253125 0.5848572548076922
0 0.7068786177884616 0.5612629927884615 0.7036177403846153 0.5612629927884615 0.7036177403846153 0.5755142355769232 0.7068786177884616 0.5755142355769232 0.7068786177884616 0.5612629927884615
0 0.7162173004807693 0.7663659927884615 0.7110868533653847 0.7663659927884615 0.7110868533653847 0.7941921490384616 0.7162173004807693 0.7941921490384616 0.7162173004807693 0.7663659927884615
0 0.711956420673077 0.7620374807692307 0.7075216274038462 0.7620374807692307 0.7075216274038462 0.7915641250000001 0.711956420673077 0.7915641250000001 0.711956420673077 0.7620374807692307
0 0.7087390216346154 0.745496375 0.7043911850961538 0.745496375 0.7043911850961538 0.7717766346153846 0.7087390216346154 0.7717766346153846 0.7087390216346154 0.745496375
0 0.6965650793269231 0.7342113221153846 0.6896954951923077 0.7342113221153846 0.6896954951923077 0.7646655048076922 0.6965650793269231 0.7646655048076922 0.6965650793269231 0.7342113221153846
0 0.6819563461538463 0.7209166033653845 0.6783911201923077 0.7209166033653845 0.6783911201923077 0.7402403245192308 0.6819563461538463 0.7402403245192308 0.6819563461538463 0.7209166033653845
0 0.6867389663461538 0.7182885769230769 0.6822172163461538 0.7182885769230769 0.6822172163461538 0.7420954014423077 0.6867389663461538 0.7420954014423077 0.6867389663461538 0.7182885769230769
0 0.6946520288461537 0.709786141826923 0.6904781057692309 0.709786141826923 0.6904781057692309 0.7323562451923077 0.6946520288461537 0.7323562451923077 0.6946520288461537 0.709786141826923
0 0.7010868293269231 0.70916778125 0.6946520288461537 0.70916778125 0.6946520288461537 0.7311195288461538 0.7010868293269231 0.7311195288461538 0.7010868293269231 0.70916778125
0 0.7072607572115385 0.7022112427884615 0.7033477043269231 0.7022112427884615 0.7033477043269231 0.7227716802884616 0.7072607572115385 0.7227716802884616 0.7072607572115385 0.7022112427884615
0 0.7169129543269231 0.7017474735576923 0.7117825072115385 0.7017474735576923 0.7117825072115385 0.7223079110576923 0.7169129543269231 0.7223079110576923 0.7169129543269231 0.7017474735576923
0 0.6933188221153846 0.690128608173077 0.687340545673077 0.690128608173077 0.687340545673077 0.7138967860576924 0.6933188221153846 0.7138967860576924 0.6933188221153846 0.690128608173077
0 0.6844057548076923 0.694379826923077 0.68071009375 0.694379826923077 0.68071009375 0.7154426826923077 0.6844057548076923 0.7154426826923077 0.6844057548076923 0.694379826923077
0 0.6787535673076923 0.6868435769230768 0.6733187716346154 0.6868435769230768 0.6733187716346154 0.7088726177884616 0.6787535673076923 0.7088726177884616 0.6787535673076923 0.6868435769230768
0 0.6722318125 0.6872300528846154 0.6639709230769231 0.6872300528846154 0.6639709230769231 0.7195006634615384 0.6722318125 0.7195006634615384 0.6722318125 0.6872300528846154
0 0.6682100625 0.6518676442307693 0.6627752668269231 0.6518676442307693 0.6627752668269231 0.6694522283653845 0.6682100625 0.6694522283653845 0.6682100625 0.6518676442307693
0 0.6721231153846153 0.6572782860576923 0.669188326923077 0.6572782860576923 0.669188326923077 0.6711913629807692 0.6721231153846153 0.6711913629807692 0.6721231153846153 0.6572782860576923
0 0.6770144326923078 0.65264059375 0.6720144206730769 0.65264059375 0.6720144206730769 0.6737034471153845 0.6770144326923078 0.6737034471153845 0.6770144326923078 0.65264059375
0 0.6775579134615385 0.6300318413461539 0.6723405072115385 0.6300318413461539 0.6723405072115385 0.6493555600961538 0.6775579134615385 0.6493555600961538 0.6775579134615385 0.6300318413461539
0 0.6696231105769231 0.6255873846153845 0.6660361442307692 0.6255873846153845 0.6660361442307692 0.6412395985576923 0.6696231105769231 0.6412395985576923 0.6696231105769231 0.6255873846153845
0 0.6608187403846154 0.6219158774038461 0.6542969855769231 0.6219158774038461 0.6542969855769231 0.6418193100961538 0.6608187403846154 0.6418193100961538 0.6608187403846154 0.6219158774038461
0 0.6551810408653846 0.6017893798076923 0.6520505985576922 0.6017893798076923 0.6520505985576922 0.6173720264423077 0.6551810408653846 0.6173720264423077 0.6551810408653846 0.6017893798076923
0 0.6599114879807693 0.6045101586538462 0.6576158293269232 0.6045101586538462 0.6576158293269232 0.6167536658653846 0.6599114879807693 0.6167536658653846 0.6599114879807693 0.6045101586538462
0 0.6647115 0.6017893798076923 0.6596332259615385 0.6017893798076923 0.6596332259615385 0.6188560889423077 0.6647115 0.6188560889423077 0.6647115 0.6017893798076923
0 0.6671317764423077 0.549133139423077 0.6632187235576923 0.549133139423077 0.6632187235576923 0.5593360649038461 0.6671317764423077 0.5593360649038461 0.6671317764423077 0.549133139423077
0 0.6714796153846153 0.5528432932692308 0.6686100432692308 0.5528432932692308 0.6686100432692308 0.5644375264423077 0.6714796153846153 0.5644375264423077 0.6714796153846153 0.5528432932692308
0 0.6753057115384615 0.5542346009615385 0.6731317932692308 0.5542346009615385 0.6731317932692308 0.5645921153846154 0.6753057115384615 0.5645921153846154 0.6753057115384615 0.5542346009615385
0 0.6781752836538462 0.5565534471153846 0.6753057115384615 0.5565534471153846 0.6753057115384615 0.5633553990384615 0.6781752836538462 0.5633553990384615 0.6781752836538462 0.5565534471153846
0 0.6838274711538461 0.5585631153846153 0.6801752884615385 0.5585631153846153 0.6801752884615385 0.5653650649038462 0.6838274711538461 0.5653650649038462 0.6838274711538461 0.5585631153846153
0 0.6843492115384616 0.5474326538461539 0.6824361634615385 0.5474326538461539 0.6824361634615385 0.5526887043269231 0.6843492115384616 0.5526887043269231 0.6843492115384616 0.5474326538461539
0 0.692349233173077 0.5452683966346153 0.689044875 0.5452683966346153 0.689044875 0.5565534471153846 0.692349233173077 0.5565534471153846 0.692349233173077 0.5452683966346153
0 0.6919144495192308 0.5565534471153846 0.689044875 0.5565534471153846 0.689044875 0.5669109615384615 0.6919144495192308 0.5669109615384615 0.6919144495192308 0.5565534471153846
0 0.6979144639423077 0.5516065769230769 0.6960014158653846 0.5516065769230769 0.6960014158653846 0.5622732692307693 0.6979144639423077 0.5622732692307693 0.6979144639423077 0.5516065769230769
0 0.7008709927884615 0.5550075504807692 0.6979144639423077 0.5550075504807692 0.6979144639423077 0.5622732692307693 0.7008709927884615 0.5622732692307693 0.7008709927884615 0.5550075504807692
0 0.6968709831730769 0.5588722932692307 0.6934796706730769 0.5588722932692307 0.6934796706730769 0.5704665264423077 0.6968709831730769 0.5704665264423077 0.6968709831730769 0.5588722932692307
0 0.9761692860576924 0.6611712259615385 0.9723431899038462 0.6611712259615385 0.9723431899038462 0.6779905937499999 0.9761692860576924 0.6779905937499999 0.9761692860576924 0.6611712259615385
0 0.5985055456730769 0.7918537596153846 0.5898438389423076 0.7918537596153846 0.5898438389423076 0.8235567379807692 0.5985055456730769 0.8235567379807692 0.5985055456730769 0.7918537596153846
0 0.5899647211538461 0.7335229591346154 0.583993875 0.7335229591346154 0.583993875 0.7659571826923077 0.5899647211538461 0.7659571826923077 0.5899647211538461 0.7335229591346154
0 0.6270550168269231 0.7478487788461539 0.6212941322115384 0.7478487788461539 0.6212941322115384 0.7772208317307693 0.6270550168269231 0.7772208317307693 0.6270550168269231 0.7478487788461539
0 0.6003158197115385 0.7497811490384615 0.5948810240384615 0.7497811490384615 0.5948810240384615 0.7750952235576923 0.6003158197115385 0.7750952235576923 0.6003158197115385 0.7497811490384615
0 0.6065114879807691 0.7478487788461539 0.6015114759615384 0.7478487788461539 0.6015114759615384 0.7739358004807693 0.6065114879807691 0.7739358004807693 0.6065114879807691 0.7478487788461539
0 0.6080332307692308 0.7739358004807693 0.6015114759615384 0.7739358004807693 0.6015114759615384 0.7990566370192307 0.6080332307692308 0.7990566370192307 0.6080332307692308 0.7739358004807693
0 0.61433759375 0.7186699615384615 0.60868540625 0.7186699615384615 0.60868540625 0.7455299302884615 0.61433759375 0.7455299302884615 0.61433759375 0.7186699615384615
0 0.6005332115384616 0.710554 0.5937940649038461 0.710554 0.5937940649038461 0.7279453461538462 0.6005332115384616 0.7279453461538462 0.6005332115384616 0.710554
0 0.6355091153846154 0.70617615625 0.6329873701923077 0.70617615625 0.6329873701923077 0.7285916730769231 0.6355091153846154 0.7285916730769231 0.6355091153846154 0.70617615625
0 0.6415091298076923 0.7044756682692307 0.6397699951923077 0.7044756682692307 0.6397699951923077 0.7220989014423077 0.6415091298076923 0.7220989014423077 0.6415091298076923 0.7044756682692307
0 0.6430743509615385 0.7007655168269231 0.6408134759615384 0.7007655168269231 0.6408134759615384 0.7118959783653847 0.6430743509615385 0.7118959783653847 0.6430743509615385 0.7007655168269231
0 0.6471613173076923 0.6996833870192307 0.6423786971153846 0.6996833870192307 0.6423786971153846 0.7245723389423078 0.6471613173076923 0.7245723389423078 0.6471613173076923 0.6996833870192307
0 0.6314221490384615 0.6766495120192307 0.6276830072115385 0.6766495120192307 0.6276830072115385 0.6993742067307692 0.6314221490384615 0.6993742067307692 0.6314221490384615 0.6766495120192307
0 0.6342917211538462 0.6752582043269231 0.6322917139423077 0.6752582043269231 0.6322917139423077 0.6876253870192308 0.6342917211538462 0.6876253870192308 0.6342917211538462 0.6752582043269231
0 0.6390743413461538 0.67958671875 0.6338569374999999 0.67958671875 0.6338569374999999 0.6978283100961539 0.6390743413461538 0.6978283100961539 0.6390743413461538 0.67958671875
0 0.5952481442307692 0.6740214879807692 0.5911611778846153 0.6740214879807692 0.5911611778846153 0.6947365144230768 0.5952481442307692 0.6947365144230768 0.5952481442307692 0.6740214879807692
0 0.6143062716346154 0.6487006682692308 0.6107445240384616 0.6487006682692308 0.6107445240384616 0.6677955961538462 0.6143062716346154 0.6677955961538462 0.6143062716346154 0.6487006682692308
0 0.6267167379807692 0.6379164879807693 0.6229323798076922 0.6379164879807693 0.6229323798076922 0.6569124759615386 0.6267167379807692 0.6569124759615386 0.6267167379807692 0.6379164879807693
0 0.6391654639423077 0.610653423076923 0.6354969759615384 0.610653423076923 0.6354969759615384 0.6278032259615384 0.6391654639423077 0.6278032259615384 0.6391654639423077 0.610653423076923
0 0.64656290625 0.5489380240384615 0.6422603125 0.5489380240384615 0.6422603125 0.5596770913461538 0.64656290625 0.5596770913461538 0.64656290625 0.5489380240384615
0 0.6411775408653846 0.5508629519230769 0.6386130841346154 0.5508629519230769 0.6386130841346154 0.5585120024038461 0.6411775408653846 0.5585120024038461 0.6411775408653846 0.5508629519230769
0 0.6356782043269231 0.5484314639423077 0.6334556730769231 0.5484314639423077 0.6334556730769231 0.5568403557692307 0.6356782043269231 0.5568403557692307 0.6356782043269231 0.5484314639423077
0 0.6331422379807693 0.5477729375 0.6304638028846153 0.5477729375 0.6304638028846153 0.5561311730769231 0.6331422379807693 0.5561311730769231 0.6331422379807693 0.5477729375
0 0.602285110576923 0.6078153389423077 0.6001285817307692 0.6078153389423077 0.6001285817307692 0.6215429086538461 0.602285110576923 0.6215429086538461 0.602285110576923 0.6078153389423077
0 0.6058329447115385 0.6074443221153847 0.602285110576923 0.6074443221153847 0.602285110576923 0.6215429086538461 0.6058329447115385 0.6215429086538461 0.6058329447115385 0.6074443221153847
0 0.6118919278846154 0.5660403557692308 0.60832534375 0.5660403557692308 0.60832534375 0.576608014423077 0.6118919278846154 0.576608014423077 0.6118919278846154 0.5660403557692308
0 0.5942288389423077 0.5892892067307692 0.5884543677884616 0.5892892067307692 0.5884543677884616 0.6061974591346154 0.5942288389423077 0.6061974591346154 0.5942288389423077 0.5892892067307692
0 0.5833584326923077 0.624512483173077 0.5786279855769231 0.624512483173077 0.5786279855769231 0.6455366899038462 0.5833584326923077 0.6455366899038462 0.5833584326923077 0.624512483173077
0 0.5792540745192307 0.622410060096154 0.5761236322115384 0.622410060096154 0.5761236322115384 0.6388584110576924 0.5792540745192307 0.6388584110576924 0.5792540745192307 0.622410060096154
0 0.5761236322115384 0.62265740625 0.5727844927884616 0.62265740625 0.5727844927884616 0.6388584110576924 0.5761236322115384 0.6388584110576924 0.5761236322115384 0.62265740625
0 0.5681236105769231 0.62265740625 0.5636018605769231 0.62265740625 0.5636018605769231 0.6402188028846154 0.5681236105769231 0.6402188028846154 0.5681236105769231 0.62265740625
0 0.5641583846153846 0.6255018557692308 0.5587322836538461 0.6255018557692308 0.5587322836538461 0.6462787211538461 0.5641583846153846 0.6462787211538461 0.5641583846153846 0.6255018557692308
0 0.5549061875 0.6236467788461538 0.5514974831730769 0.6236467788461538 0.5514974831730769 0.6393530985576923 0.5549061875 0.6393530985576923 0.5549061875 0.6236467788461538
0 0.5521235721153845 0.6172158461538462 0.5487148677884616 0.6172158461538462 0.5487148677884616 0.6315617740384615 0.5521235721153845 0.6315617740384615 0.5521235721153845 0.6172158461538462
0 0.5469757331730769 0.6064563990384616 0.5424539807692308 0.6064563990384616 0.5424539807692308 0.615484439903846 0.5469757331730769 0.615484439903846 0.5469757331730769 0.6064563990384616
0 0.547810516826923 0.6157317836538462 0.5441931177884615 0.6157317836538462 0.5441931177884615 0.6349009134615385 0.547810516826923 0.6349009134615385 0.547810516826923 0.6157317836538462
0 0.5703704567307692 0.686595141826923 0.5610824759615385 0.686595141826923 0.5610824759615385 0.6988611730769231 0.5703704567307692 0.6988611730769231 0.5703704567307692 0.686595141826923
0 0.5549789447115384 0.670083173076923 0.5509983798076923 0.670083173076923 0.5509983798076923 0.6913128461538461 0.5549789447115384 0.6913128461538461 0.5549789447115384 0.670083173076923
0 0.5438333653846154 0.6625348461538461 0.5377298341346154 0.6625348461538461 0.5377298341346154 0.6809338942307692 0.5438333653846154 0.6809338942307692 0.5438333653846154 0.6625348461538461
0 0.5377298341346154 0.6587606802884616 0.5318916754807692 0.6587606802884616 0.5318916754807692 0.6809338942307692 0.5377298341346154 0.6809338942307692 0.5377298341346154 0.6587606802884616
0 0.5334838990384616 0.6738573365384616 0.5284418533653846 0.6738573365384616 0.5284418533653846 0.6946152403846154 0.5334838990384616 0.6946152403846154 0.5334838990384616 0.6738573365384616
0 0.5279111105769231 0.7295262572115385 0.5196846129807692 0.7295262572115385 0.5196846129807692 0.7554736346153846 0.5279111105769231 0.7554736346153846 0.5279111105769231 0.7295262572115385
0 0.5364029807692308 0.7309415697115385 0.5297687067307693 0.7309415697115385 0.5297687067307693 0.7597195697115384 0.5364029807692308 0.7597195697115384 0.5364029807692308 0.7309415697115385
0 0.5456909615384615 0.7347157331730769 0.5379952067307692 0.7347157331730769 0.5379952067307692 0.7616066514423078 0.5456909615384615 0.7616066514423078 0.5456909615384615 0.7347157331730769
0 0.5425065120192307 0.7757597668269232 0.5358722379807692 0.7757597668269232 0.5358722379807692 0.8087837019230769 0.5425065120192307 0.8087837019230769 0.5425065120192307 0.7757597668269232
0 0.5531213485576922 0.7743444567307692 0.5456909615384615 0.7743444567307692 0.5456909615384615 0.8007636033653847 0.5531213485576922 0.8007636033653847 0.5531213485576922 0.7743444567307692
0 0.4679372860576923 0.8078401610576923 0.46077227163461537 0.8078401610576923 0.46077227163461537 0.8427511778846154 0.4679372860576923 0.8427511778846154 0.4679372860576923 0.8078401610576923
0 0.49951642307692307 0.7913281947115384 0.49049381249999996 0.7913281947115384 0.49049381249999996 0.8050095384615384 0.49951642307692307 0.8050095384615384 0.49951642307692307 0.7913281947115384
0 0.4910976514423077 0.7457253605769231 0.48567155048076927 0.7457253605769231 0.48567155048076927 0.7726858149038461 0.4910976514423077 0.7726858149038461 0.4910976514423077 0.7457253605769231
0 0.49520200961538463 0.7579688701923076 0.49130634855769234 0.7579688701923076 0.49130634855769234 0.780477139423077 0.49520200961538463 0.780477139423077 0.49520200961538463 0.7579688701923076
0 0.5015324615384615 0.7327398221153847 0.49721940625000005 0.7327398221153847 0.49721940625000005 0.7574741826923077 0.5015324615384615 0.7574741826923077 0.5015324615384615 0.7327398221153847
0 0.5070976923076923 0.7357079447115384 0.5009063725961538 0.7357079447115384 0.5009063725961538 0.7621737115384615 0.5070976923076923 0.7621737115384615 0.5070976923076923 0.7357079447115384
0 0.50993465625 0.7005271802884615 0.5064020384615385 0.7005271802884615 0.5064020384615385 0.7229910048076923 0.50993465625 0.7229910048076923 0.50993465625 0.7005271802884615
0 0.5064583052884616 0.7005447139423077 0.5012409014423077 0.7005447139423077 0.5012409014423077 0.726021108173077 0.5064583052884616 0.726021108173077 0.5064583052884616 0.7005447139423077
0 0.4928234879807692 0.694732139423077 0.4867017331730769 0.694732139423077 0.4867017331730769 0.7120461923076923 0.4928234879807692 0.7120461923076923 0.4928234879807692 0.694732139423077
0 0.4967887139423077 0.6980712788461538 0.4935887067307692 0.6980712788461538 0.4935887067307692 0.7122935360576924 0.4967887139423077 0.7122935360576924 0.4967887139423077 0.6980712788461538
0 0.5012409014423077 0.6916403437499999 0.49734523798076924 0.6916403437499999 0.49734523798076924 0.7143959567307692 0.5012409014423077 0.7143959567307692 0.5012409014423077 0.6916403437499999
0 0.5119890793269231 0.6513331490384615 0.5072336346153846 0.6513331490384615 0.5072336346153846 0.6764539831730769 0.5119890793269231 0.6764539831730769 0.5119890793269231 0.6513331490384615
0 0.5225869326923077 0.6416712884615384 0.5182390961538462 0.6416712884615384 0.5182390961538462 0.6607534615384616 0.5225869326923077 0.6607534615384616 0.5225869326923077 0.6416712884615384
0 0.5265271610576924 0.6399804639423077 0.5225869326923077 0.6399804639423077 0.5225869326923077 0.6607534615384616 0.5265271610576924 0.6607534615384616 0.5265271610576924 0.6399804639423077
0 0.5259944230769231 0.6073253918269231 0.5235596346153846 0.6073253918269231 0.5235596346153846 0.6217022379807692 0.5259944230769231 0.6217022379807692 0.5259944230769231 0.6073253918269231
0 0.5283422548076924 0.6084075192307693 0.5283422548076924 0.6056249038461539 0.5259944230769231 0.6056249038461539 0.5259944230769231 0.618919622596154 0.5283422548076924 0.618919622596154 0.5283422548076924 0.6084075192307693
0 0.5283422548076924 0.6223205961538463 0.5315596538461539 0.6223205961538463 0.5315596538461539 0.6084075192307693 0.5283422548076924 0.6084075192307693 0.5283422548076924 0.6223205961538463
0 0.5340813990384615 0.6062432620192307 0.5306900865384615 0.6062432620192307 0.5306900865384615 0.62000175 0.5340813990384615 0.62000175 0.5340813990384615 0.6062432620192307
0 0.5434173317307692 0.5808852548076924 0.5412446634615384 0.5808852548076924 0.5412446634615384 0.5915230072115384 0.5434173317307692 0.5915230072115384 0.5434173317307692 0.5808852548076924
0 0.5458749375 0.57898565625 0.5430967740384616 0.57898565625 0.5430967740384616 0.5898133701923076 0.5458749375 0.5898133701923076 0.5458749375 0.57898565625
0 0.5533189903846154 0.5769594158653846 0.5507545312500001 0.5769594158653846 0.5507545312500001 0.5875971706730769 0.5533189903846154 0.5875971706730769 0.5533189903846154 0.5769594158653846
0 0.6056020120192308 0.560168545673077 0.6033202668269231 0.560168545673077 0.6033202668269231 0.5697654783653846 0.6056020120192308 0.5697654783653846 0.6056020120192308 0.560168545673077
0 0.6008159134615385 0.5524514254807692 0.5976993846153846 0.5524514254807692 0.5976993846153846 0.5701612283653846 0.6008159134615385 0.5701612283653846 0.6008159134615385 0.5524514254807692
0 0.6051567932692308 0.5519567379807693 0.6038211394230769 0.5519567379807693 0.6038211394230769 0.560168545673077 0.6051567932692308 0.560168545673077 0.6051567932692308 0.5519567379807693
0 0.6091081081730769 0.5463173028846154 0.6061585360576923 0.5463173028846154 0.6061585360576923 0.5574972355769231 0.6091081081730769 0.5574972355769231 0.6091081081730769 0.5463173028846154
0 0.6061585360576923 0.5274202524038462 0.6032646153846154 0.5274202524038462 0.6032646153846154 0.5471088028846154 0.6061585360576923 0.5471088028846154 0.6061585360576923 0.5274202524038462
0 0.6024854831730769 0.5260351274038462 0.598701125 0.5260351274038462 0.598701125 0.5395895576923077 0.6024854831730769 0.5395895576923077 0.6024854831730769 0.5260351274038462
0 0.5843391201923077 0.5487749158653846 0.5812782427884615 0.5487749158653846 0.5812782427884615 0.5610431586538461 0.5843391201923077 0.5610431586538461 0.5843391201923077 0.5487749158653846
0 0.5743573966346154 0.5615676826923077 0.5743573966346154 0.5507169615384615 0.5703768341346154 0.5507169615384615 0.5703768341346154 0.5615676826923077 0.5731889903846153 0.5615676826923077 0.5743573966346154 0.5615676826923077
0 0.5791340745192307 0.5507169615384615 0.5743573966346154 0.5507169615384615 0.5743573966346154 0.5625112235576923 0.5791340745192307 0.5625112235576923 0.5791340745192307 0.5507169615384615
0 0.5782199591346153 0.5645426899038462 0.5759938653846154 0.5645426899038462 0.5759938653846154 0.5723785360576923 0.5782199591346153 0.5723785360576923 0.5782199591346153 0.5645426899038462
0 0.5759938653846154 0.5604268942307692 0.5735451634615385 0.5604268942307692 0.5735451634615385 0.5710329879807692 0.5759938653846154 0.5710329879807692 0.5759938653846154 0.5604268942307692
0 0.35823801923076926 0.8200117307692308 0.352123875 0.8200117307692308 0.352123875 0.8535263052884615 0.35823801923076926 0.8535263052884615 0.35823801923076926 0.8200117307692308
0 0.40290525240384617 0.776533360576923 0.39543240625 0.776533360576923 0.39543240625 0.8094440697115384 0.40290525240384617 0.8094440697115384 0.40290525240384617 0.776533360576923
0 0.4356838677884615 0.7695888990384615 0.4256634615384615 0.7695888990384615 0.4256634615384615 0.8006880096153846 0.4356838677884615 0.8006880096153846 0.4356838677884615 0.7695888990384615
0 0.4584420769230769 0.73879171875 0.45215809375 0.73879171875 0.45215809375 0.7701927644230769 0.4584420769230769 0.7701927644230769 0.4584420769230769 0.73879171875
0 0.4195493149038461 0.7424149158653847 0.41190663221153845 0.7424149158653847 0.41190663221153845 0.7692869639423077 0.4195493149038461 0.7692869639423077 0.4195493149038461 0.7424149158653847
0 0.37844866826923074 0.7475477788461539 0.37199484855769227 0.7475477788461539 0.37199484855769227 0.7720043629807692 0.37844866826923074 0.7720043629807692 0.37844866826923074 0.7475477788461539
0 0.36350297836538464 0.7475477788461539 0.35670948317307694 0.7475477788461539 0.35670948317307694 0.7732120961538461 0.36350297836538464 0.7732120961538461 0.36350297836538464 0.7475477788461539
0 0.34465102884615384 0.7541903076923078 0.334630625 0.7541903076923078 0.334630625 0.7795526899038462 0.34465102884615384 0.7795526899038462 0.34465102884615384 0.7541903076923078
0 0.31492948798076925 0.7566057740384615 0.30609794471153845 0.7566057740384615 0.30609794471153845 0.78619521875 0.31492948798076925 0.78619521875 0.31492948798076925 0.7566057740384615
0 0.3548412716346154 0.732451125 0.3488969639423077 0.732451125 0.3488969639423077 0.7590212379807693 0.3548412716346154 0.7590212379807693 0.3548412716346154 0.732451125
0 0.37199484855769227 0.7369801201923077 0.36656005288461535 0.7369801201923077 0.36656005288461535 0.7611347692307693 0.37199484855769227 0.7611347692307693 0.37199484855769227 0.7369801201923077
0 0.3618046057692308 0.6768954278846154 0.3568793197115384 0.6768954278846154 0.3568793197115384 0.6998423461538461 0.3618046057692308 0.6998423461538461 0.3618046057692308 0.6768954278846154
0 0.42343007451923076 0.6680175192307692 0.42024562259615383 0.6680175192307692 0.42024562259615383 0.6857560889423078 0.42343007451923076 0.6857560889423078 0.42343007451923076 0.6680175192307692
0 0.4334080216346154 0.6699046009615385 0.43064816346153845 0.6699046009615385 0.43064816346153845 0.6914173365384616 0.4334080216346154 0.6914173365384616 0.4334080216346154 0.6699046009615385
0 0.4450843413461539 0.6823593413461538 0.4450843413461539 0.6714142668269231 0.44105070432692306 0.6714142668269231 0.44105070432692306 0.6906625024038462 0.4450843413461539 0.6906625024038462 0.4450843413461539 0.6823593413461538
0 0.4475594831730769 0.68088325 0.4444986057692307 0.68088325 0.4444986057692307 0.6989393341346154 0.4475594831730769 0.6989393341346154 0.4475594831730769 0.68088325
0 0.45110731730769227 0.6779151274038462 0.4480464399038461 0.6779151274038462 0.4480464399038461 0.6967132427884616 0.45110731730769227 0.6967132427884616 0.45110731730769227 0.6779151274038462
0 0.47455085576923073 0.657138264423077 0.46988997355769235 0.657138264423077 0.46988997355769235 0.6785334879807692 0.47455085576923073 0.6785334879807692 0.47455085576923073 0.657138264423077
0 0.4503420985576923 0.6369797596153847 0.4431072980769231 0.6369797596153847 0.4431072980769231 0.65305709375 0.4503420985576923 0.65305709375 0.4503420985576923 0.6369797596153847
0 0.46988997355769235 0.6384638221153847 0.46620300721153846 0.6384638221153847 0.46620300721153846 0.657138264423077 0.46988997355769235 0.657138264423077 0.46988997355769235 0.6384638221153847
0 0.4728117211538461 0.6406899134615384 0.47058562740384613 0.6406899134615384 0.47058562740384613 0.6556542019230769 0.4728117211538461 0.6556542019230769 0.4728117211538461 0.6406899134615384
0 0.4899248076923077 0.6589933413461538 0.48401174759615384 0.6589933413461538 0.48401174759615384 0.68063590625 0.4899248076923077 0.68063590625 0.4899248076923077 0.6589933413461538
0 0.49235959615384617 0.6603537307692308 0.4899248076923077 0.6603537307692308 0.4899248076923077 0.6782861442307693 0.49235959615384617 0.6782861442307693 0.49235959615384617 0.6603537307692308
0 0.49249872596153843 0.6215207836538461 0.4902726322115385 0.6215207836538461 0.4902726322115385 0.6385874927884616 0.49249872596153843 0.6385874927884616 0.49249872596153843 0.6215207836538461
0 0.47677694711538465 0.6309198413461539 0.4733682427884615 0.6309198413461539 0.4733682427884615 0.6414319447115384 0.47677694711538465 0.6414319447115384 0.47677694711538465 0.6309198413461539
0 0.4789334735576923 0.6272096875000001 0.4762899903846154 0.6272096875000001 0.4762899903846154 0.6446474110576923 0.4789334735576923 0.6446474110576923 0.4789334735576923 0.6272096875000001
0 0.45771603125 0.6144714903846153 0.45528124038461537 0.6144714903846153 0.45528124038461537 0.628817420673077 0.45771603125 0.628817420673077 0.45771603125 0.6144714903846153
0 0.4608464735576923 0.6153371947115385 0.45771603125 0.6153371947115385 0.45771603125 0.628817420673077 0.4608464735576923 0.628817420673077 0.4608464735576923 0.6153371947115385
0 0.4699138389423077 0.5840057836538461 0.4678757908653846 0.5840057836538461 0.4678757908653846 0.6004309447115385 0.4699138389423077 0.6004309447115385 0.4699138389423077 0.5840057836538461
0 0.47643559375 0.5840057836538461 0.47222362740384616 0.5840057836538461 0.47222362740384616 0.59535846875 0.47643559375 0.59535846875 0.47643559375 0.5840057836538461
0 0.5027943557692308 0.5772424807692308 0.4999410889423077 0.5772424807692308 0.4999410889423077 0.5910106322115385 0.5027943557692308 0.5910106322115385 0.5027943557692308 0.5772424807692308
0 0.5074139326923077 0.5873874350961539 0.5038813149038461 0.5873874350961539 0.5038813149038461 0.6001893990384615 0.5074139326923077 0.6001893990384615 0.5074139326923077 0.5873874350961539
0 0.4796964735576923 0.5629912379807692 0.47548450480769233 0.5629912379807692 0.47548450480769233 0.5753101081730769 0.4796964735576923 0.5753101081730769 0.4796964735576923 0.5629912379807692
0 0.48541517548076923 0.56454428125 0.48215429807692306 0.56454428125 0.48215429807692306 0.574206139423077 0.48541517548076923 0.574206139423077 0.48541517548076923 0.56454428125
0 0.4894369254807692 0.5575877403846154 0.4873717019230769 0.5575877403846154 0.4873717019230769 0.5693752091346154 0.4894369254807692 0.5693752091346154 0.4894369254807692 0.5575877403846154
0 0.5004152139423077 0.5600998245192308 0.4981325985576923 0.5600998245192308 0.4981325985576923 0.5686022620192308 0.5004152139423077 0.5686022620192308 0.5004152139423077 0.5600998245192308
0 0.5162848197115385 0.5537229975961538 0.51498046875 0.5537229975961538 0.51498046875 0.5618389591346153 0.5162848197115385 0.5618389591346153 0.5162848197115385 0.5537229975961538
0 0.5185674326923077 0.5504379639423077 0.5159587307692308 0.5504379639423077 0.5159587307692308 0.5628051442307692 0.5185674326923077 0.5628051442307692 0.5185674326923077 0.5504379639423077
0 0.5301978966346154 0.5674428389423076 0.5274805 0.5674428389423076 0.5274805 0.5772979350961539 0.5301978966346154 0.5772979350961539 0.5301978966346154 0.5674428389423076
0 0.5488935961538461 0.5587471634615384 0.5459588052884615 0.5587471634615384 0.5459588052884615 0.5670563629807692 0.5488935961538461 0.5670563629807692 0.5488935961538461 0.5587471634615384
0 0.5523718653846154 0.5587471634615384 0.5511762115384615 0.5587471634615384 0.5511762115384615 0.5678293125 0.5523718653846154 0.5678293125 0.5523718653846154 0.5587471634615384
0 0.5598718846153846 0.5599065865384616 0.5574805745192308 0.5599065865384616 0.5574805745192308 0.5680225504807692 0.5598718846153846 0.5680225504807692 0.5598718846153846 0.5599065865384616
0 0.026512603365384614 0.7439163052884615 0.02162128605769231 0.7439163052884615 0.02162128605769231 0.7750274951923076 0.026512603365384614 0.7750274951923076 0.026512603365384614 0.7439163052884615
0 0.03640393269230769 0.7473945745192307 0.029447391826923075 0.7473945745192307 0.029447391826923075 0.76691153125 0.03640393269230769 0.76691153125 0.03640393269230769 0.7473945745192307
0 0.042490903846153845 0.7421771706730769 0.037056108173076925 0.7421771706730769 0.037056108173076925 0.7761869182692307 0.042490903846153845 0.7761869182692307 0.042490903846153845 0.7421771706730769
0 0.05520832692307693 0.7305829375 0.048686572115384616 0.7305829375 0.048686572115384616 0.761500889423077 0.05520832692307693 0.761500889423077 0.05520832692307693 0.7305829375
1 0.2829608028846154 0.7728287091346153 0.2829608028846154 0.68068603125 0.19954648557692306 0.68068603125 0.19954648557692306 0.7728287091346153 0.25141043028846155 0.7728287091346153 0.2829608028846154 0.7728287091346153
1 0.45180118509615386 0.5234418197115385 0.41324809855769234 0.5234418197115385 0.41324809855769234 0.5460868028846154 0.45180118509615386 0.5460868028846154 0.45180118509615386 0.5234418197115385
1 0.5997248798076923 0.46027346394230767 0.49089308653846153 0.46027346394230767 0.49089308653846153 0.47621553365384617 0.5997248798076923 0.47621553365384617 0.5997248798076923 0.46027346394230767
0 0 0.82453321875 0.004352165865384615 0.82453321875 0.004352165865384615 0.7889775721153847 0 0.7889775721153847 0 0.82453321875
0 0.010547834134615384 0.7841466418269231 0.00598260576923077 0.7841466418269231 0.00598260576923077 0.825692641826923 0.010547834134615384 0.825692641826923 0.010547834134615384 0.7841466418269231
0 0.026852223557692307 0.7783495264423077 0.017178286057692307 0.7783495264423077 0.017178286057692307 0.81506459375 0.026852223557692307 0.81506459375 0.026852223557692307 0.7783495264423077
0 0.06674362740384615 0.7503301322115384 0.060330567307692304 0.7503301322115384 0.060330567307692304 0.7800886610576924 0.06674362740384615 0.7800886610576924 0.06674362740384615 0.7503301322115384
0 0.10077172596153847 0.7093946706730769 0.09628801923076923 0.7093946706730769 0.09628801923076923 0.7265444711538461 0.10077172596153847 0.7265444711538461 0.10077172596153847 0.7093946706730769
0 0.10457608173076924 0.7040806466346154 0.10077172596153847 0.7040806466346154 0.10077172596153847 0.7311338557692307 0.10457608173076924 0.7311338557692307 0.10457608173076924 0.7040806466346154
0 0.11014674999999999 0.7060130192307692 0.1057989110576923 0.7060130192307692 0.1057989110576923 0.7299261225961539 0.11014674999999999 0.7299261225961539 0.11014674999999999 0.7060130192307692
0 0.12155982211538462 0.7045637403846154 0.11653263461538461 0.7045637403846154 0.11653263461538461 0.7250951947115385 0.12155982211538462 0.7250951947115385 0.12155982211538462 0.7045637403846154
0 0.13310876201923078 0.6949018798076924 0.1283533173076923 0.6949018798076924 0.1283533173076923 0.7144671466346153 0.13310876201923078 0.7144671466346153 0.13310876201923078 0.6949018798076924
0 0.1369131201923077 0.6891047644230769 0.13079897596153847 0.6891047644230769 0.13079897596153847 0.7089115769230769 0.1369131201923077 0.7089115769230769 0.1369131201923077 0.6891047644230769
0 0.14411422596153847 0.6864477524038463 0.14098921875 0.6864477524038463 0.14098921875 0.7055299278846154 0.14411422596153847 0.7055299278846154 0.14411422596153847 0.6864477524038463
0 0.15036424038461538 0.6862062067307693 0.14642401442307693 0.6862062067307693 0.14642401442307693 0.7120516826923077 0.15036424038461538 0.7120516826923077 0.15036424038461538 0.6862062067307693
0 0.18175018990384617 0.6726796033653847 0.17794583173076922 0.6726796033653847 0.17794583173076922 0.6927279615384615 0.18175018990384617 0.6927279615384615 0.18175018990384617 0.6726796033653847
0 0.18922303365384613 0.6705056850961538 0.1850110673076923 0.6705056850961538 0.1850110673076923 0.6907955889423077 0.18922303365384613 0.6907955889423077 0.18922303365384613 0.6705056850961538
0 0.20143592548076925 0.6509090745192307 0.19549161778846152 0.6509090745192307 0.19549161778846152 0.6696289278846154 0.20143592548076925 0.6696289278846154 0.20143592548076925 0.6509090745192307
0 0.21230551923076924 0.6427568798076924 0.2058516971153846 0.6427568798076924 0.2058516971153846 0.6650999302884616 0.21230551923076924 0.6650999302884616 0.21230551923076924 0.6427568798076924
0 0.22300527403846154 0.6421530144230769 0.21926885096153845 0.6421530144230769 0.21926885096153845 0.6611748004807693 0.22300527403846154 0.6611748004807693 0.22300527403846154 0.6421530144230769
0 0.22894958173076924 0.6421530144230769 0.22606234615384618 0.6421530144230769 0.22606234615384618 0.6605709350961538 0.22894958173076924 0.6605709350961538 0.22894958173076924 0.6421530144230769
0 0.24066836057692306 0.6246408918269231 0.23863031250000002 0.6246408918269231 0.23863031250000002 0.6436626802884615 0.24066836057692306 0.6436626802884615 0.24066836057692306 0.6246408918269231
1 0.5123713629807692 0.4389633076923077 0.43567917067307693 0.4389633076923077 0.43567917067307693 0.5170256274038462 0.5123713629807692 0.5170256274038462 0.5123713629807692 0.4389633076923077
0 0.5898741346153846 0.5485660961538461 0.5869868990384616 0.5485660961538461 0.5869868990384616 0.5612472860576923 0.5898741346153846 0.5612472860576923 0.5898741346153846 0.5485660961538461
0 0.3363137836538461 0.5616646850961539 0.3332702980769231 0.5616646850961539 0.3332702980769231 0.5704763004807692 0.3363137836538461 0.5704763004807692 0.3363137836538461 0.5616646850961539
0 0.3404877067307692 0.5605825552884616 0.3377920480769231 0.5605825552884616 0.3377920480769231 0.5721767884615384 0.3404877067307692 0.5721767884615384 0.3404877067307692 0.5605825552884616
0 0.25172890625 0.6266473798076924 0.24759846153846155 0.6266473798076924 0.24759846153846155 0.63283096875 0.25172890625 0.63283096875 0.25172890625 0.6266473798076924
0 0.2550984807692308 0.6138937235576922 0.25227238701923077 0.6138937235576922 0.25227238701923077 0.6293526995192308 0.2550984807692308 0.6293526995192308 0.2550984807692308 0.6138937235576922
0 0.2579245745192308 0.6125410649038462 0.2550984807692308 0.6125410649038462 0.2550984807692308 0.6293526995192308 0.2579245745192308 0.6293526995192308 0.2579245745192308 0.6125410649038462
0 0.2826321153846154 0.6000016682692307 0.28036150000000004 0.6000016682692307 0.28036150000000004 0.6104494639423077 0.2826321153846154 0.6104494639423077 0.2826321153846154 0.6000016682692307
0 0.28521438221153844 0.5982603701923077 0.28316637740384615 0.5982603701923077 0.28316637740384615 0.6113992644230769 0.28521438221153844 0.6113992644230769 0.28521438221153844 0.5982603701923077
0 0.29011178605769233 0.6061753677884615 0.2877966490384615 0.6061753677884615 0.2877966490384615 0.6171772091346154 0.29011178605769233 0.6171772091346154 0.29011178605769233 0.6061753677884615
0 0.5917066995192308 0.5300079182692308 0.5899258245192308 0.5300079182692308 0.5899258245192308 0.5363399158653845 0.5917066995192308 0.5363399158653845 0.5917066995192308 0.5300079182692308
0 0.5891466923076923 0.5299089807692308 0.5865866850961539 0.5299089807692308 0.5865866850961539 0.5374282259615385 0.5891466923076923 0.5374282259615385 0.5891466923076923 0.5299089807692308
0 0.5827466754807692 0.5300079182692308 0.5794075360576924 0.5300079182692308 0.5794075360576924 0.5364388509615384 0.5827466754807692 0.5364388509615384 0.5827466754807692 0.5300079182692308
0 0.5794075360576924 0.526050420673077 0.5765136177884616 0.526050420673077 0.5765136177884616 0.5355484158653846 0.5794075360576924 0.5355484158653846 0.5794075360576924 0.526050420673077
1 0.5760127451923076 0.524665295673077 0.5584266153846154 0.524665295673077 0.5584266153846154 0.5367356658653846 0.5760127451923076 0.5367356658653846 0.5760127451923076 0.524665295673077
0 0.5559521033653846 0.5259099350961539 0.5542268822115385 0.5259099350961539 0.5542268822115385 0.5341217427884616 0.5559521033653846 0.5341217427884616 0.5559521033653846 0.5259099350961539
0 0.5537037499999999 0.5299663701923077 0.5512995697115385 0.5299663701923077 0.5512995697115385 0.53424046875 0.5537037499999999 0.53424046875 0.5537037499999999 0.5299663701923077
0 0.551121483173077 0.5260880240384616 0.5492070432692308 0.5260880240384616 0.5492070432692308 0.5347153677884615 0.551121483173077 0.5347153677884615 0.551121483173077 0.5260880240384616
0 0.5480494759615385 0.5265629230769231 0.5465357331730769 0.5265629230769231 0.5465357331730769 0.5327366201923077 0.5480494759615385 0.5327366201923077 0.5480494759615385 0.5265629230769231
0 0.542973985576923 0.5247424735576923 0.5408369350961538 0.5247424735576923 0.5408369350961538 0.5337655697115384 0.542973985576923 0.5337655697115384 0.542973985576923 0.5247424735576923
0 0.5384568509615385 0.5292579783653847 0.5366047427884616 0.5292579783653847 0.5366047427884616 0.5345768557692308 0.5384568509615385 0.5345768557692308 0.5384568509615385 0.5292579783653847
1 0.5358211586538462 0.5251421802884615 0.5240317716346155 0.5251421802884615 0.5240317716346155 0.5347668149038461 0.5358211586538462 0.5347668149038461 0.5358211586538462 0.5251421802884615
0 0.5174947860576923 0.5286281658653846 0.5156026081730769 0.5286281658653846 0.5156026081730769 0.5353559134615384 0.5174947860576923 0.5353559134615384 0.5174947860576923 0.5286281658653846
0 0.5135189855769231 0.5267610192307692 0.5119233221153846 0.5267610192307692 0.5119233221153846 0.5342074471153846 0.5135189855769231 0.5342074471153846 0.5135189855769231 0.5267610192307692
0 0.5148866971153846 0.5285846346153846 0.5137469375 0.5285846346153846 0.5137469375 0.5330930168269231 0.5148866971153846 0.5330930168269231 0.5148866971153846 0.5285846346153846
0 0.5086180192307692 0.5267610192307692 0.5075352475961539 0.5267610192307692 0.5075352475961539 0.5331436706730769 0.5086180192307692 0.5331436706730769 0.5086180192307692 0.5267610192307692
1 0.5055077115384615 0.5260206730769231 0.4755250264423077 0.5260206730769231 0.4755250264423077 0.5386351971153845 0.5055077115384615 0.5386351971153845 0.5055077115384615 0.5260206730769231
0 0.47461823798076924 0.5268284879807692 0.47267040625 0.5268284879807692 0.47267040625 0.5334572980769231 0.47461823798076924 0.5334572980769231 0.47461823798076924 0.5268284879807692
0 0.4718356225961538 0.5264327379807692 0.4698877908653846 0.5264327379807692 0.4698877908653846 0.5333583605769231 0.4718356225961538 0.5333583605769231 0.4718356225961538 0.5264327379807692
1 0.4683375408653846 0.5266519831730769 0.45429000721153845 0.5266519831730769 0.45429000721153845 0.5346556298076923 0.4683375408653846 0.5346556298076923 0.4683375408653846 0.5266519831730769
0 0.03600850721153846 0.7612839350961539 0.02844326923076923 0.7612839350961539 0.02844326923076923 0.7881825528846154 0.03600850721153846 0.7881825528846154 0.03600850721153846 0.7612839350961539
0 0.2362231298076923 0.8245746538461538 0.2306503389423077 0.8245746538461538 0.2306503389423077 0.855239735576923 0.2362231298076923 0.855239735576923 0.2362231298076923 0.8245746538461538
1 0.11694201442307692 1 0.11694201442307692 0.8246589639423078 0 0.8246589639423078 0 1 0.11694201442307692 1
1 0.19535082692307693 0.8668418822115385 0.19535082692307693 0.8184854038461539 0.11673469471153847 0.8184854038461539 0.11673469471153847 0.9222749158653846 0.19535082692307693 0.9222749158653846 0.19535082692307693 0.8668418822115385
1 0.22686362259615384 0.7736672067307692 0.19302883173076923 0.7736672067307692 0.19302883173076923 0.8615344639423077 0.22686362259615384 0.8615344639423077 0.22686362259615384 0.7736672067307692
1 0.20032653125 0.732977 0.07095821153846155 0.732977 0.07095821153846155 0.8178956923076923 0.20032653125 0.8178956923076923 0.20032653125 0.732977
0 0.58033225 0.4855750432692308 0.5782452884615384 0.4855750432692308 0.5782452884615384 0.4909856826923077 0.58033225 0.4909856826923077 0.58033225 0.4855750432692308
0 0.5852018293269231 0.4885122475961538 0.5826800841346154 0.4885122475961538 0.5826800841346154 0.49330453125 0.5852018293269231 0.49330453125 0.5852018293269231 0.4885122475961538
1 0.572532108173077 0.4823734639423077 0.5123713629807692 0.4823734639423077 0.5123713629807692 0.49767785096153844 0.572532108173077 0.49767785096153844 0.572532108173077 0.4823734639423077
0 0.3137328798076923 0.5830568365384615 0.3106024375 0.5830568365384615 0.3106024375 0.5960423774038461 0.3137328798076923 0.5960423774038461 0.3137328798076923 0.5830568365384615
0 0.3190198485576923 0.5865196490384615 0.31658506009615384 0.5865196490384615 0.31658506009615384 0.599876204326923 0.3190198485576923 0.599876204326923 0.3190198485576923 0.5865196490384615
0 0.32361116346153845 0.5807070721153846 0.3202720264423077 0.5807070721153846 0.3202720264423077 0.5934452692307692 0.32361116346153845 0.5934452692307692 0.32361116346153845 0.5807070721153846
0 0.32973291826923073 0.5784809807692308 0.327159 0.5784809807692308 0.327159 0.5896114447115385 0.32973291826923073 0.5896114447115385 0.32973291826923073 0.5784809807692308
0 0.370622375 0.5456957716346154 0.3680623701923077 0.5456957716346154 0.3680623701923077 0.5547980168269231 0.370622375 0.5547980168269231 0.370622375 0.5456957716346154
0 0.3784693533653846 0.5456957716346154 0.3760206514423077 0.5456957716346154 0.3760206514423077 0.5545012043269231 0.3784693533653846 0.5545012043269231 0.3784693533653846 0.5456957716346154
0 0.36093887259615387 0.5490596442307693 0.3588240865384615 0.5490596442307693 0.3588240865384615 0.555094829326923 0.36093887259615387 0.555094829326923 0.36093887259615387 0.5490596442307693
0 0.3562084278846154 0.556974641826923 0.3539823341346154 0.556974641826923 0.3539823341346154 0.5663736971153847 0.3562084278846154 0.5663736971153847 0.3562084278846154 0.556974641826923
0 0.3596588701923077 0.556677826923077 0.35793364903846153 0.556677826923077 0.35793364903846153 0.5655821971153846 0.3596588701923077 0.5655821971153846 0.3596588701923077 0.556677826923077
0 0.38481371634615386 0.5440138341346153 0.3831441466346154 0.5440138341346153 0.3831441466346154 0.5501479567307692 0.38481371634615386 0.5501479567307692 0.38481371634615386 0.5440138341346153
0 0.36355453125000003 0.5563810168269231 0.36155104807692307 0.5563810168269231 0.36155104807692307 0.5633066370192308 0.36355453125000003 0.5633066370192308 0.36355453125000003 0.5563810168269231
0 0.3521948221153846 0.6551031778846154 0.3494774230769231 0.6551031778846154 0.3494774230769231 0.6672771201923078 0.3521948221153846 0.6672771201923078 0.3521948221153846 0.6551031778846154
0 0.3760206514423077 0.539006125 0.3742303774038461 0.539006125 0.3742303774038461 0.5463274951923076 0.3760206514423077 0.5463274951923076 0.3760206514423077 0.539006125
0 0.3813538725961539 0.5350486274038462 0.3797956081730769 0.5350486274038462 0.3797956081730769 0.5425678725961538 0.3813538725961539 0.5425678725961538 0.3813538725961539 0.5350486274038462
0 0.3833573557692308 0.5355433149038462 0.3815764831730769 0.5355433149038462 0.3815764831730769 0.5434583100961539 0.3833573557692308 0.5434583100961539 0.3833573557692308 0.5355433149038462
0 0.39187216105769235 0.5287166298076923 0.3902025913461538 0.5287166298076923 0.3902025913461538 0.536631625 0.39187216105769235 0.536631625 0.39187216105769235 0.5287166298076923
0 0.3943208629807692 0.5311900673076922 0.39287390144230766 0.5311900673076922 0.39287390144230766 0.5353454399038461 0.3943208629807692 0.5353454399038461 0.3943208629807692 0.5311900673076922
0 0.3960140360576923 0.555819108173077 0.3936209855769231 0.555819108173077 0.3936209855769231 0.5658428533653846 0.3960140360576923 0.5658428533653846 0.3960140360576923 0.555819108173077
0 0.39851838942307694 0.5559180456730769 0.3971827331730769 0.5559180456730769 0.3971827331730769 0.5648224158653846 0.39851838942307694 0.5648224158653846 0.39851838942307694 0.5559180456730769
0 0.400744483173077 0.556808483173077 0.3994644783653846 0.556808483173077 0.3994644783653846 0.5658428533653846 0.400744483173077 0.5658428533653846 0.400744483173077 0.556808483173077
0 0.4215116995192308 0.5472471682692308 0.4198376778846154 0.5472471682692308 0.4198376778846154 0.5544656442307693 0.4215116995192308 0.5544656442307693 0.4215116995192308 0.5472471682692308
0 0.4241473942307692 0.5501598870192308 0.4227583125 0.5501598870192308 0.4227583125 0.5563652427884616 0.4241473942307692 0.5563652427884616 0.4241473942307692 0.5501598870192308
0 0.41787871634615387 0.5465506490384615 0.4158129014423077 0.5465506490384615 0.4158129014423077 0.5547822427884616 0.41787871634615387 0.5547822427884616 0.41787871634615387 0.5465506490384615
0 0.41510055288461534 0.54661396875 0.41335529567307694 0.54661396875 0.41335529567307694 0.5544023221153846 0.41510055288461534 0.5544023221153846 0.41510055288461534 0.54661396875
0 0.40345363701923076 0.5530726057692308 0.40135220432692303 0.5530726057692308 0.40135220432692303 0.5623173197115384 0.40345363701923076 0.5623173197115384 0.40345363701923076 0.5530726057692308
0 0.4053413629807692 0.5495900072115385 0.40373857692307696 0.5495900072115385 0.40373857692307696 0.5559220024038461 0.4053413629807692 0.5559220024038461 0.4053413629807692 0.5495900072115385
0 0.4084614759615385 0.5493674591346154 0.40672512259615384 0.5493674591346154 0.40672512259615384 0.5564118052884616 0.4084614759615385 0.5564118052884616 0.4084614759615385 0.5493674591346154
0 0.41082113221153843 0.5467555096153845 0.40939643509615387 0.5467555096153845 0.40939643509615387 0.55237515625 0.41082113221153843 0.55237515625 0.41082113221153843 0.5467555096153845
0 0.41278009375 0.5467555096153845 0.4112218293269231 0.5467555096153845 0.4112218293269231 0.5534041057692307 0.41278009375 0.5534041057692307 0.41278009375 0.5467555096153845
0 0.40944056971153847 0.5813016009615384 0.40631012740384614 0.5813016009615384 0.40631012740384614 0.5899586298076923 0.40944056971153847 0.5899586298076923 0.40944056971153847 0.5813016009615384
0 0.39334800721153845 0.5694340552884616 0.39134452403846154 0.5694340552884616 0.39134452403846154 0.5768741514423077 0.39334800721153845 0.5768741514423077 0.39334800721153845 0.5694340552884616
0 0.3957521875 0.5687217067307693 0.39428296634615384 0.5687217067307693 0.39428296634615384 0.5744205024038462 0.3957521875 0.5744205024038462 0.3957521875 0.5687217067307693
0 0.3883170384615384 0.5670595552884615 0.3863135552884615 0.5670595552884615 0.3863135552884615 0.5740247524038462 0.3883170384615384 0.5740247524038462 0.3883170384615384 0.5670595552884615
0 0.3892074759615385 0.5758452019230769 0.3878718197115385 0.5758452019230769 0.3878718197115385 0.5802775985576922 0.3892074759615385 0.5802775985576922 0.3892074759615385 0.5758452019230769
0 0.3847439471153846 0.5704249711538462 0.38307437740384614 0.5704249711538462 0.38307437740384614 0.5789335913461539 0.3847439471153846 0.5789335913461539 0.3847439471153846 0.5704249711538462
0 0.3815161129807692 0.57091965625 0.3791230625 0.57091965625 0.3791230625 0.5795272139423078 0.3815161129807692 0.5795272139423078 0.3815161129807692 0.57091965625
0 0.3825178557692308 0.5854634615384615 0.3846326418269231 0.5854634615384615 0.3846326418269231 0.5791314639423077 0.3825178557692308 0.5791314639423077 0.3825178557692308 0.5854634615384615
1 0.37812132211538463 0.5698313461538461 0.3665456418269231 0.5698313461538461 0.3665456418269231 0.605349889423077 0.37812132211538463 0.605349889423077 0.37812132211538463 0.5698313461538461
1 0.37812132211538463 0.6064381995192307 0.381794375 0.6064381995192307 0.381794375 0.5806155264423076 0.37812132211538463 0.5806155264423076 0.37812132211538463 0.6064381995192307
1 0.3588724326923077 0.5980398870192307 0.34426370192307687 0.5980398870192307 0.34426370192307687 0.6416341971153846 0.3588724326923077 0.6416341971153846 0.3588724326923077 0.5980398870192307
0 0.36391592548076923 0.6000495528846154 0.3610463509615384 0.6000495528846154 0.3610463509615384 0.6131896826923077 0.36391592548076923 0.6131896826923077 0.36391592548076923 0.6000495528846154
0 0.3622637475961538 0.5915471177884615 0.35930721875 0.5915471177884615 0.35930721875 0.6059239639423077 0.3622637475961538 0.6059239639423077 0.3622637475961538 0.5915471177884615
0 0.3169136105769231 0.7194127980769232 0.31187012019230764 0.7194127980769232 0.31187012019230764 0.7337896466346153 0.3169136105769231 0.7337896466346153 0.3169136105769231 0.7194127980769232
0 0.3123918605769231 0.7217316442307692 0.30552227884615385 0.7217316442307692 0.30552227884615385 0.7481664951923077 0.3123918605769231 0.7481664951923077 0.3123918605769231 0.7217316442307692
0 0.3023918365384616 0.7248234399038461 0.2964787764423077 0.7248234399038461 0.2964787764423077 0.7475481346153846 0.3023918365384616 0.7475481346153846 0.3023918365384616 0.7248234399038461
0 0.2887396274038462 0.7255963894230769 0.2836961370192308 0.7255963894230769 0.2836961370192308 0.7480119038461539 0.2887396274038462 0.7480119038461539 0.2887396274038462 0.7255963894230769
0 0.2964787764423077 0.715238875 0.2907396322115385 0.715238875 0.2907396322115385 0.7362630817307692 0.2964787764423077 0.7362630817307692 0.2964787764423077 0.715238875
1 0.29345774759615384 0.6792517788461538 0.28293598076923077 0.6792517788461538 0.28293598076923077 0.7131069350961539 0.29345774759615384 0.7131069350961539 0.29345774759615384 0.6792517788461538
1 0.2861433269230769 0.6606467644230769 0.25421389903846153 0.6606467644230769 0.25421389903846153 0.68068603125 0.2861433269230769 0.68068603125 0.2861433269230769 0.6606467644230769
0 0.43303000721153845 0.5744697019230769 0.4300188365384615 0.5744697019230769 0.4300188365384615 0.5844897788461538 0.43303000721153845 0.5844897788461538 0.43303000721153845 0.5744697019230769
0 0.3375029807692308 0.8523127091346154 0.34643708653846156 0.8523127091346154 0.34643708653846156 0.8172308052884615 0.3375029807692308 0.8172308052884615 0.3375029807692308 0.8523127091346154
0 0.3642071153846154 0.8053623028846153 0.35684384375 0.8053623028846153 0.35684384375 0.8373025408653846 0.3642071153846154 0.8373025408653846 0.3642071153846154 0.8053623028846153
0 0.38001753365384616 0.8300055072115384 0.3717863774038461 0.8300055072115384 0.3717863774038461 0.8615059134615385 0.38001753365384616 0.8615059134615385 0.38001753365384616 0.8300055072115384
0 0.3790122019230769 0.8226330697115384 0.373482875 0.8226330697115384 0.373482875 0.851787701923077 0.3790122019230769 0.851787701923077 0.3790122019230769 0.8226330697115384
0 0.34860186298076923 0.7081080745192309 0.34081053846153847 0.7081080745192309 0.34081053846153847 0.7288849375 0.34860186298076923 0.7288849375 0.34860186298076923 0.7081080745192309
0 0.33779454326923075 0.7398318870192307 0.3433238701923077 0.7398318870192307 0.3433238701923077 0.7144751778846155 0.33779454326923075 0.7144751778846155 0.33779454326923075 0.7398318870192307
0 0.7380883437500001 0.676862454326923 0.7419086057692308 0.676862454326923 0.7419086057692308 0.656398360576923 0.7380883437500001 0.656398360576923 0.7380883437500001 0.676862454326923
0 0.7433663389423076 0.6757900985576922 0.7481416658653846 0.6757900985576922 0.7481416658653846 0.6646197427884615 0.7433663389423076 0.6646197427884615 0.7433663389423076 0.6757900985576922
0 0.7433160721153846 0.6571132620192308 0.7400990096153847 0.6571132620192308 0.7400990096153847 0.6753432860576923 0.7433160721153846 0.6753432860576923 0.7433160721153846 0.6571132620192308
0 0.7178992331730769 0.6253782788461538 0.7139281730769231 0.6253782788461538 0.7139281730769231 0.6408380528846155 0.7178992331730769 0.6408380528846155 0.7178992331730769 0.6253782788461538
0 0.7371002620192308 0.5844477139423077 0.7412422307692308 0.5844477139423077 0.7412422307692308 0.5722943653846154 0.7371002620192308 0.5722943653846154 0.7371002620192308 0.5844477139423077
0 0.7499685144230769 0.5602839975961539 0.7463091057692307 0.5602839975961539 0.7463091057692307 0.5690058125 0.7499685144230769 0.5690058125 0.7499685144230769 0.5602839975961539
0 0.7264035288461539 0.5741531129807692 0.7294195240384614 0.5741531129807692 0.7294195240384614 0.5631436105769231 0.7264035288461539 0.5631436105769231 0.7264035288461539 0.5741531129807692
0 0.9959290336538462 0.5931536225961538 0.9929371658653847 0.5931536225961538 0.9929371658653847 0.6040773389423078 0.9959290336538462 0.6040773389423078 0.9959290336538462 0.5931536225961538
0 0.9949317427884616 0.5936683533653846 0.9903635144230769 0.5936683533653846 0.9903635144230769 0.6066509879807692 0.9949317427884616 0.6066509879807692 0.9949317427884616 0.5936683533653846
0 0.98024446875 0.6488025961538462 0.9859780048076924 0.6488025961538462 0.9859780048076924 0.6330244687500001 0.98024446875 0.6330244687500001 0.98024446875 0.6488025961538462
0 0.9257126634615385 0.6708774014423077 0.9314229495192308 0.6708774014423077 0.9314229495192308 0.6517180048076923 0.9257126634615385 0.6517180048076923 0.9257126634615385 0.6708774014423077
0 0.7484432764423077 0.7898033245192307 0.7537448317307691 0.7898033245192307 0.7537448317307691 0.7610047475961538 0.7484432764423077 0.7610047475961538 0.7484432764423077 0.7898033245192307
0 0.7715148629807692 0.7802037980769231 0.7775036562500001 0.7802037980769231 0.7775036562500001 0.7526609807692307 0.7715148629807692 0.7526609807692307 0.7715148629807692 0.7802037980769231
0 0.7909539014423077 0.7906760072115385 0.7970408725961539 0.7906760072115385 0.7970408725961539 0.7610047475961538 0.7909539014423077 0.7610047475961538 0.7909539014423077 0.7906760072115385
0 0.7939298918269231 0.7574183485576923 0.8012342572115384 0.7574183485576923 0.8012342572115384 0.72795653125 0.7939298918269231 0.72795653125 0.7939298918269231 0.7574183485576923
0 0.8006530504807692 0.7211944759615385 0.7939927235576923 0.7211944759615385 0.7939927235576923 0.7453224471153846 0.8006530504807692 0.7453224471153846 0.8006530504807692 0.7211944759615385
1 0.9586262980769231 0.8871594278846153 0.8879177908653847 0.8871594278846153 0.8879177908653847 0.9366953317307692 0.9586262980769231 0.9366953317307692 0.9586262980769231 0.8871594278846153
0 0.49342711298076924 0.6139711057692308 0.4899084495192308 0.6139711057692308 0.4899084495192308 0.6230861177884616 0.49342711298076924 0.6230861177884616 0.49342711298076924 0.6139711057692308
0 0.2366437259615385 0.8005610889423077 0.24186084855769233 0.8005610889423077 0.24186084855769233 0.7728287091346153 0.2366437259615385 0.7728287091346153 0.2366437259615385 0.8005610889423077
0 0.22686362259615384 0.8317323581730769 0.2318568798076923 0.8317323581730769 0.2318568798076923 0.8018041129807691 0.22686362259615384 0.8018041129807691 0.22686362259615384 0.8317323581730769
0 0.27389221153846155 0.8158822812500001 0.2798085360576923 0.8158822812500001 0.2798085360576923 0.7891094110576924 0.27389221153846155 0.7891094110576924 0.27389221153846155 0.8158822812500001
0 0.26625477163461536 0.8274519879807692 0.2724400216346154 0.8274519879807692 0.2724400216346154 0.7999141778846154 0.26625477163461536 0.7999141778846154 0.26625477163461536 0.8274519879807692
0 0.28920698076923074 0.7174354639423076 0.28533447596153844 0.7174354639423076 0.28533447596153844 0.7295215024038462 0.28920698076923074 0.7295215024038462 0.28920698076923074 0.7174354639423076
1 0.32059751923076923 0.6364781177884615 0.28960823798076923 0.6364781177884615 0.28960823798076923 0.69455821875 0.32059751923076923 0.69455821875 0.32059751923076923 0.6364781177884615
1 0.3295266346153846 0.6638929399038461 0.3295266346153846 0.6157485649038462 0.3026342427884615 0.6157485649038462 0.3026342427884615 0.6725213942307692 0.3295266346153846 0.6725213942307692 0.3295266346153846 0.6638929399038461
0 0.33771537019230774 0.6662558942307691 0.3338428653846154 0.6662558942307691 0.3338428653846154 0.6819371490384616 0.33771537019230774 0.6819371490384616 0.33771537019230774 0.6662558942307691
0 0.34471728846153843 0.6511669230769231 0.3422664230769231 0.6511669230769231 0.3422664230769231 0.6622310048076923 0.34471728846153843 0.6622310048076923 0.34471728846153843 0.6511669230769231
0 0.3362631802884615 0.667028701923077 0.3411649110576923 0.667028701923077 0.3411649110576923 0.6522439591346154 0.3362631802884615 0.6522439591346154 0.3362631802884615 0.667028701923077
1 0.3295987620192308 0.6511669230769231 0.34471728846153843 0.6511669230769231 0.34471728846153843 0.6481152163461539 0.34471728846153843 0.6090324591346155 0.3284020504807692 0.6090324591346155 0.3284020504807692 0.6511669230769231 0.3291684831730769 0.6511669230769231 0.3295987620192308 0.6511669230769231
1 0.3362631802884615 0.6508855600961538 0.3291684831730769 0.6508855600961538 0.3291684831730769 0.6615947067307691 0.3362631802884615 0.6615947067307691 0.3362631802884615 0.6508855600961538
0 0.3813120408653846 0.6248833125 0.3767941201923077 0.6248833125 0.3767941201923077 0.6414824927884616 0.3813120408653846 0.6414824927884616 0.3813120408653846 0.6248833125
0 0.36608234134615386 0.6675351274038461 0.36986879086538466 0.6675351274038461 0.36986879086538466 0.6481821658653846 0.36608234134615386 0.6481821658653846 0.36608234134615386 0.6675351274038461
0 0.42101075961538464 0.6720806826923076 0.4166735552884615 0.6720806826923076 0.4166735552884615 0.6857560889423078 0.42101075961538464 0.6857560889423078 0.42101075961538464 0.6720806826923076
0 0.42343007451923076 0.694721108173077 0.42601113221153847 0.694721108173077 0.42601113221153847 0.6754063942307693 0.42343007451923076 0.6754063942307693 0.42343007451923076 0.694721108173077
0 0.5507000120192308 0.5800445240384615 0.5483843870192308 0.5800445240384615 0.5483843870192308 0.5910223100961539 0.5507000120192308 0.5910223100961539 0.5507000120192308 0.5800445240384615