0 0.03648224278846154 0.3884169278846154 0.031003451923076925 0.3884169278846154 0.031003451923076925 0.40216761778846155 0.03648224278846154 0.40216761778846155 0.03648224278846154 0.3884169278846154
0 0.13590617067307692 0.3967246370192308 0.13091080528846152 0.3967246370192308 0.13091080528846152 0.41018885096153845 0.13590617067307692 0.41018885096153845 0.13590617067307692 0.3967246370192308
0 0.17803840384615383 0.4336164519230769 0.17460623076923076 0.4336164519230769 0.17460623076923076 0.44422391586538457 0.17803840384615383 0.44422391586538457 0.17803840384615383 0.4336164519230769
0 0.1827906418269231 0.4306125673076923 0.17634871875000002 0.4306125673076923 0.17634871875000002 0.4430035889423077 0.1827906418269231 0.4430035889423077 0.1827906418269231 0.4306125673076923
0 0.22603600961538461 0.39550467307692305 0.22086135096153844 0.39550467307692305 0.22086135096153844 0.4109934519230769 0.22603600961538461 0.4109934519230769 0.22603600961538461 0.39550467307692305
0 0.2978880360576923 0.43435018990384616 0.29403344230769235 0.43435018990384616 0.29403344230769235 0.44852476682692305 0.2978880360576923 0.44852476682692305 0.2978880360576923 0.43435018990384616
0 0.29577593028846155 0.4249630504807692 0.2910764951923077 0.4249630504807692 0.2910764951923077 0.44167215625 0.29577593028846155 0.44167215625 0.29577593028846155 0.4249630504807692
0 0.2776646225961538 0.40055649519230774 0.2734404110576923 0.40055649519230774 0.2734404110576923 0.41538817067307693 0.2776646225961538 0.41538817067307693 0.2776646225961538 0.40055649519230774
0 0.27417964903846154 0.39736486778846153 0.2695858173076923 0.39736486778846153 0.2695858173076923 0.41369848557692307 0.27417964903846154 0.41369848557692307 0.27417964903846154 0.39736486778846153
0 0.2714867139423077 0.38037414903846156 0.2666816730769231 0.38037414903846156 0.2666816730769231 0.3941732403846154 0.2714867139423077 0.3941732403846154 0.2714867139423077 0.38037414903846156
0 0.27534130528846157 0.3734276682692308 0.2712226995192308 0.3734276682692308 0.2712226995192308 0.38703901682692304 0.27534130528846157 0.38703901682692304 0.27534130528846157 0.3734276682692308
0 0.2794071105769231 0.37126862499999996 0.2759221346153846 0.37126862499999996 0.2759221346153846 0.38347190384615387 0.2794071105769231 0.38347190384615387 0.2794071105769231 0.37126862499999996
0 0.2908652860576923 0.4004626225961539 0.2867994807692308 0.4004626225961539 0.2867994807692308 0.41360461538461535 0.2908652860576923 0.41360461538461535 0.2908652860576923 0.4004626225961539
0 0.2960399447115385 0.3975526105769231 0.2909180865384615 0.3975526105769231 0.2909180865384615 0.4135107427884615 0.2960399447115385 0.4135107427884615 0.2960399447115385 0.3975526105769231
0 0.3148904879807692 0.4237427235576923 0.3059668413461539 0.4237427235576923 0.3059668413461539 0.43716632932692306 0.3148904879807692 0.43716632932692306 0.3148904879807692 0.4237427235576923
0 0.3220188461538462 0.4003687524038462 0.3183754639423077 0.4003687524038462 0.3183754639423077 0.4085355600961539 0.3220188461538462 0.4085355600961539 0.3220188461538462 0.4003687524038462
0 0.3183754639423077 0.3995239086538461 0.31320080528846156 0.3995239086538461 0.31320080528846156 0.40759684615384617 0.3183754639423077 0.40759684615384617 0.3183754639423077 0.3995239086538461
0 0.31911469951923077 0.3816883485576923 0.3147320817307693 0.3816883485576923 0.3147320817307693 0.39070000000000005 0.31911469951923077 0.39070000000000005 0.31911469951923077 0.3816883485576923
0 0.31430966105769226 0.3812189927884615 0.30997984375 0.3812189927884615 0.30997984375 0.3900429014423077 0.31430966105769226 0.3900429014423077 0.31430966105769226 0.3812189927884615
0 0.3462552620192308 0.3812189927884615 0.3420838509615385 0.3812189927884615 0.3420838509615385 0.39107548557692307 0.3462552620192308 0.39107548557692307 0.3462552620192308 0.3812189927884615
0 0.3409749951923077 0.38103125 0.3363811658653846 0.38103125 0.3363811658653846 0.39070000000000005 0.3409749951923077 0.39070000000000005 0.3409749951923077 0.38103125
0 0.3403413653846154 0.3731460528846154 0.3348498894230769 0.3731460528846154 0.3348498894230769 0.38394126201923073 0.3403413653846154 0.38394126201923073 0.3403413653846154 0.3731460528846154
0 0.3465720769230769 0.39896068028846154 0.34313990625 0.39896068028846154 0.34313990625 0.4070336201923077 0.3465720769230769 0.4070336201923077 0.3465720769230769 0.39896068028846154
0 0.3506906826923077 0.3986790673076923 0.34715290624999995 0.3986790673076923 0.34715290624999995 0.40834781971153844 0.3506906826923077 0.40834781971153844 0.3506906826923077 0.3986790673076923
0 0.3662674639423077 0.37126862499999996 0.36204325240384616 0.37126862499999996 0.36204325240384616 0.37990479326923077 0.3662674639423077 0.37990479326923077 0.3662674639423077 0.37126862499999996
0 0.3762999663461538 0.37990479326923077 0.3722869663461538 0.37990479326923077 0.3722869663461538 0.38835321634615383 0.3762999663461538 0.38835321634615383 0.3762999663461538 0.37990479326923077
0 0.37804245432692307 0.39943003846153846 0.3740822572115385 0.39943003846153846 0.3740822572115385 0.40816007692307693 0.37804245432692307 0.40816007692307693 0.37804245432692307 0.39943003846153846
0 0.38290029807692305 0.39830358173076924 0.37841207211538463 0.39830358173076924 0.37841207211538463 0.40994363221153846 0.38290029807692305 0.40994363221153846 0.38290029807692305 0.39830358173076924
0 0.37835926923076924 0.41886141105769226 0.3730790048076923 0.41886141105769226 0.3730790048076923 0.43463180288461534 0.37835926923076924 0.43463180288461534 0.37835926923076924 0.41886141105769226
0 0.42477637740384616 0.37052501682692307 0.4204993629807693 0.37052501682692307 0.4204993629807693 0.3779408557692308 0.42477637740384616 0.3779408557692308 0.42477637740384616 0.37052501682692307
0 0.42018254807692307 0.37024340144230766 0.41643355769230767 0.37024340144230766 0.41643355769230767 0.37850408413461534 0.42018254807692307 0.37850408413461534 0.42018254807692307 0.37024340144230766
0 0.4126317692307693 0.3998128846153846 0.40909399038461536 0.3998128846153846 0.40909399038461536 0.4070409807692308 0.4126317692307693 0.4070409807692308 0.4126317692307693 0.3998128846153846
0 0.4080907403846154 0.3846998509615384 0.4080907403846154 0.38141409615384614 0.4043417524038461 0.38141409615384614 0.4043417524038461 0.38732799278846153 0.4080907403846154 0.38732799278846153 0.4080907403846154 0.3846998509615384
0 0.4034969110576923 0.3831976514423077 0.3992726995192308 0.3831976514423077 0.3992726995192308 0.3888299350961538 0.4034969110576923 0.3888299350961538 0.4034969110576923 0.3831976514423077
0 0.015008947115384615 0.2566205961538462 0.009369016826923078 0.2566205961538462 0.009369016826923078 0.2643553581730769 0.015008947115384615 0.2643553581730769 0.015008947115384615 0.2566205961538462
0 0.3492503629807692 0.44456831009615383 0.3432275625 0.44456831009615383 0.3432275625 0.45630223317307694 0.3492503629807692 0.45630223317307694 0.3492503629807692 0.44456831009615383
0 0.5711868100961538 0.36090968990384614 0.5673916201923077 0.36090968990384614 0.5673916201923077 0.37499039663461536 0.5711868100961538 0.37499039663461536 0.5711868100961538 0.36090968990384614
0 0.5668140913461538 0.3801239879807692 0.5638439423076923 0.3801239879807692 0.5638439423076923 0.3871643389423077 0.5668140913461538 0.3871643389423077 0.5668140913461538 0.3801239879807692
0 0.5646689831730769 0.3805640096153846 0.5608737932692308 0.3805640096153846 0.5608737932692308 0.39200458173076924 0.5646689831730769 0.39200458173076924 0.5646689831730769 0.3805640096153846
0 0.5891727115384615 0.4101921610576923 0.5851300096153846 0.4101921610576923 0.5851300096153846 0.4225127788461539 0.5891727115384615 0.4225127788461539 0.5891727115384615 0.4101921610576923
0 0.5906577860576923 0.3812973798076923 0.5866150841346154 0.3812973798076923 0.5866150841346154 0.3943513677884616 0.5906577860576923 0.3943513677884616 0.5906577860576923 0.3812973798076923
0 0.5797672403846155 0.3732303076923077 0.5751470096153846 0.3732303076923077 0.5751470096153846 0.38789770913461535 0.5797672403846155 0.38789770913461535 0.5797672403846155 0.3732303076923077
0 0.5772921177884616 0.3871643389423077 0.5729193966346154 0.3871643389423077 0.5729193966346154 0.39757819471153844 0.5772921177884616 0.39757819471153844 0.5772921177884616 0.3871643389423077
0 0.5810873076923077 0.3876043629807692 0.5764670745192307 0.3876043629807692 0.5764670745192307 0.3988982620192308 0.5810873076923077 0.3988982620192308 0.5810873076923077 0.3876043629807692
0 0.5846349855769231 0.38848440624999997 0.5819948509615385 0.38848440624999997 0.5819948509615385 0.39523141105769233 0.5846349855769231 0.39523141105769233 0.5846349855769231 0.38848440624999997
0 0.5953605216346154 0.3666299783653846 0.5928028942307693 0.3666299783653846 0.5928028942307693 0.37205691586538464 0.5953605216346154 0.37205691586538464 0.5953605216346154 0.3666299783653846
0 0.603940951923077 0.3689767620192308 0.5975881346153846 0.3689767620192308 0.5975881346153846 0.3760171153846154 0.603940951923077 0.3760171153846154 0.603940951923077 0.3689767620192308
0 0.59428796875 0.34022865384615386 0.5902452668269231 0.34022865384615386 0.5902452668269231 0.34800237740384615 0.59428796875 0.34800237740384615 0.59428796875 0.34022865384615386
0 0.610788795673077 0.32365449038461536 0.6078186466346154 0.32365449038461536 0.6078186466346154 0.3315748870192308 0.610788795673077 0.3315748870192308 0.610788795673077 0.32365449038461536
0 0.6634418750000001 0.3561077596153846 0.6584142788461539 0.3561077596153846 0.6584142788461539 0.3675666682692308 0.6634418750000001 0.3675666682692308 0.6634418750000001 0.3561077596153846
0 0.7505229519230769 0.3419482043269231 0.7459687235576923 0.3419482043269231 0.7459687235576923 0.35391680528846153 0.7505229519230769 0.35391680528846153 0.7505229519230769 0.3419482043269231
0 0.7974513052884615 0.38817985576923075 0.7920390336538462 0.38817985576923075 0.7920390336538462 0.3952202091346154 0.7974513052884615 0.3952202091346154 0.7974513052884615 0.38817985576923075
0 0.8538181298076922 0.40308193509615386 0.8497919278846153 0.40308193509615386 0.8497919278846153 0.417632 0.8538181298076922 0.417632 0.8538181298076922 0.40308193509615386
0 0.8612105000000001 0.4061327548076923 0.8563922572115386 0.4061327548076923 0.8563922572115386 0.4210348365384616 0.8612105000000001 0.4210348365384616 0.8612105000000001 0.4061327548076923
0 0.8666227716346153 0.40519404086538463 0.8635206153846154 0.40519404086538463 0.8635206153846154 0.4196267668269231 0.8666227716346153 0.4196267668269231 0.8666227716346153 0.40519404086538463
0 0.8721010456730769 0.4061327548076923 0.867744826923077 0.4061327548076923 0.867744826923077 0.41927474759615385 0.8721010456730769 0.41927474759615385 0.8721010456730769 0.4061327548076923
0 0.880813483173077 0.38008344951923073 0.8770512932692308 0.38008344951923073 0.8770512932692308 0.3886492139423077 0.880813483173077 0.3886492139423077 0.880813483173077 0.38008344951923073
0 0.8882058533653846 0.38231289423076925 0.8816715264423076 0.38231289423076925 0.8816715264423076 0.3926387451923077 0.8882058533653846 0.3926387451923077 0.8882058533653846 0.38231289423076925
0 0.913287110576923 0.3838383052884616 0.90919490625 0.3838383052884616 0.90919490625 0.3995617596153846 0.913287110576923 0.3995617596153846 0.913287110576923 0.3838383052884616
0 0.9167192836538463 0.3920520504807692 0.9141451538461538 0.3920520504807692 0.9141451538461538 0.40014845673076926 0.9167192836538463 0.40014845673076926 0.9167192836538463 0.3920520504807692
0 0.9205474735576923 0.3905266394230769 0.9177753365384616 0.3905266394230769 0.9177753365384616 0.3995617596153846 0.9205474735576923 0.3995617596153846 0.9205474735576923 0.3905266394230769
0 0.9359922475961538 0.39228672836538464 0.9316360312499999 0.39228672836538464 0.9316360312499999 0.4034339543269231 0.9359922475961538 0.4034339543269231 0.9359922475961538 0.39228672836538464
0 0.6152736442307692 0.32761829807692305 0.610893983173077 0.32761829807692305 0.610893983173077 0.34035476682692306 0.6152736442307692 0.34035476682692306 0.6152736442307692 0.32761829807692305
0 0.6049563245192308 0.3071434519230769 0.60159015625 0.3071434519230769 0.60159015625 0.3174693028846154 0.6049563245192308 0.3174693028846154 0.6049563245192308 0.3071434519230769
0 0.5784889975961538 0.3046793269230769 0.5749248197115384 0.3046793269230769 0.5749248197115384 0.31629591105769234 0.5784889975961538 0.31629591105769234 0.5784889975961538 0.3046793269230769
0 0.4567288798076923 0.43929628365384615 0.45171262740384616 0.43929628365384615 0.45171262740384616 0.45619312980769233 0.4567288798076923 0.45619312980769233 0.4567288798076923 0.43929628365384615
1 0.4420761442307692 0.47273795913461536 0.43666387259615386 0.47273795913461536 0.43666387259615386 0.48787471875 0.4420761442307692 0.48787471875 0.4420761442307692 0.47273795913461536
1 0.45059057211538456 0.47977831249999997 0.4458383341346154 0.47977831249999997 0.4458383341346154 0.48646664903846154 0.45059057211538456 0.48646664903846154 0.45059057211538456 0.47977831249999997
1 0.4346177716346154 0.4898694855769231 0.4304595625 0.4898694855769231 0.4304595625 0.5004300144230769 0.4346177716346154 0.5004300144230769 0.4346177716346154 0.4898694855769231
1 0.4304595625 0.49385901923076925 0.4272914038461538 0.49385901923076925 0.4272914038461538 0.49984331971153845 0.4304595625 0.49984331971153845 0.4304595625 0.49385901923076925
1 0.34548489182692305 0.4657658918269231 0.34110186057692304 0.4657658918269231 0.34110186057692304 0.4808916514423077 0.34548489182692305 0.4808916514423077 0.34548489182692305 0.4657658918269231
1 0.3100452403846154 0.4877999975961539 0.30694308653846153 0.4877999975961539 0.30694308653846153 0.4943709927884615 0.3100452403846154 0.4943709927884615 0.3100452403846154 0.4877999975961539
1 0.297768625 0.5071609687499999 0.2945344639423077 0.5071609687499999 0.2945344639423077 0.511971875 0.297768625 0.511971875 0.297768625 0.5071609687499999
1 0.3165135649038462 0.5171348004807692 0.31347741346153846 0.5171348004807692 0.31347741346153846 0.5246445120192308 0.3165135649038462 0.5246445120192308 0.3165135649038462 0.5171348004807692
1 0.3664780697115385 0.5319195432692307 0.36099979567307694 0.5319195432692307 0.36099979567307694 0.5428320889423077 0.3664780697115385 0.5428320889423077 0.3664780697115385 0.5319195432692307
1 0.3740024471153846 0.5253485456730769 0.36971223076923077 0.5253485456730769 0.36971223076923077 0.5321542211538461 0.3740024471153846 0.5321542211538461 0.3740024471153846 0.5253485456730769
1 0 0.51406871875 0.0057430600961538465 0.51406871875 0.0057430600961538465 0.5012347427884616 0 0.5012347427884616 0 0.51406871875
1 0.018376504807692307 0.42789773317307694 0.018376504807692307 0.4175847163461538 0.016797127403846153 0.4175847163461538 0.012575432692307691 0.4175847163461538 0.012575432692307691 0.42789773317307694 0.018376504807692307 0.42789773317307694
1 0.08012569471153846 0.4531073293269231 0.07368005769230769 0.4531073293269231 0.07368005769230769 0.4620452788461539 0.08012569471153846 0.4620452788461539 0.08012569471153846 0.4531073293269231
1 0.20078799278846154 0.45104472596153844 0.19550257211538463 0.45104472596153844 0.19550257211538463 0.4659413052884615 0.20078799278846154 0.4659413052884615 0.20078799278846154 0.45104472596153844
1 0.18725215865384615 0.4867965192307692 0.18093543509615387 0.4867965192307692 0.18093543509615387 0.49710953605769226 0.18725215865384615 0.49710953605769226 0.18725215865384615 0.4867965192307692
1 0.16366113221153847 0.49573446634615387 0.15902027403846153 0.49573446634615387 0.15902027403846153 0.5081100865384616 0.16366113221153847 0.5081100865384616 0.16366113221153847 0.49573446634615387
1 0.14690248076923076 0.5165896778846154 0.13903880528846152 0.5165896778846154 0.13903880528846152 0.5271318725961538 0.14690248076923076 0.5271318725961538 0.14690248076923076 0.5165896778846154
1 0.17371632451923077 0.5287361201923078 0.16598156009615384 0.5287361201923078 0.16598156009615384 0.5424868100961538 0.17371632451923077 0.5424868100961538 0.17371632451923077 0.5287361201923078
1 0.1837715144230769 0.5216315985576924 0.17526327644230769 0.5216315985576924 0.17526327644230769 0.5333196826923077 0.1837715144230769 0.5333196826923077 0.1837715144230769 0.5216315985576924
1 0.4502357451923077 0.39163605528846157 0.43538500240384614 0.39163605528846157 0.43538500240384614 0.4099409735576923 0.4502357451923077 0.4099409735576923 0.4502357451923077 0.39163605528846157
1 0.43868516826923076 0.3715710504807692 0.42898268028846154 0.3715710504807692 0.42898268028846154 0.38870257692307697 0.43868516826923076 0.38870257692307697 0.43868516826923076 0.3715710504807692
1 0.4704327596153846 0.3709843557692307 0.4590801899038462 0.3709843557692307 0.4590801899038462 0.3901106466346154 0.4704327596153846 0.3901106466346154 0.4704327596153846 0.3709843557692307
1 0.48020124759615385 0.3579597019230769 0.47030075240384617 0.3579597019230769 0.47030075240384617 0.3779073677884615 0.48020124759615385 0.3779073677884615 0.48020124759615385 0.3579597019230769
1 0.4946683485576923 0.36982562980769235 0.48456159134615384 0.36982562980769235 0.48456159134615384 0.38522640144230774 0.4946683485576923 0.38522640144230774 0.4946683485576923 0.36982562980769235
1 0.4803332548076923 0.39237675961538465 0.47002023798076925 0.39237675961538465 0.47002023798076925 0.40777753125000005 0.4803332548076923 0.40777753125000005 0.4803332548076923 0.39237675961538465
1 0.5050844951923077 0.3608418461538462 0.49580278125000005 0.3608418461538462 0.49580278125000005 0.37660930288461536 0.5050844951923077 0.37660930288461536 0.5050844951923077 0.3608418461538462
1 0.6200281682692308 0.34586026923076924 0.6099323028846154 0.34586026923076924 0.6099323028846154 0.36298240624999994 0.6200281682692308 0.36298240624999994 0.6200281682692308 0.34586026923076924
1 0.6256041274038461 0.3332439567307693 0.6174936418269231 0.3332439567307693 0.6174936418269231 0.3515676490384615 0.6256041274038461 0.3515676490384615 0.6256041274038461 0.3332439567307693
1 0.6441061754807692 0.35937774519230764 0.6336301298076923 0.35937774519230764 0.6336301298076923 0.37815202163461537 0.6441061754807692 0.37815202163461537 0.6441061754807692 0.35937774519230764
1 0.6319404447115384 0.3754485240384616 0.6217600961538461 0.3754485240384616 0.6217600961538461 0.3939975072115385 0.6319404447115384 0.3939975072115385 0.6319404447115384 0.3754485240384616
1 0.6798430072115385 0.36155556250000004 0.6698738677884616 0.36155556250000004 0.6698738677884616 0.37942867067307695 0.6798430072115385 0.37942867067307695 0.6798430072115385 0.36155556250000004
0 0.41865012740384616 0.2908634951923077 0.4157459807692308 0.2908634951923077 0.4157459807692308 0.30175257451923077 0.41865012740384616 0.30175257451923077 0.41865012740384616 0.2908634951923077
0 0.4366030264423077 0.27734601923076924 0.4334876706730769 0.27734601923076924 0.4334876706730769 0.28898606971153845 0.4366030264423077 0.28898606971153845 0.4366030264423077 0.27734601923076924
0 0.4355997764423077 0.3098255120192308 0.43248442067307696 0.3098255120192308 0.43248442067307696 0.31752296634615385 0.4355997764423077 0.31752296634615385 0.4355997764423077 0.3098255120192308
0 0.43190359134615386 0.30945002884615386 0.42905224759615385 0.30945002884615386 0.42905224759615385 0.3173352235576923 0.43190359134615386 0.3173352235576923 0.43190359134615386 0.30945002884615386
0 0.4756769855769231 0.2777215048076923 0.47261443269230774 0.2777215048076923 0.47261443269230774 0.2895492980769231 0.4756769855769231 0.2895492980769231 0.4756769855769231 0.2777215048076923
0 0.4732480625 0.28044377403846155 0.4694990769230769 0.28044377403846155 0.4694990769230769 0.29076962500000003 0.4732480625 0.29076962500000003 0.4732480625 0.28044377403846155
1 0.6540698052884615 0.3450796682692308 0.6447765384615385 0.3450796682692308 0.6447765384615385 0.3635235168269231 0.6540698052884615 0.3635235168269231 0.6540698052884615 0.3450796682692308
1 0.6606933677884614 0.3379905048076923 0.6521097692307692 0.3379905048076923 0.6521097692307692 0.35042658413461536 0.6606933677884614 0.35042658413461536 0.6606933677884614 0.3379905048076923
1 0.6949513028846154 0.33353574278846154 0.6874322067307692 0.33353574278846154 0.6874322067307692 0.34960652403846154 0.6949513028846154 0.34960652403846154 0.6949513028846154 0.33353574278846154
0 0.6826166057692308 0.3521598245192308 0.6776742764423077 0.3521598245192308 0.6776742764423077 0.36229793269230764 0.6826166057692308 0.36229793269230764 0.6826166057692308 0.3521598245192308
0 0.6676628942307693 0.3791947788461538 0.6597213774038462 0.3791947788461538 0.6597213774038462 0.38978347115384615 0.6676628942307693 0.38978347115384615 0.6676628942307693 0.3791947788461538
0 0.7014143461538461 0.37866910096153844 0.6949513028846154 0.37866910096153844 0.6949513028846154 0.3875305576923077 0.7014143461538461 0.3875305576923077 0.7014143461538461 0.37866910096153844
0 0.798236579326923 0.3739379831730769 0.789491141826923 0.3739379831730769 0.789491141826923 0.3828850961538462 0.798236579326923 0.3828850961538462 0.798236579326923 0.3739379831730769
0 0.7516253004807693 0.3644388221153846 0.7466090504807692 0.3644388221153846 0.7466090504807692 0.37535137019230774 0.7516253004807693 0.37535137019230774 0.7516253004807693 0.3644388221153846
0 0.7470710745192307 0.36314809134615383 0.7430448701923077 0.36314809134615383 0.7430448701923077 0.373239264423077 0.7470710745192307 0.373239264423077 0.7470710745192307 0.36314809134615383
1 0.7425828485576923 0.37100981971153846 0.7330123677884616 0.37100981971153846 0.7330123677884616 0.38837602403846155 0.7425828485576923 0.38837602403846155 0.7425828485576923 0.37100981971153846
1 0.7173695841346154 0.3592758966346154 0.7071390721153846 0.3592758966346154 0.7071390721153846 0.3798102596153846 0.7173695841346154 0.3798102596153846 0.7173695841346154 0.3592758966346154
1 0.7251579759615385 0.34390445913461537 0.7162475288461538 0.34390445913461537 0.7162475288461538 0.36080130769230767 0.7251579759615385 0.36080130769230767 0.7251579759615385 0.34390445913461537
1 0.7772345865384616 0.3569291129807692 0.7650899759615384 0.3569291129807692 0.7650899759615384 0.3739432980769231 0.7772345865384616 0.3739432980769231 0.7772345865384616 0.3569291129807692
0 0.7694461947115384 0.37464733413461543 0.7594136923076923 0.37464733413461543 0.7594136923076923 0.38520786298076926 0.7694461947115384 0.38520786298076926 0.7694461947115384 0.37464733413461543
1 0.8886822043269231 0.36028024759615385 0.8796892524038462 0.36028024759615385 0.8796892524038462 0.3720141682692307 0.8886822043269231 0.3720141682692307 0.8886822043269231 0.36028024759615385
1 0.8475951442307692 0.36028024759615385 0.8376946466346153 0.36028024759615385 0.8376946466346153 0.3746543028846154 0.8475951442307692 0.3746543028846154 0.8475951442307692 0.36028024759615385
1 0.8301867716346153 0.3692273629807692 0.8189662091346155 0.3692273629807692 0.8189662091346155 0.3827213725961538 0.8301867716346153 0.3827213725961538 0.8301867716346153 0.3692273629807692
1 0.8345594903846153 0.3831613942307692 0.8210288124999999 0.3831613942307692 0.8210288124999999 0.39841549278846156 0.8345594903846153 0.39841549278846156 0.8345594903846153 0.3831613942307692
1 0.9981651923076923 0.33270553124999996 0.9894197524038462 0.33270553124999996 0.9894197524038462 0.35294654807692305 0.9981651923076923 0.35294654807692305 0.9981651923076923 0.33270553124999996
1 0.4630220144230769 0.5105493557692308 0.4482537764423077 0.5105493557692308 0.4482537764423077 0.5250700841346154 0.4630220144230769 0.5250700841346154 0.4630220144230769 0.5105493557692308
1 0.5124419927884616 0.48561477403846154 0.5038615625 0.48561477403846154 0.5038615625 0.49910878125 0.5124419927884616 0.49910878125 0.5124419927884616 0.48561477403846154
1 0.5065016947115384 0.5036556778846154 0.4993238365384615 0.5036556778846154 0.4993238365384615 0.5124561177884616 0.5065016947115384 0.5124561177884616 0.5065016947115384 0.5036556778846154
1 0.5582317884615384 0.4992554567307692 0.5537765649038462 0.4992554567307692 0.5537765649038462 0.5067358317307693 0.5582317884615384 0.5067358317307693 0.5582317884615384 0.4992554567307692
1 0.5713499447115384 0.5123094447115385 0.5713499447115384 0.5067358317307693 0.5654921514423077 0.5067358317307693 0.5654921514423077 0.5123094447115385 0.5672247379807692 0.5123094447115385 0.5713499447115384 0.5123094447115385
1 0.6418084783653846 0.48194792307692313 0.6352081466346153 0.48194792307692313 0.6352081466346153 0.4903083413461538 0.6418084783653846 0.4903083413461538 0.6418084783653846 0.48194792307692313
1 0.6550916442307693 0.47065402403846157 0.6507189254807693 0.47065402403846157 0.6507189254807693 0.47784105048076925 0.6550916442307693 0.47784105048076925 0.6550916442307693 0.47065402403846157
1 0.7455805504807693 0.48331728365384613 0.7422803846153846 0.48331728365384613 0.7422803846153846 0.4880108509615385 0.7455805504807693 0.4880108509615385 0.7455805504807693 0.48331728365384613
1 0.80943875 0.47613025721153845 0.8047360144230769 0.47613025721153845 0.8047360144230769 0.48287726201923076 0.80943875 0.48287726201923076 0.80943875 0.47613025721153845
1 0.8270121322115384 0.46204955048076923 0.814719016826923 0.46204955048076923 0.814719016826923 0.4733434495192308 0.8270121322115384 0.4733434495192308 0.8270121322115384 0.46204955048076923
1 0.8839399855769231 0.4557425673076923 0.8814648605769231 0.4557425673076923 0.8814648605769231 0.4638096394230769 0.8839399855769231 0.4638096394230769 0.8839399855769231 0.4557425673076923
1 0.8917791995192308 0.4565486875 0.8871748076923077 0.4565486875 0.8871748076923077 0.4680385432692308 0.8917791995192308 0.4680385432692308 0.8917791995192308 0.4565486875
1 0.8859497860576924 0.45940237740384615 0.8831618052884616 0.45940237740384615 0.8831618052884616 0.46631131009615384 0.8859497860576924 0.46631131009615384 0.8859497860576924 0.45940237740384615
1 0.9278962091346153 0.45940237740384615 0.9220245552884615 0.45940237740384615 0.9220245552884615 0.4724692716346154 0.9278962091346153 0.4724692716346154 0.9278962091346153 0.45940237740384615
1 0.9423430120192309 0.46465917307692306 0.9341480432692308 0.46465917307692306 0.9341480432692308 0.47322024278846153 0.9423430120192309 0.47322024278846153 0.9423430120192309 0.46465917307692306
1 0.9873986875 0.4630290384615385 0.9814171370192307 0.4630290384615385 0.9814171370192307 0.47182948076923076 0.9873986875 0.47182948076923076 0.9873986875 0.4630290384615385
1 1 0.4520284879807692 0.9960616201923076 0.4520284879807692 0.9960616201923076 0.4602789014423077 1 0.4602789014423077 1 0.4520284879807692
1 0.8724228918269231 0.47603147596153844 0.8643787379807691 0.47603147596153844 0.8643787379807691 0.4848319158653846 0.8724228918269231 0.4848319158653846 0.8724228918269231 0.47603147596153844
1 0.2853364254807692 0.8850103725961538 0.2797973701923077 0.8850103725961538 0.2797973701923077 0.8932038533653847 0.2853364254807692 0.8932038533653847 0.2853364254807692 0.8850103725961538
1 0.17285908894230767 0.5440985576923076 0.17816305048076925 0.5440985576923076 0.17816305048076925 0.5367860624999999 0.17285908894230767 0.5367860624999999 0.17285908894230767 0.5440985576923076
1 0.18341289423076923 0.533274141826923 0.18795914663461538 0.533274141826923 0.18795914663461538 0.5290887019230769 0.18341289423076923 0.5290887019230769 0.18341289423076923 0.533274141826923
1 0.5069118653846154 0.5207785793269231 0.5132014423076924 0.5207785793269231 0.5132014423076924 0.5114763485576923 0.5069118653846154 0.5114763485576923 0.5069118653846154 0.5207785793269231
1 0.4630220144230769 0.5309264687499999 0.4684873052884615 0.5309264687499999 0.4684873052884615 0.5219061225961539 0.4630220144230769 0.5219061225961539 0.4630220144230769 0.5309264687499999
1 0.8024568004807692 0.5152627620192308 0.8118383125 0.5152627620192308 0.8118383125 0.5029302572115385 0.8024568004807692 0.5029302572115385 0.8024568004807692 0.5152627620192308