1 0.0875970625 0.3112429326923077 0.0875970625 0.2975207475961538 0.0024248846153846156 0.2975207475961538 0.0024248846153846156 0.3637657764423077 0.0875970625 0.3637657764423077 0.0875970625 0.3112429326923077
1 0.20738907211538463 0.3617067740384616 0.20738907211538463 0.30992884855769226 0.0845840985576923 0.30992884855769226 0.0845840985576923 0.3617067740384616 0.14967240625 0.3617067740384616 0.20738907211538463 0.3617067740384616
1 0.3051642091346154 0.3866862860576923 0.3051642091346154 0.33750597836538465 0.205138 0.33750597836538465 0.205138 0.3866862860576923 0.22119680769230768 0.3866862860576923 0.3051642091346154 0.3866862860576923
1 0.41237003125 0.3734551274038462 0.35913741826923073 0.3734551274038462 0.35913741826923073 0.41963737500000003 0.41237003125 0.41963737500000003 0.41237003125 0.3734551274038462
1 0.48561810576923076 0.40563128365384615 0.48561810576923076 0.3882183052884616 0.41449933653846155 0.3882183052884616 0.41449933653846155 0.44764956009615386 0.48561810576923076 0.44764956009615386 0.48561810576923076 0.40563128365384615
1 0.48093363701923075 0.48323260336538465 0.5710032163461538 0.48323260336538465 0.5710032163461538 0.3950320793269231 0.48093363701923075 0.3950320793269231 0.48093363701923075 0.48323260336538465
1 0.700252 0.42039446153846155 0.5739842427884615 0.42039446153846155 0.5739842427884615 0.5218439927884615 0.700252 0.5218439927884615 0.700252 0.42039446153846155
1 0.8688929158653846 0.4446212139423077 0.7042976778846154 0.4446212139423077 0.7042976778846154 0.5634837235576924 0.8688929158653846 0.5634837235576924 0.8688929158653846 0.4446212139423077
1 1 0.48361114663461535 0.87485496875 0.48361114663461535 0.87485496875 0.6084458461538461 1 0.6084458461538461 1 0.48361114663461535
1 0.9553046947115384 0.8895591730769231 0.8884312259615386 0.8895591730769231 0.8884312259615386 0.9315537884615386 0.9553046947115384 0.9315537884615386 0.9553046947115384 0.8895591730769231
0 0.9880040240384615 0.663165141826923 0.9621862067307692 0.663165141826923 0.9621862067307692 0.7251515625 0.9880040240384615 0.7251515625 0.9880040240384615 0.663165141826923
0 0.9094859206730769 0.6839850096153846 0.8799418221153845 0.6839850096153846 0.8799418221153845 0.7966015576923078 0.9094859206730769 0.7966015576923078 0.9094859206730769 0.6839850096153846
0 0.8498653942307691 0.7563813629807693 0.8751508870192308 0.7563813629807693 0.8751508870192308 0.6527552091346155 0.8498653942307691 0.6527552091346155 0.8498653942307691 0.7563813629807693
0 0.858914939903846 0.6338280600961539 0.8373557307692308 0.6338280600961539 0.8373557307692308 0.7436055360576923 0.858914939903846 0.7436055360576923 0.858914939903846 0.6338280600961539
0 0.5306828533653847 1 0.5306828533653847 0.9249560528846155 0.4884450625 0.9249560528846155 0.4884450625 1 0.5306828533653847 1
0 0.6252196129807692 0.5311944735576923 0.6089836658653847 0.5311944735576923 0.6089836658653847 0.6140007596153846 0.6252196129807692 0.6140007596153846 0.6252196129807692 0.5311944735576923
0 0.7447268269230769 0.5709414903846154 0.7287570432692309 0.5709414903846154 0.7287570432692309 0.6173130096153846 0.7447268269230769 0.6173130096153846 0.7447268269230769 0.5709414903846154
0 0.47826433173076927 0.6138325576923077 0.47826433173076927 0.5704978846153846 0.46469001442307695 0.5704978846153846 0.46469001442307695 0.6462064903846154 0.47826433173076927 0.6462064903846154 0.47826433173076927 0.6138325576923077
0 0.4617622211538462 0.5700247067307692 0.44738941586538467 0.5700247067307692 0.44738941586538467 0.6462064903846154 0.4617622211538462 0.6462064903846154 0.4617622211538462 0.5700247067307692
0 0.5195196057692308 0.5212872932692307 0.5067437788461538 0.5212872932692307 0.5067437788461538 0.5832737115384615 0.5195196057692308 0.5832737115384615 0.5195196057692308 0.5212872932692307
0 0.53123078125 0.5208141129807692 0.5213827475961538 0.5208141129807692 0.5213827475961538 0.5894250360576924 0.53123078125 0.5894250360576924 0.53123078125 0.5208141129807692
0 0.5280368245192307 0.5880055 0.5416111394230769 0.5880055 0.5416111394230769 0.5241263653846153 0.5280368245192307 0.5241263653846153 0.5280368245192307 0.5880055
0 0.5416111394230769 0.49573563701923073 0.5269721730769231 0.49573563701923073 0.5269721730769231 0.5657660961538462 0.5416111394230769 0.5657660961538462 0.5416111394230769 0.49573563701923073
0 0.5269721730769231 0.4999942475961538 0.5139301826923077 0.4999942475961538 0.5139301826923077 0.5657660961538462 0.5269721730769231 0.5657660961538462 0.5269721730769231 0.4999942475961538
0 0.46282687499999997 0.5267676634615385 0.46282687499999997 0.5229822331730769 0.46282687499999997 0.5047260360576923 0.44818790625 0.5047260360576923 0.44818790625 0.5624538461538461 0.46282687499999997 0.5624538461538461 0.46282687499999997 0.5267676634615385
0 0.4295564903846154 0.46734491105769227 0.4199746201923077 0.46734491105769227 0.4199746201923077 0.5198677548076923 0.4295564903846154 0.5198677548076923 0.4295564903846154 0.46734491105769227
0 0.4218377620192308 0.45409590625 0.41438519711538463 0.45409590625 0.41438519711538463 0.4995210697115385 0.4218377620192308 0.4995210697115385 0.4218377620192308 0.45409590625
0 0.4354120793269231 0.46545219711538466 0.4354120793269231 0.4545690841346154 0.4295564903846154 0.4545690841346154 0.4295564903846154 0.49857471153846156 0.4354120793269231 0.49857471153846156 0.4354120793269231 0.46545219711538466
0 0.43567824278846157 0.5193945769230769 0.44286464423076927 0.5193945769230769 0.44286464423076927 0.4663985552884615 0.43567824278846157 0.4663985552884615 0.43567824278846157 0.5193945769230769
0 0.4417999927884615 0.53548265625 0.4553743076923077 0.53548265625 0.4553743076923077 0.47917438221153846 0.4417999927884615 0.47917438221153846 0.4417999927884615 0.53548265625
0 0.39868157692307693 0.4611935889423077 0.3880350528846154 0.4611935889423077 0.3880350528846154 0.5217604711538462 0.39868157692307693 0.5217604711538462 0.39868157692307693 0.4611935889423077
0 0.3880350528846154 0.4645058389423077 0.3779208557692308 0.4645058389423077 0.3779208557692308 0.5179750408653846 0.3880350528846154 0.5179750408653846 0.3880350528846154 0.4645058389423077
0 0.3710006177884615 0.5057895697115384 0.3710006177884615 0.45598862019230774 0.3582247908653846 0.45598862019230774 0.3582247908653846 0.51844821875 0.3710006177884615 0.51844821875 0.3710006177884615 0.5057895697115384
0 0.3072811826923077 0.45045913701923074 0.3072811826923077 0.44894496394230765 0.3072811826923077 0.42327439182692306 0.2970605192307692 0.42327439182692306 0.2970605192307692 0.46022019230769234 0.3072811826923077 0.46022019230769234 0.3072811826923077 0.45045913701923074
0 0.29927499759615384 0.4163092019230769 0.2934832884615385 0.4163092019230769 0.2934832884615385 0.4559805096153846 0.29927499759615384 0.4559805096153846 0.29927499759615384 0.4163092019230769
0 0.2842846923076923 0.43910284615384615 0.2842846923076923 0.4211545528846154 0.27184955528846155 0.4211545528846154 0.27184955528846155 0.4653683774038461 0.2842846923076923 0.4653683774038461 0.2842846923076923 0.43910284615384615
0 0.2705753798076923 0.40899272115384616 0.2623988509615385 0.40899272115384616 0.2623988509615385 0.44533285096153846 0.2705753798076923 0.44533285096153846 0.2705753798076923 0.40899272115384616
0 0.26103609375 0.41202106490384616 0.25439266346153844 0.41202106490384616 0.25439266346153844 0.45048103605769235 0.26103609375 0.45048103605769235 0.26103609375 0.41202106490384616
0 0.25439266346153844 0.39930201923076925 0.2472382019230769 0.39930201923076925 0.2472382019230769 0.43140246875 0.25439266346153844 0.43140246875 0.25439266346153844 0.39930201923076925
0 0.26103609375 0.39263966346153845 0.2518375 0.39263966346153845 0.2518375 0.4208032644230769 0.26103609375 0.4208032644230769 0.26103609375 0.39263966346153845
0 0.24093546153846154 0.3989991850961539 0.23803960576923078 0.3989991850961539 0.23803960576923078 0.43776199278846156 0.24093546153846154 0.43776199278846156 0.24093546153846154 0.3989991850961539
0 0.24093546153846154 0.4407903341346154 0.24638648076923075 0.4407903341346154 0.24638648076923075 0.3989991850961539 0.24093546153846154 0.3989991850961539 0.24093546153846154 0.4407903341346154
0 0.22764860096153847 0.4295854615384615 0.2184500048076923 0.4295854615384615 0.2184500048076923 0.45986890384615386 0.22764860096153847 0.45986890384615386 0.22764860096153847 0.4295854615384615
0 0.22100517067307693 0.3947595048076923 0.21521346153846155 0.3947595048076923 0.21521346153846155 0.4295854615384615 0.22100517067307693 0.4295854615384615 0.22100517067307693 0.3947595048076923
0 0.21248795192307693 0.38961131971153845 0.2073776201923077 0.38961131971153845 0.2073776201923077 0.41716925 0.21248795192307693 0.41716925 0.21248795192307693 0.38961131971153845
0 0.21351001923076923 0.4186834230769231 0.20311901201923074 0.4186834230769231 0.20311901201923074 0.4395789975961539 0.21351001923076923 0.4395789975961539 0.21351001923076923 0.4186834230769231
0 0.21521346153846155 0.3968793461538462 0.2112955408653846 0.3968793461538462 0.2112955408653846 0.4214089326923077 0.21521346153846155 0.4214089326923077 0.21521346153846155 0.3968793461538462
0 0.22119680769230768 0.41353523798076924 0.22664782692307692 0.41353523798076924 0.22664782692307692 0.3866862860576923 0.22119680769230768 0.3866862860576923 0.22119680769230768 0.41353523798076924
0 0.1800236826923077 0.3764488269230769 0.17487792067307695 0.3764488269230769 0.17487792067307695 0.40513330288461535 0.1800236826923077 0.40513330288461535 0.1800236826923077 0.3764488269230769
0 0.18551831009615385 0.37427811057692306 0.1811574951923077 0.37427811057692306 0.1811574951923077 0.38900797596153847 0.18551831009615385 0.38900797596153847 0.18551831009615385 0.37427811057692306
0 0.1800236826923077 0.36606039423076925 0.17304637740384615 0.36606039423076925 0.17304637740384615 0.3764488269230769 0.1800236826923077 0.3764488269230769 0.1800236826923077 0.36606039423076925
0 0.17077875480769228 0.3674558557692308 0.1651969110576923 0.3674558557692308 0.1651969110576923 0.39288425721153847 0.17077875480769228 0.39288425721153847 0.17077875480769228 0.3674558557692308
0 0.16938329326923077 0.4021427427884615 0.16938329326923077 0.38063520913461535 0.16249320432692307 0.38063520913461535 0.16249320432692307 0.4065287644230769 0.16938329326923077 0.4065287644230769 0.16938329326923077 0.4021427427884615
0 0.16135939182692308 0.39288425721153847 0.16135939182692308 0.36885131730769233 0.15621362980769232 0.36885131730769233 0.15621362980769232 0.38683725721153844 0.15621362980769232 0.39288425721153847 0.16135939182692308 0.39288425721153847
0 0.15621362980769232 0.3628043197115384 0.14810251201923078 0.3628043197115384 0.14810251201923078 0.3855968485576923 0.15621362980769232 0.3855968485576923 0.15621362980769232 0.3628043197115384
1 0.14609653846153844 0.35489670673076923 0.11103557932692308 0.35489670673076923 0.11103557932692308 0.3905584879807692 0.14609653846153844 0.3905584879807692 0.14609653846153844 0.35489670673076923
1 0.10186550721153845 0.2814229807692308 0.0007235432692307692 0.2814229807692308 0.0007235432692307692 0.30650145673076923 0.10186550721153845 0.30650145673076923 0.10186550721153845 0.2814229807692308
1 0.10958423557692307 0.27669119471153847 0.10266399759615384 0.27669119471153847 0.10266399759615384 0.2970378798076923 0.10958423557692307 0.2970378798076923 0.10958423557692307 0.27669119471153847
1 0.1377975216346154 0.28804748317307693 0.12848181490384616 0.28804748317307693 0.12848181490384616 0.2998769543269231 0.1377975216346154 0.2998769543269231 0.1377975216346154 0.28804748317307693
1 0.15829207692307692 0.28710112740384613 0.14791171875 0.28710112740384613 0.14791171875 0.29893059615384615 0.15829207692307692 0.29893059615384615 0.15829207692307692 0.28710112740384613
1 0.18410989423076923 0.2852084110576923 0.17399569711538462 0.2852084110576923 0.17399569711538462 0.29751106009615386 0.18410989423076923 0.29751106009615386 0.18410989423076923 0.2852084110576923
1 0.13247425961538462 0.27574483653846155 0.1141090096153846 0.27574483653846155 0.1141090096153846 0.28804748317307693 0.13247425961538462 0.28804748317307693 0.13247425961538462 0.27574483653846155
0 0.23019443269230772 0.3224110793269231 0.22576547836538463 0.3224110793269231 0.22576547836538463 0.33750597836538465 0.23019443269230772 0.33750597836538465 0.23019443269230772 0.3224110793269231
0 0.3150046298076923 0.3377420721153846 0.31091636538461537 0.3377420721153846 0.31091636538461537 0.3504611177884615 0.3150046298076923 0.3504611177884615 0.3150046298076923 0.3377420721153846
0 0.31296049759615385 0.34198175480769233 0.3069984447115385 0.34198175480769233 0.3069984447115385 0.35772914423076924 0.31296049759615385 0.35772914423076924 0.31296049759615385 0.34198175480769233
0 0.3204556514423077 0.3413760841346154 0.3204556514423077 0.32926270913461536 0.3175597956730769 0.32926270913461536 0.3175597956730769 0.3413760841346154 0.31909289423076925 0.3413760841346154 0.3204556514423077 0.3413760841346154
0 0.3511176346153846 0.35136962019230766 0.3511176346153846 0.33471372836538466 0.34617764903846154 0.33471372836538466 0.34617764903846154 0.35136962019230766 0.3493674014423077 0.35136962019230766 0.3511176346153846 0.35136962019230766
0 0.3175597956730769 0.3543979639423077 0.32437356971153847 0.3543979639423077 0.32437356971153847 0.33895340865384616 0.3175597956730769 0.33895340865384616 0.3175597956730769 0.3543979639423077
0 0.3409405817307692 0.3035930793269231 0.33736471394230766 0.3035930793269231 0.33736471394230766 0.31305120432692307 0.3409405817307692 0.31305120432692307 0.3409405817307692 0.3035930793269231
0 0.3336144134615384 0.30250772115384617 0.3302129759615384 0.30250772115384617 0.3302129759615384 0.31243099759615384 0.3336144134615384 0.31243099759615384 0.3336144134615384 0.30250772115384617
0 0.3266371081730769 0.30483348798076926 0.32489278125 0.30483348798076926 0.32489278125 0.31088048557692305 0.3266371081730769 0.31088048557692305 0.3266371081730769 0.30483348798076926
0 0.4809201201923077 0.3421848125 0.4769953870192308 0.3421848125 0.4769953870192308 0.36195384375 0.4809201201923077 0.36195384375 0.4809201201923077 0.3421848125
0 0.4638322644230769 0.3408364206730769 0.46027383894230767 0.3408364206730769 0.46027383894230767 0.3594425673076923 0.4638322644230769 0.3594425673076923 0.4638322644230769 0.3408364206730769
0 0.4594365625 0.3440614855769231 0.45699450721153845 0.3440614855769231 0.45699450721153845 0.36316379567307694 0.4594365625 0.36316379567307694 0.4594365625 0.3440614855769231
0 0.45504086057692306 0.3443095673076923 0.4523894855769231 0.3443095673076923 0.4523894855769231 0.3642801658653846 0.45504086057692306 0.3642801658653846 0.45504086057692306 0.3443095673076923
0 0.44777029086538456 0.34339393509615385 0.4442271274038462 0.34339393509615385 0.4442271274038462 0.3613217307692308 0.44777029086538456 0.3613217307692308 0.44777029086538456 0.34339393509615385
0 0.4442271274038462 0.3431516658653846 0.44068396394230774 0.3431516658653846 0.44068396394230774 0.3591413245192308 0.4442271274038462 0.3591413245192308 0.4442271274038462 0.3431516658653846
0 0.4307358533653846 0.34048672355769233 0.4273289663461538 0.34048672355769233 0.4273289663461538 0.35938359134615383 0.4307358533653846 0.35938359134615383 0.4307358533653846 0.34048672355769233
0 0.43441529326923073 0.34218259615384616 0.4320986081730769 0.34218259615384616 0.4320986081730769 0.36156400000000005 0.43441529326923073 0.36156400000000005 0.43441529326923073 0.34218259615384616
0 0.4380947307692308 0.3400021899038462 0.4350966706730769 0.3400021899038462 0.4350966706730769 0.35647638221153843 0.4380947307692308 0.35647638221153843 0.4380947307692308 0.3400021899038462
0 0.4103490408653846 0.33662428605769235 0.4070784302884615 0.33662428605769235 0.4070784302884615 0.3633706225961539 0.4103490408653846 0.3633706225961539 0.4103490408653846 0.33662428605769235
0 0.41798046875 0.33255419230769234 0.4144918173076923 0.33255419230769234 0.4144918173076923 0.3490283846153846 0.41798046875 0.3490283846153846 0.41798046875 0.33255419230769234
0 0.41710830528846154 0.33623665865384617 0.41176630769230765 0.33623665865384617 0.41176630769230765 0.3614324831730769 0.41710830528846154 0.3614324831730769 0.41710830528846154 0.33623665865384617
0 0.40228153365384617 0.33313563461538465 0.39748463461538464 0.33313563461538465 0.39748463461538464 0.3542613629807692 0.40228153365384617 0.3542613629807692 0.40228153365384617 0.33313563461538465
0 0.39149560576923076 0.33387907692307695 0.38626262499999997 0.33387907692307695 0.38626262499999997 0.3543458389423077 0.39149560576923076 0.3543458389423077 0.39149560576923076 0.33387907692307695
0 0.37597110096153846 0.33449928125 0.37239523317307693 0.33449928125 0.37239523317307693 0.35388068509615384 0.37597110096153846 0.35388068509615384 0.37597110096153846 0.33449928125
0 0.37937253846153846 0.33387907692307695 0.37693048076923075 0.33387907692307695 0.37693048076923075 0.35000440384615383 0.37937253846153846 0.35000440384615383 0.37937253846153846 0.33387907692307695
0 0.37937253846153846 0.3507796610576923 0.38294840625 0.3507796610576923 0.38294840625 0.3380654591346154 0.37937253846153846 0.3380654591346154 0.37937253846153846 0.3507796610576923
0 0.38626262499999997 0.3341891802884615 0.3825995408653846 0.3341891802884615 0.3825995408653846 0.34519781730769233 0.38626262499999997 0.34519781730769233 0.38626262499999997 0.3341891802884615
0 0.3532049182692308 0.34851930528846153 0.34893131971153846 0.34851930528846153 0.34893131971153846 0.36790070673076924 0.3532049182692308 0.36790070673076924 0.3532049182692308 0.34851930528846153
0 0.35878676201923076 0.3520854831730769 0.35521089423076924 0.3520854831730769 0.35521089423076924 0.3680557572115385 0.35878676201923076 0.3680557572115385 0.35878676201923076 0.3520854831730769
0 0.3624498485576923 0.34929456009615384 0.35983335817307693 0.34929456009615384 0.35983335817307693 0.3669703990384615 0.3624498485576923 0.3669703990384615 0.3624498485576923 0.34929456009615384
0 0.36149046874999996 0.36169865865384615 0.36602571634615383 0.36169865865384615 0.36602571634615383 0.35037991826923076 0.36149046874999996 0.35037991826923076 0.36149046874999996 0.36169865865384615
0 0.36995044951923073 0.3523955841346154 0.3651535528846154 0.3523955841346154 0.3651535528846154 0.3595279399038462 0.36995044951923073 0.3595279399038462 0.36995044951923073 0.3523955841346154
1 0.24812559375 0.30424471153846155 0.2058801923076923 0.30424471153846155 0.2058801923076923 0.31805396153846155 0.24812559375 0.31805396153846155 0.24812559375 0.30424471153846155
1 0.2861464543269231 0.3010952331730769 0.25016972596153847 0.3010952331730769 0.25016972596153847 0.3156312860576923 0.2861464543269231 0.3156312860576923 0.2861464543269231 0.3010952331730769
1 0.31885257211538465 0.30036843028846155 0.2877817596153846 0.30036843028846155 0.2877817596153846 0.31514675 0.31885257211538465 0.31514675 0.31885257211538465 0.30036843028846155
1 0.32103297836538464 0.2921313341346154 0.3189888461538462 0.2921313341346154 0.3189888461538462 0.3001261634615385 0.32103297836538464 0.3001261634615385 0.32103297836538464 0.2921313341346154
1 0.3462439447115385 0.30351790865384615 0.3435184350961539 0.30351790865384615 0.3435184350961539 0.31005913221153847 0.3462439447115385 0.31005913221153847 0.3462439447115385 0.30351790865384615
1 0.34992338221153846 0.30254883894230766 0.34774297596153847 0.30254883894230766 0.34774297596153847 0.3098168653846154 0.34992338221153846 0.3098168653846154 0.34992338221153846 0.30254883894230766
1 0.3557832283653846 0.3018220360576923 0.35414792307692305 0.3018220360576923 0.35414792307692305 0.31030139903846155 0.3557832283653846 0.31030139903846155 0.3557832283653846 0.3018220360576923
1 0.3601440432692308 0.3010952331730769 0.35700970673076926 0.3010952331730769 0.35700970673076926 0.3098168653846154 0.3601440432692308 0.3098168653846154 0.3601440432692308 0.3010952331730769
1 0.37090980769230775 0.303033375 0.368593125 0.303033375 0.368593125 0.31030139903846155 0.37090980769230775 0.31030139903846155 0.37090980769230775 0.303033375
1 0.38202225721153843 0.29662283653846155 0.37971974519230767 0.29662283653846155 0.37971974519230767 0.305057625 0.38202225721153843 0.305057625 0.38202225721153843 0.29662283653846155
1 0.3766497331730769 0.3039412548076923 0.3750449519230769 0.3039412548076923 0.3750449519230769 0.31014330288461534 0.3766497331730769 0.31014330288461534 0.3766497331730769 0.3039412548076923
1 0.37323085336538464 0.30208064182692307 0.37148652644230773 0.30208064182692307 0.37148652644230773 0.3069182379807692 0.37323085336538464 0.3069182379807692 0.37323085336538464 0.30208064182692307
1 0.41153625721153847 0.297119 0.40874533653846157 0.297119 0.40874533653846157 0.30418933653846153 0.41153625721153847 0.30418933653846153 0.41153625721153847 0.297119
1 0.4358172788461539 0.2988555745192308 0.43393340625000004 0.2988555745192308 0.43393340625000004 0.305057625 0.4358172788461539 0.305057625 0.4358172788461539 0.2988555745192308
1 0.44423298798076927 0.29548376923076924 0.4411804182692308 0.29548376923076924 0.4411804182692308 0.3050969447115385 0.44423298798076927 0.3050969447115385 0.44423298798076927 0.29548376923076924
1 0.5063310024038462 0.289746875 0.5031912139423077 0.289746875 0.5031912139423077 0.29780953605769234 0.5063310024038462 0.29780953605769234 0.5063310024038462 0.289746875
1 0.5345890865384615 0.2883514134615385 0.5331064110576923 0.2883514134615385 0.5331064110576923 0.2968792307692308 0.5345890865384615 0.2968792307692308 0.5345890865384615 0.2883514134615385
1 0.5896366298076923 0.2873052716346154 0.5868457067307692 0.2873052716346154 0.5868457067307692 0.2958330889423077 0.5896366298076923 0.2958330889423077 0.5896366298076923 0.2873052716346154
1 0.6062077283653846 0.28699516826923077 0.6038528870192308 0.28699516826923077 0.6038528870192308 0.2969184471153846 0.6062077283653846 0.2969184471153846 0.6062077283653846 0.28699516826923077
1 0.6084753509615385 0.28699516826923077 0.6062077283653846 0.28699516826923077 0.6062077283653846 0.29614318990384614 0.6084753509615385 0.29614318990384614 0.6084753509615385 0.28699516826923077
1 0.6156270889423077 0.28823557932692306 0.6135338990384616 0.28823557932692306 0.6135338990384616 0.29722854807692306 0.6156270889423077 0.29722854807692306 0.6156270889423077 0.28823557932692306
0 1 0.8526324302884615 0.9752551466346154 0.8526324302884615 0.9752551466346154 0.9968040889423077 1 0.9968040889423077 1 0.8526324302884615
0 0.9311718894230769 0.9997614567307692 0.9636105120192308 0.9997614567307692 0.9636105120192308 0.8578078221153846 0.9311718894230769 0.8578078221153846 0.9311718894230769 0.9997614567307692
1 0.34537526201923074 0.33611866105769234 0.3259560072115385 0.33611866105769234 0.3259560072115385 0.3558028966346154 0.34537526201923074 0.3558028966346154 0.34537526201923074 0.33611866105769234
1 0.50857053125 0.6138325576923077 0.47826433173076927 0.6138325576923077 0.47826433173076927 0.6474282524038462 0.50857053125 0.6474282524038462 0.50857053125 0.6138325576923077
1 0.4870113221153846 0.5253481274038462 0.46332281009615384 0.5253481274038462 0.46332281009615384 0.5660415024038461 0.4870113221153846 0.5660415024038461 0.4870113221153846 0.5253481274038462
1 0.5416111394230769 0.5873345480769231 0.562867795673077 0.5873345480769231 0.562867795673077 0.5452216370192308 0.5416111394230769 0.5452216370192308 0.5416111394230769 0.5873345480769231
1 0.41856083894230767 0.5042122451923077 0.40067468028846154 0.5042122451923077 0.40067468028846154 0.5257891971153846 0.41856083894230767 0.5257891971153846 0.41856083894230767 0.5042122451923077
1 0.30549476923076924 0.4625725120192307 0.32636195432692305 0.4625725120192307 0.32636195432692305 0.45235185096153846 0.30549476923076924 0.45235185096153846 0.30549476923076924 0.4625725120192307
1 0.31081803124999996 0.4606797980769231 0.2820724206730769 0.4606797980769231 0.2820724206730769 0.47241463221153845 0.31081803124999996 0.47241463221153845 0.31081803124999996 0.4606797980769231
1 0.28995084615384614 0.4394813894230769 0.28271121153846157 0.4394813894230769 0.28271121153846157 0.4462951634615384 0.28995084615384614 0.4462951634615384 0.28995084615384614 0.4394813894230769
1 0.2500055649038461 0.4441562764423077 0.22872478365384616 0.4441562764423077 0.22872478365384616 0.45454470913461537 0.2500055649038461 0.45454470913461537 0.2500055649038461 0.4441562764423077
1 0.27625767548076924 0.4477224543269231 0.2627391466346154 0.4477224543269231 0.2627391466346154 0.4539245048076923 0.27625767548076924 0.4539245048076923 0.27625767548076924 0.4477224543269231
1 0.2748622139423077 0.44198556009615386 0.2694548028846154 0.44198556009615386 0.2694548028846154 0.446482045673077 0.2748622139423077 0.446482045673077 0.2748622139423077 0.44198556009615386
1 0.25439266346153844 0.43671381971153844 0.24738907451923076 0.43671381971153844 0.24738907451923076 0.44198556009615386 0.25439266346153844 0.44198556009615386 0.25439266346153844 0.43671381971153844
1 0.23803960576923078 0.42074354326923075 0.2271548894230769 0.42074354326923075 0.2271548894230769 0.4345431009615384 0.23803960576923078 0.4345431009615384 0.23803960576923078 0.42074354326923075
1 0.23803960576923078 0.4092697524038461 0.22846313461538464 0.4092697524038461 0.22846313461538464 0.42074354326923075 0.23803960576923078 0.42074354326923075 0.23803960576923078 0.4092697524038461
1 0.2184500048076923 0.43237238461538463 0.21433409374999998 0.43237238461538463 0.21433409374999998 0.4385744326923077 0.2184500048076923 0.4385744326923077 0.2184500048076923 0.43237238461538463
1 0.20145571874999998 0.3997674134615385 0.18191926442307693 0.3997674134615385 0.18191926442307693 0.4112412043269231 0.20145571874999998 0.4112412043269231 0.20145571874999998 0.3997674134615385
1 0.16823965865384613 0.40747650480769226 0.17710083653846154 0.40747650480769226 0.17710083653846154 0.4016465793269231 0.16823965865384613 0.4016465793269231 0.16823965865384613 0.40747650480769226
1 0.17487792067307695 0.39122713701923073 0.16991421153846156 0.39122713701923073 0.16991421153846156 0.3970570625 0.17487792067307695 0.3970570625 0.17487792067307695 0.39122713701923073
1 0.34269864663461536 0.3140108149038462 0.3251681682692308 0.3140108149038462 0.3251681682692308 0.32160832451923077 0.34269864663461536 0.32160832451923077 0.34269864663461536 0.3140108149038462
1 0.3591825288461538 0.3115299951923077 0.34348359375 0.3115299951923077 0.34348359375 0.3177320432692308 0.3591825288461538 0.3177320432692308 0.3591825288461538 0.3115299951923077
1 0.3783701177884616 0.3116850456730769 0.36694478125 0.3116850456730769 0.36694478125 0.32052296634615385 0.3783701177884616 0.32052296634615385 0.3783701177884616 0.3116850456730769
1 0.3835158798076923 0.3065683557692308 0.3802016610576923 0.3065683557692308 0.3802016610576923 0.31261535336538465 0.3835158798076923 0.31261535336538465 0.3835158798076923 0.3065683557692308
1 0.41159953365384616 0.30579310096153844 0.4092446923076923 0.30579310096153844 0.4092446923076923 0.31215019951923073 0.41159953365384616 0.31215019951923073 0.41159953365384616 0.30579310096153844
1 0.4368050480769231 0.30641330528846156 0.43366525961538466 0.30641330528846156 0.43366525961538466 0.31432091826923075 0.4368050480769231 0.31432091826923075 0.4368050480769231 0.30641330528846156
1 0.4738894230769231 0.35672962500000005 0.46481892788461543 0.35672962500000005 0.46481892788461543 0.36169126201923074 0.4738894230769231 0.36169126201923074 0.4738894230769231 0.35672962500000005
1 0.4897976802884615 0.35871427884615387 0.4821226442307692 0.35871427884615387 0.4821226442307692 0.36243550961538457 0.4897976802884615 0.36243550961538457 0.4897976802884615 0.35871427884615387
1 0.46872621875 0.36392399999999997 0.44193336778846154 0.36392399999999997 0.44193336778846154 0.37707234375000004 0.46872621875 0.37707234375000004 0.46872621875 0.36392399999999997
1 0.3046011009615385 0.3217812091346154 0.23152337019230768 0.3217812091346154 0.23152337019230768 0.33238041346153846 0.3046011009615385 0.33238041346153846 0.3046011009615385 0.3217812091346154
1 0.3180583052884615 0.3156312860576923 0.25016972596153847 0.3156312860576923 0.25016972596153847 0.3269293942307692 0.3180583052884615 0.3269293942307692 0.3180583052884615 0.3156312860576923
1 0.22023539423076924 0.32312858413461537 0.18650721153846156 0.32312858413461537 0.18650721153846156 0.33750597836538465 0.22023539423076924 0.33750597836538465 0.22023539423076924 0.32312858413461537
1 0.9443802331730768 0.7696280576923077 0.9031249591346153 0.7696280576923077 0.9031249591346153 0.7951797115384616 0.9443802331730768 0.7951797115384616 0.9443802331730768 0.7696280576923077
1 0.8812055 0.7175700769230768 0.8764358581730769 0.7175700769230768 0.8764358581730769 0.7352556081730769 0.8812055 0.7352556081730769 0.8812055 0.7175700769230768
1 0.8832496322115385 0.7442195072115385 0.8726201442307692 0.7442195072115385 0.8726201442307692 0.7606936995192307 0.8832496322115385 0.7606936995192307 0.8832496322115385 0.7442195072115385
1 0.6665460552884616 0.6009465168269231 0.6228953125000001 0.6009465168269231 0.6228953125000001 0.6183594951923077 0.6665460552884616 0.6183594951923077 0.6665460552884616 0.6009465168269231
1 0.43562057692307693 0.5146068100961538 0.4283162115384615 0.5146068100961538 0.4283162115384615 0.5254603966346154 0.43562057692307693 0.5254603966346154 0.43562057692307693 0.5146068100961538
1 0.4107485961538462 0.5067586418269231 0.39398671153846154 0.5067586418269231 0.39398671153846154 0.5257891971153846 0.4107485961538462 0.5257891971153846 0.4107485961538462 0.5067586418269231
1 0.3683669206730769 0.5157225408653846 0.38213074519230766 0.5157225408653846 0.38213074519230766 0.5038514302884616 0.3683669206730769 0.5038514302884616 0.3683669206730769 0.5157225408653846