1 0.14256176201923076 0.03852488221153846 0.02075725 0.03852488221153846 0.02075725 0.09122806971153846 0.14256176201923076 0.09122806971153846 0.14256176201923076 0.03852488221153846
1 0.3081901177884615 0.18059434375 0.2965896875 0.18059434375 0.2965896875 0.2035087716346154 0.3081901177884615 0.2035087716346154 0.3081901177884615 0.18059434375
1 0.5643662740384615 0.3839598990384615 0.5820891514423077 0.3839598990384615 0.5820891514423077 0.3684926610576923 0.5643662740384615 0.3684926610576923 0.5643662740384615 0.3839598990384615
1 0.3884264230769231 0.13533834615384616 0.3816595048076923 0.13533834615384616 0.3816595048076923 0.14965986298076922 0.3884264230769231 0.14965986298076922 0.3884264230769231 0.13533834615384616
1 0.6040010745192308 0.16799140624999997 0.59852309375 0.16799140624999997 0.59852309375 0.18575008894230768 0.6040010745192308 0.18575008894230768 0.6040010745192308 0.16799140624999997
1 0.5917561754807692 0.1691371298076923 0.6107679927884615 0.1691371298076923 0.6107679927884615 0.16168993990384614 0.5917561754807692 0.16168993990384614 0.5917561754807692 0.1691371298076923
1 0.5356874326923077 0.14450411778846153 0.52988721875 0.14450411778846153 0.52988721875 0.15825277403846152 0.5356874326923077 0.15825277403846152 0.5356874326923077 0.14450411778846153
1 0.48509667067307694 0.10841389182692307 0.480907625 0.10841389182692307 0.480907625 0.12273541105769231 0.48509667067307694 0.12273541105769231 0.48509667067307694 0.10841389182692307
1 0.4318635865384615 0.13132831971153847 0.42593447836538456 0.13132831971153847 0.42593447836538456 0.1400358028846154 0.4318635865384615 0.1400358028846154 0.4318635865384615 0.13132831971153847
1 0.4354726105769231 0.11345506730769231 0.4300590769230769 0.11345506730769231 0.4300590769230769 0.1285785889423077 0.4354726105769231 0.1285785889423077 0.4354726105769231 0.11345506730769231
1 0.4705316875 0.09741496634615385 0.4674382379807692 0.09741496634615385 0.4674382379807692 0.11024704567307693 0.4705316875 0.11024704567307693 0.4705316875 0.09741496634615385
1 0.5262137475961539 0.12399570432692308 0.5215735769230769 0.12399570432692308 0.5215735769230769 0.1400358028846154 0.5262137475961539 0.1400358028846154 0.5262137475961539 0.12399570432692308
1 0.5321428581730769 0.07908342307692308 0.5272448990384615 0.07908342307692308 0.5272448990384615 0.08641604086538461 0.5321428581730769 0.08641604086538461 0.5321428581730769 0.07908342307692308
1 0.8493600072115384 0.4644297139423077 0.8904448605769232 0.4644297139423077 0.8904448605769232 0.4293419951923077 0.8493600072115384 0.4293419951923077 0.8493600072115384 0.4644297139423077
1 0.8916532379807692 0.3641790889423077 0.9254878245192307 0.3641790889423077 0.9254878245192307 0.3312395961538461 0.8916532379807692 0.3312395961538461 0.8916532379807692 0.3641790889423077
1 0.3736023317307692 0.10845691346153846 0.3657655961538462 0.10845691346153846 0.3657655961538462 0.11688942307692307 0.3736023317307692 0.11688942307692307 0.3736023317307692 0.10845691346153846
1 0.7913016658653846 0.17087630048076924 0.7842952403846154 0.17087630048076924 0.7842952403846154 0.1825632860576923 0.7913016658653846 0.1825632860576923 0.7913016658653846 0.17087630048076924
1 0.7455178918269231 0.2505984879807692 0.7278801899038462 0.2505984879807692 0.7278801899038462 0.2634532091346154 0.7455178918269231 0.2634532091346154 0.7455178918269231 0.2505984879807692
1 0.7357571802884616 0.20003557451923076 0.7205522668269231 0.20003557451923076 0.7205522668269231 0.21625414903846155 0.7357571802884616 0.21625414903846155 0.7357571802884616 0.20003557451923076
1 0.40559089663461534 0.12039020913461539 0.4007929014423077 0.12039020913461539 0.4007929014423077 0.13072204326923076 0.40559089663461534 0.13072204326923076 0.40559089663461534 0.12039020913461539
1 0.4184369783653846 0.04851137980769231 0.4151154134615384 0.04851137980769231 0.4151154134615384 0.055252925480769224 0.4184369783653846 0.055252925480769224 0.4184369783653846 0.04851137980769231
1 0.3801005889423077 0.049544754807692305 0.3778585336538462 0.049544754807692305 0.3778585336538462 0.052644882211538464 0.3801005889423077 0.052644882211538464 0.3801005889423077 0.049544754807692305
1 0.37705582211538463 0.04979079567307692 0.3748968052884616 0.04979079567307692 0.3748968052884616 0.052841713942307696 0.37705582211538463 0.052841713942307696 0.37705582211538463 0.04979079567307692
1 0.4255052331730769 0.05187895192307693 0.42328538221153844 0.05187895192307693 0.42328538221153844 0.05620119951923076 0.4255052331730769 0.05620119951923076 0.4255052331730769 0.05187895192307693
1 0.4307905913461539 0.05075140625 0.42788364423076924 0.05075140625 0.42788364423076924 0.05516761778846154 0.4307905913461539 0.05516761778846154 0.4307905913461539 0.05075140625
1 0.43850721634615386 0.04849632211538461 0.43427893028846154 0.04849632211538461 0.43427893028846154 0.05432196153846154 0.43850721634615386 0.05432196153846154 0.43850721634615386 0.04849632211538461
1 0.4433168918269231 0.04708689182692308 0.44083277403846155 0.04708689182692308 0.44083277403846155 0.05140914182692307 0.4433168918269231 0.05140914182692307 0.4433168918269231 0.04708689182692308