0 0.06788932932692307 1 0.06788932932692307 0.9857474423076924 0.06289610817307692 0.9857474423076924 0.06289610817307692 1 0.06788932932692307 1
1 0.36877187499999997 0.9702749038461539 0.35701677403846155 0.9702749038461539 0.35701677403846155 0.992720858173077 0.36877187499999997 0.992720858173077 0.36877187499999997 0.9702749038461539
1 0.38052697596153845 0.9640829158653846 0.3670303774038462 0.9640829158653846 0.3670303774038462 0.9795628846153845 0.38052697596153845 0.9795628846153845 0.38052697596153845 0.9640829158653846
1 0.5220235745192308 0.6699634879807692 0.5076562283653846 0.6699634879807692 0.5076562283653846 0.7009234278846154 0.5220235745192308 0.7009234278846154 0.5220235745192308 0.6699634879807692
1 0.4750159230769231 0.5072507403846154 0.4534380841346154 0.5072507403846154 0.4534380841346154 0.5262725264423077 0.4750159230769231 0.5262725264423077 0.4750159230769231 0.5072507403846154
1 0.4562913533653846 0.5145424254807692 0.4391717451923077 0.5145424254807692 0.4391717451923077 0.5383196586538461 0.4562913533653846 0.5383196586538461 0.4562913533653846 0.5145424254807692
1 0.3530387163461538 0.4340168605769231 0.34323060576923076 0.4340168605769231 0.34323060576923076 0.4606473629807692 0.3530387163461538 0.4606473629807692 0.3530387163461538 0.4340168605769231
1 0.3544653485576923 0.4162631947115385 0.34180397355769226 0.4162631947115385 0.34180397355769226 0.4321146826923077 0.3544653485576923 0.4321146826923077 0.3544653485576923 0.4162631947115385
1 0.3774698221153846 0.38075585817307694 0.3712283004807692 0.38075585817307694 0.3712283004807692 0.40294794230769226 0.3774698221153846 0.40294794230769226 0.3774698221153846 0.38075585817307694
1 0.2904451490384615 0.4964717283653846 0.27653546634615384 0.4964717283653846 0.27653546634615384 0.5167616346153846 0.2904451490384615 0.5167616346153846 0.2904451490384615 0.4964717283653846
1 0.2711585192307692 0.4039876995192308 0.26502844951923077 0.4039876995192308 0.26502844951923077 0.42528813701923074 0.2711585192307692 0.42528813701923074 0.2711585192307692 0.4039876995192308
1 0.1813147091346154 0.5272701778846154 0.1726072259615385 0.5272701778846154 0.1726072259615385 0.5497161346153846 0.1813147091346154 0.5497161346153846 0.1813147091346154 0.5272701778846154
1 0.15337969951923075 0.3972571802884615 0.14895713461538462 0.3972571802884615 0.14895713461538462 0.41780070913461537 0.15337969951923075 0.41780070913461537 0.15337969951923075 0.3972571802884615
1 0.16707538701923078 0.3937064471153846 0.15880091105769228 0.3937064471153846 0.15880091105769228 0.41551809615384616 0.16707538701923078 0.41551809615384616 0.16707538701923078 0.3937064471153846
1 0.2700698076923077 0.16549525480769228 0.2630793004807692 0.16549525480769228 0.2630793004807692 0.18071268269230767 0.2700698076923077 0.18071268269230767 0.2700698076923077 0.16549525480769228
1 0.7131119062500001 0.8143614134615385 0.7131119062500001 0.8050734302884616 0.6978738125 0.8050734302884616 0.6978738125 0.8197794038461539 0.7131119062500001 0.8197794038461539 0.7131119062500001 0.8143614134615385
1 0.7131119062500001 0.8298413822115385 0.7313976201923077 0.8298413822115385 0.7313976201923077 0.8143614134615385 0.7131119062500001 0.8143614134615385 0.7131119062500001 0.8298413822115385
1 0.7727581658653846 0.6959396442307693 0.7666629278846154 0.6959396442307693 0.7666629278846154 0.729995579326923 0.7727581658653846 0.729995579326923 0.7727581658653846 0.6959396442307693
1 0.7727581658653846 0.7307695769230769 0.7788534038461539 0.7307695769230769 0.7788534038461539 0.7106456153846155 0.7727581658653846 0.7106456153846155 0.7727581658653846 0.7307695769230769
1 0.8861252740384615 0.7548207427884616 0.8739988870192307 0.7548207427884616 0.872857579326923 0.7548207427884616 0.872857579326923 0.7682628052884616 0.8861252740384615 0.7682628052884616 0.8861252740384615 0.7548207427884616
1 0.8762814999999999 0.7880454639423077 0.8866959278846154 0.7880454639423077 0.8866959278846154 0.7682628052884616 0.8762814999999999 0.7682628052884616 0.8762814999999999 0.7880454639423077
1 0.7847158894230769 0.6825242644230769 0.7934540240384614 0.6825242644230769 0.7934540240384614 0.6657216850961538 0.7847158894230769 0.6657216850961538 0.7847158894230769 0.6825242644230769
1 0.7232492788461538 0.5616145552884615 0.7302152668269231 0.5616145552884615 0.7302152668269231 0.5391685985576923 0.7232492788461538 0.5391685985576923 0.7232492788461538 0.5616145552884615
1 0.6588139062499999 0.5894785 0.6514125456730769 0.5894785 0.6514125456730769 0.612698454326923 0.6588139062499999 0.612698454326923 0.6588139062499999 0.5894785
1 0.6679567620192307 0.5894785 0.6622968990384616 0.5894785 0.6622968990384616 0.6096024615384615 0.6679567620192307 0.6096024615384615 0.6679567620192307 0.5894785
1 0.34212789182692305 0.30873529807692307 0.33481360576923075 0.30873529807692307 0.33481360576923075 0.3372184423076923 0.34212789182692305 0.3372184423076923 0.34212789182692305 0.30873529807692307
1 0.3271510192307692 0.33350325 0.31600544230769234 0.33350325 0.31600544230769234 0.35022161778846156 0.3271510192307692 0.35022161778846156 0.3271510192307692 0.33350325
1 0.3205333341346154 0.3124504927884616 0.30520816346153845 0.3124504927884616 0.30520816346153845 0.32793046153846156 0.3205333341346154 0.32793046153846156 0.3205333341346154 0.3124504927884616
1 0.5977795913461539 0.27344096875 0.5894204086538462 0.27344096875 0.5894204086538462 0.29139773317307693 0.5977795913461539 0.29139773317307693 0.5977795913461539 0.27344096875
1 0.5329959182692308 0.18489554086538462 0.52010884375 0.18489554086538462 0.52010884375 0.20594829807692308 0.5329959182692308 0.20594829807692308 0.5329959182692308 0.18489554086538462
1 0.4609319182692308 0.1525455 0.4553591298076923 0.1525455 0.4553591298076923 0.1632452548076923 0.4609319182692308 0.1632452548076923 0.4609319182692308 0.1525455
1 0.4609319182692308 0.1343162860576923 0.4544674831730769 0.1343162860576923 0.4544674831730769 0.15809351923076922 0.4609319182692308 0.15809351923076922 0.4609319182692308 0.1343162860576923
1 0.4992727067307693 0.14224203125 0.4992727067307693 0.12995712740384616 0.49436865384615386 0.12995712740384616 0.49436865384615386 0.13590143509615385 0.49436865384615386 0.14224203125 0.4992727067307693 0.14224203125
1 0.47452952403846155 0.1335237139423077 0.4718545841346154 0.1335237139423077 0.4718545841346154 0.14818633894230768 0.47452952403846155 0.14818633894230768 0.47452952403846155 0.1335237139423077
1 0.3229496610576923 0.11093534134615385 0.31626231250000003 0.11093534134615385 0.31626231250000003 0.1315422764423077 0.3229496610576923 0.1315422764423077 0.3229496610576923 0.11093534134615385
1 0.6636560552884615 0.10712726923076922 0.6588669374999999 0.10712726923076922 0.6588669374999999 0.12647723076923076 0.6636560552884615 0.12647723076923076 0.6636560552884615 0.10712726923076922
1 0.74372059375 0.20717096875 0.7392980288461538 0.20717096875 0.7392980288461538 0.22112027884615384 0.74372059375 0.22112027884615384 0.74372059375 0.20717096875
1 0.740296673076923 0.22416376682692307 0.736587423076923 0.22416376682692307 0.736587423076923 0.23278697596153847 0.740296673076923 0.23278697596153847 0.740296673076923 0.22416376682692307
1 0.738442048076923 0.2355768389423077 0.7348754639423076 0.2355768389423077 0.7348754639423076 0.24952614903846154 0.738442048076923 0.24952614903846154 0.738442048076923 0.2355768389423077
1 0.7863769519230769 0.22720725240384618 0.781383733173077 0.22720725240384618 0.781383733173077 0.23785945192307695 0.7863769519230769 0.23785945192307695 0.7863769519230769 0.22720725240384618
0 0.7792655072115384 0.19255335576923077 0.7695131274038461 0.19255335576923077 0.7695131274038461 0.2067949278846154 0.7792655072115384 0.2067949278846154 0.7792655072115384 0.19255335576923077
1 0.8604192500000001 0.18512296875 0.8475321754807692 0.18512296875 0.8475321754807692 0.2080333245192308 0.8604192500000001 0.2080333245192308 0.8604192500000001 0.18512296875
0 0.8482287740384616 0.09286235096153847 0.8388246923076923 0.09286235096153847 0.8388246923076923 0.10648472355769231 0.8482287740384616 0.10648472355769231 0.8482287740384616 0.09286235096153847
1 0.7601090456730769 0.13558706730769232 0.749311766826923 0.13558706730769232 0.749311766826923 0.1510670360576923 0.7601090456730769 0.1510670360576923 0.7601090456730769 0.13558706730769232
0 0.6796519014423077 0.05694881971153846 0.6740791129807693 0.05694881971153846 0.6740791129807693 0.06995199519230769 0.6796519014423077 0.06995199519230769 0.6796519014423077 0.05694881971153846
0 0.5563539423076923 0.05571042307692308 0.5479947596153847 0.05571042307692308 0.5479947596153847 0.07862077884615384 0.5563539423076923 0.07862077884615384 0.5563539423076923 0.05571042307692308
0 0.47833489663461537 0.024131283653846154 0.47067231009615385 0.024131283653846154 0.47067231009615385 0.04208804807692308 0.47833489663461537 0.04208804807692308 0.47833489663461537 0.024131283653846154
0 0.43619067788461535 0.06004481490384616 0.4295729903846154 0.06004481490384616 0.4295729903846154 0.07923997596153846 0.43619067788461535 0.07923997596153846 0.43619067788461535 0.06004481490384616
1 0.9438106129807693 0.046976750000000005 0.9376805432692308 0.046976750000000005 0.9376805432692308 0.06480967548076923 0.9438106129807693 0.06480967548076923 0.9438106129807693 0.046976750000000005
0 0.3353643533653846 0.0027952139423076923 0.32430793990384615 0.0027952139423076923 0.32430793990384615 0.02308512019230769 0.3353643533653846 0.02308512019230769 0.3353643533653846 0.0027952139423076923
0 0.24833968028846154 0 0.24833968028846154 0.016427492788461538 0.25600783653846154 0.016427492788461538 0.25600783653846154 0 0.24833968028846154 0
0 0.16202831971153844 0.046228293269230766 0.1565001129807692 0.046228293269230766 0.1565001129807692 0.06968849759615384 0.16202831971153844 0.06968849759615384 0.16202831971153844 0.046228293269230766
0 0.16719987019230767 0.05447106730769231 0.16452493028846152 0.05447106730769231 0.16452493028846152 0.06461601923076923 0.16719987019230767 0.06461601923076923 0.16719987019230767 0.05447106730769231
0 0.19805082932692308 0.041789875000000004 0.19038267307692308 0.041789875000000004 0.19038267307692308 0.06366493028846154 0.19805082932692308 0.06366493028846154 0.19805082932692308 0.041789875000000004
0 0.1960892091346154 0.03354710096153846 0.19038267307692308 0.03354710096153846 0.19038267307692308 0.05542215625000001 0.1960892091346154 0.05542215625000001 0.1960892091346154 0.03354710096153846
0 0.1711801778846154 0.011063350961538461 0.16627255769230767 0.011063350961538461 0.16627255769230767 0.02283149519230769 0.1711801778846154 0.02283149519230769 0.1711801778846154 0.011063350961538461
0 0.17049539423076923 0.024048889423076925 0.16376168028846155 0.024048889423076925 0.16376168028846155 0.035817036057692306 0.17049539423076923 0.035817036057692306 0.17049539423076923 0.024048889423076925
1 0.12118192788461538 0.055342 0.11552206490384614 0.055342 0.11552206490384614 0.06462998317307692 0.12118192788461538 0.06462998317307692 0.12118192788461538 0.055342
1 0.10437996875 0.04906654326923077 0.09439353125000001 0.04906654326923077 0.09439353125000001 0.07037094471153846 0.10437996875 0.07037094471153846 0.10437996875 0.04906654326923077
1 0.11793299278846153 0 0.11793299278846153 0.009501228365384615 0.12435284615384615 0.009501228365384615 0.12435284615384615 0 0.11793299278846153 0
1 0.25036816346153845 0.2218600360576923 0.2445712451923077 0.2218600360576923 0.2445712451923077 0.23283054807692308 0.25036816346153845 0.23283054807692308 0.25036816346153845 0.2218600360576923
0 0.23862556250000003 0.24428420192307693 0.230696875 0.24428420192307693 0.230696875 0.2607732139423077 0.23862556250000003 0.2607732139423077 0.23862556250000003 0.24428420192307693
1 0.13808047355769232 0.44910480288461535 0.13401141105769232 0.44910480288461535 0.13401141105769232 0.4635725793269231 0.13808047355769232 0.4635725793269231 0.13808047355769232 0.44910480288461535
1 0.44533336778846155 0.8071895697115384 0.42611003846153844 0.8071895697115384 0.42611003846153844 0.8250083389423076 0.44533336778846155 0.8250083389423076 0.44533336778846155 0.8071895697115384
1 0.4212515673076923 0.7706858557692308 0.4129243413461538 0.7706858557692308 0.4129243413461538 0.7865286875 0.4212515673076923 0.7865286875 0.4212515673076923 0.7706858557692308
0 0.1921798245192308 0.042334569711538456 0.1866301971153846 0.042334569711538456 0.1866301971153846 0.060939033653846154 0.1921798245192308 0.060939033653846154 0.1921798245192308 0.042334569711538456