0 0.026708471153846152 0.8782664879807692 0.021799622596153846 0.8782664879807692 0.021799622596153846 0.890833139423077 0.026708471153846152 0.890833139423077 0.026708471153846152 0.8782664879807692
0 0.016105358173076924 0.9049706225961539 0.011392865384615385 0.9049706225961539 0.011392865384615385 0.9309766081730769 0.016105358173076924 0.9309766081730769 0.016105358173076924 0.9049706225961539
0 0.005404069711538461 0.8363776490384616 0.0004952211538461538 0.8363776490384616 0.0004952211538461538 0.85714753125 0.005404069711538461 0.85714753125 0.005404069711538461 0.8363776490384616
0 0.014239997596153846 0.8514160192307691 0.014239997596153846 0.8363776490384616 0.009822033653846153 0.8363776490384616 0.009822033653846153 0.8566239206730769 0.014239997596153846 0.8566239206730769 0.014239997596153846 0.8514160192307691
0 0.05853698798076923 0.9870808389423077 0.05086546394230769 0.9870808389423077 0.05086546394230769 0.9996423942307692 0.05853698798076923 0.9996423942307692 0.05853698798076923 0.9870808389423077
0 0.04803911538461539 0.9777493942307692 0.04258829567307692 0.9777493942307692 0.04258829567307692 0.9989245937500001 0.04803911538461539 0.9989245937500001 0.04803911538461539 0.9777493942307692
0 0.04097323798076923 0.9752370841346154 0.03572430288461538 0.9752370841346154 0.03572430288461538 0.9985656899038461 0.04097323798076923 0.9985656899038461 0.04097323798076923 0.9752370841346154
0 0.04056947355769231 0.9519084783653846 0.03552242067307692 0.9519084783653846 0.03552242067307692 0.9727247716346153 0.04056947355769231 0.9727247716346153 0.04056947355769231 0.9519084783653846
0 0.03390736298076923 0.951549576923077 0.02663960576923077 0.951549576923077 0.02663960576923077 0.9827740192307692 0.03390736298076923 0.9827740192307692 0.03390736298076923 0.951549576923077
0 0.025226430288461537 0.9547796899038462 0.020179375 0.9547796899038462 0.020179375 0.9766726899038461 0.025226430288461537 0.9766726899038461 0.025226430288461537 0.9547796899038462
0 0.02401513701923077 0.9820562139423077 0.02401513701923077 0.9813384110576924 0.02401513701923077 0.9809795096153846 0.02401513701923077 0.9662645432692307 0.018160552884615384 0.9662645432692307 0.018160552884615384 0.9935410673076923 0.02401513701923077 0.9935410673076923 0.02401513701923077 0.9820562139423077
0 0.02845654326923077 0.9813384110576924 0.02401513701923077 0.9813384110576924 0.02401513701923077 0.9982067884615385 0.02845654326923077 0.9982067884615385 0.02845654326923077 0.9813384110576924
0 0.014930437500000001 0.9974889855769231 0.014930437500000001 0.9662645432692307 0.007662680288461538 0.9662645432692307 0.007662680288461538 0.9809795096153846 0.007662680288461538 0.9974889855769231 0.014930437500000001 0.9974889855769231
0 0.0068551514423076925 0.9005855432692308 0.0014043341346153847 0.9005855432692308 0.0014043341346153847 0.9267853629807692 0.0068551514423076925 0.9267853629807692 0.0068551514423076925 0.9005855432692308
0 0.01291161778846154 0.8887417884615385 0.008268326923076923 0.8887417884615385 0.008268326923076923 0.9131471009615384 0.01291161778846154 0.9131471009615384 0.01291161778846154 0.8887417884615385
0 0.008268326923076923 0.8876650841346153 0.003019389423076923 0.8876650841346153 0.003019389423076923 0.9066868701923076 0.008268326923076923 0.9066868701923076 0.008268326923076923 0.8876650841346153
0 0.021799622596153846 0.8560817403846154 0.016949259615384616 0.8560817403846154 0.016949259615384616 0.8782664879807692 0.021799622596153846 0.8782664879807692 0.021799622596153846 0.8560817403846154
0 0.018622459134615386 0.8514160192307691 0.014239997596153846 0.8514160192307691 0.014239997596153846 0.8746235841346154 0.018622459134615386 0.8746235841346154 0.018622459134615386 0.8514160192307691
0 0.013557639423076924 0.8580853966346154 0.008596182692307693 0.8580853966346154 0.008596182692307693 0.8819738918269231 0.013557639423076924 0.8819738918269231 0.013557639423076924 0.8580853966346154
0 0.006425545673076923 0.8588204278846153 0.0024977259615384614 0.8588204278846153 0.0024977259615384614 0.8803200721153845 0.006425545673076923 0.8803200721153845 0.006425545673076923 0.8588204278846153
1 0.96145225 0.8627288293269231 0.8795115504807692 0.8627288293269231 0.8795115504807692 0.952541860576923 0.96145225 0.952541860576923 0.96145225 0.8627288293269231