0 0.24092847596153846 0.638655045673077 0.23654516105769233 0.638655045673077 0.23654516105769233 0.6557805624999999 0.24092847596153846 0.6557805624999999 0.24092847596153846 0.638655045673077
0 0.23521997115384613 0.6390373125 0.23093859374999998 0.6390373125 0.23093859374999998 0.6528753389423076 0.23521997115384613 0.6528753389423076 0.23521997115384613 0.6390373125
0 0.1941898918269231 0.6343100552884615 0.19138660576923078 0.6343100552884615 0.19138660576923078 0.6444783293269231 0.1941898918269231 0.6444783293269231 0.1941898918269231 0.6343100552884615
0 0.29965513701923074 0.638847375 0.29678814182692304 0.638847375 0.29678814182692304 0.6439840745192308 0.29965513701923074 0.6439840745192308 0.29965513701923074 0.638847375
0 0.2953425865384615 0.640671264423077 0.2923415432692308 0.640671264423077 0.2923415432692308 0.6482554230769231 0.2953425865384615 0.6482554230769231 0.2953425865384615 0.640671264423077
0 0.2889296923076923 0.6429287091346154 0.2866998052884615 0.6429287091346154 0.2866998052884615 0.6481848653846154 0.2889296923076923 0.6481848653846154 0.2889296923076923 0.6429287091346154
0 0.5534868822115384 0.6604589471153847 0.5506326298076923 0.6604589471153847 0.5506326298076923 0.6670033413461538 0.5534868822115384 0.6670033413461538 0.5534868822115384 0.6604589471153847
0 0.20339646153846153 0.6365567908653845 0.19973307932692308 0.6365567908653845 0.19973307932692308 0.6500555576923077 0.20339646153846153 0.6500555576923077 0.20339646153846153 0.6365567908653845
0 0.13717983173076922 0.6374888846153847 0.13482252403846154 0.6374888846153847 0.13482252403846154 0.6461854350961538 0.13717983173076922 0.6461854350961538 0.13717983173076922 0.6374888846153847
1 0.7781904663461539 0.6690137500000001 0.7781904663461539 0.6675296850961538 0.7762985048076924 0.6675296850961538 0.7762985048076924 0.6704165576923077 0.7781904663461539 0.6704165576923077 0.7781904663461539 0.6690137500000001
1 0.7760375456730769 0.667627545673077 0.7741455841346153 0.667627545673077 0.7741455841346153 0.6704654879807692 0.7760375456730769 0.6704654879807692 0.7760375456730769 0.667627545673077
1 0.6895633221153846 0.6688204278846153 0.687361471153846 0.6688204278846153 0.687361471153846 0.6737745961538462 0.6895633221153846 0.6737745961538462 0.6895633221153846 0.6688204278846153
1 0.7824412379807693 0.667237576923077 0.7803326802884616 0.667237576923077 0.7803326802884616 0.6709014567307693 0.7824412379807693 0.6709014567307693 0.7824412379807693 0.667237576923077
1 0.7739704687500001 0.6683218653846155 0.7725508437499999 0.6683218653846155 0.7725508437499999 0.670388670673077 0.7739704687500001 0.670388670673077 0.7739704687500001 0.6683218653846155
1 0.38298400721153847 0.649549625 0.3729495240384615 0.649549625 0.3729495240384615 0.6568365697115385 0.38298400721153847 0.6568365697115385 0.38298400721153847 0.649549625
0 0.17190418509615385 0.6381992788461539 0.16958000721153846 0.6381992788461539 0.16958000721153846 0.6454164615384615 0.17190418509615385 0.6454164615384615 0.17190418509615385 0.6381992788461539