1 0.23170214423076924 1 0.23170214423076924 0.9567476850961539 0.0009599807692307692 0.9567476850961539 0.0009599807692307692 1 0.23170214423076924 1
1 0.44501846874999995 1 0.44501846874999995 0.9594543389423078 0.23590838221153848 0.9594543389423078 0.23590838221153848 1 0.44501846874999995 1
1 0.84040478125 0.9955430456730769 0.9960355649038461 0.9955430456730769 0.9960355649038461 0.9684765144230769 0.84040478125 0.9684765144230769 0.84040478125 0.9955430456730769
0 0.28814497596153843 0.8340351033653846 0.2623018533653846 0.8340351033653846 0.2623018533653846 0.941573673076923 0.28814497596153843 0.941573673076923 0.28814497596153843 0.8340351033653846
0 0.853689233173077 0.6429134158653846 0.8415916995192307 0.6429134158653846 0.8415916995192307 0.6921076923076923 0.853689233173077 0.6921076923076923 0.853689233173077 0.6429134158653846
0 0.8681054639423077 0.6280794495192308 0.8530843581730768 0.6280794495192308 0.8530843581730768 0.6666780360576923 0.8681054639423077 0.6666780360576923 0.8681054639423077 0.6280794495192308
0 0.9662016634615385 0.6073093413461538 0.95349925 0.6073093413461538 0.95349925 0.644545625 0.9662016634615385 0.644545625 0.9662016634615385 0.6073093413461538
0 0.9706374254807693 0.6097312139423077 0.9622699639423077 0.6097312139423077 0.9622699639423077 0.6421237548076923 0.9706374254807693 0.6421237548076923 0.9706374254807693 0.6097312139423077
0 0.9809203293269231 0.6041306346153846 0.9688227956730769 0.6041306346153846 0.9688227956730769 0.6375827427884615 0.9809203293269231 0.6375827427884615 0.9809203293269231 0.6041306346153846
0 1 0.6411398677884615 0.9894276706730769 0.6411398677884615 0.9894276706730769 0.6969942908653847 1 0.6969942908653847 1 0.6411398677884615
0 0.29662676682692307 0.938535483173077 0.3190032908653846 0.938535483173077 0.3190032908653846 0.8375093774038462 0.29662676682692307 0.8375093774038462 0.29662676682692307 0.938535483173077
0 0.24326036057692307 0.9542807091346154 0.2690555216346154 0.9542807091346154 0.2690555216346154 0.8415887740384616 0.24326036057692307 0.8415887740384616 0.24326036057692307 0.9542807091346154
0 0.9412057403846154 0.606361923076923 0.9297688485576923 0.606361923076923 0.9297688485576923 0.6389142596153847 0.9412057403846154 0.6389142596153847 0.9412057403846154 0.606361923076923
0 0.9344755649038461 0.6344990432692307 0.9213002668269231 0.6344990432692307 0.9213002668269231 0.652561110576923 0.9344755649038461 0.652561110576923 0.9344755649038461 0.6344990432692307