0 0.043967942307692305 0.3889156081730769 0.04256660336538461 0.3889156081730769 0.04256660336538461 0.39200606250000003 0.043967942307692305 0.39200606250000003 0.043967942307692305 0.3889156081730769
0 0.04177765625 0.40284509375 0.04011693509615385 0.40284509375 0.04011693509615385 0.4092302644230769 0.04177765625 0.4092302644230769 0.04177765625 0.40284509375
0 0.04143738461538461 0.3912443028846154 0.04015260336538461 0.3912443028846154 0.04015260336538461 0.3938687331730769 0.04143738461538461 0.3938687331730769 0.04143738461538461 0.3912443028846154
0 0.031098713942307694 0.3916187740384615 0.029806375 0.3916187740384615 0.029806375 0.39388256730769233 0.031098713942307694 0.39388256730769233 0.031098713942307694 0.3916187740384615
0 0.04428605288461539 0.39987491826923083 0.042997057692307696 0.39987491826923083 0.042997057692307696 0.4060615649038462 0.04428605288461539 0.4060615649038462 0.04428605288461539 0.39987491826923083
0 0.05008464423076923 0.3946149903846154 0.04880290625000001 0.3946149903846154 0.04880290625000001 0.39703393509615387 0.05008464423076923 0.39703393509615387 0.05008464423076923 0.3946149903846154
0 0.189721375 0.5010371081730769 0.18830145192307693 0.5010371081730769 0.18830145192307693 0.5038936370192307 0.189721375 0.5038936370192307 0.189721375 0.5010371081730769
0 0.046170471153846156 0.41343481490384615 0.04510605528846154 0.41343481490384615 0.04510605528846154 0.4159975168269231 0.046170471153846156 0.4159975168269231 0.046170471153846156 0.41343481490384615
0 0.05177928125 0.41619010336538464 0.05097525721153846 0.41619010336538464 0.05097525721153846 0.4184853509615385 0.05177928125 0.4184853509615385 0.05177928125 0.41619010336538464
0 0.035382040865384615 0.40893017548076926 0.034126067307692305 0.40893017548076926 0.034126067307692305 0.4156923004807692 0.035382040865384615 0.4156923004807692 0.035382040865384615 0.40893017548076926
0 0.11068833894230769 0.40297729567307694 0.1092052764423077 0.40297729567307694 0.1092052764423077 0.4054803052884616 0.11068833894230769 0.4054803052884616 0.11068833894230769 0.40297729567307694
0 0.10331060096153846 0.4183358966346154 0.10239482932692308 0.4183358966346154 0.10239482932692308 0.4211749254807692 0.10331060096153846 0.4211749254807692 0.10331060096153846 0.4183358966346154
0 0.03387443509615385 0.43164884375 0.03258307692307692 0.43164884375 0.03258307692307692 0.4394723317307693 0.03387443509615385 0.4394723317307693 0.03387443509615385 0.43164884375
0 0.11708897355769231 0.4085700673076923 0.11577809134615384 0.4085700673076923 0.11577809134615384 0.41110066826923075 0.11708897355769231 0.41110066826923075 0.11708897355769231 0.4085700673076923
0 0.011455394230769229 0.8767835288461538 0.009674502403846154 0.8767835288461538 0.009674502403846154 0.8813064783653846 0.011455394230769229 0.8813064783653846 0.011455394230769229 0.8767835288461538
1 0.5418778293269231 0.8427756322115385 0.5337748125 0.8427756322115385 0.5337748125 0.8537385360576923 0.5418778293269231 0.8537385360576923 0.5418778293269231 0.8427756322115385
1 0.6100861610576923 0.8568208605769231 0.5971213365384616 0.8568208605769231 0.5971213365384616 0.8770307355769231 0.6100861610576923 0.8770307355769231 0.6100861610576923 0.8568208605769231
1 0.6026504519230769 0.8466523701923077 0.5912108990384616 0.8466523701923077 0.5912108990384616 0.86114246875 0.6026504519230769 0.86114246875 0.6026504519230769 0.8466523701923077
1 0.6220023629807692 0.8347043918269231 0.6144713245192308 0.8347043918269231 0.6144713245192308 0.8438560336538461 0.6220023629807692 0.8438560336538461 0.6220023629807692 0.8347043918269231
1 0.6354438365384615 0.8292388269230769 0.6265781826923077 0.8292388269230769 0.6265781826923077 0.8416952307692308 0.6354438365384615 0.8416952307692308 0.6354438365384615 0.8292388269230769
1 0.647074048076923 0.8283490841346153 0.6404009759615386 0.8283490841346153 0.6404009759615386 0.8395344254807693 0.647074048076923 0.8395344254807693 0.647074048076923 0.8283490841346153
1 0.6587995889423077 0.8317809495192308 0.6506965721153846 0.8317809495192308 0.6506965721153846 0.8424578653846153 0.6587995889423077 0.8424578653846153 0.6587995889423077 0.8317809495192308
1 0.7390231754807692 0.8599597860576923 0.724723735576923 0.8599597860576923 0.724723735576923 0.8768013485576923 0.7390231754807692 0.8768013485576923 0.7390231754807692 0.8599597860576923
1 0.7490327836538462 0.8661562091346154 0.7414064158653846 0.8661562091346154 0.7414064158653846 0.8766424663461538 0.7490327836538462 0.8766424663461538 0.7490327836538462 0.8661562091346154
1 0.7964115985576924 0.8558606129807692 0.7876412740384615 0.8558606129807692 0.7876412740384615 0.8723844110576924 0.7964115985576924 0.8723844110576924 0.7964115985576924 0.8558606129807692
1 0.7916451177884615 0.8422602548076923 0.7830654543269231 0.8422602548076923 0.7830654543269231 0.8519203221153846 0.7916451177884615 0.8519203221153846 0.7916451177884615 0.8422602548076923
1 0.8346387692307692 0.8645038293269232 0.8284423461538462 0.8645038293269232 0.8284423461538462 0.8713675624999999 0.8346387692307692 0.8713675624999999 0.8346387692307692 0.8645038293269232
1 0.7447805625 0.8388780408653846 0.7374401826923077 0.8388780408653846 0.7374401826923077 0.8470128341346155 0.7447805625 0.8470128341346155 0.7447805625 0.8388780408653846
1 0.7484984182692307 0.8168886778846154 0.7411580384615385 0.8168886778846154 0.7411580384615385 0.8264216394230769 0.7484984182692307 0.8264216394230769 0.7484984182692307 0.8168886778846154
1 0.8632449663461539 0.8655056274038462 0.8561697211538462 0.8655056274038462 0.8561697211538462 0.8786630985576923 0.8632449663461539 0.8786630985576923 0.8632449663461539 0.8655056274038462
1 0.8543078149038461 0.8545824423076923 0.8472325721153846 0.8545824423076923 0.8472325721153846 0.869974201923077 0.8543078149038461 0.869974201923077 0.8543078149038461 0.8545824423076923
1 0.8747887860576923 0.8563202211538462 0.8652930624999999 0.8563202211538462 0.8652930624999999 0.8739462692307692 0.8747887860576923 0.8739462692307692 0.8747887860576923 0.8563202211538462
1 0.8729268798076923 0.879407860576923 0.884656889423077 0.879407860576923 0.884656889423077 0.8697259471153846 0.8729268798076923 0.8697259471153846 0.8729268798076923 0.879407860576923
1 0.8963868990384616 0.8612853052884616 0.8855878413461539 0.8612853052884616 0.8855878413461539 0.87469103125 0.8963868990384616 0.87469103125 0.8963868990384616 0.8612853052884616
1 0.9131440552884615 0.8684846754807692 0.9066273846153846 0.8684846754807692 0.9066273846153846 0.879407860576923 0.9131440552884615 0.879407860576923 0.9131440552884615 0.8684846754807692
1 0.9999629110576923 0.8761076322115385 0.9923365408653846 0.8761076322115385 0.9923365408653846 0.8891995625 0.9999629110576923 0.8891995625 0.9999629110576923 0.8761076322115385
1 0.8565510552884615 0.8152082740384615 0.8515462500000001 0.8152082740384615 0.8515462500000001 0.8214046995192308 0.8565510552884615 0.8214046995192308 0.8565510552884615 0.8152082740384615
1 0.8449923413461539 0.8106006778846153 0.8385575913461539 0.8106006778846153 0.8385575913461539 0.8163204543269231 0.8449923413461539 0.8163204543269231 0.8449923413461539 0.8106006778846153
1 0.7900697283653847 0.7089201105769232 0.7874767644230769 0.7089201105769232 0.7874767644230769 0.7159363701923076 0.7900697283653847 0.7159363701923076 0.7900697283653847 0.7089201105769232
1 0.7923576394230769 0.7101403293269232 0.7899172019230769 0.7101403293269232 0.7899172019230769 0.7173599591346154 0.7923576394230769 0.7173599591346154 0.7923576394230769 0.7101403293269232
1 0.7991451057692308 0.7074965216346154 0.7963233509615384 0.7074965216346154 0.7963233509615384 0.7148178365384615 0.7991451057692308 0.7148178365384615 0.7991451057692308 0.7074965216346154
1 0.8233969591346154 0.7041409206730769 0.8201176201923077 0.7041409206730769 0.8201176201923077 0.7131908774038462 0.8233969591346154 0.7131908774038462 0.8233969591346154 0.7041409206730769
1 0.8290404711538462 0.7030223870192308 0.8251510240384616 0.7030223870192308 0.8251510240384616 0.712682451923077 0.8290404711538462 0.712682451923077 0.8290404711538462 0.7030223870192308
1 0.8140927884615384 0.7075982067307692 0.8115760865384616 0.7075982067307692 0.8115760865384616 0.7157330000000001 0.8140927884615384 0.7157330000000001 0.8140927884615384 0.7075982067307692
1 0.8187448725961539 0.7060729326923076 0.815007951923077 0.7060729326923076 0.815007951923077 0.7149195216346154 0.8187448725961539 0.7149195216346154 0.8187448725961539 0.7060729326923076
1 0.8103558677884616 0.7070897812499999 0.8077629038461538 0.7070897812499999 0.8077629038461538 0.7158346850961539 0.8103558677884616 0.7158346850961539 0.8103558677884616 0.7070897812499999
1 0.8964148485576923 0.7063081778846154 0.8926321682692309 0.7063081778846154 0.8926321682692309 0.7211948509615385 0.8964148485576923 0.7211948509615385 0.8964148485576923 0.7063081778846154
1 0.6023565504807692 0.8342700384615385 0.5981391129807693 0.8342700384615385 0.5981391129807693 0.8417911322115385 0.6023565504807692 0.8417911322115385 0.6023565504807692 0.8342700384615385
1 0.8141595865384615 0.8683701778846153 0.8283275384615384 0.8683701778846153 0.8283275384615384 0.8518518846153846 0.8141595865384615 0.8518518846153846 0.8141595865384615 0.8683701778846153
1 0.8779322043269231 0.8677490937500001 0.8723651874999999 0.8677490937500001 0.8723651874999999 0.8765213629807692 0.8779322043269231 0.8765213629807692 0.8779322043269231 0.8677490937500001