1 0.37712393028846153 0.57059634375 0.37059044711538464 0.57059634375 0.37059044711538464 0.5882415528846153 0.37712393028846153 0.5882415528846153 0.37712393028846153 0.57059634375
1 0.42926615384615385 0.5677806177884616 0.42197880769230767 0.5677806177884616 0.42197880769230767 0.5839241081730769 0.42926615384615385 0.5839241081730769 0.42926615384615385 0.5677806177884616
1 0.3260030384615385 0.5678143581730769 0.32265789423076924 0.5678143581730769 0.32265789423076924 0.5740615144230768 0.3260030384615385 0.5740615144230768 0.3260030384615385 0.5678143581730769
1 0.4274614975961538 0.6047491634615384 0.4378145552884615 0.6047491634615384 0.4378145552884615 0.5747147620192308 0.4274614975961538 0.5747147620192308 0.4274614975961538 0.6047491634615384
1 0.46796909374999995 0.5673563341346154 0.4640490048076923 0.5673563341346154 0.4640490048076923 0.5811721586538462 0.46796909374999995 0.5811721586538462 0.46796909374999995 0.5673563341346154
1 0.54687346875 0.5925852307692308 0.5337059855769231 0.5925852307692308 0.5337059855769231 0.6137594831730769 0.54687346875 0.6137594831730769 0.54687346875 0.5925852307692308
1 0.5694660528846154 0.5694299086538461 0.5638565048076922 0.5694299086538461 0.5638565048076922 0.5877292692307692 0.5694660528846154 0.5877292692307692 0.5694660528846154 0.5694299086538461
1 0.6339629903846155 0.5622985408653846 0.6300388798076924 0.5622985408653846 0.6300388798076924 0.5728706514423076 0.6339629903846155 0.5728706514423076 0.6339629903846155 0.5622985408653846
1 0.5887006274038462 0.5768303846153846 0.5813413125 0.5768303846153846 0.5813413125 0.5865182812499999 0.5887006274038462 0.5865182812499999 0.5887006274038462 0.5768303846153846
1 0.6594118125 0.5819049975961538 0.6529273798076923 0.5819049975961538 0.6529273798076923 0.5898244687499999 0.6594118125 0.5898244687499999 0.6594118125 0.5819049975961538
1 0.6377970384615386 0.5808285649038462 0.632599201923077 0.5808285649038462 0.632599201923077 0.5857494014423077 0.6377970384615386 0.5857494014423077 0.6377970384615386 0.5808285649038462
1 0.6651322644230769 0.5581996394230769 0.6598250649038462 0.5581996394230769 0.6598250649038462 0.571054360576923 0.6651322644230769 0.571054360576923 0.6651322644230769 0.5581996394230769
1 0.7153512307692308 0.5591559350961538 0.7089182620192307 0.5591559350961538 0.7089182620192307 0.5832218990384616 0.7153512307692308 0.5832218990384616 0.7153512307692308 0.5591559350961538
0 0.779732375 0.5475458365384616 0.7679471754807692 0.5475458365384616 0.7679471754807692 0.591448920673077 0.779732375 0.591448920673077 0.779732375 0.5475458365384616
0 0.8048981442307692 0.5420098942307692 0.7878121826923077 0.5420098942307692 0.7878121826923077 0.5899880480769231 0.8048981442307692 0.5899880480769231 0.8048981442307692 0.5420098942307692
0 0.7352162355769232 0.5716886875 0.7265188629807693 0.5716886875 0.7265188629807693 0.5851440985576923 0.7352162355769232 0.5851440985576923 0.7352162355769232 0.5716886875
0 0.7400023629807693 0.5620776802884616 0.73603965625 0.5620776802884616 0.73603965625 0.5836063389423077 0.7400023629807693 0.5836063389423077 0.7400023629807693 0.5620776802884616
0 0.7439136081730768 0.5543119855769231 0.7389216249999999 0.5543119855769231 0.7389216249999999 0.5824530168269231 0.7439136081730768 0.5824530168269231 0.7439136081730768 0.5543119855769231
1 0.76655765625 0.5565417403846153 0.7489570552884615 0.5565417403846153 0.7489570552884615 0.5847596586538462 0.76655765625 0.5847596586538462 0.76655765625 0.5565417403846153
1 0.8417485985576924 0.5422347788461539 0.8285610144230768 0.5422347788461539 0.8285610144230768 0.5738549951923078 0.8417485985576924 0.5738549951923078 0.8417485985576924 0.5422347788461539
1 0.9997091658653846 0.5361935384615385 0.96609690625 0.5361935384615385 0.96609690625 0.5507301875 0.9997091658653846 0.5507301875 0.9997091658653846 0.5361935384615385
1 0.9595031153846154 0.5381157403846154 0.8438705144230769 0.5381157403846154 0.8438705144230769 0.5658675264423076 0.9595031153846154 0.5658675264423076 0.9595031153846154 0.5381157403846154
1 0.4618252235576923 0.5686091875 0.4529211682692308 0.5686091875 0.4529211682692308 0.5833212620192307 0.4618252235576923 0.5833212620192307 0.4618252235576923 0.5686091875
1 0.5187231778846153 0.5782665865384615 0.5064612379807693 0.5782665865384615 0.5064612379807693 0.6024872548076923 0.5187231778846153 0.6024872548076923 0.5187231778846153 0.5782665865384615