0 0.8866845673076923 0.25588590384615384 0.8753190120192307 0.25588590384615384 0.8753190120192307 0.29108246634615387 0.8866845673076923 0.29108246634615387 0.8866845673076923 0.25588590384615384
0 0.9574443245192307 0.2573524278846154 0.9446122451923077 0.2573524278846154 0.9446122451923077 0.2998816081730769 0.9574443245192307 0.2998816081730769 0.9574443245192307 0.2573524278846154
1 0.3447010384615385 1 0.3447010384615385 0.9600787692307692 0.008145362980769231 0.9600787692307692 0.008145362980769231 1 0.3447010384615385 1
0 0.4396484206730769 0.25363987019230766 0.4330408533653846 0.25363987019230766 0.4330408533653846 0.27246142788461536 0.4396484206730769 0.27246142788461536 0.4396484206730769 0.25363987019230766
0 0.4330408533653846 0.2538400985576923 0.4282353485576923 0.2538400985576923 0.4282353485576923 0.27246142788461536 0.4330408533653846 0.27246142788461536 0.4330408533653846 0.2538400985576923
0 0.26811738701923077 0.24783991105769232 0.2619603341346154 0.24783991105769232 0.2619603341346154 0.2646591754807692 0.26811738701923077 0.2646591754807692 0.26811738701923077 0.24783991105769232
0 0.25895689663461535 0.24763968028846153 0.25279984375 0.24763968028846153 0.25279984375 0.2672621538461538 0.25895689663461535 0.2672621538461538 0.25895689663461535 0.24763968028846153
0 0.2514482956730769 0.25304587259615385 0.24303866346153846 0.25304587259615385 0.24303866346153846 0.27086628365384613 0.2514482956730769 0.27086628365384613 0.2514482956730769 0.25304587259615385
0 0.3229301682692308 0.24423578125 0.31887552403846153 0.24423578125 0.31887552403846153 0.2594532115384615 0.3229301682692308 0.2594532115384615 0.3229301682692308 0.24423578125
0 0.3359951322115385 0.2488410552884615 0.3289370480769231 0.2488410552884615 0.3289370480769231 0.26005389903846154 0.3359951322115385 0.26005389903846154 0.3359951322115385 0.2488410552884615
0 0.3275855 0.24763968028846153 0.32473223076923075 0.24763968028846153 0.32473223076923075 0.2606545865384616 0.3275855 0.2606545865384616 0.3275855 0.24763968028846153
0 0.21460889423076923 0.2553357884615385 0.21076449038461537 0.2553357884615385 0.21076449038461537 0.2713541346153846 0.21460889423076923 0.2713541346153846 0.21460889423076923 0.2553357884615385
0 0.22145673798076923 0.2510108341346154 0.2160505456730769 0.2510108341346154 0.2160505456730769 0.2727957860576923 0.22145673798076923 0.2727957860576923 0.22145673798076923 0.2510108341346154