0 0.6026611370192307 0.6705909735576923 0.5972159086538462 0.6705909735576923 0.5972159086538462 0.6851128990384615 0.6026611370192307 0.6851128990384615 0.6026611370192307 0.6705909735576923
0 0.7626904038461538 0.7168796129807693 0.7663205576923077 0.7168796129807693 0.7663205576923077 0.7009962548076923 0.7626904038461538 0.7009962548076923 0.7626904038461538 0.7168796129807693
1 0.6559638918269232 0.7127953197115384 0.65263625 0.7127953197115384 0.65263625 0.7200562836538461 0.6559638918269232 0.7200562836538461 0.6559638918269232 0.7127953197115384
1 0.7134413221153846 0.7168796129807693 0.7082986057692308 0.7168796129807693 0.7082986057692308 0.7286786754807693 0.7134413221153846 0.7286786754807693 0.7134413221153846 0.7168796129807693
1 0.26582115384615385 0.6607250600961538 0.2634420961538461 0.6607250600961538 0.2634420961538461 0.6632232956730769 0.26582115384615385 0.6632232956730769 0.26582115384615385 0.6607250600961538
1 0.25376726442307695 0.6612009134615384 0.25154681009615387 0.6612009134615384 0.25154681009615387 0.6627474423076923 0.25376726442307695 0.6627474423076923 0.25376726442307695 0.6612009134615384
1 0.24353731730769232 0.6600112788461538 0.24084105048076923 0.6600112788461538 0.24084105048076923 0.6627474423076923 0.24353731730769232 0.6627474423076923 0.24353731730769232 0.6600112788461538
1 0.2304525 0.6602492043269231 0.2275183293269231 0.6602492043269231 0.2275183293269231 0.6622715865384615 0.2304525 0.6622715865384615 0.2304525 0.6602492043269231
1 0.3656261346153846 0.6573401225961538 0.3306837283653846 0.6573401225961538 0.3306837283653846 0.6616153774038461 0.3656261346153846 0.6616153774038461 0.3656261346153846 0.6573401225961538
0 0.7607432091346154 0.7009524951923077 0.7557156634615385 0.7009524951923077 0.7557156634615385 0.7245134591346154 0.7607432091346154 0.7245134591346154 0.7607432091346154 0.7009524951923077
1 0.18124879086538462 0.6583168365384615 0.17819071394230768 0.6583168365384615 0.17819071394230768 0.6623857788461538 0.18124879086538462 0.6623857788461538 0.18124879086538462 0.6583168365384615
0 0.8177204903846154 0.7112466538461538 0.8093350625 0.7112466538461538 0.8093350625 0.7193052524038461 0.8177204903846154 0.7193052524038461 0.8177204903846154 0.7112466538461538