1 0.3336092115384615 0.9542130408653846 0.0016533966346153847 0.9542130408653846 0.0016533966346153847 0.9987773389423077 0.3336092115384615 0.9987773389423077 0.3336092115384615 0.9542130408653846
1 1 0.9724958293269231 0.8472323894230769 0.9724958293269231 0.8472323894230769 1 1 1 1 0.9724958293269231
0 0.7041987403846155 0.8536353028846153 0.6774784423076923 0.8536353028846153 0.6774784423076923 0.9551998533653846 0.7041987403846155 0.9551998533653846 0.7041987403846155 0.8536353028846153
0 0.6901780913461538 0.8483730432692307 0.6691200625 0.8483730432692307 0.6691200625 0.9522792884615385 0.6901780913461538 0.9522792884615385 0.6901780913461538 0.8483730432692307
0 0.7425460841346154 0.865435139423077 0.7195485 0.865435139423077 0.7195485 0.9403933341346153 0.7425460841346154 0.9403933341346153 0.7425460841346154 0.865435139423077
0 0.791866204326923 0.8378290504807692 0.7609718605769231 0.8378290504807692 0.7609718605769231 0.952662704326923 0.791866204326923 0.952662704326923 0.791866204326923 0.8378290504807692
0 0.8299646105769232 0.8587253245192308 0.793944298076923 0.8587253245192308 0.793944298076923 0.991771329326923 0.8299646105769232 0.991771329326923 0.8299646105769232 0.8587253245192308
0 0.8634479158653845 0.8415553942307692 0.8366058557692307 0.8415553942307692 0.8366058557692307 0.9640693870192307 0.8634479158653845 0.9640693870192307 0.8634479158653845 0.8415553942307692
0 0.8859606105769231 0.8301726754807692 0.8565209326923077 0.8301726754807692 0.8565209326923077 0.9514884903846154 0.8859606105769231 0.9514884903846154 0.8859606105769231 0.8301726754807692
0 0.9078759783653846 0.8881340288461538 0.8772332235576923 0.8881340288461538 0.8772332235576923 0.9470270144230769 0.9078759783653846 0.9470270144230769 0.9078759783653846 0.8881340288461538
0 0.9286680120192308 0.824621625 0.8992976033653846 0.824621625 0.8992976033653846 0.9542168653846154 0.9286680120192308 0.9542168653846154 0.9286680120192308 0.824621625
0 0.9480635649038462 0.8497354951923076 0.9193858533653846 0.8497354951923076 0.9193858533653846 0.9438645841346154 0.9480635649038462 0.9438645841346154 0.9480635649038462 0.8497354951923076
0 1 0.8280723846153847 0.9757714975961539 0.8280723846153847 0.9757714975961539 0.9475070528846155 1 0.9475070528846155 1 0.8280723846153847
0 0.6337118966346154 0.8569034711538461 0.6136236466346154 0.8569034711538461 0.6136236466346154 0.9468149639423077 0.6337118966346154 0.9468149639423077 0.6337118966346154 0.8569034711538461
0 0.6165329783653846 0.8260383317307693 0.5915958389423077 0.8260383317307693 0.5915958389423077 0.9650273125000001 0.6165329783653846 0.9650273125000001 0.6165329783653846 0.8260383317307693
0 0.5943666322115384 0.8674474639423077 0.5719232067307692 0.8674474639423077 0.5719232067307692 0.944897875 0.5943666322115384 0.944897875 0.5943666322115384 0.8674474639423077
0 0.5417215600961538 0.84961853125 0.5178927379807692 0.84961853125 0.5178927379807692 0.9763381394230769 0.5417215600961538 0.9763381394230769 0.5417215600961538 0.84961853125
0 0.5280061346153846 0.8216290264423077 0.5147063269230769 0.8216290264423077 0.5147063269230769 0.8818256346153847 0.5280061346153846 0.8818256346153847 0.5280061346153846 0.8216290264423077
0 0.5088876610576923 0.8415667572115384 0.4872754735576923 0.8415667572115384 0.4872754735576923 0.9546750288461539 0.5088876610576923 0.9546750288461539 0.5088876610576923 0.8415667572115384
0 0.5050085504807693 0.8473180240384616 0.4810411875 0.8473180240384616 0.4810411875 0.9719288341346153 0.5050085504807693 0.9719288341346153 0.5050085504807693 0.8473180240384616
0 0.48866087019230775 0.8467428966346154 0.4559655096153846 0.8467428966346154 0.4559655096153846 0.9786386466346154 0.48866087019230775 0.9786386466346154 0.48866087019230775 0.8467428966346154
0 0.5058397884615384 0.8217536370192308 0.4905450096153846 0.8217536370192308 0.4905450096153846 0.8722114302884615 0.5058397884615384 0.8722114302884615 0.5058397884615384 0.8217536370192308
0 0.4059475504807692 0.804667 0.38976611778846154 0.804667 0.38976611778846154 0.8561983629807692 0.4059475504807692 0.8561983629807692 0.4059475504807692 0.804667
0 0.4306630264423077 0.8131021923076923 0.41337327644230765 0.8131021923076923 0.41337327644230765 0.8784365985576923 0.4306630264423077 0.8784365985576923 0.4306630264423077 0.8131021923076923
0 0.4737765673076923 0.8561983629807692 0.45482434375 0.8561983629807692 0.45482434375 0.956347110576923 0.4737765673076923 0.956347110576923 0.4737765673076923 0.8561983629807692
0 0.46213923557692305 0.8607993774038462 0.4421895264423077 0.8607993774038462 0.4421895264423077 0.9517460961538462 0.46213923557692305 0.9517460961538462 0.46213923557692305 0.8607993774038462
0 0.4483961033653846 0.9065027884615385 0.4254539350961538 0.9065027884615385 0.4254539350961538 0.9680030144230769 0.4483961033653846 0.9680030144230769 0.4483961033653846 0.9065027884615385
0 0.4499477451923077 0.8485300048076923 0.41902569471153844 0.8485300048076923 0.41902569471153844 0.9604880240384616 0.4499477451923077 0.9604880240384616 0.4499477451923077 0.8485300048076923
0 0.40350925240384616 0.8506771442307692 0.3797912620192308 0.8506771442307692 0.3797912620192308 0.9465316129807693 0.40350925240384616 0.9465316129807693 0.40350925240384616 0.8506771442307692
0 0.38422453125 0.8612594783653846 0.3608390360576923 0.8612594783653846 0.3608390360576923 0.942390701923077 0.38422453125 0.942390701923077 0.38422453125 0.8612594783653846
0 0.34900601682692306 0.8380435264423076 0.332796875 0.8380435264423076 0.332796875 0.8857790504807692 0.34900601682692306 0.8857790504807692 0.34900601682692306 0.8380435264423076
0 0.31838875000000005 0.7958675600961538 0.30148691346153844 0.7958675600961538 0.30148691346153844 0.8453284639423077 0.31838875000000005 0.8453284639423077 0.31838875000000005 0.7958675600961538
0 0.2617875889423077 0.8695186129807693 0.2249879903846154 0.8695186129807693 0.2249879903846154 0.9503958221153846 0.2617875889423077 0.9503958221153846 0.2617875889423077 0.8695186129807693
0 0.2918225528846154 0.8653998677884616 0.2682816346153846 0.8653998677884616 0.2682816346153846 0.9342952668269231 0.2918225528846154 0.9342952668269231 0.2918225528846154 0.8653998677884616
0 0.3167163990384615 0.8601578245192307 0.2926343100961538 0.8601578245192307 0.2926343100961538 0.9092083557692308 0.3167163990384615 0.9092083557692308 0.3167163990384615 0.8601578245192307
1 0.2186779423076923 0.866538139423077 0.15443017307692308 0.866538139423077 0.15443017307692308 0.9333966322115385 0.2186779423076923 0.9333966322115385 0.2186779423076923 0.866538139423077
0 0.15772049038461539 0.7941680144230769 0.1466373173076923 0.7941680144230769 0.1466373173076923 0.8351458004807693 0.15772049038461539 0.8351458004807693 0.15772049038461539 0.7941680144230769
0 0.14490557211538463 0.7606189495192308 0.13122477884615386 0.7606189495192308 0.13122477884615386 0.8013571009615384 0.14490557211538463 0.8013571009615384 0.14490557211538463 0.7606189495192308
0 0.1466373173076923 0.7934491057692308 0.13416874759615385 0.7934491057692308 0.13416874759615385 0.8334683461538461 0.1466373173076923 0.8334683461538461 0.1466373173076923 0.7934491057692308
0 0.13581009615384615 0.7831466682692307 0.12676622596153847 0.7831466682692307 0.12676622596153847 0.8334683461538461 0.13581009615384615 0.8334683461538461 0.13581009615384615 0.7831466682692307
0 0.12827353846153847 0.78412821875 0.1161263798076923 0.78412821875 0.1161263798076923 0.8354141923076923 0.12827353846153847 0.8354141923076923 0.12827353846153847 0.78412821875
0 0 0.9087390264423078 0.011855889423076924 0.9087390264423078 0.011855889423076924 0.8527600168269232 0 0.8527600168269232 0 0.9087390264423078
0 0 0.8456667860576924 0.011440271634615386 0.8456667860576924 0.011440271634615386 0.7906463221153845 0 0.7906463221153845 0 0.8456667860576924
0 0.017951634615384616 0.7824028389423077 0.007838240384615384 0.7824028389423077 0.007838240384615384 0.8349310865384615 0.017951634615384616 0.8349310865384615 0.017951634615384616 0.7824028389423077
0 0.02820356971153846 0.7937136658653846 0.014349603365384616 0.7937136658653846 0.014349603365384616 0.8349310865384615 0.02820356971153846 0.8349310865384615 0.02820356971153846 0.7937136658653846
0 0.06934984855769231 0.8065581634615384 0.053002168269230765 0.8065581634615384 0.053002168269230765 0.8550605240384616 0.06934984855769231 0.8550605240384616 0.06934984855769231 0.8065581634615384
0 0.07322895913461538 0.7921799927884615 0.061730168269230765 0.7921799927884615 0.061730168269230765 0.839340391826923 0.07322895913461538 0.839340391826923 0.07322895913461538 0.7921799927884615
0 0.09511822596153846 0.7889209399038462 0.08223403846153846 0.7889209399038462 0.08223403846153846 0.8264958942307692 0.09511822596153846 0.8264958942307692 0.09511822596153846 0.7889209399038462
0 0.13377079086538463 0.7154964182692307 0.1208866033653846 0.7154964182692307 0.1208866033653846 0.7606189495192308 0.13377079086538463 0.7606189495192308 0.13377079086538463 0.7154964182692307
0 0.2278392235576923 0.7524962427884615 0.21550919230769233 0.7524962427884615 0.21550919230769233 0.7973561346153846 0.2278392235576923 0.7973561346153846 0.2278392235576923 0.7524962427884615
0 0.2421088076923077 0.7246984471153847 0.22936315865384616 0.7246984471153847 0.22936315865384616 0.7685997932692307 0.2421088076923077 0.7685997932692307 0.2421088076923077 0.7246984471153847
0 0.20068544951923076 0.722781358173077 0.19015643509615382 0.722781358173077 0.19015643509615382 0.755755295673077 0.20068544951923076 0.755755295673077 0.20068544951923076 0.722781358173077
0 0.21398525721153844 0.7087866057692308 0.20317916346153847 0.7087866057692308 0.20317916346153847 0.7622733990384615 0.21398525721153844 0.7622733990384615 0.21398525721153844 0.7087866057692308
0 0.22063516105769232 0.7193305961538462 0.21163008173076922 0.7193305961538462 0.21163008173076922 0.7574806754807692 0.22063516105769232 0.7574806754807692 0.22063516105769232 0.7193305961538462
0 0.22506843028846155 0.7149212908653847 0.21800290625000002 0.7149212908653847 0.21800290625000002 0.7542216225961538 0.22506843028846155 0.7542216225961538 0.22506843028846155 0.7149212908653847
0 0.23088709615384614 0.7122373653846155 0.22285179567307692 0.7122373653846155 0.22285179567307692 0.7494288990384615 0.23088709615384614 0.7494288990384615 0.23088709615384614 0.7122373653846155
0 0.20317916346153847 0.6882737475961539 0.1941740841346154 0.6882737475961539 0.1941740841346154 0.7243150288461538 0.20317916346153847 0.7243150288461538 0.20317916346153847 0.6882737475961539
0 0.22063516105769232 0.6876986225961539 0.21107592307692308 0.6876986225961539 0.21107592307692308 0.7193305961538462 0.22063516105769232 0.7193305961538462 0.22063516105769232 0.6876986225961539
0 0.20941344711538462 0.6928747644230769 0.20123960817307693 0.6928747644230769 0.20123960817307693 0.7256569927884615 0.20941344711538462 0.7256569927884615 0.20941344711538462 0.6928747644230769
0 0.23088709615384614 0.6903825480769231 0.22368303365384617 0.6903825480769231 0.22368303365384617 0.7220145216346154 0.23088709615384614 0.7220145216346154 0.23088709615384614 0.6903825480769231
0 0.2386453173076923 0.6932581802884615 0.22936315865384616 0.6932581802884615 0.22936315865384616 0.7246984471153847 0.2386453173076923 0.7246984471153847 0.2386453173076923 0.6932581802884615
0 0.31678168509615384 0.7256569927884615 0.3041745769230769 0.7256569927884615 0.3041745769230769 0.7703251754807692 0.31678168509615384 0.7703251754807692 0.31678168509615384 0.7256569927884615
0 0.3381167932692308 0.7319833870192307 0.32453990625 0.7319833870192307 0.32453990625 0.7716671370192307 0.3381167932692308 0.7716671370192307 0.3381167932692308 0.7319833870192307
0 0.3108244807692308 0.6940250168269231 0.30209648076923074 0.6940250168269231 0.30209648076923074 0.7239316105769231 0.3108244807692308 0.7239316105769231 0.3108244807692308 0.6940250168269231
0 0.33285228605769235 0.6932581802884615 0.32038371634615387 0.6932581802884615 0.32038371634615387 0.7250818653846154 0.33285228605769235 0.7250818653846154 0.33285228605769235 0.6932581802884615
0 0.34518231730769233 0.6930664711538461 0.3364543173076923 0.6930664711538461 0.3364543173076923 0.7266155360576924 0.34518231730769233 0.7266155360576924 0.34518231730769233 0.6930664711538461
0 0.3658247259615385 0.713004201923077 0.35460301442307696 0.713004201923077 0.35460301442307696 0.7373512355769231 0.3658247259615385 0.7373512355769231 0.3658247259615385 0.713004201923077
0 0.36457787019230764 0.6967089423076923 0.35488009375 0.6967089423076923 0.35488009375 0.7260404086538461 0.36457787019230764 0.7260404086538461 0.36457787019230764 0.6967089423076923
0 0.3803713918269231 0.6992011586538461 0.37081215384615385 0.6992011586538461 0.37081215384615385 0.7385014903846153 0.3803713918269231 0.7385014903846153 0.3803713918269231 0.6992011586538461
0 0.3889608485576923 0.69862603125 0.3803713918269231 0.69862603125 0.3803713918269231 0.7385014903846153 0.3889608485576923 0.7385014903846153 0.3889608485576923 0.69862603125
0 0.3914545625 0.6940250168269231 0.3850817403846154 0.6940250168269231 0.3850817403846154 0.7235481923076923 0.3914545625 0.7235481923076923 0.3914545625 0.6940250168269231
0 0.4122355144230769 0.7009265384615385 0.4021221177884616 0.7009265384615385 0.4021221177884616 0.7358175649038461 0.4122355144230769 0.7358175649038461 0.4122355144230769 0.7009265384615385
0 0.42179475 0.6990094495192308 0.4122355144230769 0.6990094495192308 0.4122355144230769 0.7323668028846153 0.42179475 0.7323668028846153 0.42179475 0.6990094495192308
0 0.4321852235576923 0.7024602115384616 0.4227645264423077 0.7024602115384616 0.4227645264423077 0.7356258557692308 0.4321852235576923 0.7356258557692308 0.4321852235576923 0.7024602115384616
0 0.43537163701923076 0.7120456562499999 0.4266436370192308 0.7120456562499999 0.4266436370192308 0.7432942139423078 0.43537163701923076 0.7432942139423078 0.43537163701923076 0.7120456562499999
0 0.4459006514423077 0.7082114783653846 0.4367570336538461 0.7082114783653846 0.4367570336538461 0.7411854158653846 0.4459006514423077 0.7411854158653846 0.4459006514423077 0.7082114783653846
0 0.44645591826923076 0.6992287644230769 0.44063946875 0.6992287644230769 0.44063946875 0.7324051466346154 0.44645591826923076 0.7324051466346154 0.44645591826923076 0.6992287644230769
0 0.45262702884615386 0.6989343004807692 0.44645591826923076 0.6989343004807692 0.44645591826923076 0.7306383557692308 0.45262702884615386 0.7306383557692308 0.45262702884615386 0.6989343004807692
0 0.4675050793269231 0.7151298701923078 0.45544658894230766 0.7151298701923078 0.45544658894230766 0.7602811586538463 0.4675050793269231 0.7602811586538463 0.4675050793269231 0.7151298701923078
0 0.4884301105769231 0.7157433389423077 0.48009556490384614 0.7157433389423077 0.48009556490384614 0.7601584663461539 0.4884301105769231 0.7601584663461539 0.4884301105769231 0.7157433389423077
0 0.47619428846153844 0.7008973990384615 0.46901239182692306 0.7008973990384615 0.46901239182692306 0.7299758100961539 0.47619428846153844 0.7299758100961539 0.47619428846153844 0.7008973990384615
0 0.46732775 0.7002839302884615 0.45908187019230773 0.7002839302884615 0.45908187019230773 0.7305892788461539 0.46732775 0.7305892788461539 0.46732775 0.7002839302884615
0 0.4636038028846154 0.6984435240384615 0.45562391826923077 0.6984435240384615 0.45562391826923077 0.7296077307692308 0.4636038028846154 0.7296077307692308 0.4636038028846154 0.6984435240384615
0 0.47849958894230765 0.7085044086538462 0.4722930096153846 0.7085044086538462 0.4722930096153846 0.7299758100961539 0.47849958894230765 0.7299758100961539 0.47849958894230765 0.7085044086538462
0 0.5126357596153845 0.7197922331730768 0.5011092596153847 0.7197922331730768 0.5011092596153847 0.7634711971153846 0.5126357596153845 0.7634711971153846 0.5126357596153845 0.7197922331730768
0 0.49348403846153843 0.7022470288461539 0.48621347596153847 0.7022470288461539 0.48621347596153847 0.7364785793269231 0.49348403846153843 0.7364785793269231 0.49348403846153843 0.7022470288461539
0 0.5029712331730769 0.69733928125 0.49454802163461536 0.69733928125 0.49454802163461536 0.7337793173076924 0.5029712331730769 0.7337793173076924 0.5029712331730769 0.69733928125
0 0.5050105384615384 0.7040874350961539 0.4972079831730769 0.7040874350961539 0.4972079831730769 0.7343927860576923 0.5050105384615384 0.7343927860576923 0.5050105384615384 0.7040874350961539
0 0.5187536706730769 0.7023697235576923 0.5096211370192308 0.7023697235576923 0.5096211370192308 0.7318162163461538 0.5187536706730769 0.7318162163461538 0.5187536706730769 0.7023697235576923
0 0.5199063221153846 0.7212645576923078 0.5139657403846154 0.7212645576923078 0.5139657403846154 0.7357424158653847 0.5199063221153846 0.7357424158653847 0.5199063221153846 0.7212645576923078
0 0.5329401346153846 0.7047009038461538 0.52496025 0.7047009038461538 0.52496025 0.7389324519230769 0.5329401346153846 0.7389324519230769 0.5329401346153846 0.7047009038461538
0 0.5414520096153846 0.7042101298076923 0.5336494567307692 0.7042101298076923 0.5336494567307692 0.7377055144230769 0.5414520096153846 0.7377055144230769 0.5414520096153846 0.7042101298076923
0 0.5449099591346154 0.700774704326923 0.5390580456730769 0.700774704326923 0.5390580456730769 0.7343927860576923 0.5449099591346154 0.7343927860576923 0.5449099591346154 0.700774704326923
0 0.5498752211538462 0.7043328221153846 0.5433139831730769 0.7043328221153846 0.5433139831730769 0.7383189831730769 0.5498752211538462 0.7383189831730769 0.5498752211538462 0.7043328221153846
0 0.5623770408653846 0.700406625 0.5530671754807692 0.700406625 0.5530671754807692 0.7367239639423077 0.5623770408653846 0.7367239639423077 0.5623770408653846 0.700406625
0 0.5786028076923077 0.7020016418269232 0.5683176225961538 0.7020016418269232 0.5683176225961538 0.7356197211538462 0.5786028076923077 0.7356197211538462 0.5786028076923077 0.7020016418269232
0 0.5883559975961539 0.7054370673076923 0.5803761153846154 0.7054370673076923 0.5803761153846154 0.7404047764423077 0.5883559975961539 0.7404047764423077 0.5883559975961539 0.7054370673076923
0 0.5936759206730768 0.7039647427884616 0.585341375 0.7039647427884616 0.585341375 0.7367239639423077 0.5936759206730768 0.7367239639423077 0.5936759206730768 0.7039647427884616
0 0.5962472187500001 0.6990569927884616 0.5865826899038461 0.6990569927884616 0.5865826899038461 0.729730423076923 0.5962472187500001 0.729730423076923 0.5962472187500001 0.6990569927884616
0 0.6065324014423077 0.7045782115384616 0.5990845096153846 0.7045782115384616 0.5990845096153846 0.7374601274038461 0.6065324014423077 0.7374601274038461 0.6065324014423077 0.7045782115384616
0 0.6119409903846154 0.7044555168269231 0.6054684158653847 0.7044555168269231 0.6054684158653847 0.7374601274038461 0.6119409903846154 0.7374601274038461 0.6119409903846154 0.7044555168269231
0 0.6345506634615384 0.7040874350961539 0.6268367764423076 0.7040874350961539 0.6268367764423076 0.7383189831730769 0.6345506634615384 0.7383189831730769 0.6345506634615384 0.7040874350961539
0 0.6492691177884615 0.7069093894230769 0.6402252475961538 0.7069093894230769 0.6402252475961538 0.7408955504807693 0.6492691177884615 0.7408955504807693 0.6492691177884615 0.7069093894230769
0 0.6632782475961538 0.7093632668269231 0.6553870288461539 0.7093632668269231 0.6553870288461539 0.7367239639423077 0.6632782475961538 0.7367239639423077 0.6632782475961538 0.7093632668269231
0 0.6536137211538461 0.700406625 0.6458111658653846 0.700406625 0.6458111658653846 0.7350062524038462 0.6536137211538461 0.7350062524038462 0.6536137211538461 0.700406625
0 0.5898297139423077 0.7569494975961538 0.5725122548076923 0.7569494975961538 0.5725122548076923 0.8081357836538461 0.5898297139423077 0.8081357836538461 0.5898297139423077 0.7569494975961538
0 0.6822356682692308 0.7546489903846154 0.668935860576923 0.7546489903846154 0.668935860576923 0.8020010985576923 0.6822356682692308 0.8020010985576923 0.6822356682692308 0.7546489903846154
0 0.6981677283653845 0.7542655721153846 0.6862533197115385 0.7542655721153846 0.6862533197115385 0.8023845168269231 0.6981677283653845 0.8023845168269231 0.6981677283653845 0.7542655721153846
0 0.7050947139423077 0.7487060144230769 0.6944271586538461 0.7487060144230769 0.6944271586538461 0.7922239423076923 0.7050947139423077 0.7922239423076923 0.7050947139423077 0.7487060144230769
0 0.690548048076923 0.7026958677884616 0.6804346538461539 0.7026958677884616 0.6804346538461539 0.7408459471153847 0.690548048076923 0.7408459471153847 0.690548048076923 0.7026958677884616
0 0.6940115408653846 0.7074885913461538 0.6883314134615385 0.7074885913461538 0.6883314134615385 0.7358615144230769 0.6940115408653846 0.7358615144230769 0.6940115408653846 0.7074885913461538
0 0.7060644903846154 0.7209082187500001 0.7002458245192307 0.7209082187500001 0.7002458245192307 0.7370117692307693 0.7060644903846154 0.7370117692307693 0.7060644903846154 0.7209082187500001
0 0.71340709375 0.7040378317307692 0.7071728076923077 0.7040378317307692 0.7071728076923077 0.739503983173077 0.71340709375 0.739503983173077 0.71340709375 0.7040378317307692
0 0.7189486802884615 0.7230170168269231 0.7113289975961539 0.7230170168269231 0.7113289975961539 0.738928858173077 0.7189486802884615 0.738928858173077 0.7189486802884615 0.7230170168269231
0 0.77159375 0.7013539062499999 0.7625886730769231 0.7013539062499999 0.7625886730769231 0.7341361346153845 0.77159375 0.7341361346153845 0.77159375 0.7013539062499999
0 0.7771353365384616 0.7000119423076924 0.7699312764423076 0.7000119423076924 0.7699312764423076 0.7322190456730768 0.7771353365384616 0.7322190456730768 0.7771353365384616 0.7000119423076924
0 0.7853091778846154 0.7057632115384614 0.7776894951923077 0.7057632115384614 0.7776894951923077 0.7347112596153846 0.7853091778846154 0.7347112596153846 0.7853091778846154 0.7057632115384614
0 0.7902966057692308 0.7090222644230769 0.7825383846153847 0.7090222644230769 0.7825383846153847 0.7349029711538461 0.7902966057692308 0.7349029711538461 0.7902966057692308 0.7090222644230769
0 0.7927903197115385 0.7034627043269231 0.7868331129807692 0.7034627043269231 0.7868331129807692 0.7320273365384615 0.7927903197115385 0.7320273365384615 0.7927903197115385 0.7034627043269231
0 0.7967249086538462 0.7008062451923076 0.7890642211538462 0.7008062451923076 0.7890642211538462 0.7359849903846154 0.7967249086538462 0.7359849903846154 0.7967249086538462 0.7008062451923076
0 0.8122165264423077 0.7107787908653846 0.8035344110576923 0.7107787908653846 0.8035344110576923 0.7447011490384615 0.8122165264423077 0.7447011490384615 0.8122165264423077 0.7107787908653846
0 0.8081308245192307 0.7038686802884615 0.80018640625 0.7038686802884615 0.80018640625 0.7377910408653846 0.8081308245192307 0.7377910408653846 0.8081308245192307 0.7038686802884615
0 0.8504867211538462 0.7230226274038463 0.8390808076923076 0.7230226274038463 0.8390808076923076 0.7655041009615384 0.8504867211538462 0.7655041009615384 0.8504867211538462 0.7230226274038463
0 0.846911733173077 0.7249072019230769 0.8404427067307693 0.7249072019230769 0.8404427067307693 0.7432818149038461 0.846911733173077 0.7432818149038461 0.846911733173077 0.7249072019230769
0 0.8616429014423077 0.7036920769230769 0.8538846802884615 0.7036920769230769 0.8538846802884615 0.7387748125000001 0.8616429014423077 0.7387748125000001 0.8616429014423077 0.7036920769230769
0 0.8689855048076923 0.7071428389423077 0.8601189663461538 0.7071428389423077 0.8601189663461538 0.7374328509615384 0.8689855048076923 0.7374328509615384 0.8689855048076923 0.7071428389423077
0 0.8806228341346153 0.705800875 0.8724489951923077 0.705800875 0.8724489951923077 0.7370494326923077 0.8806228341346153 0.7370494326923077 0.8806228341346153 0.705800875
0 0.9079151490384615 0.7219044254807692 0.8973861346153846 0.7219044254807692 0.8973861346153846 0.7414587379807693 0.9079151490384615 0.7414587379807693 0.9079151490384615 0.7219044254807692
0 0.9364647091346154 0.7134931971153846 0.9278198341346153 0.7134931971153846 0.9278198341346153 0.7282164423076923 0.9364647091346154 0.7282164423076923 0.9364647091346154 0.7134931971153846
0 0.9698250600961539 0.7029108629807692 0.9625101658653846 0.7029108629807692 0.9625101658653846 0.7386454086538462 0.9698250600961539 0.7386454086538462 0.9698250600961539 0.7029108629807692
0 0.9738150024038461 0.7072051442307692 0.9660567812499999 0.7072051442307692 0.9660567812499999 0.7457002980769231 0.9738150024038461 0.7457002980769231 0.9738150024038461 0.7072051442307692
0 0.9858956610576922 0.7101191177884616 0.9756991418269231 0.7101191177884616 0.9756991418269231 0.7455469302884615 0.9858956610576922 0.7455469302884615 0.9858956610576922 0.7101191177884616
0 0.9846765120192308 0.7248423653846154 0.9789132620192308 0.7248423653846154 0.9789132620192308 0.74846090625 0.9846765120192308 0.74846090625 0.9846765120192308 0.7248423653846154
0 0.9930997235576923 0.7018372932692307 0.9851198389423076 0.7018372932692307 0.9851198389423076 0.7440132596153847 0.9930997235576923 0.7440132596153847 0.9930997235576923 0.7018372932692307
0 1 0.7004569903846154 0.9923239014423076 0.7004569903846154 0.9923239014423076 0.7432464230769231 1 0.7432464230769231 1 0.7004569903846154
0 0.016894463942307692 0.7018730817307692 0.009136245192307692 0.7018730817307692 0.009136245192307692 0.71874346875 0.016894463942307692 0.71874346875 0.016894463942307692 0.7018730817307692
0 0 0.7189351778846155 0.008166466346153846 0.7189351778846155 0.008166466346153846 0.7003394110576924 0 0.7003394110576924 0 0.7189351778846155
0 0.017033004807692306 0.7106916923076922 0.001239483173076923 0.7106916923076922 0.001239483173076923 0.7657121586538461 0.017033004807692306 0.7657121586538461 0.017033004807692306 0.7106916923076922
0 0.12384777644230768 0.6955720889423076 0.11595655769230769 0.6955720889423076 0.11595655769230769 0.7091910913461539 0.12384777644230768 0.7091910913461539 0.12384777644230768 0.6955720889423076
1 0.8716143629807692 0.5693103822115385 0.8657264278846154 0.5693103822115385 0.8657264278846154 0.5812921899038461 0.8716143629807692 0.5812921899038461 0.8716143629807692 0.5693103822115385
1 0.7936858028846154 0.5532547572115385 0.7884905673076923 0.5532547572115385 0.7884905673076923 0.5681122019230769 0.7936858028846154 0.5681122019230769 0.7936858028846154 0.5532547572115385
1 0.4118106466346154 0.5184917139423078 0.4080336418269231 0.5184917139423078 0.4080336418269231 0.5245726129807692 0.4118106466346154 0.5245726129807692 0.4118106466346154 0.5184917139423078