1 0.2819385048076923 0.5244659278846154 0.2595732259615385 0.5244659278846154 0.2595732259615385 0.5543024230769231 0.2819385048076923 0.5543024230769231 0.2819385048076923 0.5244659278846154
1 0.24679306490384614 0.5328201466346154 0.2260253028846154 0.5328201466346154 0.2260253028846154 0.5578828028846154 0.24679306490384614 0.5578828028846154 0.24679306490384614 0.5328201466346154
1 0.24679306490384614 0.5226320096153846 0.2348073173076923 0.5226320096153846 0.2348073173076923 0.5374927788461539 0.24679306490384614 0.5374927788461539 0.24679306490384614 0.5226320096153846
1 0.16727899278846153 0.5112908942307692 0.1719902716346154 0.5112908942307692 0.1719902716346154 0.5065980192307692 0.16727899278846153 0.5065980192307692 0.16727899278846153 0.5112908942307692
1 0.3170839495192308 1 0.3170839495192308 0.9624656875 0.008762569711538461 0.9624656875 0.008762569711538461 1 0.3170839495192308 1
1 1 0.9767872067307692 0.5710896442307692 0.9767872067307692 0.5710896442307692 0.9958825625000001 1 0.9958825625000001 1 0.9767872067307692
1 0.18264087019230768 0.5402085769230769 0.16926134134615384 0.5402085769230769 0.16926134134615384 0.5481536778846153 0.18264087019230768 0.5481536778846153 0.18264087019230768 0.5402085769230769
1 0.10013099759615383 0.5469695408653846 0.08462446634615385 0.5469695408653846 0.08462446634615385 0.5582464567307692 0.10013099759615383 0.5582464567307692 0.10013099759615383 0.5469695408653846
1 0.013210240384615383 0.5204059302884615 0.004779076923076923 0.5204059302884615 0.004779076923076923 0.5260327427884616 0.013210240384615383 0.5260327427884616 0.013210240384615383 0.5204059302884615
1 0.031252923076923074 0.5206158846153847 0.023833502403846154 0.5206158846153847 0.023833502403846154 0.5249409735576923 0.031252923076923074 0.5249409735576923 0.031252923076923074 0.5206158846153847
1 0.7586174855769231 0.47393386538461535 0.7525575889423077 0.47393386538461535 0.7525575889423077 0.47911714423076923 0.7586174855769231 0.47911714423076923 0.7586174855769231 0.47393386538461535