0 0.5158648389423077 0.6856634615384615 0.5072638557692307 0.6856634615384615 0.5072638557692307 0.7225760192307693 0.5158648389423077 0.7225760192307693 0.5158648389423077 0.6856634615384615
0 0.5027841754807693 0.6872164182692307 0.4957958774038461 0.6872164182692307 0.4957958774038461 0.7179171538461537 0.5027841754807693 0.7179171538461537 0.5027841754807693 0.6872164182692307
0 0.49481034615384617 0.6863802115384616 0.4880908269230769 0.6863802115384616 0.4880908269230769 0.7169614879807693 0.49481034615384617 0.7169614879807693 0.49481034615384617 0.6863802115384616
0 0.4911227475961538 0.6837425360576923 0.48445698557692307 0.6837425360576923 0.48445698557692307 0.7169614879807693 0.4911227475961538 0.7169614879807693 0.4911227475961538 0.6837425360576923
1 0.48718062980769233 0.6738991875 0.48510206009615386 0.6738991875 0.48510206009615386 0.6764794831730769 0.48718062980769233 0.6764794831730769 0.48718062980769233 0.6738991875
1 0.022804310096153843 0.6716353990384616 0.022804310096153843 0.6699534278846154 0.021141451923076923 0.6699534278846154 0.021141451923076923 0.6706918749999999 0.021141451923076923 0.6716353990384616 0.022804310096153843 0.6716353990384616
1 0.02549928605769231 0.6675069254807693 0.02549928605769231 0.6659014086538462 0.024180466346153846 0.6659014086538462 0.024180466346153846 0.6667927620192308 0.024180466346153846 0.6675069254807693 0.02549928605769231 0.6675069254807693
1 0.04080903605769231 0.6697240697115384 0.03777002163461539 0.6697240697115384 0.03777002163461539 0.6723234759615385 0.04080903605769231 0.6723234759615385 0.04080903605769231 0.6697240697115384
1 0.0775962548076923 0.6657468557692308 0.07603660817307692 0.6657468557692308 0.07603660817307692 0.667275920673077 0.0775962548076923 0.667275920673077 0.0775962548076923 0.6657468557692308
0 0.009818846153846154 0.6674062211538462 0.005461012019230769 0.6674062211538462 0.005461012019230769 0.6767640913461539 0.009818846153846154 0.6767640913461539 0.009818846153846154 0.6674062211538462
0 0.02972725721153846 0.6657548317307692 0.02238775 0.6657548317307692 0.02238775 0.6862442884615384 0.02972725721153846 0.6862442884615384 0.02972725721153846 0.6657548317307692
0 0.03160229807692308 0.6667224639423076 0.02815273076923077 0.6667224639423076 0.02815273076923077 0.6818418461538461 0.03160229807692308 0.6818418461538461 0.03160229807692308 0.6667224639423076
0 0.07518727163461539 0.6843438100961539 0.07965978365384616 0.6843438100961539 0.07965978365384616 0.6723406586538462 0.07518727163461539 0.6723406586538462 0.07518727163461539 0.6843438100961539
0 0.08203963942307692 0.6696833221153846 0.07859007211538462 0.6696833221153846 0.07859007211538462 0.6840687572115385 0.08203963942307692 0.6840687572115385 0.08203963942307692 0.6696833221153846
0 0.08354423798076924 0.6712490841346154 0.07994787980769232 0.6712490841346154 0.07994787980769232 0.6827476442307692 0.08354423798076924 0.6827476442307692 0.08354423798076924 0.6712490841346154
0 0.076507875 0.6677232163461538 0.06993901442307691 0.6677232163461538 0.06993901442307691 0.687295233173077 0.076507875 0.687295233173077 0.076507875 0.6677232163461538
0 0.06832432451923078 0.6730565913461538 0.06513163942307693 0.6730565913461538 0.06513163942307693 0.6867080745192309 0.06832432451923078 0.6867080745192309 0.06832432451923078 0.6730565913461538
0 0.06179216346153846 0.680102516826923 0.05412237740384615 0.680102516826923 0.05412237740384615 0.6870505841346154 0.06179216346153846 0.6870505841346154 0.06179216346153846 0.680102516826923
0 0.0658214375 0.6715412884615385 0.061087456730769235 0.6715412884615385 0.061087456730769235 0.6867080745192309 0.0658214375 0.6867080745192309 0.0658214375 0.6715412884615385
0 0.06179216346153846 0.6668725096153847 0.05565163221153846 0.6668725096153847 0.05565163221153846 0.6839368629807693 0.06179216346153846 0.6839368629807693 0.06179216346153846 0.6668725096153847
1 0.05503299519230769 0.6689154615384615 0.04654668990384615 0.6689154615384615 0.04654668990384615 0.6870505841346154 0.05503299519230769 0.6870505841346154 0.05503299519230769 0.6689154615384615