0 0.10964247596153845 0.39064173557692305 0.09718896634615384 0.39064173557692305 0.09718896634615384 0.4353190697115385 0.10964247596153845 0.4353190697115385 0.10964247596153845 0.39064173557692305
0 0.11904980288461539 0.3936281875 0.10686507451923077 0.3936281875 0.10686507451923077 0.43436340625000003 0.11904980288461539 0.43436340625000003 0.11904980288461539 0.3936281875
0 0.11992638701923078 0.3867355216346154 0.11017860336538463 0.3867355216346154 0.11017860336538463 0.42259207211538463 0.11992638701923078 0.42259207211538463 0.11992638701923078 0.3867355216346154
0 0.15987075240384613 0.39188344230769234 0.15162814182692308 0.39188344230769234 0.15162814182692308 0.4233009278846154 0.15987075240384613 0.4233009278846154 0.15987075240384613 0.39188344230769234
0 0.17859581249999998 0.3967812259615385 0.16883011298076925 0.3967812259615385 0.16883011298076925 0.44241422836538463 0.17859581249999998 0.44241422836538463 0.17859581249999998 0.3967812259615385
0 0.21813883894230768 0.40135749759615386 0.20988189423076922 0.40135749759615386 0.20988189423076922 0.44050153365384614 0.21813883894230768 0.44050153365384614 0.21813883894230768 0.40135749759615386
0 0.2301622980769231 0.39562350721153844 0.21917095673076922 0.39562350721153844 0.21917095673076922 0.4397431442307692 0.2301622980769231 0.4397431442307692 0.2301622980769231 0.39562350721153844
0 0.11413650240384615 0.3666737331730769 0.10496211778846153 0.3666737331730769 0.10496211778846153 0.38960969230769227 0.11413650240384615 0.38960969230769227 0.11413650240384615 0.3666737331730769
0 0.14981625240384616 0.3613001658653846 0.1437382235576923 0.3613001658653846 0.1437382235576923 0.38347159134615383 0.14981625240384616 0.38347159134615383 0.14981625240384616 0.3613001658653846
0 0.15618098076923076 0.37567336778846155 0.15176581009615384 0.37567336778846155 0.15176581009615384 0.38729425240384613 0.15618098076923076 0.38729425240384613 0.15618098076923076 0.37567336778846155
0 0.16128423076923076 0.37919021394230773 0.16128423076923076 0.3781963221153846 0.15755713942307692 0.3781963221153846 0.15755713942307692 0.38683553365384615 0.16128423076923076 0.38683553365384615 0.16128423076923076 0.37919021394230773
0 0.16515904567307693 0.37913971875 0.16156562259615384 0.37913971875 0.16156562259615384 0.3860603846153846 0.16515904567307693 0.3860603846153846 0.16515904567307693 0.37913971875
0 0.17295335336538462 0.3789496658653846 0.16976066826923075 0.3789496658653846 0.16976066826923075 0.3871209831730769 0.17295335336538462 0.3871209831730769 0.17295335336538462 0.3789496658653846
0 0.2118477908653846 0.3583037644230769 0.20847161778846154 0.3583037644230769 0.20847161778846154 0.3735699375 0.2118477908653846 0.3735699375 0.2118477908653846 0.3583037644230769
0 0.19892223317307692 0.36876638221153846 0.19227997836538463 0.36876638221153846 0.19227997836538463 0.38633226923076924 0.19892223317307692 0.38633226923076924 0.19892223317307692 0.36876638221153846
0 0.19029831249999998 0.3701853533653846 0.18666525721153848 0.3701853533653846 0.18666525721153848 0.38603868990384616 0.19029831249999998 0.38603868990384616 0.19029831249999998 0.3701853533653846
0 0.18582144230769232 0.3659212307692308 0.1811535168269231 0.3659212307692308 0.1811535168269231 0.38365487740384613 0.18582144230769232 0.38365487740384613 0.18582144230769232 0.3659212307692308
0 0.1701424951923077 0.3643644182692308 0.16640345673076923 0.3643644182692308 0.16640345673076923 0.3736337259615385 0.1701424951923077 0.3736337259615385 0.1701424951923077 0.3643644182692308
0 0.17315769711538462 0.36637593509615385 0.1697051923076923 0.36637593509615385 0.1697051923076923 0.3784322956730769 0.17315769711538462 0.3784322956730769 0.17315769711538462 0.36637593509615385
0 0.17794452403846156 0.3681811033653846 0.1742160528846154 0.3681811033653846 0.1742160528846154 0.38242953125 0.17794452403846156 0.38242953125 0.17794452403846156 0.3681811033653846
0 0.1811535168269231 0.36651918509615383 0.1766802932692308 0.36651918509615383 0.1766802932692308 0.3827150288461538 0.1811535168269231 0.3827150288461538 0.1811535168269231 0.36651918509615383
0 0.1829908701923077 0.3670071899038462 0.17980786778846153 0.3670071899038462 0.17980786778846153 0.3778718413461538 0.1829908701923077 0.3778718413461538 0.1829908701923077 0.3670071899038462
0 0.18913906490384613 0.3518097980769231 0.18611521153846156 0.3518097980769231 0.18611521153846156 0.36110416826923075 0.18913906490384613 0.36110416826923075 0.18913906490384613 0.3518097980769231
1 0.36208969471153846 0.3782980625 0.35589698557692306 0.3782980625 0.35589698557692306 0.3963410168269231 0.36208969471153846 0.3963410168269231 0.36208969471153846 0.3782980625
1 0.37464713221153845 0.3532978701923077 0.3709773774038462 0.3532978701923077 0.3709773774038462 0.36163126682692304 0.37464713221153845 0.36163126682692304 0.37464713221153845 0.3532978701923077
1 0.5148365384615384 0.37629530048076926 0.5100291634615385 0.37629530048076926 0.5100291634615385 0.38304764903846156 0.5148365384615384 0.38304764903846156 0.5148365384615384 0.37629530048076926
1 0.5234237620192308 0.3698854663461538 0.5223595336538461 0.3698854663461538 0.5179558293269231 0.3698854663461538 0.5179558293269231 0.3834880192307692 0.5234237620192308 0.3834880192307692 0.5234237620192308 0.3698854663461538
1 0.5257336514423077 0.36945841826923076 0.5222952403846154 0.36945841826923076 0.5222952403846154 0.37962960576923077 0.5257336514423077 0.37962960576923077 0.5257336514423077 0.36945841826923076
1 0.5304873028846153 0.3699093581730769 0.5254893942307692 0.3699093581730769 0.5254893942307692 0.38043127403846155 0.5304873028846153 0.38043127403846155 0.5304873028846153 0.3699093581730769
1 0.56798271875 0.37333559615384615 0.5629918557692307 0.37333559615384615 0.5629918557692307 0.38028366346153847 0.56798271875 0.38028366346153847 0.56798271875 0.37333559615384615
1 0.5596890769230769 0.3714762548076923 0.5513220384615385 0.3714762548076923 0.5513220384615385 0.37886469230769226 0.5596890769230769 0.37886469230769226 0.5596890769230769 0.3714762548076923
1 0.5553587692307692 0.37578209855769235 0.5464045697115385 0.37578209855769235 0.5464045697115385 0.3936904951923077 0.5553587692307692 0.3936904951923077 0.5553587692307692 0.37578209855769235
1 0.6599077475961538 0.3663452307692308 0.6544489903846155 0.3663452307692308 0.6544489903846155 0.37068777163461536 0.6599077475961538 0.37068777163461536 0.6599077475961538 0.3663452307692308
1 0.6742656586538461 0.36610058173076926 0.6712839831730769 0.36610058173076926 0.6712839831730769 0.37178869951923077 0.6742656586538461 0.37178869951923077 0.6742656586538461 0.36610058173076926
1 0.6770638461538462 0.3654277932692308 0.6736234519230769 0.3654277932692308 0.6736234519230769 0.37178869951923077 0.6770638461538462 0.37178869951923077 0.6770638461538462 0.3654277932692308
1 0.8954986298076922 0.3721159783653846 0.8875283822115385 0.3721159783653846 0.8875283822115385 0.3826665192307692 0.8954986298076922 0.3826665192307692 0.8954986298076922 0.3721159783653846
1 0.9931075240384615 0.356688875 0.9893230913461538 0.356688875 0.9893230913461538 0.3621935072115384 0.9931075240384615 0.3621935072115384 0.9931075240384615 0.356688875
1 0.2662540793269231 0.3663538677884616 0.2628136850961539 0.3663538677884616 0.2628136850961539 0.37705731249999996 0.2662540793269231 0.37705731249999996 0.2662540793269231 0.3663538677884616
1 0.2579512620192308 0.3663538677884616 0.25368517307692307 0.3663538677884616 0.25368517307692307 0.37944265384615383 0.2579512620192308 0.37944265384615383 0.2579512620192308 0.3663538677884616
1 0.24024812740384613 0.3911999423076923 0.23566093509615385 0.3911999423076923 0.23566093509615385 0.39922752884615387 0.24024812740384613 0.39922752884615387 0.24024812740384613 0.3911999423076923
0 0.19105246634615383 0.35326072115384616 0.1888353485576923 0.35326072115384616 0.1888353485576923 0.36085153365384615 0.19105246634615383 0.36085153365384615 0.19105246634615383 0.35326072115384616
0 0.2075391129807692 0.3522692572115385 0.2050965264423077 0.3522692572115385 0.2050965264423077 0.3593151826923077 0.2075391129807692 0.3593151826923077 0.2075391129807692 0.3522692572115385
0 0.20991124278846154 0.3512984831730769 0.2077504903846154 0.3512984831730769 0.2077504903846154 0.3589080841346154 0.20991124278846154 0.3589080841346154 0.20991124278846154 0.3512984831730769
1 0.43435330769230773 0.35423876682692307 0.43131429326923076 0.35423876682692307 0.43131429326923076 0.3582143341346154 0.43435330769230773 0.3582143341346154 0.43435330769230773 0.35423876682692307
1 0.45384887259615386 0.35186871875 0.45144059615384613 0.35186871875 0.45144059615384613 0.3549268461538461 0.45384887259615386 0.3549268461538461 0.45384887259615386 0.35186871875
1 0.18426890625 0.34617379326923076 0.17287260336538463 0.34617379326923076 0.17287260336538463 0.3558260096153846 0.18426890625 0.3558260096153846 0.18426890625 0.34617379326923076
1 0.16305314663461537 0.35123881730769235 0.14957826923076922 0.35123881730769235 0.14957826923076922 0.35754620673076926 0.16305314663461537 0.35754620673076926 0.16305314663461537 0.35123881730769235
1 0.10050824759615384 0.36037703365384616 0.08193012259615386 0.36037703365384616 0.08193012259615386 0.36595811778846155 0.10050824759615384 0.36595811778846155 0.10050824759615384 0.36037703365384616