1 0.5034820120192308 0.6688503485576922 0.5015976081730769 0.6688503485576922 0.5015976081730769 0.6754409951923077 0.5034820120192308 0.6754409951923077 0.5034820120192308 0.6688503485576922
1 0.4985230552884615 0.6696540865384615 0.4970353677884616 0.6696540865384615 0.4970353677884616 0.6746372572115384 0.4985230552884615 0.6746372572115384 0.4985230552884615 0.6696540865384615
0 0.8752123269230769 0.6571407451923077 0.8736889350961538 0.6571407451923077 0.8736889350961538 0.663416326923077 0.8752123269230769 0.663416326923077 0.8752123269230769 0.6571407451923077
0 0.8779417379807692 0.6564205961538462 0.8761644471153847 0.6564205961538462 0.8761644471153847 0.663519204326923 0.8779417379807692 0.663519204326923 0.8779417379807692 0.6564205961538462
0 0.8806711466346153 0.6572436225961538 0.8790842812499999 0.6572436225961538 0.8790842812499999 0.6637249615384615 0.8806711466346153 0.6637249615384615 0.8806711466346153 0.6572436225961538
0 0.8914618389423077 0.6559062043269231 0.8909339783653846 0.6559062043269231 0.8905731923076924 0.6559062043269231 0.8905731923076924 0.6616673942307691 0.8914618389423077 0.6616673942307691 0.8914618389423077 0.6559062043269231
0 0.8914618389423077 0.6559062043269231 0.8914618389423077 0.6621817860576923 0.8931121778846154 0.6621817860576923 0.8931121778846154 0.6559062043269231 0.8926687139423077 0.6559062043269231 0.8914618389423077 0.6559062043269231
0 0.8954607403846153 0.6559062043269231 0.8948891778846153 0.6559062043269231 0.8931121778846154 0.6559062043269231 0.8931121778846154 0.6631076923076923 0.8954607403846153 0.6631076923076923 0.8954607403846153 0.6559062043269231
0 0.8693726586538462 0.6617702716346153 0.8675318942307692 0.6617702716346153 0.8675318942307692 0.6674285841346154 0.8693726586538462 0.6674285841346154 0.8693726586538462 0.6617702716346153
1 0.8476008533653846 0.6570378677884615 0.8342077019230769 0.6570378677884615 0.8342077019230769 0.6673257067307692 0.8476008533653846 0.6673257067307692 0.8476008533653846 0.6570378677884615
1 0.8571220504807692 0.6575522596153847 0.8492511947115384 0.6575522596153847 0.8492511947115384 0.6687660048076923 0.8571220504807692 0.6687660048076923 0.8571220504807692 0.6575522596153847
0 0.3367474903846154 0.6586247716346154 0.3357953701923077 0.6586247716346154 0.3357953701923077 0.6633571778846155 0.3367474903846154 0.6633571778846155 0.3367474903846154 0.6586247716346154
0 0.34055596875 0.6570815961538461 0.3392230024038462 0.6570815961538461 0.3392230024038462 0.6628427860576923 0.34055596875 0.6628427860576923 0.34055596875 0.6570815961538461
0 0.34379317548076926 0.6570815961538461 0.34284105528846154 0.6570815961538461 0.34284105528846154 0.6635629350961539 0.34379317548076926 0.6635629350961539 0.34379317548076926 0.6570815961538461
0 0.34499919471153845 0.6595506778846154 0.34499919471153845 0.6570815961538461 0.34379317548076926 0.6570815961538461 0.34379317548076926 0.6627399086538461 0.34499919471153845 0.6627399086538461 0.34499919471153845 0.6595506778846154
0 0.34499919471153845 0.6641802043269232 0.3474747067307692 0.6641802043269232 0.3474747067307692 0.6586247716346154 0.34499919471153845 0.6586247716346154 0.34499919471153845 0.6641802043269232
0 0.34150808894230766 0.6516290408653845 0.33998469711538465 0.6516290408653845 0.33998469711538465 0.6561556899038461 0.34150808894230766 0.6561556899038461 0.34150808894230766 0.6516290408653845
0 0.3478555528846154 0.6524520673076922 0.34614173798076925 0.6524520673076922 0.34614173798076925 0.6576988677884615 0.3478555528846154 0.6576988677884615 0.3478555528846154 0.6524520673076922
0 0.3528142620192308 0.6572210456730769 0.35154476923076927 0.6572210456730769 0.35154476923076927 0.6632908701923077 0.3528142620192308 0.6632908701923077 0.3528142620192308 0.6572210456730769
0 0.3531951105769231 0.6640110192307692 0.35465502884615385 0.6640110192307692 0.35465502884615385 0.6567066514423078 0.3531951105769231 0.6567066514423078 0.3531951105769231 0.6640110192307692
0 0.35706706490384615 0.6559865048076923 0.35605147115384617 0.6559865048076923 0.35605147115384617 0.6614390576923077 0.35706706490384615 0.6614390576923077 0.35706706490384615 0.6559865048076923
0 0.35890782932692306 0.6559865048076923 0.35706706490384615 0.6559865048076923 0.35706706490384615 0.6626735985576923 0.35890782932692306 0.6626735985576923 0.35890782932692306 0.6559865048076923
0 0.35230646634615387 0.6512540985576922 0.3507195985576923 0.6512540985576922 0.3507195985576923 0.6556778677884616 0.35230646634615387 0.6556778677884616 0.35230646634615387 0.6512540985576922
0 0.3555436730769231 0.6515627331730769 0.35408375721153845 0.6515627331730769 0.35408375721153845 0.6566037740384616 0.3555436730769231 0.6566037740384616 0.3555436730769231 0.6515627331730769
0 0.3613833413461538 0.6525915168269231 0.36036774759615386 0.6525915168269231 0.36036774759615386 0.6577354375000001 0.3613833413461538 0.6577354375000001 0.3613833413461538 0.6525915168269231
0 0.3601138485576923 0.6547519639423077 0.3588443557692308 0.6547519639423077 0.3588443557692308 0.6599987620192308 0.3601138485576923 0.6599987620192308 0.3601138485576923 0.6547519639423077
0 0.38131438221153846 0.6521800024038461 0.3796005649038462 0.6521800024038461 0.3796005649038462 0.6555749903846154 0.38131438221153846 0.6555749903846154 0.38131438221153846 0.6521800024038461
0 0.3776963269230769 0.6513569759615384 0.37668073317307693 0.6513569759615384 0.37668073317307693 0.6542375721153846 0.3776963269230769 0.6542375721153846 0.3776963269230769 0.6513569759615384
0 0.37668073317307693 0.65115121875 0.37503039182692305 0.65115121875 0.37503039182692305 0.6542375721153846 0.37668073317307693 0.6542375721153846 0.37668073317307693 0.65115121875
0 0.37503039182692305 0.6513569759615384 0.37293572836538463 0.6513569759615384 0.37293572836538463 0.6542375721153846 0.37503039182692305 0.6542375721153846 0.37503039182692305 0.6513569759615384
0 0.36988894471153844 0.6516656105769231 0.36893682451923077 0.6516656105769231 0.36893682451923077 0.6543404495192308 0.36988894471153844 0.6543404495192308 0.36988894471153844 0.6516656105769231
1 0.38499161057692305 0.6555593173076922 0.3654414158653846 0.6555593173076922 0.3654414158653846 0.6637895889423077 0.38499161057692305 0.6637895889423077 0.38499161057692305 0.6555593173076922
1 0.39990815384615386 0.6545305336538461 0.39217378125 0.6545305336538461 0.38753059615384616 0.6545305336538461 0.38753059615384616 0.6640982235576923 0.39990815384615386 0.6640982235576923 0.39990815384615386 0.6545305336538461
1 0.4248731490384615 0.6530300889423077 0.4028057908653846 0.6530300889423077 0.4028057908653846 0.663880545673077 0.4248731490384615 0.663880545673077 0.4248731490384615 0.6530300889423077
1 0.44731243028846157 0.6524272860576924 0.42772455048076924 0.6524272860576924 0.42772455048076924 0.6624740048076923 0.44731243028846157 0.6624740048076923 0.44731243028846157 0.6524272860576924
1 0.46590851923076926 0.6544366298076922 0.45103164903846155 0.6544366298076922 0.45103164903846155 0.6612683990384615 0.46590851923076926 0.6612683990384615 0.46590851923076926 0.6544366298076922
1 0.48760395673076923 0.6524272860576924 0.47161131971153847 0.6524272860576924 0.47161131971153847 0.6602637259615385 0.48760395673076923 0.6602637259615385 0.48760395673076923 0.6524272860576924
1 0.5107870817307693 0.6518244831730768 0.4939266274038462 0.6518244831730768 0.4939266274038462 0.6594599879807692 0.5107870817307693 0.6594599879807692 0.5107870817307693 0.6518244831730768
1 0.7002849639423077 0.6443632187499999 0.7149218028846154 0.6443632187499999 0.7149218028846154 0.6364555240384615 0.7002849639423077 0.6364555240384615 0.7002849639423077 0.6443632187499999
0 0.88368278125 0.6648261057692307 0.8855216009615384 0.6648261057692307 0.8855216009615384 0.6577408125 0.88368278125 0.6577408125 0.88368278125 0.6648261057692307
0 0.3332420985576923 0.6549039783653845 0.33187784615384613 0.6549039783653845 0.33187784615384613 0.6624817788461539 0.3332420985576923 0.6624817788461539 0.3332420985576923 0.6549039783653845
0 0.3312809855769231 0.6613071057692307 0.3322189086538462 0.6613071057692307 0.3322189086538462 0.6564011129807692 0.3312809855769231 0.6564011129807692 0.3312809855769231 0.6613071057692307
0 0.3428309423076923 0.6555834471153846 0.34442967548076925 0.6555834471153846 0.34442967548076925 0.6512647908653846 0.3428309423076923 0.6512647908653846 0.3428309423076923 0.6555834471153846
0 0.38732784375 0.6543645961538461 0.3885499855769231 0.6543645961538461 0.3885499855769231 0.6513703293269231 0.38732784375 0.6513703293269231 0.38732784375 0.6543645961538461
0 0.3922732572115385 0.651807951923077 0.39061057451923076 0.651807951923077 0.39061057451923076 0.6545305336538461 0.3922732572115385 0.6545305336538461 0.3922732572115385 0.651807951923077