0 0.5843801754807691 0.6590996129807691 0.5666003245192308 0.6590996129807691 0.5666003245192308 0.7216285384615385 0.5843801754807691 0.7216285384615385 0.5843801754807691 0.6590996129807691
0 0.6048137355769231 0.6555265312499999 0.5854416586538462 0.6555265312499999 0.5854416586538462 0.7256482548076922 0.6048137355769231 0.7256482548076922 0.6048137355769231 0.6555265312499999
0 0.09670242548076922 0.61136096875 0.0937132860576923 0.61136096875 0.0937132860576923 0.6232521826923076 0.09670242548076922 0.6232521826923076 0.09670242548076922 0.61136096875
0 0.01949914903846154 0.5968261033653847 0.01723827403846154 0.5968261033653847 0.01723827403846154 0.6050218942307692 0.01949914903846154 0.6050218942307692 0.01949914903846154 0.5968261033653847
0 0.02271655048076923 0.5963870432692308 0.020281759615384618 0.5963870432692308 0.020281759615384618 0.6015094110576923 0.02271655048076923 0.6015094110576923 0.02271655048076923 0.5963870432692308
0 0.02402090144230769 0.6000458774038462 0.020281759615384618 0.6000458774038462 0.020281759615384618 0.6064854278846153 0.02402090144230769 0.6064854278846153 0.02402090144230769 0.6000458774038462
0 0.012716524038461538 0.5963870432692308 0.010194778846153846 0.5963870432692308 0.010194778846153846 0.6044364807692307 0.012716524038461538 0.6044364807692307 0.012716524038461538 0.5963870432692308
0 0.007499120192307692 0.5921427932692308 0.004803461538461539 0.5921427932692308 0.004803461538461539 0.6026802403846154 0.007499120192307692 0.6026802403846154 0.007499120192307692 0.5921427932692308
0 0.009933908653846154 0.5890693701923077 0.006803466346153846 0.5890693701923077 0.006803466346153846 0.6026802403846154 0.009933908653846154 0.6026802403846154 0.009933908653846154 0.5890693701923077
1 0.22846972836538462 0.6186851586538461 0.22183927884615384 0.6186851586538461 0.22183927884615384 0.6258198870192307 0.22846972836538462 0.6258198870192307 0.22846972836538462 0.6186851586538461
0 0.08751946153846155 0.6228785480769231 0.09101719471153845 0.6228785480769231 0.09101719471153845 0.6085053461538462 0.08751946153846155 0.6085053461538462 0.08751946153846155 0.6228785480769231
0 0.11185951442307693 0.6133855504807693 0.10867975721153847 0.6133855504807693 0.10867975721153847 0.6272426923076923 0.11185951442307693 0.6272426923076923 0.11185951442307693 0.6133855504807693
0 0.03573856730769231 0.6006911995192308 0.03373986298076923 0.6006911995192308 0.03373986298076923 0.610416045673077 0.03573856730769231 0.610416045673077 0.03573856730769231 0.6006911995192308
0 0.030343307692307694 0.5892970769230769 0.028889704326923078 0.5892970769230769 0.028889704326923078 0.5940432908653845 0.030343307692307694 0.5940432908653845 0.030343307692307694 0.5892970769230769
0 0.032610927884615386 0.5912542788461539 0.031186396634615386 0.5912542788461539 0.031186396634615386 0.594630451923077 0.032610927884615386 0.594630451923077 0.032610927884615386 0.5912542788461539
1 0.03755318028846154 0.5922818100961538 0.03569256971153846 0.5922818100961538 0.03569256971153846 0.594826170673077 0.03755318028846154 0.594826170673077 0.03755318028846154 0.5922818100961538
0 0.010785069711538463 0.5884127307692307 0.009331466346153845 0.5884127307692307 0.009331466346153845 0.5935503870192307 0.010785069711538463 0.5935503870192307 0.010785069711538463 0.5884127307692307
0 0.005555004807692308 0.5913429423076922 0.005555004807692308 0.5879374110576923 0.002973403846153846 0.5879374110576923 0.002973403846153846 0.5913429423076922 0.004142865384615385 0.5913429423076922 0.005555004807692308 0.5913429423076922
1 0.5880757668269231 0.60210746875 0.5864685576923077 0.60210746875 0.5864685576923077 0.6060484182692307 0.5880757668269231 0.6060484182692307 0.5880757668269231 0.60210746875
1 0.5830047451923077 0.6021541081730769 0.5814668125 0.6021541081730769 0.5814668125 0.6062349711538462 0.5830047451923077 0.6062349711538462 0.5830047451923077 0.6021541081730769
1 0.584833639423077 0.6025971730769231 0.5828246274038462 0.6025971730769231 0.5828246274038462 0.6059318221153845 0.584833639423077 0.6059318221153845 0.584833639423077 0.6025971730769231
1 0.5868896899038462 0.602028795673077 0.5848501947115385 0.602028795673077 0.5848501947115385 0.6059240384615385 0.5868896899038462 0.6059240384615385 0.5868896899038462 0.602028795673077