1 0.8351910817307692 0.4809017860576923 0.8312198461538463 0.4809017860576923 0.8312198461538463 0.5014837163461539 0.8351910817307692 0.5014837163461539 0.8351910817307692 0.4809017860576923
1 0.8422648485576923 0.4897079855769231 0.8373628533653845 0.4897079855769231 0.8373628533653845 0.5077299735576923 0.8422648485576923 0.5077299735576923 0.8422648485576923 0.4897079855769231
1 0.8496488677884616 0.48069699038461533 0.8446227716346153 0.48069699038461533 0.8446227716346153 0.504248451923077 0.8496488677884616 0.504248451923077 0.8496488677884616 0.48069699038461533
1 0.8613764278846153 0.47055962259615386 0.8562262307692308 0.47055962259615386 0.8562262307692308 0.48899120192307693 0.8613764278846153 0.48899120192307693 0.8613764278846153 0.47055962259615386
1 0.8439402139423078 0.4753723125 0.8399069278846153 0.4753723125 0.8399069278846153 0.48899120192307693 0.8439402139423078 0.48899120192307693 0.8439402139423078 0.4753723125
1 0.8399689783653846 0.48284734134615387 0.8358736394230769 0.48284734134615387 0.8358736394230769 0.4927799158653846 0.8399689783653846 0.4927799158653846 0.8399689783653846 0.48284734134615387
1 0.8967429447115385 0.5939518846153846 0.8834283341346154 0.5939518846153846 0.8834283341346154 0.6372858533653846 0.8967429447115385 0.6372858533653846 0.8967429447115385 0.5939518846153846
1 0.8915650408653846 0.6903852235576923 0.8719629759615385 0.6903852235576923 0.8719629759615385 0.7617947235576923 0.8915650408653846 0.7617947235576923 0.8915650408653846 0.6903852235576923
1 0.8427448028846154 0.5713693942307693 0.8275809399038461 0.5713693942307693 0.8275809399038461 0.6061586370192308 0.8427448028846154 0.6061586370192308 0.8427448028846154 0.5713693942307693
1 0.7204820817307692 0.5073094254807692 0.7132221634615384 0.5073094254807692 0.7132221634615384 0.5266625841346154 0.7204820817307692 0.5266625841346154 0.7204820817307692 0.5073094254807692
1 0.709003110576923 0.5124609879807692 0.7028222908653846 0.5124609879807692 0.7028222908653846 0.52426071875 0.709003110576923 0.52426071875 0.709003110576923 0.5124609879807692
1 0.6694483269230769 0.5776672403846154 0.6586621899038462 0.5776672403846154 0.6586621899038462 0.6134664206730769 0.6694483269230769 0.6134664206730769 0.6694483269230769 0.5776672403846154
1 0.65635953125 0.5614676105769231 0.6484820168269232 0.5614676105769231 0.6484820168269232 0.5804671778846153 0.65635953125 0.5804671778846153 0.65635953125 0.5614676105769231
1 0.653693295673077 0.5814671538461538 0.6447250480769231 0.5814671538461538 0.6447250480769231 0.6028666634615385 0.653693295673077 0.6028666634615385 0.653693295673077 0.5814671538461538
1 0.6511482524038462 0.55126784375 0.6412104639423077 0.55126784375 0.6412104639423077 0.5814671538461538 0.6511482524038462 0.5814671538461538 0.6511482524038462 0.55126784375
1 0.6427859663461538 0.5566677211538461 0.6369687259615385 0.5566677211538461 0.6369687259615385 0.5726673557692308 0.6427859663461538 0.5726673557692308 0.6427859663461538 0.5566677211538461
1 0.6347872596153846 0.564267548076923 0.6259402043269231 0.564267548076923 0.6259402043269231 0.5846670817307692 0.6347872596153846 0.5846670817307692 0.6347872596153846 0.564267548076923
1 0.6333329495192307 0.5898669615384615 0.6412104639423077 0.5898669615384615 0.6412104639423077 0.5690674375 0.6333329495192307 0.5690674375 0.6333329495192307 0.5898669615384615
1 0.5968539927884615 0.58686703125 0.5878857451923077 0.58686703125 0.5878857451923077 0.6096665072115385 0.5968539927884615 0.6096665072115385 0.5968539927884615 0.58686703125
1 0.569585670673077 0.5900669567307693 0.5601326514423077 0.5900669567307693 0.5601326514423077 0.6144663990384616 0.569585670673077 0.6144663990384616 0.569585670673077 0.5900669567307693
1 0.5754029134615385 0.5878670072115384 0.5667982427884616 0.5878670072115384 0.5667982427884616 0.6066665769230769 0.5754029134615385 0.6066665769230769 0.5754029134615385 0.5878670072115384
1 0.6137548269230769 0.5469266971153846 0.6075596971153846 0.5469266971153846 0.6075596971153846 0.5629171153846154 0.6137548269230769 0.5629171153846154 0.6137548269230769 0.5469266971153846
1 0.6136356899038462 0.5623928389423077 0.6189571466346154 0.5623928389423077 0.6189571466346154 0.5454194038461538 0.6136356899038462 0.5454194038461538 0.6136356899038462 0.5623928389423077
1 0.061163961538461535 0.85881175 0.034436497596153845 0.85881175 0.034436497596153845 0.9148388317307692 0.061163961538461535 0.9148388317307692 0.061163961538461535 0.85881175
1 0.09005851442307693 0.8802689302884615 0.04671668509615385 0.8802689302884615 0.04671668509615385 0.9958992932692308 0.09005851442307693 0.9958992932692308 0.09005851442307693 0.8802689302884615
1 0.20058018509615383 0.8933816514423077 0.16807381009615385 0.8933816514423077 0.16807381009615385 0.9804024423076924 0.20058018509615383 0.9804024423076924 0.20058018509615383 0.8933816514423077
1 0.2417549230769231 0.8945737163461539 0.21647218990384615 0.8945737163461539 0.21647218990384615 0.9613293918269231 0.2417549230769231 0.9613293918269231 0.2417549230769231 0.8945737163461539
1 0.2533127451923077 0.8290101081730769 0.228752375 0.8290101081730769 0.228752375 0.9041102427884616 0.2533127451923077 0.9041102427884616 0.2533127451923077 0.8290101081730769
1 0.11687266105769231 0.7980164014423077 0.09005851442307693 0.7980164014423077 0.09005851442307693 0.8781232115384616 0.11687266105769231 0.8781232115384616 0.11687266105769231 0.7980164014423077
1 0.06601824519230769 0.7377455649038461 0.039666413461538465 0.7377455649038461 0.039666413461538465 0.8094602331730769 0.06601824519230769 0.8094602331730769 0.06601824519230769 0.7377455649038461
1 0.043827228365384614 0.6866297932692308 0.029495528846153845 0.6866297932692308 0.029495528846153845 0.7377455649038461 0.043827228365384614 0.7377455649038461 0.043827228365384614 0.6866297932692308
1 0.053113350961538464 0.7281520432692308 0.04109105048076923 0.7281520432692308 0.04109105048076923 0.7509355216346154 0.053113350961538464 0.7509355216346154 0.053113350961538464 0.7281520432692308
1 0.07296953605769231 0.7198322331730769 0.05900815625 0.7198322331730769 0.05900815625 0.7584873485576923 0.07296953605769231 0.7584873485576923 0.07296953605769231 0.7198322331730769
1 0.02138494471153846 0.6571867259615385 0.005999173076923076 0.6571867259615385 0.005999173076923076 0.6752527187499999 0.02138494471153846 0.6752527187499999 0.02138494471153846 0.6571867259615385
1 0.02138494471153846 0.6239843605769231 0.011916776442307693 0.6239843605769231 0.011916776442307693 0.6571867259615385 0.02138494471153846 0.6571867259615385 0.02138494471153846 0.6239843605769231
1 0.06961342307692307 0.6132424182692308 0.04919768509615385 0.6132424182692308 0.04919768509615385 0.6542571057692308 0.06961342307692307 0.6542571057692308 0.06961342307692307 0.6132424182692308
1 0.05393176923076923 0.6132424182692308 0.037658358173076924 0.6132424182692308 0.037658358173076924 0.6469330528846153 0.05393176923076923 0.6469330528846153 0.05393176923076923 0.6132424182692308
1 0.10186436778846154 0.5995708557692307 0.08056099038461538 0.5995708557692307 0.08056099038461538 0.6449799735576923 0.10186436778846154 0.6449799735576923 0.10186436778846154 0.5995708557692307
1 0.11399545673076925 0.6020122067307693 0.10600668990384615 0.6020122067307693 0.10600668990384615 0.6410738125000001 0.11399545673076925 0.6410738125000001 0.11399545673076925 0.6020122067307693
1 0.12760594711538462 0.6132424182692308 0.1163625 0.6132424182692308 0.1163625 0.6508392139423077 0.12760594711538462 0.6508392139423077 0.12760594711538462 0.6132424182692308
1 0.10156848798076923 0.649862673076923 0.08943739663461538 0.649862673076923 0.08943739663461538 0.6913656298076922 0.10156848798076923 0.6913656298076922 0.10156848798076923 0.649862673076923
1 0.11458721634615385 0.6708582860576923 0.10008908653846153 0.6708582860576923 0.10008908653846153 0.7099198942307693 0.11458721634615385 0.7099198942307693 0.11458721634615385 0.6708582860576923
1 0.053113350961538464 0.6759919711538462 0.043304838942307695 0.6759919711538462 0.043304838942307695 0.7339740432692309 0.053113350961538464 0.7339740432692309 0.053113350961538464 0.6759919711538462
1 0.06275541346153847 0.6608175144230769 0.051393612980769235 0.6608175144230769 0.051393612980769235 0.6992541346153847 0.06275541346153847 0.6992541346153847 0.06275541346153847 0.6608175144230769
1 0.06995122115384615 0.6805045625 0.053113350961538464 0.6805045625 0.053113350961538464 0.7261285192307692 0.06995122115384615 0.7261285192307692 0.06995122115384615 0.6805045625
1 0.16008817548076923 0.6408179711538462 0.14702210336538463 0.6408179711538462 0.14702210336538463 0.694254247596154 0.16008817548076923 0.694254247596154 0.16008817548076923 0.6408179711538462
1 0.13869011778846155 0.5936315504807692 0.13111558173076923 0.5936315504807692 0.13111558173076923 0.6126936153846153 0.13869011778846155 0.6126936153846153 0.13869011778846155 0.5936315504807692
1 0.15478600240384616 0.5973814663461539 0.14171993028846155 0.5973814663461539 0.14171993028846155 0.62863075 0.15478600240384616 0.62863075 0.15478600240384616 0.5973814663461539
1 0.2045885625 0.6230058798076924 0.19379485096153845 0.6230058798076924 0.19379485096153845 0.6761296634615385 0.2045885625 0.6761296634615385 0.2045885625 0.6230058798076924
1 0.22901643509615385 0.6630049639423077 0.21386736778846152 0.6630049639423077 0.21386736778846152 0.7198786610576923 0.22901643509615385 0.7198786610576923 0.22901643509615385 0.6630049639423077
1 0.23185688461538462 0.639568 0.22257808173076923 0.639568 0.22257808173076923 0.6783171129807692 0.23185688461538462 0.6783171129807692 0.23185688461538462 0.639568
1 0.2504144927884615 0.6642549350961539 0.22901643509615385 0.6642549350961539 0.22901643509615385 0.7130038197115385 0.2504144927884615 0.7130038197115385 0.2504144927884615 0.6642549350961539
1 0.22363093990384617 0.6038563173076923 0.21502626923076923 0.6038563173076923 0.21502626923076923 0.6420554423076923 0.22363093990384617 0.6420554423076923 0.22363093990384617 0.6038563173076923
1 0.22666075480769232 0.5762569495192308 0.21684415865384615 0.5762569495192308 0.21684415865384615 0.6174560072115385 0.22666075480769232 0.6174560072115385 0.22666075480769232 0.5762569495192308
1 0.22435809615384614 0.5976564591346154 0.2370833125 0.5976564591346154 0.2370833125 0.5746569855769231 0.22435809615384614 0.5746569855769231 0.22435809615384614 0.5976564591346154
1 0.2576860456730769 0.582856798076923 0.24811183413461538 0.582856798076923 0.24811183413461538 0.6088562019230769 0.2576860456730769 0.6088562019230769 0.2576860456730769 0.582856798076923
1 0.09915459615384616 0.7728297548076923 0.08051414182692307 0.7728297548076923 0.08051414182692307 0.8070086586538461 0.09915459615384616 0.8070086586538461 0.09915459615384616 0.7728297548076923
1 0.1515253966346154 0.7801538052884616 0.1314055408653846 0.7801538052884616 0.1314055408653846 0.82214503125 0.1515253966346154 0.82214503125 0.1515253966346154 0.7801538052884616
1 0.16898233173076924 0.7713649447115384 0.14827071394230767 0.7713649447115384 0.14827071394230767 0.8201919519230769 0.16898233173076924 0.8201919519230769 0.16898233173076924 0.7713649447115384
1 0.14827071394230767 0.7518341418269231 0.12726321875 0.7518341418269231 0.12726321875 0.787966125 0.14827071394230767 0.787966125 0.14827071394230767 0.7518341418269231
1 0.2982819927884615 0.7010540528846154 0.27964153846153844 0.7010540528846154 0.27964153846153844 0.7747828341346155 0.2982819927884615 0.7747828341346155 0.2982819927884615 0.7010540528846154
1 0.2766827355769231 0.6361141322115385 0.26543928846153847 0.6361141322115385 0.26543928846153847 0.6668751490384615 0.2766827355769231 0.6668751490384615 0.2766827355769231 0.6361141322115385
1 0.3331958605769231 0.6961713533653846 0.32106477163461544 0.6961713533653846 0.32106477163461544 0.7220496658653845 0.3331958605769231 0.7220496658653845 0.3331958605769231 0.6961713533653846
1 0.35006103365384617 0.6927534615384616 0.33497114182692306 0.6927534615384616 0.33497114182692306 0.7225379375000001 0.35006103365384617 0.7225379375000001 0.35006103365384617 0.6927534615384616
1 0.39681011057692306 0.7493927908653847 0.376394375 0.7493927908653847 0.376394375 0.8299573533653846 0.39681011057692306 0.8299573533653846 0.39681011057692306 0.7493927908653847
1 0.43834852163461535 0.7304152572115385 0.4205957091346154 0.7304152572115385 0.4205957091346154 0.8173273317307692 0.43834852163461535 0.8173273317307692 0.43834852163461535 0.7304152572115385
1 0.4841729735576923 0.7406384134615384 0.46614277163461537 0.7406384134615384 0.46614277163461537 0.8207452211538461 0.4841729735576923 0.8207452211538461 0.4841729735576923 0.7406384134615384
1 0.4046551610576923 0.6689237451923076 0.3801525793269231 0.6689237451923076 0.3801525793269231 0.7459788677884615 0.4046551610576923 0.7459788677884615 0.4046551610576923 0.6689237451923076
1 0.37523914663461533 0.6453753966346153 0.36145349278846156 0.6453753966346153 0.36145349278846156 0.6783746394230769 0.37523914663461533 0.6783746394230769 0.37523914663461533 0.6453753966346153
1 0.3128249855769231 0.6326256874999999 0.3014631850961539 0.6326256874999999 0.3014631850961539 0.6596250697115384 0.3128249855769231 0.6596250697115384 0.3128249855769231 0.6326256874999999
1 0.32297486057692304 0.6231259038461539 0.3122190240384616 0.6231259038461539 0.3122190240384616 0.6451254014423077 0.32297486057692304 0.6451254014423077 0.32297486057692304 0.6231259038461539
1 0.38826734375 0.597876483173077 0.37736001442307693 0.597876483173077 0.37736001442307693 0.6386255504807692 0.38826734375 0.6386255504807692 0.38826734375 0.597876483173077
1 0.4073551682692308 0.6228759110576922 0.3961448581730769 0.6228759110576922 0.3961448581730769 0.6528752235576923 0.4073551682692308 0.6528752235576923 0.4073551682692308 0.6228759110576922
1 0.41568715625 0.6201259735576923 0.40644622596153845 0.6201259735576923 0.40644622596153845 0.6383755552884616 0.41568715625 0.6383755552884616 0.41568715625 0.6201259735576923
1 0.42583703125 0.5916266250000001 0.41523268509615385 0.5916266250000001 0.41523268509615385 0.6338756586538461 0.42583703125 0.6338756586538461 0.42583703125 0.5916266250000001
1 0.5044477956730768 0.5773939350961539 0.49441153846153846 0.5773939350961539 0.49441153846153846 0.6111431610576923 0.5044477956730768 0.6111431610576923 0.5044477956730768 0.5773939350961539
1 0.5105074230769231 0.5664566850961539 0.5035009807692308 0.5664566850961539 0.5035009807692308 0.5923935913461539 0.5105074230769231 0.5923935913461539 0.5105074230769231 0.5664566850961539
1 0.5370182932692308 0.5633317572115385 0.5294437596153846 0.5633317572115385 0.5294437596153846 0.5952060264423077 0.5370182932692308 0.5952060264423077 0.5370182932692308 0.5633317572115385
1 0.47566456730769235 0.5695816129807693 0.47111984615384617 0.5695816129807693 0.47111984615384617 0.5892686634615385 0.47566456730769235 0.5892686634615385 0.47566456730769235 0.5695816129807693
1 0.47566456730769235 0.5995809278846154 0.4832391009615385 0.5995809278846154 0.4832391009615385 0.5695816129807693 0.47566456730769235 0.5695816129807693 0.47566456730769235 0.5995809278846154
1 0.41336402644230774 0.5670816706730769 0.40503203846153846 0.5670816706730769 0.40503203846153846 0.6095806971153845 0.41336402644230774 0.6095806971153845 0.41336402644230774 0.5670816706730769
0 0.3198464543269231 0.5426934206730769 0.3126506466346154 0.5426934206730769 0.3126506466346154 0.5908173173076923 0.3198464543269231 0.5908173173076923 0.3198464543269231 0.5426934206730769
0 0.33177634615384616 0.5539431610576924 0.3198464543269231 0.5539431610576924 0.3198464543269231 0.5836299831730769 0.33177634615384616 0.5836299831730769 0.33177634615384616 0.5539431610576924
0 0.3414338774038462 0.5551931346153846 0.3334806153846154 0.5551931346153846 0.3334806153846154 0.5692553125 0.3414338774038462 0.5692553125 0.3414338774038462 0.5551931346153846
0 0.36434684134615386 0.5839424759615385 0.35260631490384614 0.5839424759615385 0.35260631490384614 0.6123793245192307 0.36434684134615386 0.6123793245192307 0.36434684134615386 0.5839424759615385
0 0.35260631490384614 0.5723802403846154 0.3438956009615385 0.5723802403846154 0.3438956009615385 0.6089419038461539 0.35260631490384614 0.6089419038461539 0.35260631490384614 0.5723802403846154
0 0.35033395432692305 0.5611304975961539 0.3435168725961538 0.5611304975961539 0.3435168725961538 0.5814425336538462 0.35033395432692305 0.5814425336538462 0.35033395432692305 0.5611304975961539
0 0.3611276658653846 0.5673803557692307 0.35260631490384614 0.5673803557692307 0.35260631490384614 0.588317375 0.3611276658653846 0.588317375 0.3611276658653846 0.5673803557692307
0 0.34862968509615383 0.5461308413461539 0.3393508798076923 0.5461308413461539 0.3393508798076923 0.5692553125 0.34862968509615383 0.5692553125 0.34862968509615383 0.5461308413461539
0 0.3444636899038462 0.5408184615384616 0.3378359735576923 0.5408184615384616 0.3378359735576923 0.5611304975961539 0.3444636899038462 0.5611304975961539 0.3444636899038462 0.5408184615384616
0 0.3611276658653846 0.5555056274038461 0.35315168028846156 0.5555056274038461 0.35315168028846156 0.5711052692307692 0.3611276658653846 0.5711052692307692 0.3611276658653846 0.5555056274038461
0 0.35763580528846156 0.550705735576923 0.3504854447115384 0.550705735576923 0.3504854447115384 0.5599055264423077 0.35763580528846156 0.5599055264423077 0.35763580528846156 0.550705735576923
0 0.36296827644230767 0.5635054423076923 0.3666040528846154 0.5635054423076923 0.3666040528846154 0.5371060480769231 0.36139277403846154 0.5371060480769231 0.36139277403846154 0.5635054423076923 0.3628470841346154 0.5635054423076923 0.36296827644230767 0.5635054423076923
0 0.3666040528846154 0.5677053461538462 0.37133056249999996 0.5677053461538462 0.37133056249999996 0.5371060480769231 0.3666040528846154 0.5371060480769231 0.3666040528846154 0.5677053461538462
0 0.3701186370192308 0.5609055024038462 0.3626046995192308 0.5609055024038462 0.3626046995192308 0.5867049134615384 0.3701186370192308 0.5867049134615384 0.3701186370192308 0.5609055024038462
0 0.3701186370192308 0.5923047836538461 0.3770266129807692 0.5923047836538461 0.3770266129807692 0.5663053798076922 0.3701186370192308 0.5663053798076922 0.3701186370192308 0.5923047836538461
0 0.37823853846153843 0.5535056730769231 0.37278487259615384 0.5535056730769231 0.37278487259615384 0.576705141826923 0.37823853846153843 0.576705141826923 0.37823853846153843 0.5535056730769231
0 0.393872375 0.5683053341346154 0.3892670576923077 0.5683053341346154 0.3892670576923077 0.599904610576923 0.393872375 0.599904610576923 0.393872375 0.5683053341346154
0 0.393872375 0.6047045 0.3995684254807692 0.6047045 0.3995684254807692 0.5715052596153846 0.393872375 0.5715052596153846 0.393872375 0.6047045
0 0.3847926298076923 0.5323109567307692 0.3769742572115385 0.5323109567307692 0.3769742572115385 0.5546336466346153 0.3847926298076923 0.5546336466346153 0.3847926298076923 0.5323109567307692
0 0.3847926298076923 0.5577055769230769 0.3921145985576923 0.5577055769230769 0.3921145985576923 0.5349732956730769 0.3847926298076923 0.5349732956730769 0.3847926298076923 0.5577055769230769
0 0.3738717283653846 0.5140841754807692 0.36475029086538463 0.5140841754807692 0.36475029086538463 0.5277030625 0.3738717283653846 0.5277030625 0.3738717283653846 0.5140841754807692
0 0.40123603365384614 0.5259623028846154 0.3922386995192308 0.5259623028846154 0.3922386995192308 0.553609670673077 0.40123603365384614 0.553609670673077 0.40123603365384614 0.5259623028846154
0 0.40539342307692305 0.5243239399038462 0.39968476923076923 0.5243239399038462 0.39968476923076923 0.5544288509615385 0.40539342307692305 0.5544288509615385 0.40539342307692305 0.5243239399038462
0 0.4120948870192308 0.527907858173077 0.4070687884615385 0.527907858173077 0.4070687884615385 0.5552480336538461 0.4120948870192308 0.5552480336538461 0.4120948870192308 0.527907858173077
0 0.41997531009615385 0.5258599038461539 0.41358410096153847 0.5258599038461539 0.41358410096153847 0.5557600216346154 0.41997531009615385 0.5557600216346154 0.41997531009615385 0.5258599038461539
0 0.42810393509615385 0.5255527115384615 0.41997531009615385 0.5255527115384615 0.41997531009615385 0.5513569206730768 0.42810393509615385 0.5513569206730768 0.42810393509615385 0.5255527115384615
0 0.4238224471153846 0.567740545673077 0.41954095673076924 0.567740545673077 0.41954095673076924 0.5899608389423077 0.4238224471153846 0.5899608389423077 0.4238224471153846 0.567740545673077
0 0.4374115240384615 0.5571935865384615 0.43052390865384615 0.5571935865384615 0.43052390865384615 0.5743963942307693 0.4374115240384615 0.5743963942307693 0.4374115240384615 0.5571935865384615
0 0.4428830649038461 0.5653359014423077 0.4339148149038462 0.5653359014423077 0.4339148149038462 0.6005350961538461 0.4428830649038461 0.6005350961538461 0.4428830649038461 0.5653359014423077
0 0.4631795216346154 0.5686276225961538 0.45740881730769234 0.5686276225961538 0.45740881730769234 0.5829632956730769 0.4631795216346154 0.5829632956730769 0.4631795216346154 0.5686276225961538
0 0.4780096105769231 0.5560327115384616 0.4721148052884615 0.5560327115384616 0.4721148052884615 0.5750786754807693 0.4780096105769231 0.5750786754807693 0.4780096105769231 0.5560327115384616
0 0.49718324038461537 0.5480456947115384 0.49079202884615386 0.5480456947115384 0.49079202884615386 0.5740546995192308 0.49718324038461537 0.5740546995192308 0.49718324038461537 0.5480456947115384
0 0.46863997115384615 0.5151760480769231 0.4619385096153846 0.5151760480769231 0.4619385096153846 0.5450761634615385 0.46863997115384615 0.5450761634615385 0.46863997115384615 0.5151760480769231
0 0.45864982932692305 0.5532679759615384 0.4521965673076923 0.5532679759615384 0.4521965673076923 0.5745666875000001 0.45864982932692305 0.5745666875000001 0.45864982932692305 0.5532679759615384
0 0.4476048245192308 0.5538823605769231 0.4418341201923077 0.5538823605769231 0.4418341201923077 0.5719043485576922 0.4476048245192308 0.5719043485576922 0.4476048245192308 0.5538823605769231
0 0.4534996298076923 0.5512200216346154 0.44971454567307695 0.5512200216346154 0.44971454567307695 0.5667844663461539 0.4534996298076923 0.5667844663461539 0.4534996298076923 0.5512200216346154
0 0.7797544134615385 0.4548313557692308 0.7759671466346153 0.4548313557692308 0.7759671466346153 0.46826854807692303 0.7797544134615385 0.46826854807692303 0.7797544134615385 0.4548313557692308
0 0.2789021442307692 0.4866142091346154 0.27255873076923076 0.4866142091346154 0.27255873076923076 0.5209357980769231 0.2789021442307692 0.5209357980769231 0.2789021442307692 0.4866142091346154
0 0.33308113942307693 0.5128702235576923 0.32756964903846153 0.5128702235576923 0.32756964903846153 0.5444460841346154 0.33308113942307693 0.5444460841346154 0.33308113942307693 0.5128702235576923
0 0.27037493269230767 0.5785960649038462 0.2617437283653846 0.5785960649038462 0.2617437283653846 0.5985025865384616 0.27037493269230767 0.5985025865384616 0.27037493269230767 0.5785960649038462
1 0.26049721875 0.5020863245192307 0.24185106490384617 0.5020863245192307 0.24185106490384617 0.5165268293269231 0.26049721875 0.5165268293269231 0.26049721875 0.5020863245192307
0 0.5117055120192308 0.5319712908653846 0.5199403509615385 0.5319712908653846 0.5199403509615385 0.5144663413461539 0.5117055120192308 0.5144663413461539 0.5117055120192308 0.5319712908653846
0 0.1414549639423077 0.5042756730769231 0.13688883653846154 0.5042756730769231 0.13688883653846154 0.5211454182692308 0.1414549639423077 0.5211454182692308 0.1414549639423077 0.5042756730769231
1 0.0929133798076923 0.6795326346153847 0.07612973557692307 0.6795326346153847 0.07612973557692307 0.7174121538461539 0.0929133798076923 0.7174121538461539 0.0929133798076923 0.6795326346153847