0 0.11935271634615385 0.52032484375 0.10699759375 0.52032484375 0.10699759375 0.5586279567307693 0.11935271634615385 0.5586279567307693 0.11935271634615385 0.52032484375
0 0.15097344951923078 0.5278598822115385 0.14427236778846153 0.5278598822115385 0.14427236778846153 0.5536045985576923 0.15097344951923078 0.5536045985576923 0.15097344951923078 0.5278598822115385
0 0.29002091586538464 0.5036849663461539 0.27829402163461536 0.5036849663461539 0.27829402163461536 0.5488951995192308 0.29002091586538464 0.5488951995192308 0.29002091586538464 0.5036849663461539
0 0.2755717067307692 0.5083943653846154 0.26740476201923075 0.5083943653846154 0.26740476201923075 0.5382205600961538 0.2755717067307692 0.5382205600961538 0.2755717067307692 0.5083943653846154
1 0.2085608798076923 0.5093362451923077 0.20060334375 0.5093362451923077 0.20060334375 0.5347670024038462 0.2085608798076923 0.5347670024038462 0.2085608798076923 0.5093362451923077
1 0.2397627956730769 0.5068245673076923 0.2313864423076923 0.5068245673076923 0.2313864423076923 0.5360228413461539 0.2397627956730769 0.5360228413461539 0.2397627956730769 0.5068245673076923
0 0.8230550480769231 0.4668927836538461 0.8161838221153845 0.4668927836538461 0.8161838221153845 0.5169301514423077 0.8230550480769231 0.5169301514423077 0.8230550480769231 0.4668927836538461
0 0.6964370913461538 0.48055571634615385 0.6918562740384615 0.48055571634615385 0.6918562740384615 0.5026310240384615 0.6964370913461538 0.5026310240384615 0.6964370913461538 0.48055571634615385
0 0.7366828509615384 0.4736878413461539 0.7311204302884615 0.4736878413461539 0.7311204302884615 0.5011593365384616 0.7366828509615384 0.5011593365384616 0.7366828509615384 0.4736878413461539
0 0.8639641586538461 0.46240490625 0.8600377427884616 0.46240490625 0.8600377427884616 0.4839896514423077 0.8639641586538461 0.4839896514423077 0.8639641586538461 0.46240490625
0 0.8394240624999999 0.4815368413461538 0.8436776778846155 0.4815368413461538 0.8436776778846155 0.4658388413461539 0.8394240624999999 0.4658388413461539 0.8394240624999999 0.4815368413461538
0 0.3678768798076923 0.50504275 0.36306047836538463 0.50504275 0.36306047836538463 0.5298455865384615 0.3678768798076923 0.5298455865384615 0.3678768798076923 0.50504275
0 0.3793943653846154 0.5000193918269231 0.37562500721153846 0.5000193918269231 0.37562500721153846 0.5091242307692307 0.3793943653846154 0.5091242307692307 0.3793943653846154 0.5000193918269231
0 0.3837919519230769 0.5116359110576923 0.38044141105769236 0.5116359110576923 0.38044141105769236 0.5235663894230769 0.3837919519230769 0.5235663894230769 0.3837919519230769 0.5116359110576923
0 0.4204384975961538 0.5009612716346153 0.4170879567307692 0.5009612716346153 0.4170879567307692 0.5138336322115384 0.4204384975961538 0.5138336322115384 0.4204384975961538 0.5009612716346153
0 0.4269301706730769 0.4997054326923077 0.4231608125 0.4997054326923077 0.4231608125 0.512263829326923 0.4269301706730769 0.512263829326923 0.4269301706730769 0.4997054326923077
1 0.13680655288461538 0.5123522067307692 0.13026252644230768 0.5123522067307692 0.13026252644230768 0.5216728942307692 0.13680655288461538 0.5216728942307692 0.13680655288461538 0.5123522067307692
1 0.1538210216346154 0.5123522067307692 0.1456409903846154 0.5123522067307692 0.1456409903846154 0.5216728942307692 0.1538210216346154 0.5216728942307692 0.1538210216346154 0.5123522067307692
0 0.6817106298076923 0.47785517067307687 0.677522454326923 0.47785517067307687 0.677522454326923 0.5001463245192308 0.6817106298076923 0.5001463245192308 0.6817106298076923 0.47785517067307687
0 0.6198022019230769 0.5002724158653846 0.6158234326923077 0.5002724158653846 0.6158234326923077 0.5118889350961539 0.6198022019230769 0.5118889350961539 0.6198022019230769 0.5002724158653846
0 0.630063233173077 0.5009003341346154 0.6246186033653847 0.5009003341346154 0.6246186033653847 0.5096912139423077 0.630063233173077 0.5096912139423077 0.630063233173077 0.5009003341346154
0 0.6116352548076923 0.5027840961538461 0.6055624014423077 0.5027840961538461 0.6055624014423077 0.513458733173077 0.6116352548076923 0.513458733173077 0.6116352548076923 0.5027840961538461
0 0.5862967860576923 0.4864581778846154 0.5813940889423077 0.4864581778846154 0.5772922091346154 0.4864581778846154 0.5772922091346154 0.4965048966346154 0.5862967860576923 0.4965048966346154 0.5862967860576923 0.4864581778846154
0 0.6015836322115384 0.4936792572115385 0.5973954567307692 0.4936792572115385 0.5973954567307692 0.5087493341346154 0.6015836322115384 0.5087493341346154 0.6015836322115384 0.4936792572115385
0 0.4046862980769231 0.5019911225961539 0.39986151682692306 0.5019911225961539 0.39986151682692306 0.5128415793269231 0.4046862980769231 0.5128415793269231 0.4046862980769231 0.5019911225961539
1 0.4707110697115385 0.4836360432692308 0.4402211442307692 0.4836360432692308 0.4402211442307692 0.5024736394230769 0.4707110697115385 0.5024736394230769 0.4707110697115385 0.4836360432692308
1 0.5159433774038461 0.48187786778846153 0.47774720673076926 0.48187786778846153 0.47774720673076926 0.5017201370192308 0.5159433774038461 0.5017201370192308 0.5159433774038461 0.48187786778846153
1 0.5613432139423077 0.4781103461538461 0.5254924206730769 0.4781103461538461 0.5254924206730769 0.4979526153846154 0.5613432139423077 0.4979526153846154 0.5613432139423077 0.4781103461538461
0 0.6197906971153846 0.4798938389423077 0.6142937163461538 0.4798938389423077 0.6142937163461538 0.49676918509615386 0.6197906971153846 0.49676918509615386 0.6197906971153846 0.4798938389423077
0 0.6530343485576923 0.4763617884615385 0.6464903245192308 0.4763617884615385 0.6464903245192308 0.4975540865384615 0.6530343485576923 0.4975540865384615 0.6530343485576923 0.4763617884615385
0 0.5899499375 0.4759693389423077 0.58471471875 0.4759693389423077 0.58471471875 0.4897050889423077 0.5899499375 0.4897050889423077 0.5899499375 0.4759693389423077
0 0.38384608173076923 0.5180524663461539 0.38699663942307694 0.5180524663461539 0.38699663942307694 0.5089990360576923 0.38384608173076923 0.5089990360576923 0.38384608173076923 0.5180524663461539
0 0.38778427884615385 0.5183336274038461 0.39157244711538464 0.5183336274038461 0.39157244711538464 0.509055266826923 0.38778427884615385 0.509055266826923 0.38778427884615385 0.5183336274038461
0 0.40762528605769227 0.5024760649038462 0.4111884158653846 0.5024760649038462 0.4111884158653846 0.4915107307692308 0.40762528605769227 0.4915107307692308 0.40762528605769227 0.5024760649038462
0 0.41051329807692305 0.5017450432692308 0.4138513870192308 0.5017450432692308 0.4138513870192308 0.4919605913461539 0.41051329807692305 0.4919605913461539 0.41051329807692305 0.5017450432692308
0 0.8538716682692308 0.4768215745192308 0.8579007019230769 0.4768215745192308 0.8579007019230769 0.46463054567307693 0.8538716682692308 0.46463054567307693 0.8538716682692308 0.4768215745192308
0 0.8365101995192308 0.48187371153846154 0.8403927235576922 0.48187371153846154 0.8403927235576922 0.4645207163461539 0.8365101995192308 0.4645207163461539 0.8365101995192308 0.48187371153846154
0 0.843249673076923 0.4836309759615384 0.8480845120192307 0.4836309759615384 0.8480845120192307 0.464740375 0.843249673076923 0.464740375 0.843249673076923 0.4836309759615384
0 0.71347453125 0.49291702644230767 0.7168735697115385 0.49291702644230767 0.7168735697115385 0.4771895024038461 0.71347453125 0.4771895024038461 0.71347453125 0.49291702644230767
0 0.7170493798076923 0.48984181009615385 0.7203312115384615 0.48984181009615385 0.7203312115384615 0.47490505769230773 0.7170493798076923 0.47490505769230773 0.7170493798076923 0.48984181009615385
0 0.6738133822115385 0.4899918942307692 0.6781641514423077 0.4899918942307692 0.6781641514423077 0.47874539423076923 0.6738133822115385 0.47874539423076923 0.6738133822115385 0.4899918942307692
0 0.6609874086538461 0.48230150000000005 0.6609874086538461 0.4817391754807692 0.6570492139423076 0.4817391754807692 0.6570492139423076 0.48938679326923074 0.6609874086538461 0.48938679326923074 0.6609874086538461 0.48230150000000005
0 0.6685384014423076 0.4895721850961538 0.671126360576923 0.4895721850961538 0.671126360576923 0.4804625216346154 0.6685384014423076 0.4804625216346154 0.6685384014423076 0.4895721850961538
0 0.6643376610576923 0.4886162331730769 0.6671131514423077 0.4886162331730769 0.6671131514423077 0.4791129423076923 0.6643376610576923 0.4791129423076923 0.6643376610576923 0.4886162331730769
0 0.6319694375 0.4935646923076923 0.6353450336538462 0.4935646923076923 0.6353450336538462 0.48018136057692307 0.6319694375 0.48018136057692307 0.6319694375 0.4935646923076923