0 0.11496598557692309 0.8971523485576923 0.13061224519230769 0.8971523485576923 0.13061224519230769 0.7969150456730769 0.11496598557692309 0.7969150456730769 0.11496598557692309 0.8971523485576923
0 0.20612244951923075 0.7726150937499999 0.18775510096153847 0.7726150937499999 0.18775510096153847 0.8698149014423078 0.20612244951923075 0.8698149014423078 0.20612244951923075 0.7726150937499999
0 0.3179983677884615 0.7532067211538462 0.3015586394230769 0.7532067211538462 0.3015586394230769 0.7992405504807691 0.3179983677884615 0.7992405504807691 0.3179983677884615 0.7532067211538462
0 0.32357115625 0.7183703076923076 0.31019646153846153 0.7183703076923076 0.31019646153846153 0.7986184711538461 0.32357115625 0.7986184711538461 0.32357115625 0.7183703076923076
0 0.3611874831730769 0.7382768293269231 0.3547787764423077 0.7382768293269231 0.3547787764423077 0.7892872884615384 0.3611874831730769 0.7892872884615384 0.3611874831730769 0.7382768293269231
0 0.3784631298076923 0.7482300913461538 0.3639738774038461 0.7482300913461538 0.3639738774038461 0.794886 0.3784631298076923 0.794886 0.3784631298076923 0.7482300913461538
0 0.3639738774038461 0.7158819927884615 0.35366421875 0.7158819927884615 0.35366421875 0.794886 0.3639738774038461 0.794886 0.3639738774038461 0.7158819927884615
0 0.40381931971153845 0.7500963269230769 0.39713197355769225 0.7500963269230769 0.39713197355769225 0.7749794783653846 0.40381931971153845 0.7749794783653846 0.40381931971153845 0.7500963269230769
0 0.39518149519230766 0.7046845745192307 0.38320000000000004 0.7046845745192307 0.38320000000000004 0.7836885817307693 0.39518149519230766 0.7836885817307693 0.39518149519230766 0.7046845745192307
0 0.5247488437500001 0.7812002668269231 0.4935412235576923 0.7812002668269231 0.4935412235576923 0.8197691490384614 0.5247488437500001 0.8197691490384614 0.5247488437500001 0.7812002668269231
0 0.513045985576923 0.7364105937500001 0.5024576875 0.7364105937500001 0.5024576875 0.7886652115384615 0.513045985576923 0.7886652115384615 0.513045985576923 0.7364105937500001
0 0.7035156466346154 0.7611576658653847 0.6728653052884616 0.7611576658653847 0.6728653052884616 0.8956822019230769 0.7035156466346154 0.8956822019230769 0.7035156466346154 0.7611576658653847
0 0.7647321778846153 0.7701417259615385 0.7292089903846153 0.7701417259615385 0.7292089903846153 0.8035846826923077 0.7647321778846153 0.8035846826923077 0.7647321778846153 0.7701417259615385
0 0.6222270432692307 0.6984732740384616 0.6056780889423077 0.6984732740384616 0.6056780889423077 0.7245906298076924 0.6222270432692307 0.7245906298076924 0.6222270432692307 0.6984732740384616
0 0.6306441826923077 0.6911476754807692 0.6203724182692307 0.6911476754807692 0.6203724182692307 0.7143984903846154 0.6306441826923077 0.7143984903846154 0.6306441826923077 0.6911476754807692
0 0.8239358173076923 0.6377812860576924 0.8122374182692307 0.6377812860576924 0.8122374182692307 0.6830089014423077 0.8239358173076923 0.6830089014423077 0.8239358173076923 0.6377812860576924
0 0.8493299014423077 0.6285446586538461 0.8273597379807692 0.6285446586538461 0.8273597379807692 0.6565730408653846 0.8493299014423077 0.6565730408653846 0.8493299014423077 0.6285446586538461
0 0.6995333317307693 0.6177155120192308 0.6905455360576924 0.6177155120192308 0.6905455360576924 0.6416033365384616 0.6995333317307693 0.6416033365384616 0.6995333317307693 0.6177155120192308
0 0.710661076923077 0.6199450408653846 0.7009599639423078 0.6199450408653846 0.7009599639423078 0.6482919278846153 0.710661076923077 0.6482919278846153 0.710661076923077 0.6199450408653846
0 0.6882629230769232 0.6479734230769231 0.6678620552884615 0.6479734230769231 0.6678620552884615 0.6693132139423077 0.6882629230769232 0.6693132139423077 0.6882629230769232 0.6479734230769231
0 0.8848008701923077 0.4501506394230769 0.8848008701923077 0.44258616105769233 0.8796293221153846 0.44258616105769233 0.8796293221153846 0.46408520432692313 0.8848008701923077 0.46408520432692313 0.8848008701923077 0.4501506394230769
0 0.890329076923077 0.4501506394230769 0.8848008701923077 0.4501506394230769 0.8848008701923077 0.4684646394230769 0.890329076923077 0.4684646394230769 0.890329076923077 0.4501506394230769
0 0.9190400865384615 0.4366142067307692 0.9140468677884616 0.4366142067307692 0.9140468677884616 0.4549282043269231 0.9190400865384615 0.4549282043269231 0.9190400865384615 0.4366142067307692
0 0.9067353677884615 0.43780859615384615 0.9024554663461538 0.43780859615384615 0.9024554663461538 0.44935437980769233 0.9067353677884615 0.44935437980769233 0.9067353677884615 0.43780859615384615
0 0.8853358581730769 0.42427216346153845 0.8823042620192307 0.42427216346153845 0.8823042620192307 0.4354198149038462 0.8853358581730769 0.4354198149038462 0.8853358581730769 0.42427216346153845
0 0.8773110432692307 0.4354198149038462 0.8853358581730769 0.4354198149038462 0.8853358581730769 0.42984598798076923 0.8773110432692307 0.42984598798076923 0.8773110432692307 0.4354198149038462
0 0.8703562019230768 0.4310403798076923 0.8675029326923076 0.4310403798076923 0.8675029326923076 0.4433824230769231 0.8703562019230768 0.4433824230769231 0.8703562019230768 0.4310403798076923
0 0.8639363485576923 0.44935437980769233 0.8541282403846153 0.44935437980769233 0.8541282403846153 0.46129829086538465 0.8639363485576923 0.46129829086538465 0.8639363485576923 0.44935437980769233
0 0.853414923076923 0.4796122908653846 0.8411102043269231 0.4796122908653846 0.8411102043269231 0.4903618125 0.853414923076923 0.4903618125 0.853414923076923 0.4796122908653846
0 0.804196048076923 0.4800104230769231 0.7981328533653845 0.4800104230769231 0.7981328533653845 0.4919543341346154 0.804196048076923 0.4919543341346154 0.804196048076923 0.4800104230769231
0 0.8088326081730769 0.46169642307692305 0.8043743774038461 0.46169642307692305 0.8043743774038461 0.4792141610576923 0.8088326081730769 0.4792141610576923 0.8088326081730769 0.46169642307692305
0 0.8141824879807692 0.45890950961538457 0.8099025841346154 0.45890950961538457 0.8099025841346154 0.4820010721153846 0.8141824879807692 0.4820010721153846 0.8141824879807692 0.45890950961538457
0 0.8222073028846153 0.44218803125 0.8189973774038461 0.44218803125 0.8189973774038461 0.45890950961538457 0.8222073028846153 0.45890950961538457 0.8222073028846153 0.44218803125
0 0.789216391826923 0.49912068028846157 0.7835098557692307 0.49912068028846157 0.7835098557692307 0.5190272043269231 0.789216391826923 0.5190272043269231 0.789216391826923 0.49912068028846157
0 0.7856498076923076 0.48638050721153847 0.7794082836538462 0.48638050721153847 0.7794082836538462 0.5154440288461538 0.7856498076923076 0.5154440288461538 0.7856498076923076 0.48638050721153847
0 0.7961712331730768 0.4553263341346154 0.7927829759615383 0.4553263341346154 0.7927829759615383 0.4720478125 0.7961712331730768 0.4720478125 0.7961712331730768 0.4553263341346154
0 0.7829748677884615 0.4768253774038461 0.7783383076923076 0.4768253774038461 0.7783383076923076 0.48638050721153847 0.7829748677884615 0.48638050721153847 0.7829748677884615 0.4768253774038461
0 0.79135634375 0.4433824230769231 0.7879680865384615 0.4433824230769231 0.7879680865384615 0.4557244663461538 0.79135634375 0.4557244663461538 0.79135634375 0.4433824230769231
0 0.7929613052884614 0.43462355288461535 0.7972412091346153 0.43462355288461535 0.7972412091346153 0.43064225 0.7929613052884614 0.43064225 0.7929613052884614 0.43462355288461535
0 0.7954579158653845 0.43462355288461535 0.7929613052884614 0.43462355288461535 0.7929613052884614 0.4461693365384616 0.7954579158653845 0.4461693365384616 0.7954579158653845 0.43462355288461535
0 0.7995594879807691 0.43064225 0.7972412091346153 0.43064225 0.7972412091346153 0.44656746634615385 0.7995594879807691 0.44656746634615385 0.7995594879807691 0.43064225
0 0.7995594879807691 0.42148525 0.7977761947115384 0.42148525 0.7977761947115384 0.43064225 0.7995594879807691 0.43064225 0.7995594879807691 0.42148525
0 0.8029477451923076 0.43064225 0.7995594879807691 0.43064225 0.7995594879807691 0.44258616105769233 0.8029477451923076 0.44258616105769233 0.8029477451923076 0.43064225
1 0.8027694158653845 0.41710581490384613 0.8000944759615384 0.41710581490384613 0.8000944759615384 0.42705907451923075 0.8027694158653845 0.42705907451923075 0.8027694158653845 0.41710581490384613
1 0.2872054423076923 0.6903670432692308 0.27828898076923075 0.6903670432692308 0.27828898076923075 0.7276917692307693 0.2872054423076923 0.7276917692307693 0.2872054423076923 0.6903670432692308
1 0.29249959134615383 0.70778525 0.2844190480769231 0.70778525 0.2844190480769231 0.7295580072115384 0.29249959134615383 0.7295580072115384 0.29249959134615383 0.70778525
1 0.459404625 0.6461994495192307 0.4482590480769231 0.6461994495192307 0.4482590480769231 0.6860124927884615 0.459404625 0.6860124927884615 0.459404625 0.6461994495192307
1 0.48559673557692307 0.5130745889423077 0.49702095192307694 0.5130745889423077 0.49702095192307694 0.49503430528846154 0.48559673557692307 0.49503430528846154 0.48559673557692307 0.5130745889423077
1 0.7159717644230769 0.47770535576923073 0.7120913197115384 0.47770535576923073 0.7120913197115384 0.48917151201923076 0.7159717644230769 0.48917151201923076 0.7159717644230769 0.47770535576923073
1 0.7151728485576924 0.4626719519230769 0.7124337115384616 0.4626719519230769 0.7124337115384616 0.4705708581730769 0.7151728485576924 0.4705708581730769 0.7151728485576924 0.4626719519230769
1 0.7360587692307692 0.4585950961538462 0.7328631105769231 0.4585950961538462 0.7328631105769231 0.46751321634615384 0.7360587692307692 0.46751321634615384 0.7360587692307692 0.4585950961538462
1 0.7574012139423077 0.46343636057692306 0.7539772932692308 0.46343636057692306 0.7539772932692308 0.47821496394230767 0.7574012139423077 0.47821496394230767 0.7574012139423077 0.46343636057692306
1 0.7419935673076924 0.4499317764423077 0.7382272548076922 0.4499317764423077 0.7382272548076922 0.4616527379807692 0.7419935673076924 0.4616527379807692 0.7419935673076924 0.4499317764423077
1 0.6895986514423077 0.43800777163461535 0.6860320649038462 0.43800777163461535 0.6860320649038462 0.44788140625 0.6895986514423077 0.44788140625 0.6895986514423077 0.43800777163461535
1 0.683178798076923 0.4466073894230769 0.6804681923076923 0.4466073894230769 0.6804681923076923 0.4587105528846154 0.683178798076923 0.4587105528846154 0.683178798076923 0.4466073894230769
1 0.676901608173077 0.4491554230769231 0.6741910024038462 0.4491554230769231 0.6741910024038462 0.4583920480769231 0.676901608173077 0.4583920480769231 0.676901608173077 0.4491554230769231
1 0.671908389423077 0.4704952139423077 0.6673431610576923 0.4704952139423077 0.6673431610576923 0.47622829086538465 0.671908389423077 0.47622829086538465 0.671908389423077 0.4704952139423077
1 0.6420917379807692 0.4685841875 0.6382398269230769 0.4685841875 0.6382398269230769 0.47622829086538465 0.6420917379807692 0.47622829086538465 0.6420917379807692 0.4685841875
1 0.7124337115384616 0.4574365360576923 0.7091435360576923 0.4574365360576923 0.7091435360576923 0.4650806394230769 0.7124337115384616 0.4650806394230769 0.7124337115384616 0.4574365360576923
1 0.7650675889423078 0.4567995264423077 0.7620716586538462 0.4567995264423077 0.7620716586538462 0.46635465625 0.7650675889423078 0.46635465625 0.7650675889423078 0.4567995264423077
0 0.7330123509615384 0.7942260576923077 0.7070489663461538 0.7942260576923077 0.7070489663461538 0.862455423076923 0.7330123509615384 0.862455423076923 0.7330123509615384 0.7942260576923077
0 0.613088860576923 0.5538562548076923 0.6068950817307692 0.5538562548076923 0.6068950817307692 0.5892904399038461 0.613088860576923 0.5892904399038461 0.613088860576923 0.5538562548076923
0 0.6167948052884615 0.5691361682692307 0.6079583461538461 0.5691361682692307 0.6079583461538461 0.6076701225961538 0.6167948052884615 0.6076701225961538 0.6167948052884615 0.5691361682692307
0 0.6253009302884615 0.5641580961538462 0.6172903076923077 0.5641580961538462 0.6172903076923077 0.6047201538461539 0.6253009302884615 0.6047201538461539 0.6253009302884615 0.5641580961538462
0 0.6317424615384616 0.5593643990384616 0.6257964326923078 0.5593643990384616 0.6257964326923078 0.6041670360576923 0.6317424615384616 0.6041670360576923 0.6317424615384616 0.5593643990384616
0 0.6407440889423076 0.5564144302884615 0.6338070552884615 0.5564144302884615 0.6338070552884615 0.600295201923077 0.6407440889423076 0.600295201923077 0.6407440889423076 0.5564144302884615
0 0.6499108822115385 0.5545707019230769 0.6424783485576923 0.5545707019230769 0.6424783485576923 0.5990045913461539 0.6499108822115385 0.5990045913461539 0.6499108822115385 0.5545707019230769
0 0.6533793990384615 0.5580737860576923 0.6473507884615385 0.5580737860576923 0.6473507884615385 0.5966077427884615 0.6533793990384615 0.5966077427884615 0.6533793990384615 0.5580737860576923
0 0.6976442812499999 0.5388989975961539 0.6911201658653846 0.5388989975961539 0.6911201658653846 0.57577359375 0.6976442812499999 0.57577359375 0.6976442812499999 0.5388989975961539
0 0.7041683966346154 0.5322615697115385 0.6968184447115384 0.5322615697115385 0.6968184447115384 0.573008 0.7041683966346154 0.573008 0.7041683966346154 0.5322615697115385
0 0.7375322259615384 0.5119805408653846 0.7298519375 0.5119805408653846 0.7298519375 0.5318928221153846 0.7375322259615384 0.5318928221153846 0.7375322259615384 0.5119805408653846
0 0.51655065625 0.7510808365384616 0.5072186923076922 0.7510808365384616 0.5072186923076922 0.8141363990384616 0.51655065625 0.8141363990384616 0.51655065625 0.7510808365384616