1 0.21161756971153847 0.9484996682692307 0.011935233173076923 0.9484996682692307 0.011935233173076923 0.9930639663461539 0.21161756971153847 0.9930639663461539 0.21161756971153847 0.9484996682692307
0 0.18142464182692308 0.6187085048076923 0.1713149903846154 0.6187085048076923 0.1713149903846154 0.6583982451923076 0.18142464182692308 0.6583982451923076 0.18142464182692308 0.6187085048076923
0 0.17075334374999998 0.6157130528846154 0.16120533894230768 0.6157130528846154 0.16120533894230768 0.6621425600961538 0.17075334374999998 0.6621425600961538 0.17075334374999998 0.6157130528846154
0 0.018827752403846154 0.6078499903846154 0.002820805288461538 0.6078499903846154 0.002820805288461538 0.6580238149038462 0.018827752403846154 0.6580238149038462 0.018827752403846154 0.6078499903846154
0 0.04354023317307692 0.6187085048076923 0.03539634855769231 0.6187085048076923 0.03539634855769231 0.6467908677884615 0.04354023317307692 0.6467908677884615 0.04354023317307692 0.6187085048076923
0 0.0564581201923077 0.6145897572115385 0.05028 0.6145897572115385 0.05028 0.6318136057692307 0.0564581201923077 0.6318136057692307 0.0564581201923077 0.6145897572115385
0 0.06628694711538462 0.6153386201923077 0.06038965144230769 0.6153386201923077 0.06038965144230769 0.6299414495192307 0.06628694711538462 0.6299414495192307 0.06628694711538462 0.6153386201923077
0 0.1415476826923077 0.6168363461538462 0.1367736826923077 0.6168363461538462 0.1367736826923077 0.6299414495192307 0.1415476826923077 0.6299414495192307 0.1415476826923077 0.6168363461538462
0 0.14997239182692307 0.6172107764423077 0.14435592067307693 0.6172107764423077 0.14435592067307693 0.6314391754807692 0.14997239182692307 0.6314391754807692 0.14997239182692307 0.6172107764423077
0 0.15502721874999997 0.6172107764423077 0.14997239182692307 0.6172107764423077 0.14997239182692307 0.6288181538461538 0.15502721874999997 0.6288181538461538 0.15502721874999997 0.6172107764423077
1 0.25814520913461536 0.6184995408653846 0.25216388942307694 0.6184995408653846 0.25216388942307694 0.6269654086538462 0.25814520913461536 0.6269654086538462 0.25814520913461536 0.6184995408653846
1 0.2700158269230769 0.6184995408653846 0.2645866298076923 0.6184995408653846 0.2645866298076923 0.6237753701923077 0.2700158269230769 0.6237753701923077 0.2700158269230769 0.6184995408653846
1 0.2642185480769231 0.6187449278846154 0.2597095552884615 0.6187449278846154 0.2597095552884615 0.6254930841346155 0.2642185480769231 0.6254930841346155 0.2642185480769231 0.6187449278846154
1 0.24820701923076924 0.6235299831730768 0.24489428846153846 0.6235299831730768 0.24489428846153846 0.6284377307692307 0.24820701923076924 0.6284377307692307 0.24820701923076924 0.6235299831730768
1 0.2223493173076923 0.6213214951923077 0.2183004230769231 0.6213214951923077 0.2183004230769231 0.6262292451923077 0.2223493173076923 0.6262292451923077 0.2223493173076923 0.6213214951923077
1 0.03382215384615385 0.6036907427884615 0.020134137019230766 0.6036907427884615 0.020134137019230766 0.6259289807692308 0.03382215384615385 0.6259289807692308 0.03382215384615385 0.6036907427884615
1 0.05153606009615385 0.6090585937499999 0.046014843750000006 0.6090585937499999 0.046014843750000006 0.6145897572115385 0.05153606009615385 0.6145897572115385 0.05153606009615385 0.6090585937499999
1 0.08144265625 0.609365326923077 0.0697100673076923 0.609365326923077 0.0697100673076923 0.6179538870192308 0.08144265625 0.6179538870192308 0.08144265625 0.609365326923077
1 0.1307885360576923 0.6069114519230769 0.10743838701923078 0.6069114519230769 0.10743838701923078 0.6165735841346154 0.1307885360576923 0.6165735841346154 0.1307885360576923 0.6069114519230769