1 0.25618399999999997 0.6333034471153846 0.2455175769230769 0.6333034471153846 0.2455175769230769 0.6545029615384615 0.25618399999999997 0.6545029615384615 0.25618399999999997 0.6333034471153846
1 0.26045056730769234 0.6301035192307692 0.2536507235576923 0.6301035192307692 0.2536507235576923 0.6483031033653847 0.26045056730769234 0.6483031033653847 0.26045056730769234 0.6301035192307692
1 0.2720503028846154 0.6329034543269232 0.26298384375 0.6329034543269232 0.26298384375 0.6521030168269231 0.2720503028846154 0.6521030168269231 0.2720503028846154 0.6329034543269232
1 0.35604837980769233 0.6339034326923076 0.34391532451923074 0.6339034326923076 0.34391532451923074 0.6621027860576922 0.35604837980769233 0.6621027860576922 0.35604837980769233 0.6339034326923076
1 0.3479152331730769 0.6439032043269232 0.3388487740384616 0.6439032043269232 0.3388487740384616 0.6681026490384615 0.3479152331730769 0.6681026490384615 0.3479152331730769 0.6439032043269232
1 0.3400487475961539 0.6443031947115384 0.3319155985576923 0.6443031947115384 0.3319155985576923 0.6681026490384615 0.3400487475961539 0.6681026490384615 0.3400487475961539 0.6443031947115384
1 0.32991564423076924 0.5729048293269231 0.3247157644230769 0.5729048293269231 0.3247157644230769 0.5865045168269231 0.32991564423076924 0.5865045168269231 0.32991564423076924 0.5729048293269231
1 0.3259157379807692 0.5725048365384615 0.32111584615384614 0.5725048365384615 0.32111584615384614 0.5865045168269231 0.3259157379807692 0.5865045168269231 0.3259157379807692 0.5725048365384615
1 0.3271157091346154 0.5653050024038462 0.3220491586538462 0.5653050024038462 0.3220491586538462 0.5775047235576923 0.3271157091346154 0.5775047235576923 0.3271157091346154 0.5653050024038462
1 0.3416487091346154 0.5549052403846153 0.3391154350961539 0.5549052403846153 0.3391154350961539 0.5681049375 0.3416487091346154 0.5681049375 0.3416487091346154 0.5549052403846153
1 0.34498196634615386 0.5595051346153845 0.3416487091346154 0.5595051346153845 0.3416487091346154 0.5729048293269231 0.34498196634615386 0.5729048293269231 0.34498196634615386 0.5595051346153845
1 0.34831522355769234 0.559905125 0.34498196634615386 0.559905125 0.34498196634615386 0.5729048293269231 0.34831522355769234 0.5729048293269231 0.34831522355769234 0.559905125
1 0.3187341634615385 0.5501160384615384 0.31276096634615386 0.5501160384615384 0.31276096634615386 0.5641957163461538 0.3187341634615385 0.5641957163461538 0.3187341634615385 0.5501160384615384
1 0.3158328966346154 0.5574118701923078 0.3113103317307692 0.5574118701923078 0.3113103317307692 0.5686756129807692 0.3158328966346154 0.5686756129807692 0.3158328966346154 0.5574118701923078
1 0.32009946394230765 0.5576678653846154 0.3158328966346154 0.5576678653846154 0.3158328966346154 0.5686756129807692 0.32009946394230765 0.5686756129807692 0.32009946394230765 0.5576678653846154
1 0.2913030408653846 0.5088109831730769 0.28863643509615383 0.5088109831730769 0.28863643509615383 0.5164908076923077 0.2913030408653846 0.5164908076923077 0.2913030408653846 0.5088109831730769
1 0.2955696081730769 0.5083309951923077 0.29268967548076924 0.5083309951923077 0.29268967548076924 0.5169707980769231 0.2955696081730769 0.5169707980769231 0.2955696081730769 0.5083309951923077
1 0.3019694639423077 0.5076910096153846 0.29940952163461537 0.5076910096153846 0.29940952163461537 0.5155308293269231 0.3019694639423077 0.5155308293269231 0.3019694639423077 0.5076910096153846
1 0.33002215384615385 0.5147308485576922 0.32735554807692313 0.5147308485576922 0.32735554807692313 0.5212906971153847 0.33002215384615385 0.5212906971153847 0.33002215384615385 0.5147308485576922
1 0.3347324471153846 0.5129120096153846 0.33178339423076925 0.5129120096153846 0.33178339423076925 0.5219230024038461 0.3347324471153846 0.5219230024038461 0.3347324471153846 0.5129120096153846
1 0.32069714182692305 0.5109459735576923 0.31829420913461537 0.5109459735576923 0.31829420913461537 0.5191377860576923 0.32069714182692305 0.5191377860576923 0.32069714182692305 0.5109459735576923
1 0.31747502884615386 0.5134854375 0.31425291586538456 0.5134854375 0.31425291586538456 0.5195473774038462 0.31747502884615386 0.5195473774038462 0.31747502884615386 0.5134854375
1 0.37941124759615386 0.5267764182692308 0.3763354951923077 0.5267764182692308 0.3763354951923077 0.5392541875 0.37941124759615386 0.5392541875 0.37941124759615386 0.5267764182692308
1 0.3749024735576923 0.53081334375 0.37242089903846154 0.53081334375 0.37242089903846154 0.5374716490384616 0.3749024735576923 0.5374716490384616 0.3749024735576923 0.53081334375
1 0.37242089903846154 0.530393923076923 0.37028884375 0.530393923076923 0.37028884375 0.536370670673077 0.37242089903846154 0.536370670673077 0.37242089903846154 0.530393923076923
1 0.36979951923076926 0.5281395360576924 0.3674927067307693 0.5281395360576924 0.3674927067307693 0.5385726298076923 0.36979951923076926 0.5385726298076923 0.36979951923076926 0.5281395360576924
1 0.3669684302884615 0.531390048076923 0.36410238701923076 0.531390048076923 0.36410238701923076 0.5377337860576923 0.3669684302884615 0.5377337860576923 0.3669684302884615 0.531390048076923
1 0.3643820024038461 0.5311803365384615 0.36183052403846155 0.5311803365384615 0.36183052403846155 0.5377337860576923 0.3643820024038461 0.5377337860576923 0.3643820024038461 0.5311803365384615
1 0.4071854543269231 0.5667400600961539 0.4022788990384615 0.5667400600961539 0.4022788990384615 0.5860996177884615 0.4071854543269231 0.5860996177884615 0.4071854543269231 0.5667400600961539
1 0.4022788990384615 0.5710599615384615 0.3974790096153846 0.5710599615384615 0.3974790096153846 0.58161971875 0.4022788990384615 0.58161971875 0.4022788990384615 0.5710599615384615
1 0.5534004086538462 0.5855195360576924 0.5475978725961539 0.5855195360576924 0.5475978725961539 0.6129109086538461 0.5534004086538462 0.6129109086538461 0.5534004086538462 0.5855195360576924
1 0.5475978725961539 0.5898714375 0.5440139567307692 0.5898714375 0.5440139567307692 0.5987032355769231 0.5475978725961539 0.5987032355769231 0.5475978725961539 0.5898714375
1 0.5437579615384616 0.5916633966346153 0.5394060600961539 0.5916633966346153 0.5394060600961539 0.6040791105769231 0.5437579615384616 0.6040791105769231 0.5437579615384616 0.5916633966346153
1 0.5422219975961539 0.5806556490384616 0.5353954855769231 0.5806556490384616 0.5353954855769231 0.5963992884615384 0.5422219975961539 0.5963992884615384 0.5422219975961539 0.5806556490384616
1 0.5301902716346154 0.5830875913461538 0.5244730697115385 0.5830875913461538 0.5244730697115385 0.5915353990384615 0.5301902716346154 0.5915353990384615 0.5301902716346154 0.5830875913461538
1 0.6117404086538462 0.6839249807692307 0.5952074543269231 0.6839249807692307 0.5952074543269231 0.7095243942307692 0.6117404086538462 0.7095243942307692 0.6117404086538462 0.6839249807692307
1 0.5898742427884616 0.6745251947115385 0.5790744903846154 0.6745251947115385 0.5790744903846154 0.6935247596153846 0.5898742427884616 0.6935247596153846 0.5898742427884616 0.6745251947115385
1 0.5301422764423077 0.6935247596153846 0.5184092115384615 0.6935247596153846 0.5184092115384615 0.71452428125 0.5301422764423077 0.71452428125 0.5301422764423077 0.6935247596153846
1 0.5292605144230769 0.6846764639423076 0.5206420456730769 0.6846764639423076 0.5206420456730769 0.695940204326923 0.5292605144230769 0.695940204326923 0.5292605144230769 0.6846764639423076
1 0.5494761682692307 0.7318760480769231 0.5340598533653846 0.7318760480769231 0.5340598533653846 0.7846873389423077 0.5494761682692307 0.7846873389423077 0.5494761682692307 0.7318760480769231
1 0.5215601394230769 0.7384383990384615 0.5105187259615385 0.7384383990384615 0.5105187259615385 0.7596879110576923 0.5215601394230769 0.7596879110576923 0.5215601394230769 0.7384383990384615
1 0.5311432548076923 0.7390633846153847 0.5215601394230769 0.7390633846153847 0.5215601394230769 0.7550005192307693 0.5311432548076923 0.7550005192307693 0.5311432548076923 0.7390633846153847
1 0.4837493677884615 0.6384326298076922 0.47542955769230766 0.6384326298076922 0.47542955769230766 0.6561922235576922 0.4837493677884615 0.6561922235576922 0.4837493677884615 0.6384326298076922
1 0.4811894278846154 0.6280328677884615 0.47510956730769227 0.6280328677884615 0.47510956730769227 0.6384326298076922 0.4811894278846154 0.6384326298076922 0.4811894278846154 0.6280328677884615
1 0.47510956730769227 0.6307528052884616 0.4696696899038461 0.6307528052884616 0.4696696899038461 0.6384326298076922 0.47510956730769227 0.6384326298076922 0.47510956730769227 0.6307528052884616
1 0.44897683173076924 0.6749117932692308 0.44897683173076924 0.6745918004807692 0.44897683173076924 0.6656320072115385 0.44023036538461535 0.6656320072115385 0.44023036538461535 0.6811516514423077 0.44897683173076924 0.6811516514423077 0.44897683173076924 0.6749117932692308
1 0.44919015865384615 0.6969912884615385 0.4600699110576923 0.6969912884615385 0.4600699110576923 0.6737918197115385 0.44919015865384615 0.6737918197115385 0.44919015865384615 0.6969912884615385
1 0.45580334134615386 0.665952 0.44919015865384615 0.665952 0.44919015865384615 0.6800316778846154 0.45580334134615386 0.6800316778846154 0.45580334134615386 0.665952
1 0.6199917355769231 0.8387221057692307 0.6020885 0.8387221057692307 0.6020885 0.8836429519230768 0.6199917355769231 0.8836429519230768 0.6199917355769231 0.8387221057692307
1 0.5949272043269231 0.8162616826923077 0.58158115625 0.8162616826923077 0.58158115625 0.8455578870192307 0.5949272043269231 0.8455578870192307 0.5949272043269231 0.8162616826923077
1 0.5841852620192308 0.8128437908653846 0.5643289471153846 0.8128437908653846 0.5643289471153846 0.8538584783653846 0.5841852620192308 0.8538584783653846 0.5841852620192308 0.8128437908653846
1 0.5571676514423077 0.8475109663461539 0.5389389014423077 0.8475109663461539 0.5389389014423077 0.8919435432692308 0.5571676514423077 0.8919435432692308 0.5571676514423077 0.8475109663461539
1 0.5308010673076923 0.8123555216346153 0.5213611802884615 0.8123555216346153 0.5213611802884615 0.8348159447115384 0.5308010673076923 0.8348159447115384 0.5308010673076923 0.8123555216346153
1 0.5213611802884615 0.8064962812500001 0.5070385913461538 0.8064962812500001 0.5070385913461538 0.8348159447115384 0.5213611802884615 0.8348159447115384 0.5213611802884615 0.8064962812500001
0 0.9741078317307692 0.6730061923076923 0.968493579326923 0.6730061923076923 0.968493579326923 0.6845585937499999 0.9741078317307692 0.6845585937499999 0.9741078317307692 0.6730061923076923
0 0.8899356658653846 0.6652242067307692 0.8796269302884615 0.6652242067307692 0.8796269302884615 0.6883299903846154 0.8899356658653846 0.6883299903846154 0.8899356658653846 0.6652242067307692
0 0.8540328317307692 0.6533158413461538 0.8468048701923077 0.6533158413461538 0.8468048701923077 0.6677125240384616 0.8540328317307692 0.6677125240384616 0.8540328317307692 0.6533158413461538
0 0.9488580192307693 0.6359630432692308 0.9427306033653846 0.6359630432692308 0.9427306033653846 0.6560743173076923 0.9488580192307693 0.6560743173076923 0.9488580192307693 0.6359630432692308
0 0.9148842235576923 0.6353260360576923 0.9113048413461539 0.6353260360576923 0.9113048413461539 0.65334428125 0.9148842235576923 0.65334428125 0.9148842235576923 0.6353260360576923
1 0.9260470408653846 0.6287739447115384 0.9225889951923077 0.6287739447115384 0.9225889951923077 0.6421511274038461 0.9260470408653846 0.6421511274038461 0.9260470408653846 0.6287739447115384
0 0.9425381418269231 0.6580090048076923 0.9367140625 0.6580090048076923 0.9367140625 0.6860373846153845 0.9425381418269231 0.6860373846153845 0.9425381418269231 0.6580090048076923
0 0.97245371875 0.6547437307692309 0.963732766826923 0.6547437307692309 0.963732766826923 0.6671142115384616 0.97245371875 0.6671142115384616 0.97245371875 0.6547437307692309
0 0.9606045985576923 0.6644126129807693 0.9501773750000001 0.6644126129807693 0.9501773750000001 0.6820441033653846 0.9606045985576923 0.6820441033653846 0.9606045985576923 0.6644126129807693
0 0.9800968533653845 0.6738713725961538 0.9746921081730769 0.6738713725961538 0.9746921081730769 0.6842615288461539 0.9800968533653845 0.6842615288461539 0.9800968533653845 0.6738713725961538
0 0.9835835360576923 0.6699226466346153 0.9792348894230769 0.6699226466346153 0.9792348894230769 0.6799400625 0.9835835360576923 0.6799400625 0.9835835360576923 0.6699226466346153
1 0.6790641778846154 0.4592071201923077 0.6778613245192309 0.4592071201923077 0.6778613245192309 0.4640737091346154 0.6790641778846154 0.4640737091346154 0.6790641778846154 0.4592071201923077
1 0.6823747836538462 0.46577867067307693 0.6808850120192307 0.46577867067307693 0.6808850120192307 0.4685761346153846 0.6823747836538462 0.4685761346153846 0.6823747836538462 0.46577867067307693
0 0.020220098557692308 0.7760552019230769 0.011195807692307692 0.7760552019230769 0.011195807692307692 0.7953929663461538 0.020220098557692308 0.7953929663461538 0.020220098557692308 0.7760552019230769