1 0.32526925480769225 0.5206120264423076 0.3150069831730769 0.5206120264423076 0.3150069831730769 0.5453278341346154 0.32526925480769225 0.5453278341346154 0.32526925480769225 0.5206120264423076
1 0.6241599375 0.5030842716346154 0.6220153317307692 0.5030842716346154 0.6220153317307692 0.5086906923076924 0.6241599375 0.5086906923076924 0.6241599375 0.5030842716346154
1 0.6170559326923077 0.5052867932692308 0.6151794038461539 0.5052867932692308 0.6151794038461539 0.509491610576923 0.6170559326923077 0.509491610576923 0.6170559326923077 0.5052867932692308
1 0.6271087692307693 0.48966890625000004 0.6257683918269231 0.48966890625000004 0.6257683918269231 0.4972776201923077 0.6271087692307693 0.4972776201923077 0.6271087692307693 0.48966890625000004
1 0.6291193365384615 0.4918714278846154 0.6271087692307693 0.4918714278846154 0.6271087692307693 0.4972776201923077 0.6291193365384615 0.4972776201923077 0.6291193365384615 0.4918714278846154
1 0.5592856322115385 0.5054870240384616 0.5571410264423077 0.5054870240384616 0.5571410264423077 0.5082902331730769 0.5592856322115385 0.5082902331730769 0.5592856322115385 0.5054870240384616
1 0.5893101033653847 0.5056872524038462 0.5871655 0.5056872524038462 0.5871655 0.509491610576923 0.5893101033653847 0.509491610576923 0.5893101033653847 0.5056872524038462
1 0.5982906370192308 0.5197033052884615 0.5933312379807693 0.5197033052884615 0.5933312379807693 0.5233074350961539 0.5982906370192308 0.5233074350961539 0.5982906370192308 0.5197033052884615
1 0.6374296802884616 0.5064881706730769 0.6348829639423077 0.5064881706730769 0.6348829639423077 0.5142971153846154 0.6374296802884616 0.5142971153846154 0.6374296802884616 0.5064881706730769
1 0.64265715625 0.5040854182692308 0.6406465889423077 0.5040854182692308 0.6406465889423077 0.5128955096153847 0.64265715625 0.5128955096153847 0.64265715625 0.5040854182692308
1 0.6785792908653847 0.51329596875 0.6753623846153847 0.51329596875 0.6753623846153847 0.5211049110576923 0.6785792908653847 0.5211049110576923 0.6785792908653847 0.51329596875
1 0.6768368004807692 0.49827876682692307 0.6732177788461539 0.49827876682692307 0.6732177788461539 0.509491610576923 0.6768368004807692 0.509491610576923 0.6768368004807692 0.49827876682692307
1 0.6634330192307692 0.49207165865384617 0.6592778461538462 0.49207165865384617 0.6592778461538462 0.5056872524038462 0.6634330192307692 0.5056872524038462 0.6634330192307692 0.49207165865384617
1 0.6768368004807692 0.49026959374999995 0.6757644975961538 0.49026959374999995 0.6757644975961538 0.5004812908653846 0.6768368004807692 0.5004812908653846 0.6768368004807692 0.49026959374999995
1 0.667186076923077 0.49147096874999996 0.6657116610576923 0.49147096874999996 0.6657116610576923 0.5034847307692307 0.667186076923077 0.5034847307692307 0.667186076923077 0.49147096874999996
1 0.6698668341346153 0.4918714278846154 0.667186076923077 0.4918714278846154 0.667186076923077 0.5034847307692307 0.6698668341346153 0.5034847307692307 0.6698668341346153 0.4918714278846154
0 0.6721454759615385 0.4910705120192308 0.6708050985576922 0.4910705120192308 0.6708050985576922 0.5040854182692308 0.6721454759615385 0.5040854182692308 0.6721454759615385 0.4910705120192308
0 0.6931894134615385 0.49347326442307693 0.6905086586538461 0.49347326442307693 0.6905086586538461 0.5104927572115385 0.6931894134615385 0.5104927572115385 0.6931894134615385 0.49347326442307693
0 0.7039124399038462 0.4882673004807693 0.7001593798076923 0.4882673004807693 0.7001593798076923 0.5012822067307693 0.7039124399038462 0.5012822067307693 0.7039124399038462 0.4882673004807693
0 0.7208012043269231 0.4882673004807693 0.7177183341346154 0.4882673004807693 0.7177183341346154 0.4994801442307692 0.7208012043269231 0.4994801442307692 0.7208012043269231 0.4882673004807693
0 0.6981488125 0.5076895456730769 0.6953340192307693 0.5076895456730769 0.6953340192307693 0.5217055985576923 0.6981488125 0.5217055985576923 0.6981488125 0.5076895456730769
0 0.7102122163461538 0.5116941322115385 0.706727233173077 0.5116941322115385 0.706727233173077 0.5181014711538462 0.7102122163461538 0.5181014711538462 0.7102122163461538 0.5116941322115385
0 0.7177183341346154 0.5189023894230769 0.7138312379807693 0.5189023894230769 0.7138312379807693 0.5245088100961538 0.7177183341346154 0.5245088100961538 0.7177183341346154 0.5189023894230769
0 0.7297817379807692 0.5018828966346154 0.7248223389423077 0.5018828966346154 0.7248223389423077 0.5124950504807692 0.7297817379807692 0.5124950504807692 0.7297817379807692 0.5018828966346154
0 0.7236159999999999 0.5060877115384615 0.7193267884615384 0.5060877115384615 0.7193267884615384 0.5154984903846154 0.7236159999999999 0.5154984903846154 0.7236159999999999 0.5060877115384615
0 0.7072633846153846 0.49787830769230773 0.7055208942307692 0.49787830769230773 0.7055208942307692 0.5118943629807693 0.7072633846153846 0.5118943629807693 0.7072633846153846 0.49787830769230773
0 0.7023039855769231 0.5018828966346154 0.6986849639423076 0.5018828966346154 0.6986849639423076 0.51569871875 0.7023039855769231 0.51569871875 0.7023039855769231 0.5018828966346154
0 0.6962722836538462 0.5022833533653845 0.6931894134615385 0.5022833533653845 0.6931894134615385 0.5104927572115385 0.6962722836538462 0.5104927572115385 0.6962722836538462 0.5022833533653845
0 0.9674640793269231 0.5333223533653846 0.9605920240384616 0.5333223533653846 0.9605920240384616 0.5714519639423077 0.9674640793269231 0.5714519639423077 0.9674640793269231 0.5333223533653846
0 0.9605920240384616 0.5313669879807692 0.9488113557692308 0.5313669879807692 0.9488113557692308 0.5714519639423077 0.9605920240384616 0.5714519639423077 0.9605920240384616 0.5313669879807692
0 0.8116974735576924 0.48981549038461536 0.805807139423077 0.48981549038461536 0.805807139423077 0.50594725 0.8116974735576924 0.50594725 0.8116974735576924 0.48981549038461536
0 0.8620925504807692 0.4859047620192308 0.85391153125 0.4859047620192308 0.85391153125 0.49959231490384615 0.8620925504807692 0.49959231490384615 0.8620925504807692 0.4859047620192308
0 0.8270777884615386 0.4947039038461538 0.8218419375000001 0.4947039038461538 0.8218419375000001 0.5020365192307692 0.8270777884615386 0.5020365192307692 0.8270777884615386 0.4947039038461538
0 0.8424581057692309 0.4903043317307692 0.8372222524038461 0.4903043317307692 0.8372222524038461 0.5005699975961538 0.8424581057692309 0.5005699975961538 0.8424581057692309 0.4903043317307692
0 0.7704549254807692 0.5079929278846154 0.7665678293269231 0.5079929278846154 0.7665678293269231 0.5210078341346154 0.7704549254807692 0.5210078341346154 0.7704549254807692 0.5079929278846154
0 0.7593297860576923 0.5172034759615385 0.7555767283653847 0.5172034759615385 0.7555767283653847 0.5254128798076922 0.7593297860576923 0.5254128798076922 0.7593297860576923 0.5172034759615385
0 0.7665678293269231 0.5023865048076923 0.7641551490384615 0.5023865048076923 0.7641551490384615 0.5210078341346154 0.7665678293269231 0.5210078341346154 0.7665678293269231 0.5023865048076923
0 0.7569171057692308 0.4921748100961538 0.7526278966346154 0.4921748100961538 0.7526278966346154 0.504388798076923 0.7569171057692308 0.504388798076923 0.7569171057692308 0.4921748100961538
0 0.8355973052884615 0.4947039038461538 0.8270777884615386 0.4947039038461538 0.8270777884615386 0.5035878822115385 0.8355973052884615 0.5035878822115385 0.8355973052884615 0.4947039038461538
0 0.85391153125 0.4821683966346154 0.8494845769230769 0.4821683966346154 0.8494845769230769 0.49959231490384615 0.85391153125 0.49959231490384615 0.85391153125 0.4821683966346154
0 0.8982408341346153 0.48266896875 0.89539253125 0.48266896875 0.89539253125 0.49743588221153845 0.8982408341346153 0.49743588221153845 0.8982408341346153 0.48266896875
0 0.9461593557692307 0.48266896875 0.9433110504807692 0.48266896875 0.9433110504807692 0.49868731730769233 0.9461593557692307 0.49868731730769233 0.9461593557692307 0.48266896875
0 0.941635579326923 0.4801661033653846 0.9371118028846154 0.4801661033653846 0.9371118028846154 0.49993875000000004 0.941635579326923 0.49993875000000004 0.941635579326923 0.4801661033653846
0 0.9518559615384615 0.4856724086538462 0.948505016826923 0.4856724086538462 0.948505016826923 0.4989376033653846 0.9518559615384615 0.4989376033653846 0.9518559615384615 0.4856724086538462
0 0.9145282379807692 0.49078408173076926 0.9103248125000001 0.49078408173076926 0.9103248125000001 0.4987291826923077 0.9145282379807692 0.4987291826923077 0.9145282379807692 0.49078408173076926
0 0.9646580552884616 0.4826760745192308 0.9606905360576923 0.4826760745192308 0.9606905360576923 0.5012573581730769 0.9646580552884616 0.5012573581730769 0.9646580552884616 0.4826760745192308
1 0.6123384831730769 0.5056373317307693 0.6103415649038462 0.5056373317307693 0.6103415649038462 0.5106359567307692 0.6123384831730769 0.5106359567307692 0.6123384831730769 0.5056373317307693
1 0.6721849302884616 0.5127872596153846 0.6695496394230769 0.5127872596153846 0.6695496394230769 0.5169863725961539 0.6721849302884616 0.5169863725961539 0.6721849302884616 0.5127872596153846
0 0.9598352980769231 0.4835786442307692 0.9564313822115385 0.4835786442307692 0.9564313822115385 0.5005555288461538 0.9598352980769231 0.5005555288461538 0.9598352980769231 0.4835786442307692