0 0 0.4148435048076923 0.02401900721153846 0.4148435048076923 0.02401900721153846 0.3846870120192308 0 0.3846870120192308 0 0.4148435048076923
0 0.04228688221153846 0.44400582451923076 0.020477276442307693 0.44400582451923076 0.020477276442307693 0.4721739759615385 0.04228688221153846 0.4721739759615385 0.04228688221153846 0.44400582451923076
0 0.04694705528846154 0.31940318028846154 0.006310353365384615 0.31940318028846154 0.006310353365384615 0.36480361298076924 0.04694705528846154 0.36480361298076924 0.04694705528846154 0.31940318028846154
0 0.2566444182692308 0.72045475 0.24352137259615383 0.72045475 0.24352137259615383 0.7453752812500001 0.2566444182692308 0.7453752812500001 0.2566444182692308 0.72045475
0 0.8324473245192308 0.8337821562500001 0.8243201225961538 0.8337821562500001 0.8095192764423077 0.8337821562500001 0.8095192764423077 0.8675839375 0.8324473245192308 0.8675839375 0.8324473245192308 0.8337821562500001
0 0.8537740985576924 0.811816125 0.8320755120192308 0.811816125 0.8320755120192308 0.8436443870192308 0.8537740985576924 0.8436443870192308 0.8537740985576924 0.811816125
0 0.8477512956730769 0.8166563677884615 0.8286103365384616 0.8166563677884615 0.8286103365384616 0.8522981538461539 0.8477512956730769 0.8522981538461539 0.8477512956730769 0.8166563677884615
0 0.83686075 0.8251634591346153 0.8224225264423077 0.8251634591346153 0.8224225264423077 0.8536182211538462 0.83686075 0.8536182211538462 0.83686075 0.8251634591346153
1 1 0.8324721298076923 0.8978525216346154 0.8324721298076923 0.8978525216346154 0.9879628966346155 1 0.9879628966346155 1 0.8324721298076923
0 0.45957134615384615 0.5031689975961539 0.45025100240384613 0.5031689975961539 0.45025100240384613 0.526366298076923 0.45957134615384615 0.526366298076923 0.45957134615384615 0.5031689975961539
0 0.4649771466346154 0.5452555288461538 0.45304710576923074 0.5452555288461538 0.45304710576923074 0.5664644903846153 0.4649771466346154 0.5664644903846153 0.4649771466346154 0.5452555288461538
0 0.47690718750000005 0.5412788509615385 0.4681460625 0.5412788509615385 0.4681460625 0.5595053004807693 0.47690718750000005 0.5595053004807693 0.47690718750000005 0.5412788509615385
0 0.4608761947115385 0.44981520673076925 0.44652286298076926 0.44981520673076925 0.44652286298076926 0.47533223798076923 0.4608761947115385 0.47533223798076923 0.4608761947115385 0.44981520673076925
0 0.4608761947115385 0.4372223846153846 0.45304710576923074 0.4372223846153846 0.45304710576923074 0.44981520673076925 0.4608761947115385 0.44981520673076925 0.4608761947115385 0.4372223846153846
0 0.4690780961538462 0.43788516586538456 0.4618082283653846 0.43788516586538456 0.4618082283653846 0.4620766370192308 0.4690780961538462 0.4620766370192308 0.4690780961538462 0.43788516586538456
0 0.6009997403846155 0.4228464014423077 0.5839336802884616 0.4228464014423077 0.5839336802884616 0.45318606250000004 0.6009997403846155 0.45318606250000004 0.6009997403846155 0.4228464014423077
0 0.8521780552884616 0.10325835336538461 0.8387072451923078 0.10325835336538461 0.8387072451923078 0.13691515144230768 0.8521780552884616 0.13691515144230768 0.8521780552884616 0.10325835336538461
0 0.7811646057692307 0.17595289423076924 0.7707258197115384 0.17595289423076924 0.7707258197115384 0.19185961538461538 0.7811646057692307 0.19185961538461538 0.7811646057692307 0.17595289423076924
0 0.7735592043269232 0.15633460576923078 0.7614800384615384 0.15633460576923078 0.7614800384615384 0.17595289423076924 0.7735592043269232 0.17595289423076924 0.7735592043269232 0.15633460576923078
0 0.763120420673077 0.1690599831730769 0.7535763870192308 0.1690599831730769 0.7535763870192308 0.1950409591346154 0.763120420673077 0.1950409591346154 0.763120420673077 0.1690599831730769
0 0.7696819423076923 0.18178535817307692 0.7629712932692307 0.18178535817307692 0.7629712932692307 0.2000780889423077 0.7696819423076923 0.2000780889423077 0.7696819423076923 0.18178535817307692
0 0.7492517475961538 0.1449347908653846 0.7391112139423076 0.1449347908653846 0.7391112139423076 0.17012043028846155 0.7492517475961538 0.17012043028846155 0.7492517475961538 0.1449347908653846
0 0.6041234927884616 0.1692486057692308 0.5922400552884615 0.1692486057692308 0.5922400552884615 0.18830353125000002 0.6041234927884616 0.18830353125000002 0.6041234927884616 0.1692486057692308
0 0.5922400552884615 0.17090555528846155 0.5850167860576924 0.17090555528846155 0.5850167860576924 0.18416115625 0.5922400552884615 0.18416115625 0.5922400552884615 0.17090555528846155
0 0.5989973028846154 0.18498963221153847 0.5822206826923076 0.18498963221153847 0.5822206826923076 0.20818693269230767 0.5989973028846154 0.20818693269230767 0.5989973028846154 0.18498963221153847
0 0.511619076923077 0.20735845913461537 0.5011336899038462 0.20735845913461537 0.5011336899038462 0.23511237259615386 0.511619076923077 0.23511237259615386 0.511619076923077 0.20735845913461537
0 0.5050948365384615 0.21895710817307693 0.49460944951923075 0.21895710817307693 0.49460944951923075 0.24919644711538463 0.5050948365384615 0.24919644711538463 0.5050948365384615 0.21895710817307693
0 0.4631532860576923 0.24091169711538463 0.4508038317307692 0.24091169711538463 0.4508038317307692 0.2628662860576923 0.4631532860576923 0.2628662860576923 0.4631532860576923 0.24091169711538463
0 0.6727270697115385 0 0.6727270697115385 0.020238925480769228 0.6796445144230769 0.020238925480769228 0.6796445144230769 0 0.6727270697115385 0
0 0.6796445144230769 0 0.6796445144230769 0.02994761778846154 0.6872901081730769 0.02994761778846154 0.6872901081730769 0 0.6796445144230769 0
0 0.6366835528846154 0.005352264423076922 0.6235768197115384 0.005352264423076922 0.6235768197115384 0.04289253846153846 0.6366835528846154 0.04289253846153846 0.6366835528846154 0.005352264423076922
0 0.5507616298076923 0.05583746153846154 0.5380189711538461 0.05583746153846154 0.5380189711538461 0.08884701442307692 0.5507616298076923 0.08884701442307692 0.5507616298076923 0.05583746153846154
0 0.5380189711538461 0.03447833894230769 0.5270966923076923 0.03447833894230769 0.5270966923076923 0.07072412259615385 0.5380189711538461 0.07072412259615385 0.5380189711538461 0.03447833894230769
0 0.5274607692307692 0 0.5274607692307692 0.019591677884615386 0.540931579326923 0.019591677884615386 0.540931579326923 0 0.5274607692307692 0
0 0.33624868509615385 0.08478352163461539 0.32515374759615384 0.08478352163461539 0.32515374759615384 0.10005397355769231 0.33624868509615385 0.10005397355769231 0.33624868509615385 0.08478352163461539
0 0.41987826923076926 0.1342004014423077 0.40615872355769234 0.1342004014423077 0.40615872355769234 0.17322488942307693 0.41987826923076926 0.17322488942307693 0.41987826923076926 0.1342004014423077
0 0.41832736538461535 0.12105084615384615 0.4092605336538462 0.12105084615384615 0.4092605336538462 0.14204771634615385 0.41832736538461535 0.14204771634615385 0.41832736538461535 0.12105084615384615
0 0.3523542403846154 0.15774234615384616 0.34304881009615384 0.15774234615384616 0.34304881009615384 0.18213265384615385 0.3523542403846154 0.18213265384615385 0.3523542403846154 0.15774234615384616
0 0.4367832764423077 0.054231838942307695 0.42366023317307694 0.054231838942307695 0.42366023317307694 0.08312904807692309 0.4367832764423077 0.08312904807692309 0.4367832764423077 0.054231838942307695
0 0.43066913221153846 0.039385564903846156 0.41918646875000004 0.039385564903846156 0.41918646875000004 0.054231838942307695 0.43066913221153846 0.054231838942307695 0.43066913221153846 0.039385564903846156
0 0.41784433894230766 0.04601336538461538 0.4085985576923077 0.04601336538461538 0.4085985576923077 0.07703147115384615 0.41784433894230766 0.07703147115384615 0.41784433894230766 0.04601336538461538
0 0.4357393990384616 0.009958132211538462 0.4258971153846154 0.009958132211538462 0.4258971153846154 0.03567399759615385 0.4357393990384616 0.03567399759615385 0.4357393990384616 0.009958132211538462
0 0.4111369543269231 0.008380685096153846 0.40388141346153844 0.008380685096153846 0.40388141346153844 0.02594965865384615 0.4111369543269231 0.02594965865384615 0.4111369543269231 0.008380685096153846
0 0.42123842067307693 0.008936665865384615 0.41169988461538465 0.008936665865384615 0.41169988461538465 0.028006786057692308 0.42123842067307693 0.028006786057692308 0.42123842067307693 0.008936665865384615