1 0.9709280048076923 0.04204735576923077 0.7799384014423077 0.04204735576923077 0.7799384014423077 0.14199173557692307 0.9709280048076923 0.14199173557692307 0.9709280048076923 0.04204735576923077
1 0.9154794110576923 0.8169585769230768 0.6505583485576923 0.8169585769230768 0.6505583485576923 0.910057451923077 0.9154794110576923 0.910057451923077 0.9154794110576923 0.8169585769230768
0 0.6382364374999999 0.3939063365384615 0.6212938125 0.3939063365384615 0.6212938125 0.47194510096153847 0.6382364374999999 0.47194510096153847 0.6382364374999999 0.3939063365384615
1 0.4318444471153846 0.3939063365384615 0.4087408653846154 0.3939063365384615 0.4087408653846154 0.45277768509615385 0.4318444471153846 0.45277768509615385 0.4318444471153846 0.3939063365384615
0 0.5542219519230769 0.35836196153846156 0.5438124038461538 0.35836196153846156 0.5438124038461538 0.40098153124999997 0.5542219519230769 0.40098153124999997 0.5542219519230769 0.35836196153846156
1 0.5330874134615384 0.2877032019230769 0.5236241875000001 0.2877032019230769 0.5236241875000001 0.31910709615384614 0.5330874134615384 0.31910709615384614 0.5330874134615384 0.2877032019230769
1 0.513530076923077 0.3207894471153846 0.5059594975961539 0.3207894471153846 0.5059594975961539 0.3331266923076923 0.513530076923077 0.3331266923076923 0.513530076923077 0.3207894471153846
0 0.5434969615384616 0.2736836057692308 0.5359263822115385 0.2736836057692308 0.5359263822115385 0.3095737716346154 0.5434969615384616 0.3095737716346154 0.5434969615384616 0.2736836057692308
0 0.5305638870192307 0.26807576923076926 0.5229933052884616 0.26807576923076926 0.5229933052884616 0.2832169326923077 0.5305638870192307 0.2832169326923077 0.5305638870192307 0.26807576923076926
0 0.5791417836538462 0.3157423942307692 0.5725175240384616 0.3157423942307692 0.5725175240384616 0.33032277163461543 0.5791417836538462 0.33032277163461543 0.5791417836538462 0.3157423942307692
0 0.6163638100961539 0.2994796634615385 0.6015380865384615 0.2994796634615385 0.6015380865384615 0.3516325576923077 0.6163638100961539 0.3516325576923077 0.6163638100961539 0.2994796634615385
0 0.632766735576923 0.31406004086538464 0.6277196802884616 0.31406004086538464 0.6277196802884616 0.3471462860576923 0.632766735576923 0.3471462860576923 0.632766735576923 0.31406004086538464
0 0.6337130576923078 0.26639341826923074 0.6258270360576923 0.26639341826923074 0.6258270360576923 0.30845220192307693 0.6337130576923078 0.30845220192307693 0.6337130576923078 0.26639341826923074
0 0.6636799423076922 0.22826011778846153 0.6583174471153845 0.22826011778846153 0.6583174471153845 0.25181303846153846 0.6636799423076922 0.25181303846153846 0.6636799423076922 0.22826011778846153
0 0.6091086682692308 0.23330717307692309 0.6037461730769231 0.23330717307692309 0.6037461730769231 0.2602247956730769 0.6091086682692308 0.2602247956730769 0.6091086682692308 0.23330717307692309
0 0.6031152908653846 0.24227971394230768 0.5974373557692307 0.24227971394230768 0.5974373557692307 0.2720012548076923 0.6031152908653846 0.2720012548076923 0.6031152908653846 0.24227971394230768
0 0.6037461730769231 0.21367973798076922 0.5986991201923076 0.21367973798076922 0.5986991201923076 0.23330717307692309 0.6037461730769231 0.23330717307692309 0.6037461730769231 0.21367973798076922
0 0.6087932283653846 0.21199738701923077 0.6037461730769231 0.21199738701923077 0.6037461730769231 0.23330717307692309 0.6087932283653846 0.23330717307692309 0.6087932283653846 0.21199738701923077
0 0.5715712019230769 0.2697581201923077 0.5715712019230769 0.25798166105769227 0.5643160625 0.25798166105769227 0.5643160625 0.2961149591346154 0.5715712019230769 0.2961149591346154 0.5715712019230769 0.2697581201923077
0 0.5763028149038462 0.20526798076923078 0.5703094399038462 0.20526798076923078 0.5703094399038462 0.22882090384615386 0.5763028149038462 0.22882090384615386 0.5763028149038462 0.20526798076923078
0 0.5826116346153847 0.20302484615384617 0.5763028149038462 0.20302484615384617 0.5763028149038462 0.2192875769230769 0.5826116346153847 0.2192875769230769 0.5826116346153847 0.20302484615384617
0 0.558638125 0.21984836057692309 0.5545373942307692 0.21984836057692309 0.5545373942307692 0.24620519951923076 0.558638125 0.24620519951923076 0.558638125 0.21984836057692309
0 0.5400271129807692 0.22265228125 0.5349800576923077 0.22265228125 0.5349800576923077 0.24956990384615382 0.5400271129807692 0.24956990384615382 0.5400271129807692 0.22265228125
0 0.5277249182692307 0.2327463894230769 0.519523454326923 0.2327463894230769 0.519523454326923 0.2512522548076923 0.5277249182692307 0.2512522548076923 0.5277249182692307 0.2327463894230769
1 0.5277249182692307 0.19012681971153847 0.4964962692307692 0.19012681971153847 0.4964962692307692 0.2327463894230769 0.5277249182692307 0.2327463894230769 0.5277249182692307 0.19012681971153847
1 0.7318151754807692 0.2069503341346154 0.7053181418269231 0.2069503341346154 0.7053181418269231 0.2377934423076923 0.7318151754807692 0.2377934423076923 0.7318151754807692 0.2069503341346154
1 0.7485335432692307 0.25181303846153846 0.7330769399038461 0.25181303846153846 0.7330769399038461 0.2736836057692308 0.7485335432692307 0.2736836057692308 0.7485335432692307 0.25181303846153846
1 0.6876534519230769 0.19293073798076923 0.6321358533653847 0.19293073798076923 0.6321358533653847 0.2192875769230769 0.6876534519230769 0.2192875769230769 0.6876534519230769 0.19293073798076923
1 0.7513725120192307 0.17835036057692305 0.6851299230769231 0.17835036057692305 0.6851299230769231 0.2069503341346154 0.7513725120192307 0.2069503341346154 0.7513725120192307 0.17835036057692305
1 0.5715712019230769 0.31406004086538464 0.5873432475961539 0.31406004086538464 0.5958601514423078 0.31406004086538464 0.5958601514423078 0.2708796875 0.5715712019230769 0.2708796875 0.5715712019230769 0.31406004086538464
1 0.5807189879807693 0.3392953125 0.5879741298076924 0.3392953125 0.5879741298076924 0.31406004086538464 0.5807189879807693 0.31406004086538464 0.5807189879807693 0.3392953125
0 0.8147980913461539 0.20854837259615386 0.8080148509615385 0.20854837259615386 0.8080148509615385 0.23151807692307694 0.8147980913461539 0.23151807692307694 0.8147980913461539 0.20854837259615386
0 0.8063997932692307 0.2128551923076923 0.8009085985576923 0.2128551923076923 0.8009085985576923 0.23266656249999998 0.8063997932692307 0.23266656249999998 0.8063997932692307 0.2128551923076923
0 0.8406390096153846 0.20338018990384615 0.837247389423077 0.20338018990384615 0.837247389423077 0.22032034615384613 0.8406390096153846 0.22032034615384613 0.8406390096153846 0.20338018990384615
0 0.8464532163461538 0.20596428125 0.8422540673076924 0.20596428125 0.8422540673076924 0.22462716586538461 0.8464532163461538 0.22462716586538461 0.8464532163461538 0.20596428125
0 0.8653493870192308 0.2062514014423077 0.860181204326923 0.2062514014423077 0.860181204326923 0.22548852884615386 0.8653493870192308 0.22548852884615386 0.8653493870192308 0.2062514014423077
0 0.8718096153846153 0.2277855 0.8640573413461539 0.2277855 0.8640573413461539 0.24300293028846154 0.8718096153846153 0.24300293028846154 0.8718096153846153 0.2277855
0 0.8774623173076923 0.2277855 0.8718096153846153 0.2277855 0.8718096153846153 0.24300293028846154 0.8774623173076923 0.24300293028846154 0.8774623173076923 0.2277855
0 0.8548515144230768 0.21228094951923077 0.8485527908653846 0.21228094951923077 0.8485527908653846 0.22548852884615386 0.8548515144230768 0.22548852884615386 0.8548515144230768 0.21228094951923077
1 0.8009085985576923 0.19675577884615383 0.7822487596153846 0.19675577884615383 0.7822487596153846 0.23266656249999998 0.8009085985576923 0.23266656249999998 0.8009085985576923 0.19675577884615383
1 0.4642837644230769 0.4039180576923077 0.45502723076923074 0.4039180576923077 0.45502723076923074 0.4222320576923077 0.4642837644230769 0.4222320576923077 0.4642837644230769 0.4039180576923077
1 0.5313115072115384 0.3494636177884616 0.5197498004807692 0.3494636177884616 0.5197498004807692 0.3953282427884615 0.5313115072115384 0.3953282427884615 0.5313115072115384 0.3494636177884616
1 0.5132523124999999 0.34487715625 0.5036971826923077 0.34487715625 0.5036971826923077 0.3822483317307693 0.5132523124999999 0.3822483317307693 0.5132523124999999 0.34487715625
0 0.6720458846153845 0.25964111298076925 0.6659544879807692 0.25964111298076925 0.6659544879807692 0.2967999519230769 0.6720458846153845 0.2967999519230769 0.6720458846153845 0.25964111298076925
0 0.6426638581730769 0.26473718028846155 0.6347808774038461 0.26473718028846155 0.6347808774038461 0.30869077884615387 0.6426638581730769 0.30869077884615387 0.6426638581730769 0.26473718028846155
0 0.5771065889423077 0.2550169903846154 0.5739755625 0.2550169903846154 0.5739755625 0.2668453076923077 0.5771065889423077 0.2668453076923077 0.5771065889423077 0.2550169903846154
0 0.5825369591346153 0.24501510336538462 0.5774979663461539 0.24501510336538462 0.5774979663461539 0.2694544951923077 0.5825369591346153 0.2694544951923077 0.5825369591346153 0.24501510336538462
0 0.5402314783653847 0.2575940649038462 0.5357214567307692 0.2575940649038462 0.5357214567307692 0.2736836057692308 0.5402314783653847 0.2736836057692308 0.5402314783653847 0.2575940649038462
0 0.4637835096153846 0.21518689182692308 0.46176546634615384 0.21518689182692308 0.46176546634615384 0.22594979086538464 0.4637835096153846 0.22594979086538464 0.4637835096153846 0.21518689182692308
0 0.46690230288461537 0.22160114423076924 0.46402812019230766 0.22160114423076924 0.46402812019230766 0.2363865408653846 0.46690230288461537 0.2363865408653846 0.46690230288461537 0.22160114423076924
0 0.5030514927884615 0.23538569951923077 0.49996939182692307 0.23538569951923077 0.49996939182692307 0.24843163701923077 0.5030514927884615 0.24843163701923077 0.5030514927884615 0.23538569951923077
0 0.49693620913461534 0.2350378076923077 0.4932670408653846 0.2350378076923077 0.4932670408653846 0.24756190625000002 0.49693620913461534 0.24756190625000002 0.49693620913461534 0.2350378076923077
0 0.49360949519230773 0.2198175456730769 0.49062523798076924 0.2198175456730769 0.49062523798076924 0.23251559375000003 0.49360949519230773 0.23251559375000003 0.49360949519230773 0.2198175456730769
0 0.4912612283653846 0.22086122115384615 0.4885215793269231 0.22086122115384615 0.4885215793269231 0.23408110576923077 0.4912612283653846 0.23408110576923077 0.4912612283653846 0.22086122115384615
0 0.4946857860576923 0.21094630769230768 0.49219075 0.21094630769230768 0.49219075 0.22042635576923075 0.4946857860576923 0.22042635576923075 0.4946857860576923 0.21094630769230768
0 0.48847265865384615 0.23025429807692308 0.48519486538461537 0.23025429807692308 0.48519486538461537 0.24312628846153844 0.48847265865384615 0.24312628846153844 0.48847265865384615 0.23025429807692308
0 0.4763888581730769 0.23147191826923075 0.4736981346153846 0.23147191826923075 0.4736981346153846 0.24103893990384614 0.4763888581730769 0.24103893990384614 0.4763888581730769 0.23147191826923075
1 0.48519486538461537 0.20564096153846154 0.47438304567307693 0.20564096153846154 0.47438304567307693 0.23164586298076922 0.48519486538461537 0.23164586298076922 0.48519486538461537 0.20564096153846154
0 0.5517278100961538 0.2241982283653846 0.5486090168269231 0.2241982283653846 0.5486090168269231 0.2447455817307692 0.5517278100961538 0.2447455817307692 0.5517278100961538 0.2241982283653846
0 0.5868448245192307 0.22243159134615384 0.5831756538461538 0.22243159134615384 0.5831756538461538 0.2464578605769231 0.5868448245192307 0.2464578605769231 0.5868448245192307 0.22243159134615384
0 0.6224816394230769 0.23085732451923077 0.6169778846153846 0.23085732451923077 0.6169778846153846 0.25708509375 0.6224816394230769 0.25708509375 0.6224816394230769 0.23085732451923077
0 0.6546203173076923 0.22784555528846154 0.6508043822115385 0.22784555528846154 0.6508043822115385 0.2515891610576923 0.6546203173076923 0.2515891610576923 0.6546203173076923 0.22784555528846154
0 0.6790782788461538 0.2811702019230769 0.6725031274038462 0.2811702019230769 0.6725031274038462 0.30336568990384616 0.6790782788461538 0.30336568990384616 0.6790782788461538 0.2811702019230769
0 0.5542219519230769 0.31771202403846155 0.5445961009615384 0.31771202403846155 0.5445961009615384 0.3676535048076923 0.5542219519230769 0.3676535048076923 0.5542219519230769 0.31771202403846155
0 0.6264049687500001 0.19946416826923075 0.6236653221153846 0.19946416826923075 0.6236653221153846 0.21137945673076922 0.6264049687500001 0.21137945673076922 0.6264049687500001 0.19946416826923075
0 0.6220508870192307 0.20850935096153847 0.6193112379807691 0.20850935096153847 0.6193112379807691 0.22068556009615387 0.6220508870192307 0.22068556009615387 0.6220508870192307 0.20850935096153847
0 0.6153974567307692 0.21033578125 0.6130981105769231 0.21033578125 0.6130981105769231 0.22007674759615387 0.6153974567307692 0.22007674759615387 0.6153974567307692 0.21033578125
0 0.5570867764423076 0.20704503846153846 0.5538456778846154 0.20704503846153846 0.5538456778846154 0.21574233173076923 0.5570867764423076 0.21574233173076923 0.5570867764423076 0.20704503846153846
0 0.5624070745192308 0.20595787740384616 0.5573313894230769 0.20595787740384616 0.5573313894230769 0.22237401442307692 0.5624070745192308 0.22237401442307692 0.5624070745192308 0.20595787740384616
0 0.5638753629807692 0.2273543028846154 0.5608911057692307 0.2273543028846154 0.5608911057692307 0.24040024278846153 0.5638753629807692 0.24040024278846153 0.5638753629807692 0.2273543028846154
0 0.5686697451923076 0.22422327884615384 0.5647559639423076 0.22422327884615384 0.5647559639423076 0.24040024278846153 0.5686697451923076 0.24040024278846153 0.5686697451923076 0.22422327884615384
0 0.630399326923077 0.2131243798076923 0.6266812331730769 0.2131243798076923 0.6266812331730769 0.22721399278846155 0.630399326923077 0.22721399278846155 0.630399326923077 0.2131243798076923
1 0.3172886826923077 0.21532232451923078 0.3129315432692307 0.21532232451923078 0.3129315432692307 0.2278246826923077 0.3172886826923077 0.2278246826923077 0.3172886826923077 0.21532232451923078
1 0.38295153605769233 0.2191273894230769 0.3794352475961539 0.2191273894230769 0.3794352475961539 0.23095027163461537 0.38295153605769233 0.23095027163461537 0.38295153605769233 0.2191273894230769
1 0.42495130048076923 0.20161823798076922 0.42226057692307695 0.20161823798076922 0.42226057692307695 0.21040250240384614 0.42495130048076923 0.21040250240384614 0.42495130048076923 0.20161823798076922
1 0.06577691826923077 0.23025570673076923 0.06078684615384615 0.23025570673076923 0.06078684615384615 0.24112731971153847 0.06577691826923077 0.24112731971153847 0.06577691826923077 0.23025570673076923
1 0.0819701875 0.21364387740384616 0.07932838461538462 0.21364387740384616 0.07932838461538462 0.21938409134615386 0.0819701875 0.21938409134615386 0.0819701875 0.21364387740384616
1 0.049299896634615384 0.2339432091346154 0.04526870432692308 0.2339432091346154 0.04526870432692308 0.24194471634615383 0.049299896634615384 0.24194471634615383 0.049299896634615384 0.2339432091346154
1 0.11041273557692308 0.2227927283653846 0.10671812740384616 0.2227927283653846 0.10671812740384616 0.22874863221153846 0.11041273557692308 0.22874863221153846 0.11041273557692308 0.2227927283653846
1 0.13159061778846154 0.22255916346153848 0.12909558173076924 0.22255916346153848 0.12909558173076924 0.22760359375 0.13159061778846154 0.22760359375 0.13159061778846154 0.22255916346153848
0 0.7865653341346154 0.5104325480769231 0.7537899134615385 0.5104325480769231 0.7537899134615385 0.6090742307692307 0.7865653341346154 0.6090742307692307 0.7865653341346154 0.5104325480769231
0 0.7851459254807692 0.5570005985576924 0.7572739158653847 0.5570005985576924 0.7572739158653847 0.6588538701923077 0.7851459254807692 0.6588538701923077 0.7851459254807692 0.5570005985576924
0 0.8053563605769232 0.7133075216346154 0.7591852764423077 0.7133075216346154 0.7591852764423077 0.9563273653846154 0.8053563605769232 0.9563273653846154 0.8053563605769232 0.7133075216346154
0 1 0.5110206081730769 0.9895082836538461 0.5110206081730769 0.9895082836538461 0.5920272211538461 1 0.5920272211538461 1 0.5110206081730769
0 0.9958715360576923 0.28962699038461537 0.9865808653846154 0.28962699038461537 0.9865808653846154 0.3487202403846154 0.9958715360576923 0.3487202403846154 0.9958715360576923 0.28962699038461537
0 0.9912202548076923 0.2927893966346154 0.9758715721153847 0.2927893966346154 0.9758715721153847 0.3487202403846154 0.9912202548076923 0.3487202403846154 0.9912202548076923 0.2927893966346154
0 0.5358300192307692 0.2201802091346154 0.5307222475961538 0.2201802091346154 0.5307222475961538 0.24736151923076924 0.5358300192307692 0.24736151923076924 0.5358300192307692 0.2201802091346154