0 0.8551402067307692 0.8397233942307692 0.8498457668269231 0.8397233942307692 0.8498457668269231 0.8522731802884616 0.8551402067307692 0.8522731802884616 0.8551402067307692 0.8397233942307692
0 0.6052285000000001 0.5520096826923078 0.6052285000000001 0.5380032259615384 0.6013417091346154 0.5380032259615384 0.6013417091346154 0.54759521875 0.6013417091346154 0.5520096826923078 0.6052285000000001 0.5520096826923078
0 0.8833843870192308 0.9360233197115384 0.8808457451923076 0.9360233197115384 0.8808457451923076 0.9435197259615384 0.8833843870192308 0.9435197259615384 0.8833843870192308 0.9360233197115384
0 0.7084689855769231 0.6616993798076922 0.7020610336538462 0.6616993798076922 0.7020610336538462 0.6785071274038461 0.7084689855769231 0.6785071274038461 0.7084689855769231 0.6616993798076922
0 0.7335618485576922 0.8610754783653847 0.73070453125 0.8610754783653847 0.73070453125 0.8697408052884616 0.7335618485576922 0.8697408052884616 0.7335618485576922 0.8610754783653847
0 0.7374108245192308 0.8809118197115384 0.7345871225961538 0.8809118197115384 0.7345871225961538 0.8872464711538461 0.7374108245192308 0.8872464711538461 0.7374108245192308 0.8809118197115384
0 0.7497702932692308 0.9064353149038461 0.7469465937499999 0.9064353149038461 0.7469465937499999 0.9143237524038461 0.7497702932692308 0.9143237524038461 0.7497702932692308 0.9064353149038461
0 0.7464759759615384 0.9125309254807692 0.7438539663461537 0.9125309254807692 0.7438539663461537 0.9175508389423077 0.7464759759615384 0.9175508389423077 0.7464759759615384 0.9125309254807692
0 0.7535352283653847 0.9168337091346154 0.7511149134615385 0.9168337091346154 0.7511149134615385 0.9222121850961538 0.7535352283653847 0.9222121850961538 0.7535352283653847 0.9168337091346154
0 0.727807298076923 0.8518152788461539 0.7251180576923077 0.8518152788461539 0.7251180576923077 0.8577913653846154 0.727807298076923 0.8577913653846154 0.727807298076923 0.8518152788461539
0 0.7423047067307693 0.8639443509615384 0.7423047067307693 0.8618474759615384 0.7423047067307693 0.8615341562500001 0.7423047067307693 0.8612208365384616 0.7423047067307693 0.8575311009615384 0.7400190673076923 0.8575311009615384 0.7400190673076923 0.8620405552884616 0.7400190673076923 0.8639443509615384 0.7423047067307693 0.8639443509615384
0 0.7423185625000001 0.8616908173076923 0.7445215865384616 0.8616908173076923 0.7445215865384616 0.8564035576923076 0.7423185625000001 0.8564035576923076 0.7423185625000001 0.8616908173076923
0 0.8621806875 0.8295314903846154 0.8621806875 0.8253823966346154 0.8594074110576924 0.8253823966346154 0.8594074110576924 0.8315078846153846 0.8621806875 0.8315078846153846 0.8621806875 0.8295314903846154
0 0.8754115360576923 0.9056190048076923 0.8725878341346154 0.9056190048076923 0.8725878341346154 0.9133879182692308 0.8754115360576923 0.9133879182692308 0.8754115360576923 0.9056190048076923
0 0.8766216947115384 0.8974915264423077 0.8733946057692308 0.8974915264423077 0.8733946057692308 0.9038261802884615 0.8766216947115384 0.9038261802884615 0.8766216947115384 0.8974915264423077
0 0.86827034375 0.9087377740384616 0.8659844903846154 0.9087377740384616 0.8659844903846154 0.9142357764423077 0.86827034375 0.9142357764423077 0.86827034375 0.9087377740384616
0 0.6309298389423077 0.42119177884615383 0.6309298389423077 0.41297465625 0.62809353125 0.41297465625 0.62809353125 0.42119177884615383 0.6300915817307692 0.42119177884615383 0.6309298389423077 0.42119177884615383
0 0.647167125 0.49404775721153843 0.64180965625 0.49404775721153843 0.64180965625 0.5011443605769231 0.647167125 0.5011443605769231 0.647167125 0.49404775721153843
0 0.6521044014423077 0.4654745913461538 0.6474822716346154 0.4654745913461538 0.6474822716346154 0.47873403365384615 0.6521044014423077 0.47873403365384615 0.6521044014423077 0.4654745913461538
0 0.6167819543269231 0.37997370913461537 0.6140927163461538 0.37997370913461537 0.6140927163461538 0.3874438173076923 0.6167819543269231 0.3874438173076923 0.6167819543269231 0.37997370913461537
0 0.6242153341346154 0.3996875240384616 0.6191730120192307 0.3996875240384616 0.6191730120192307 0.4088906995192308 0.6242153341346154 0.4088906995192308 0.6242153341346154 0.3996875240384616
0 0.6183404639423077 0.39644495192307694 0.6183404639423077 0.3898473533653846 0.6159739326923077 0.3898473533653846 0.6159739326923077 0.39334194471153844 0.6159739326923077 0.39644495192307694 0.6183404639423077 0.39644495192307694
0 0.6037086658653846 0.3555735048076923 0.6009521947115385 0.3555735048076923 0.6009521947115385 0.36298385336538463 0.6037086658653846 0.36298385336538463 0.6037086658653846 0.3555735048076923
0 0.63230496875 0.3942276826923077 0.6298678461538461 0.3942276826923077 0.6298678461538461 0.4003531706730769 0.63230496875 0.4003531706730769 0.63230496875 0.3942276826923077
0 0.6353303629807693 0.39871108653846155 0.6353303629807693 0.39437708413461536 0.6331453557692307 0.39437708413461536 0.6331453557692307 0.4015483894230769 0.6353303629807693 0.4015483894230769 0.6353303629807693 0.39871108653846155
0 0.6403726875 0.4085702908653846 0.6403726875 0.4018471923076923 0.6380196033653847 0.4018471923076923 0.6380196033653847 0.406648076923077 0.6380196033653847 0.4085702908653846 0.6403726875 0.4085702908653846
0 0.6558668028846154 0.43492990624999994 0.6523035600961538 0.43492990624999994 0.6523035600961538 0.44485021153846155 0.6558668028846154 0.44485021153846155 0.6558668028846154 0.43492990624999994
1 0.9806983028846153 0.029218915865384613 0.8823457091346154 0.029218915865384613 0.8823457091346154 0.07467967067307692 0.9806983028846153 0.07467967067307692 0.9806983028846153 0.029218915865384613
0 0.7514548870192308 0.799543735576923 0.7483353677884614 0.799543735576923 0.7483353677884614 0.8084361538461539 0.7514548870192308 0.8084361538461539 0.7514548870192308 0.799543735576923
0 0.7511540024038462 0.8307159879807693 0.7565324807692307 0.8307159879807693 0.7565324807692307 0.8239271538461538 0.7511540024038462 0.8239271538461538 0.7511540024038462 0.8307159879807693
1 0.6616971634615385 0.45670479326923075 0.6850599302884616 0.45670479326923075 0.6850599302884616 0.4365355 0.6616971634615385 0.4365355 0.6616971634615385 0.45670479326923075
1 0.6844296418269231 0.4569382355769231 0.6556883942307692 0.4569382355769231 0.6556883942307692 0.5406034591346154 0.6844296418269231 0.5406034591346154 0.6844296418269231 0.4569382355769231
0 0.6560460649038462 0.4463508293269231 0.6517777043269231 0.4463508293269231 0.6517777043269231 0.45387783173076923 0.6560460649038462 0.45387783173076923 0.6560460649038462 0.4463508293269231
0 0.5940010625000001 0.33675856971153845 0.5917824399038462 0.33675856971153845 0.5917824399038462 0.34381035336538457 0.5940010625000001 0.34381035336538457 0.5940010625000001 0.33675856971153845
0 0.653555125 0.5545208725961538 0.6560292259615385 0.5545208725961538 0.6560292259615385 0.54505475 0.653555125 0.54505475 0.653555125 0.5545208725961538
0 0.6395349447115385 0.5640625480769231 0.6433644206730769 0.5640625480769231 0.6433644206730769 0.5575605673076923 0.6395349447115385 0.5575605673076923 0.6395349447115385 0.5640625480769231