0 0.5676761322115385 0.9828226057692308 0.5659961274038461 0.9828226057692308 0.5659961274038461 0.9972132956730769 0.5676761322115385 0.9972132956730769 0.5676761322115385 0.9828226057692308
0 0.5654117788461538 0.9846541466346154 0.5623439447115385 0.9846541466346154 0.5623439447115385 0.9962975240384615 0.5654117788461538 0.9962975240384615 0.5654117788461538 0.9846541466346154
0 0.6538354855769231 0.6604486658653846 0.6519808605769231 0.6604486658653846 0.6519808605769231 0.6678586466346155 0.6538354855769231 0.6678586466346155 0.6538354855769231 0.6604486658653846
0 0.6615393076923077 0.6609596995192307 0.6595420216346154 0.6609596995192307 0.6595420216346154 0.6681141634615385 0.6615393076923077 0.6681141634615385 0.6615393076923077 0.6609596995192307
0 0.44730709855769235 0.6806706033653847 0.44584622355769227 0.6806706033653847 0.44584622355769227 0.6854849447115385 0.44730709855769235 0.6854849447115385 0.44730709855769235 0.6806706033653847
0 0.4433335216346154 0.6822404975961539 0.44175577884615386 0.6822404975961539 0.44175577884615386 0.6861129014423077 0.4433335216346154 0.6861129014423077 0.4433335216346154 0.6822404975961539
0 0.6736728293269232 0.6071619543269231 0.6719380432692308 0.6071619543269231 0.6719380432692308 0.6122314038461538 0.6736728293269232 0.6122314038461538 0.6736728293269232 0.6071619543269231
0 0.6736728293269232 0.6092878533653846 0.6736728293269232 0.6122314038461538 0.6754076177884615 0.6122314038461538 0.6754076177884615 0.6095504543269231 0.6754076177884615 0.6092878533653846 0.6736728293269232 0.6092878533653846
0 0.7085511778846154 0.5978407115384615 0.7070903052884615 0.5978407115384615 0.7070903052884615 0.6016019158653847 0.7085511778846154 0.6016019158653847 0.7085511778846154 0.5978407115384615
0 0.28230276442307695 0.8823316875 0.27930683173076926 0.8823316875 0.27930683173076926 0.8958740649038461 0.28230276442307695 0.8958740649038461 0.28230276442307695 0.8823316875
0 0.38303268509615385 0.7301220288461538 0.3852854326923077 0.7301220288461538 0.3852854326923077 0.7249868629807692 0.38303268509615385 0.7249868629807692 0.38303268509615385 0.7301220288461538
0 0.38655516346153845 0.7303421057692308 0.38905366586538465 0.7303421057692308 0.38905366586538465 0.723959829326923 0.38655516346153845 0.723959829326923 0.38655516346153845 0.7303421057692308
0 0.6532846177884615 0.7201200336538461 0.6545009399038462 0.7201200336538461 0.6545009399038462 0.7144484639423077 0.6532846177884615 0.7144484639423077 0.6532846177884615 0.7201200336538461
0 0.6545009399038462 0.7206083149038461 0.6560527956730768 0.7206083149038461 0.6560527956730768 0.7147489447115384 0.6545009399038462 0.7147489447115384 0.6545009399038462 0.7206083149038461
0 0.6752904591346154 0.6160708822115384 0.6735624471153846 0.6160708822115384 0.6735624471153846 0.6212691971153846 0.6752904591346154 0.6212691971153846 0.6752904591346154 0.6160708822115384
0 0.6566009038461539 0.6046643701923077 0.6544964182692308 0.6046643701923077 0.6544964182692308 0.6085297548076923 0.6566009038461539 0.6085297548076923 0.6566009038461539 0.6046643701923077
0 0.4640947692307692 0.7656813124999999 0.46603458894230765 0.7656813124999999 0.46603458894230765 0.76009425 0.4640947692307692 0.76009425 0.4640947692307692 0.7656813124999999
0 0.46619187259615386 0.7671367644230769 0.46792198317307687 0.7671367644230769 0.46792198317307687 0.7596716995192309 0.46619187259615386 0.7596716995192309 0.46619187259615386 0.7671367644230769