0 0.43144925240384613 0.8464138894230769 0.4272696610576923 0.8464138894230769 0.4272696610576923 0.8618846177884615 0.43144925240384613 0.8618846177884615 0.43144925240384613 0.8464138894230769
0 0.47296653125 0.8708676201923077 0.46683646153846153 0.8708676201923077 0.46683646153846153 0.8818468461538462 0.47296653125 0.8818468461538462 0.47296653125 0.8708676201923077
0 0.4880130625 0.7840319206730769 0.4849480264423077 0.7840319206730769 0.4849480264423077 0.7970073701923077 0.4880130625 0.7970073701923077 0.4880130625 0.7840319206730769
0 0.4863412235576923 0.8653780072115385 0.47658884375000005 0.8653780072115385 0.47658884375000005 0.8803496802884615 0.4863412235576923 0.8803496802884615 0.4863412235576923 0.8653780072115385
0 0.4531831298076923 0.7216499543269231 0.44900353846153845 0.7216499543269231 0.44900353846153845 0.7336272908653847 0.4531831298076923 0.7336272908653847 0.4531831298076923 0.7216499543269231
0 0.4531831298076923 0.7336272908653847 0.45541224519230766 0.7336272908653847 0.45541224519230766 0.7156612860576923 0.4531831298076923 0.7156612860576923 0.4531831298076923 0.7336272908653847
0 0.4609850336538462 0.7156612860576923 0.45541224519230766 0.7156612860576923 0.45541224519230766 0.7271395673076924 0.4609850336538462 0.7271395673076924 0.4609850336538462 0.7156612860576923
0 0.46767237980769233 0.6717443798076924 0.46182095192307693 0.6717443798076924 0.46182095192307693 0.6832226634615384 0.46767237980769233 0.6832226634615384 0.46767237980769233 0.6717443798076924
0 0.4754742860576923 0.6712453245192307 0.4710160552884615 0.6712453245192307 0.4710160552884615 0.68372171875 0.4754742860576923 0.68372171875 0.4754742860576923 0.6712453245192307
0 0.42113959134615386 0.658269875 0.4158454423076923 0.658269875 0.4158454423076923 0.6682509903846154 0.42113959134615386 0.6682509903846154 0.42113959134615386 0.658269875
0 0.4303346947115385 0.7046820576923077 0.42531918269230773 0.7046820576923077 0.42531918269230773 0.7176575072115384 0.4303346947115385 0.7176575072115384 0.4303346947115385 0.7046820576923077
0 0.41779591826923074 0.79900359375 0.4133376875 0.79900359375 0.4133376875 0.8109809326923076 0.41779591826923074 0.8109809326923076 0.41779591826923074 0.79900359375
0 0.38853877644230767 0.8009998173076922 0.38380190384615387 0.8009998173076922 0.38380190384615387 0.8159714903846154 0.38853877644230767 0.8159714903846154 0.38853877644230767 0.8009998173076922
0 0.39578340144230767 0.7021867812499999 0.3921610889423077 0.7021867812499999 0.3921610889423077 0.7121678966346153 0.39578340144230767 0.7121678966346153 0.39578340144230767 0.7021867812499999
0 0.3587243533653846 0.7076763942307692 0.35398748317307693 0.7076763942307692 0.35398748317307693 0.7221490096153846 0.3587243533653846 0.7221490096153846 0.3587243533653846 0.7076763942307692
0 0.34897197355769227 0.7201527884615384 0.34618557692307694 0.7201527884615384 0.34618557692307694 0.7291357908653846 0.34897197355769227 0.7291357908653846 0.34897197355769227 0.7201527884615384
1 0.980272108173077 0.05223880528846154 0.8136054423076923 0.05223880528846154 0.8136054423076923 0.15092902884615383 0.980272108173077 0.15092902884615383 0.980272108173077 0.05223880528846154
0 0.4855076322115384 0.49979007692307686 0.48351034374999996 0.49979007692307686 0.48351034374999996 0.5079666057692308 0.4855076322115384 0.5079666057692308 0.4855076322115384 0.49979007692307686
0 0.4877902451923077 0.49621284615384614 0.4859356201923077 0.49621284615384614 0.4859356201923077 0.5038783413461538 0.4877902451923077 0.5038783413461538 0.4877902451923077 0.49621284615384614
0 0.4914994927884615 0.5036228245192308 0.49349678124999996 0.5036228245192308 0.49349678124999996 0.49621284615384614 0.4914994927884615 0.49621284615384614 0.4914994927884615 0.5036228245192308
0 0.47495053846153845 0.4752604879807692 0.47352390624999996 0.4752604879807692 0.47352390624999996 0.48241495192307693 0.47495053846153845 0.48241495192307693 0.47495053846153845 0.4752604879807692
0 0.47281058894230765 0.47883772115384615 0.4710986274038461 0.47883772115384615 0.4710986274038461 0.48497011778846155 0.47281058894230765 0.48497011778846155 0.47281058894230765 0.47883772115384615
0 0.4710986274038461 0.4773046201923077 0.4682453581730769 0.4773046201923077 0.4682453581730769 0.48292598557692307 0.4710986274038461 0.48292598557692307 0.4710986274038461 0.4773046201923077
0 0.44556187980769235 0.4931466466346154 0.4405686586538462 0.4931466466346154 0.4405686586538462 0.5008121418269231 0.44556187980769235 0.5008121418269231 0.44556187980769235 0.4931466466346154
0 0.5090911177884615 0.4380748485576923 0.5059703557692308 0.4380748485576923 0.5059703557692308 0.4456604951923077 0.5090911177884615 0.4456604951923077 0.5090911177884615 0.4380748485576923
0 0.49527060096153847 0.44166805048076924 0.48947489903846153 0.44166805048076924 0.48947489903846153 0.45005218509615386 0.49527060096153847 0.45005218509615386 0.49527060096153847 0.44166805048076924
0 0.294227375 0.4340047524038461 0.29244408173076925 0.4340047524038461 0.29244408173076925 0.44318737740384617 0.294227375 0.44318737740384617 0.294227375 0.4340047524038461
0 0.38406073557692305 0.41803496875 0.38027123798076923 0.41803496875 0.38027123798076923 0.42801608413461534 0.38406073557692305 0.42801608413461534 0.38406073557692305 0.41803496875
0 0.3642216057692308 0.4763246802884616 0.36132375480769235 0.4763246802884616 0.36132375480769235 0.4839103245192308 0.3642216057692308 0.4839103245192308 0.3642216057692308 0.4763246802884616
0 0.35552805528846154 0.4563624495192308 0.3501781778846154 0.4563624495192308 0.3501781778846154 0.4655450745192308 0.35552805528846154 0.4655450745192308 0.35552805528846154 0.4563624495192308
0 0.31874764663461536 0.3725210841346154 0.31540397355769234 0.3725210841346154 0.31540397355769234 0.37731201923076924 0.31874764663461536 0.37731201923076924 0.31874764663461536 0.3725210841346154
0 0.3276641081730769 0.37811050721153844 0.3249891706730769 0.37811050721153844 0.3249891706730769 0.3840991778846154 0.3276641081730769 0.3840991778846154 0.3276641081730769 0.37811050721153844
0 0.33747221875 0.3709241057692308 0.33546601442307694 0.3709241057692308 0.33546601442307694 0.37611428605769226 0.33747221875 0.37611428605769226 0.33747221875 0.3709241057692308
0 0.341484625 0.37611428605769226 0.33747221875 0.37611428605769226 0.33747221875 0.3809052211538461 0.341484625 0.3809052211538461 0.341484625 0.37611428605769226
0 0.26725507451923075 0.37930824278846154 0.26480304807692306 0.37930824278846154 0.26480304807692306 0.3872931346153846 0.26725507451923075 0.3872931346153846 0.26725507451923075 0.37930824278846154
0 0.29467319711538464 0.3573497908653846 0.2928899038461539 0.3573497908653846 0.2928899038461539 0.36293921394230766 0.29467319711538464 0.36293921394230766 0.29467319711538464 0.3573497908653846
0 0.26547178125 0.3565513004807693 0.26346557932692305 0.3565513004807693 0.26346557932692305 0.36253996875000005 0.26547178125 0.36253996875000005 0.26547178125 0.3565513004807693
0 0.26346557932692305 0.35535356730769235 0.26012190384615386 0.35535356730769235 0.26012190384615386 0.36253996875000005 0.26346557932692305 0.36253996875000005 0.26346557932692305 0.35535356730769235
0 0.23470998557692307 0.38968860096153846 0.23270378125 0.38968860096153846 0.23270378125 0.39487878125000003 0.23470998557692307 0.39487878125000003 0.23470998557692307 0.38968860096153846
0 0.23582454326923077 0.4076546081730769 0.23314960576923077 0.4076546081730769 0.23314960576923077 0.41324403365384615 0.23582454326923077 0.41324403365384615 0.23582454326923077 0.4076546081730769
0 0.22646225721153845 0.43001230528846157 0.22356440865384614 0.43001230528846157 0.22356440865384614 0.4379971971153846 0.22646225721153845 0.4379971971153846 0.22646225721153845 0.43001230528846157
0 0.27461115625 0.4599556490384616 0.26703216346153846 0.4599556490384616 0.26703216346153846 0.46873903125000005 0.27461115625 0.46873903125000005 0.27461115625 0.4599556490384616
0 0.3181850552884615 0.44597027644230774 0.31426181249999996 0.44597027644230774 0.31426181249999996 0.4507612115384615 0.3181850552884615 0.4507612115384615 0.3181850552884615 0.44597027644230774
0 0.31693675 0.43415263701923074 0.3146184711538461 0.43415263701923074 0.3146184711538461 0.4414987379807692 0.31693675 0.4414987379807692 0.31693675 0.43415263701923074
0 0.3215733125 0.4245707668269231 0.3185417139423077 0.4245707668269231 0.3185417139423077 0.4312780745192307 0.3215733125 0.4312780745192307 0.3215733125 0.4245707668269231
0 0.3285281514423077 0.41850224759615384 0.3249615673076923 0.41850224759615384 0.3249615673076923 0.42425137019230774 0.3285281514423077 0.42425137019230774 0.3285281514423077 0.41850224759615384
0 0.34636107692307694 0.36548256730769235 0.34243783413461537 0.36548256730769235 0.34243783413461537 0.3709122908653846 0.34636107692307694 0.3709122908653846 0.34636107692307694 0.36548256730769235
0 0.3993248653846154 0.41083675240384615 0.3971849134615385 0.41083675240384615 0.3971849134615385 0.41818285336538463 0.3993248653846154 0.41818285336538463 0.3993248653846154 0.41083675240384615
0 0.40770633894230773 0.4197798293269231 0.4036047668269231 0.4197798293269231 0.4036047668269231 0.4287229086538461 0.40770633894230773 0.4287229086538461 0.40770633894230773 0.4197798293269231
0 0.41911941346153847 0.38496570192307694 0.41537449759615386 0.38496570192307694 0.41537449759615386 0.3913536153846154 0.41911941346153847 0.3913536153846154 0.41911941346153847 0.38496570192307694
0 0.4034264375 0.3642049831730769 0.4016431466346154 0.3642049831730769 0.4016431466346154 0.37059289663461537 0.4034264375 0.37059289663461537 0.4034264375 0.3642049831730769
0 0.4028914495192308 0.34472184615384616 0.40057317067307696 0.34472184615384616 0.40057317067307696 0.35238734374999997 0.4028914495192308 0.35238734374999997 0.4028914495192308 0.34472184615384616
0 0.39308334134615386 0.33801453846153845 0.39023007451923075 0.33801453846153845 0.39023007451923075 0.34472184615384616 0.39308334134615386 0.34472184615384616 0.39308334134615386 0.33801453846153845
0 0.37400211057692306 0.37793899759615385 0.3718621610576923 0.37793899759615385 0.3718621610576923 0.38432691105769234 0.37400211057692306 0.38432691105769234 0.37400211057692306 0.37793899759615385
0 0.34332948076923075 0.34983217788461535 0.3490360168269231 0.34983217788461535 0.3490360168269231 0.34088909855769234 0.34332948076923075 0.34088909855769234 0.34332948076923075 0.34983217788461535
0 0.40913297355769235 0.47311890865384615 0.40681469471153847 0.47311890865384615 0.40681469471153847 0.4823813822115385 0.40913297355769235 0.4823813822115385 0.40913297355769235 0.47311890865384615
0 0.42857086298076924 0.43287505288461536 0.4241126322115385 0.43287505288461536 0.4241126322115385 0.43926296634615386 0.42857086298076924 0.43926296634615386 0.42857086298076924 0.43287505288461536
0 0.4494353846153846 0.44022115384615385 0.44533381250000004 0.44022115384615385 0.44533381250000004 0.4501224206730769 0.4494353846153846 0.4501224206730769 0.4494353846153846 0.44022115384615385
0 0.4745798100961538 0.38975663701923075 0.4724398581730769 0.38975663701923075 0.4724398581730769 0.39614455048076924 0.4745798100961538 0.39614455048076924 0.4745798100961538 0.38975663701923075
0 0.4688732740384615 0.3734674591346154 0.4672683100961538 0.3734674591346154 0.4672683100961538 0.3795359759615385 0.4688732740384615 0.3795359759615385 0.4688732740384615 0.3734674591346154
0 0.47172654086538457 0.3673989399038462 0.4695865913461538 0.3673989399038462 0.4695865913461538 0.37250927163461534 0.47172654086538457 0.37250927163461534 0.47172654086538457 0.3673989399038462
0 0.47172654086538457 0.37250927163461534 0.4744014807692307 0.37250927163461534 0.4744014807692307 0.36580196153846156 0.47172654086538457 0.36580196153846156 0.47172654086538457 0.37250927163461534
0 0.47564978605769226 0.36580196153846156 0.4744014807692307 0.36580196153846156 0.4744014807692307 0.37123168749999996 0.47564978605769226 0.37123168749999996 0.47564978605769226 0.36580196153846156
0 0.47564978605769226 0.3606916298076923 0.4745798100961538 0.3606916298076923 0.4745798100961538 0.3683571274038462 0.47564978605769226 0.3683571274038462 0.47564978605769226 0.3606916298076923
0 0.48349627163461534 0.3578170697115385 0.4811779927884615 0.3578170697115385 0.4811779927884615 0.36388558653846154 0.48349627163461534 0.36388558653846154 0.48349627163461534 0.3578170697115385
0 0.49241273557692306 0.34759640865384617 0.4895594663461538 0.34759640865384617 0.4895594663461538 0.3546231129807692 0.49241273557692306 0.3546231129807692 0.49241273557692306 0.34759640865384617
0 0.45139700721153847 0.4232931826923077 0.44925705528846155 0.4232931826923077 0.44925705528846155 0.4284035144230769 0.45139700721153847 0.4284035144230769 0.45139700721153847 0.4232931826923077
0 0.5097853581730769 0.41686563221153844 0.507973875 0.41686563221153844 0.507973875 0.4253430576923077 0.5097853581730769 0.4253430576923077 0.5097853581730769 0.41686563221153844
0 0.5079154399038461 0.4092254831730769 0.5066883076923077 0.4092254831730769 0.5066883076923077 0.41414448317307695 0.5079154399038461 0.41414448317307695 0.5079154399038461 0.4092254831730769
0 0.50587021875 0.42094735336538464 0.5045846490384616 0.42094735336538464 0.5045846490384616 0.42565703605769234 0.50587021875 0.42565703605769234 0.50587021875 0.42094735336538464
0 0.50300690625 0.4197960985576923 0.5014875985576923 0.4197960985576923 0.5014875985576923 0.4248197572115385 0.50300690625 0.4248197572115385 0.50300690625 0.4197960985576923
0 0.49675436778846155 0.4109000360576923 0.4953519302884616 0.4109000360576923 0.4953519302884616 0.41581903605769227 0.49675436778846155 0.41581903605769227 0.49675436778846155 0.4109000360576923
0 0.499442375 0.4062950144230769 0.49728028365384613 0.4062950144230769 0.49728028365384613 0.41372584375 0.499442375 0.41372584375 0.499442375 0.4062950144230769
0 0.5018966418269231 0.4134118653846154 0.5003188990384616 0.4134118653846154 0.5003188990384616 0.41864484375 0.5018966418269231 0.41864484375 0.5018966418269231 0.4134118653846154
0 0.5018966418269231 0.41864484375 0.5044677788461539 0.41864484375 0.5044677788461539 0.41383050480769235 0.5018966418269231 0.41383050480769235 0.5018966418269231 0.41864484375
0 0.5070973509615384 0.4129932259615385 0.5056364783653846 0.4129932259615385 0.5056364783653846 0.4187495048076923 0.5070973509615384 0.4187495048076923 0.5070973509615384 0.4129932259615385
0 0.5035328197115384 0.39530575721153843 0.5020135120192308 0.39530575721153843 0.5020135120192308 0.4006433966346154 0.5035328197115384 0.4006433966346154 0.5035328197115384 0.39530575721153843
0 0.49903333173076925 0.3986548653846154 0.49739715384615385 0.3986548653846154 0.49739715384615385 0.4027365889423077 0.49903333173076925 0.4027365889423077 0.49903333173076925 0.3986548653846154
0 0.5014594567307692 0.4042686370192307 0.4996479735576923 0.4042686370192307 0.4996479735576923 0.41107150961538463 0.5014594567307692 0.41107150961538463 0.5014594567307692 0.4042686370192307
0 0.5011716754807692 0.3852271370192308 0.4995939326923077 0.3852271370192308 0.4995939326923077 0.3897274975961539 0.5011716754807692 0.3897274975961539 0.5011716754807692 0.3852271370192308
0 0.4974902740384615 0.3869016899038461 0.49591253125 0.3869016899038461 0.49591253125 0.3911927307692308 0.4974902740384615 0.3911927307692308 0.4974902740384615 0.3869016899038461
0 0.49877584374999995 0.37528447596153847 0.4968474903846154 0.37528447596153847 0.4968474903846154 0.38156405048076925 0.49877584374999995 0.38156405048076925 0.49877584374999995 0.37528447596153847
0 0.5015222860576923 0.37549379567307695 0.5000029759615384 0.37549379567307695 0.5000029759615384 0.3795755192307692 0.5015222860576923 0.3795755192307692 0.5015222860576923 0.37549379567307695
0 0.5042102908653846 0.3805174543269231 0.5028078533653846 0.3805174543269231 0.5028078533653846 0.3869016899038461 0.5042102908653846 0.3869016899038461 0.5042102908653846 0.3805174543269231
0 0.5085929110576923 0.3727726466346154 0.5071904735576923 0.3727726466346154 0.5071904735576923 0.3788429014423077 0.5085929110576923 0.3788429014423077 0.5085929110576923 0.3727726466346154
0 0.5120272259615384 0.39026796634615385 0.5105079182692308 0.39026796634615385 0.5105079182692308 0.395291625 0.5120272259615384 0.395291625 0.5120272259615384 0.39026796634615385
0 0.5028529423076923 0.3600213485576923 0.5011583293269231 0.3600213485576923 0.5011583293269231 0.365777625 0.5028529423076923 0.365777625 0.5028529423076923 0.3600213485576923
0 0.5071771274038461 0.35845145432692305 0.5054825144230769 0.35845145432692305 0.5054825144230769 0.3648356899038462 0.5071771274038461 0.3648356899038462 0.5071771274038461 0.35845145432692305
0 0.4999807884615385 0.32861475480769226 0.49806339182692305 0.32861475480769226 0.49806339182692305 0.33401126442307694 0.4999807884615385 0.33401126442307694 0.4999807884615385 0.32861475480769226
0 0.5029938389423078 0.32975946874999995 0.5018068798076923 0.32975946874999995 0.5018068798076923 0.3354830408653846 0.5029938389423078 0.3354830408653846 0.5029938389423078 0.32975946874999995
0 0.5117590793269231 0.3227276538461539 0.5095677692307692 0.3227276538461539 0.5095677692307692 0.32812416346153844 0.5117590793269231 0.32812416346153844 0.5117590793269231 0.3227276538461539
0 0.5068286322115385 0.32240059375 0.5056416730769231 0.32240059375 0.5056416730769231 0.32665238701923077 0.5068286322115385 0.32665238701923077 0.5068286322115385 0.32240059375
0 0.5072851538461538 0.33564656971153845 0.5057329759615384 0.33564656971153845 0.5057329759615384 0.3390807115384616 0.5072851538461538 0.3390807115384616 0.5072851538461538 0.33564656971153845
0 0.5105721201923077 0.3462760576923077 0.5086547235576924 0.3462760576923077 0.5086547235576924 0.35118197596153844 0.5105721201923077 0.35118197596153844 0.5105721201923077 0.3462760576923077
0 0.51230690625 0.3462760576923077 0.5105721201923077 0.3462760576923077 0.5105721201923077 0.353307875 0.51230690625 0.353307875 0.51230690625 0.3462760576923077
0 0.5086547235576924 0.2893674158653846 0.5075590673076923 0.2893674158653846 0.5075590673076923 0.29656275961538464 0.5086547235576924 0.29656275961538464 0.5086547235576924 0.2893674158653846
0 0.49295033653846154 0.29116624999999996 0.4901198942307692 0.29116624999999996 0.4901198942307692 0.2949274543269231 0.49295033653846154 0.2949274543269231 0.49295033653846154 0.29116624999999996
0 0.48710684375 0.30506635096153845 0.4847329230769231 0.30506635096153845 0.4847329230769231 0.31258875721153845 0.48710684375 0.31258875721153845 0.48710684375 0.30506635096153845
0 0.4913981586538462 0.3232182451923077 0.4861024927884615 0.3232182451923077 0.4861024927884615 0.32992299999999997 0.4913981586538462 0.32992299999999997 0.4913981586538462 0.3232182451923077
0 0.4953242548076923 0.30800990144230767 0.49304163942307694 0.30800990144230767 0.49304163942307694 0.3117711057692307 0.4953242548076923 0.3117711057692307 0.4953242548076923 0.30800990144230767
0 0.47058071394230766 0.31373347115384614 0.46866331971153846 0.31373347115384614 0.46866331971153846 0.3196205721153846 0.47058071394230766 0.3196205721153846 0.47058071394230766 0.31373347115384614
0 0.3763339326923077 0.3185261778846154 0.37120696634615385 0.3185261778846154 0.37120696634615385 0.32571257932692305 0.3763339326923077 0.32571257932692305 0.3763339326923077 0.3185261778846154
0 0.47382209375 0.27786112740384616 0.47111148798076924 0.27786112740384616 0.47111148798076924 0.28348249038461537 0.47382209375 0.28348249038461537 0.47382209375 0.27786112740384616
0 0.4853013605769231 0.2862502451923077 0.4834752692307692 0.2862502451923077 0.4834752692307692 0.2904366298076923 0.4853013605769231 0.2904366298076923 0.4853013605769231 0.2862502451923077
0 0.4656526153846154 0.2891283846153846 0.46419174278846154 0.2891283846153846 0.46419174278846154 0.2926606442307692 0.4656526153846154 0.2926606442307692 0.4656526153846154 0.2891283846153846
0 0.45294301923076924 0.2765692355769231 0.45170127644230773 0.2765692355769231 0.45170127644230773 0.2811480913461538 0.45294301923076924 0.2811480913461538 0.45294301923076924 0.2765692355769231
0 0.4845709254807692 0.24595631009615385 0.4834752692307692 0.24595631009615385 0.4834752692307692 0.2522358846153846 0.4845709254807692 0.2522358846153846 0.4845709254807692 0.24595631009615385
0 0.48303700721153847 0.2706821346153846 0.4814300480769231 0.2706821346153846 0.4814300480769231 0.27447604326923075 0.48303700721153847 0.27447604326923075 0.48303700721153847 0.2706821346153846
0 0.42015293750000005 0.33515026201923076 0.4189935865384615 0.33515026201923076 0.4189935865384615 0.3406427956730769 0.42015293750000005 0.3406427956730769 0.42015293750000005 0.33515026201923076
0 0.4222846442307692 0.33387760096153846 0.42348138942307695 0.33387760096153846 0.42348138942307695 0.3281841201923077 0.4222846442307692 0.3281841201923077 0.4222846442307692 0.33387760096153846
0 0.4269220384615385 0.3172660336538462 0.42538870673076923 0.3172660336538462 0.42538870673076923 0.3210840168269231 0.4269220384615385 0.3210840168269231 0.4269220384615385 0.3172660336538462
0 0.4277074038461538 0.3307964254807692 0.4265854543269231 0.3307964254807692 0.4265854543269231 0.33535120913461536 0.4277074038461538 0.33535120913461536 0.4277074038461538 0.3307964254807692
0 0.41020497355769237 0.31646224999999994 0.40885863461538463 0.31646224999999994 0.40885863461538463 0.3204141947115385 0.41020497355769237 0.3204141947115385 0.41020497355769237 0.31646224999999994
0 0.3987610793269231 0.32115099759615384 0.3975643317307692 0.32115099759615384 0.3975643317307692 0.32523690865384614 0.3987610793269231 0.32523690865384614 0.3987610793269231 0.32115099759615384
0 0.42572673798076927 0.30469502884615385 0.4243803966346154 0.30469502884615385 0.4243803966346154 0.3095177427884615 0.42572673798076927 0.3095177427884615 0.42572673798076927 0.30469502884615385
0 0.4272226706730769 0.29397788942307695 0.4258389326923077 0.29397788942307695 0.4258389326923077 0.2983987091346154 0.4272226706730769 0.2983987091346154 0.4272226706730769 0.29397788942307695
0 0.40406049759615387 0.3137628990384615 0.4026338653846154 0.3137628990384615 0.4026338653846154 0.31938426201923076 0.40406049759615387 0.31938426201923076 0.40406049759615387 0.3137628990384615
0 0.3876542067307692 0.3147849639423077 0.38637023798076925 0.3147849639423077 0.38637023798076925 0.31963977884615385 0.3876542067307692 0.31963977884615385 0.3876542067307692 0.3147849639423077
0 0.33957664182692304 0.29792087259615385 0.3374366899038461 0.29792087259615385 0.3374366899038461 0.30252017067307696 0.33957664182692304 0.30252017067307696 0.33957664182692304 0.29792087259615385
0 0.3615468052884615 0.28616711298076924 0.3596921802884615 0.28616711298076924 0.3596921802884615 0.29153295913461535 0.3615468052884615 0.29153295913461535 0.3615468052884615 0.28616711298076924
1 0.2235418125 0.4016169711538462 0.22140186057692307 0.4016169711538462 0.22140186057692307 0.40800488221153847 0.2235418125 0.40800488221153847 0.2235418125 0.4016169711538462
1 0.4751568245192308 0.24568107692307692 0.4691078966346154 0.24568107692307692 0.4691078966346154 0.25324436778846154 0.4751568245192308 0.25324436778846154 0.4751568245192308 0.24568107692307692
1 0.4285914903846154 0.2405707451923077 0.4259664831730769 0.2405707451923077 0.4259664831730769 0.24915610096153845 0.4285914903846154 0.24915610096153845 0.4285914903846154 0.2405707451923077
1 0.4260806153846154 0.2638738533653846 0.42322734615384616 0.2638738533653846 0.42322734615384616 0.2718459711538462 0.4260806153846154 0.2718459711538462 0.4260806153846154 0.2638738533653846
1 0.4279067067307692 0.2201294230769231 0.42242843269230773 0.2201294230769231 0.42242843269230773 0.2354604158653846 0.4279067067307692 0.2354604158653846 0.4279067067307692 0.2201294230769231
1 0.5090796971153846 0.19541240384615385 0.5017022884615385 0.19541240384615385 0.5017022884615385 0.20195362740384615 0.5090796971153846 0.20195362740384615 0.5090796971153846 0.19541240384615385
1 0.49695444951923073 0.20404681971153846 0.48818921153846156 0.20404681971153846 0.48818921153846156 0.21320453125 0.49695444951923073 0.21320453125 0.49695444951923073 0.20404681971153846
1 0.4949822716346154 0.18272243028846152 0.4879700793269231 0.18272243028846152 0.4879700793269231 0.19358086298076924 0.4949822716346154 0.19358086298076924 0.4949822716346154 0.18272243028846152
1 0.4627700168269231 0.17971346875 0.4543699951923077 0.17971346875 0.4543699951923077 0.18586221874999997 0.4627700168269231 0.18586221874999997 0.4627700168269231 0.17971346875
1 0.45254390384615384 0.18468479807692306 0.44911085096153847 0.18468479807692306 0.44911085096153847 0.1895253028846154 0.45254390384615384 0.1895253028846154 0.45254390384615384 0.18468479807692306
1 0.44662736778846157 0.17853604807692308 0.4415873557692308 0.17853604807692308 0.4415873557692308 0.18900200480769233 0.44662736778846157 0.18900200480769233 0.44662736778846157 0.17853604807692308
1 0.44859892307692306 0.22171792788461536 0.452499875 0.22171792788461536 0.452499875 0.21223586778846154 0.44859892307692306 0.21223586778846154 0.44859892307692306 0.22171792788461536
1 0.4945673004807692 0.16530386778846154 0.486121625 0.16530386778846154 0.486121625 0.1734803966346154 0.4945673004807692 0.1734803966346154 0.4945673004807692 0.16530386778846154
1 0.5108879927884615 0.18349664663461537 0.5020999254807692 0.18349664663461537 0.5020999254807692 0.19412613221153846 0.5108879927884615 0.19412613221153846 0.5108879927884615 0.18349664663461537
1 0.4373878076923077 0.1565140985576923 0.42928452644230763 0.1565140985576923 0.42928452644230763 0.16837006730769233 0.4373878076923077 0.16837006730769233 0.4373878076923077 0.1565140985576923
1 0.43904818509615384 0.19204923317307693 0.4338766370192308 0.19204923317307693 0.4338766370192308 0.2009923125 0.43904818509615384 0.2009923125 0.43904818509615384 0.19204923317307693
0 0.45973437740384615 0.15052779567307692 0.45349285336538464 0.15052779567307692 0.45349285336538464 0.16426181009615387 0.45973437740384615 0.16426181009615387 0.45973437740384615 0.15052779567307692
0 0.01078378125 0.8044468100961539 0.007663019230769231 0.8044468100961539 0.007663019230769231 0.8184203701923077 0.01078378125 0.8184203701923077 0.01078378125 0.8044468100961539
0 0.01078378125 0.8184203701923077 0.013681632211538461 0.8184203701923077 0.013681632211538461 0.8068422788461539 0.01078378125 0.8068422788461539 0.01078378125 0.8184203701923077