1 0.90005721875 0.8225464639423077 0.6573526610576923 0.8225464639423077 0.6573526610576923 0.9039248100961538 0.90005721875 0.9039248100961538 0.90005721875 0.8225464639423077
1 0.97158115625 0.040127576923076926 0.7822811370192307 0.040127576923076926 0.7822811370192307 0.1384597451923077 0.97158115625 0.1384597451923077 0.97158115625 0.040127576923076926
0 0.8365106995192307 0.36336236778846154 0.8121362572115385 0.36336236778846154 0.8121362572115385 0.45641579326923076 0.8365106995192307 0.45641579326923076 0.8365106995192307 0.36336236778846154
0 0.8655041778846153 0.32421395673076925 0.8457292379807692 0.32421395673076925 0.8457292379807692 0.4110175264423077 0.8655041778846153 0.4110175264423077 0.8655041778846153 0.32421395673076925
0 0.8955327860576923 0.3328943149038462 0.8803964134615385 0.3328943149038462 0.8803964134615385 0.3897506514423077 0.8955327860576923 0.3897506514423077 0.8955327860576923 0.3328943149038462
0 0.9140870480769231 0.2999089591346154 0.8935797067307691 0.2999089591346154 0.8935797067307691 0.3966949375 0.9140870480769231 0.3966949375 0.9140870480769231 0.2999089591346154
0 0.9495601754807693 0.29263848076923077 0.9200686634615385 0.29263848076923077 0.9200686634615385 0.3936778341346154 0.9495601754807693 0.3936778341346154 0.9495601754807693 0.29263848076923077
0 0.9278575480769231 0.25163941826923075 0.9152328365384614 0.25163941826923075 0.9152328365384614 0.3185267788461538 0.9278575480769231 0.3185267788461538 0.9278575480769231 0.25163941826923075
0 0.9152328365384614 0.2569726298076923 0.9066080336538461 0.2569726298076923 0.9066080336538461 0.3140824350961538 0.9152328365384614 0.3140824350961538 0.9152328365384614 0.2569726298076923
0 0.908857983173077 0.2476395120192308 0.8963582668269231 0.2476395120192308 0.8963582668269231 0.30763813701923076 0.908857983173077 0.30763813701923076 0.908857983173077 0.2476395120192308
0 0.8945458100961539 0.2534727115384615 0.8797023990384615 0.2534727115384615 0.8797023990384615 0.29569396634615386 0.8945458100961539 0.29569396634615386 0.8945458100961539 0.2534727115384615
0 0.9826137932692307 0.2211156730769231 0.9766139302884616 0.2211156730769231 0.9766139302884616 0.26036810817307693 0.9826137932692307 0.26036810817307693 0.9826137932692307 0.2211156730769231
0 0.9782138942307692 0.22083123557692305 0.9692541009615384 0.22083123557692305 0.9692541009615384 0.25809260576923077 0.9782138942307692 0.25809260576923077 0.9782138942307692 0.22083123557692305
0 0.9932535504807691 0.20675155769230769 0.9854137307692308 0.20675155769230769 0.9854137307692308 0.22879549759615386 0.9932535504807691 0.22879549759615386 0.9932535504807691 0.20675155769230769
0 0.9727090192307692 0.19405851442307692 0.964834201923077 0.19405851442307692 0.964834201923077 0.21805796634615385 0.9727090192307692 0.21805796634615385 0.9727090192307692 0.19405851442307692
0 0.9142103605769231 0.21494692548076924 0.9065855336538462 0.21494692548076924 0.9065855336538462 0.24827949519230771 0.9142103605769231 0.24827949519230771 0.9142103605769231 0.21494692548076924
0 0.9294600096153847 0.22783551923076925 0.9213351971153846 0.22783551923076925 0.9213351971153846 0.25050166826923076 0.9294600096153847 0.25050166826923076 0.9294600096153847 0.22783551923076925
0 0.9412097403846154 0.23227986298076922 0.930584985576923 0.23227986298076922 0.930584985576923 0.25361270673076924 0.9412097403846154 0.25361270673076924 0.9412097403846154 0.23227986298076922
0 0.9460846298076924 0.22005791826923077 0.9362098557692308 0.22005791826923077 0.9362098557692308 0.2469461923076923 0.9460846298076924 0.2469461923076923 0.9460846298076924 0.22005791826923077
0 0.9163353100961539 0.19428073076923078 0.9089604807692309 0.19428073076923078 0.9089604807692309 0.22028013701923077 0.9163353100961539 0.22028013701923077 0.9163353100961539 0.19428073076923078
0 0.8539617379807692 0.21228031971153843 0.8484618629807692 0.21228031971153843 0.8484618629807692 0.23294651442307693 0.8539617379807692 0.23294651442307693 0.8539617379807692 0.21228031971153843
0 0.8470868966346153 0.21605801201923078 0.8422120072115384 0.21605801201923078 0.8422120072115384 0.2327242980769231 0.8470868966346153 0.2327242980769231 0.8470868966346153 0.21605801201923078
0 0.8394620697115385 0.21228031971153843 0.8338371995192309 0.21228031971153843 0.8338371995192309 0.2276133028846154 0.8394620697115385 0.2276133028846154 0.8394620697115385 0.21228031971153843
0 0.882876266826923 0.18760247355769233 0.874530858173077 0.18760247355769233 0.874530858173077 0.21254199278846153 0.882876266826923 0.21254199278846153 0.882876266826923 0.18760247355769233
0 0.6890011490384615 0.2750475576923077 0.6777514062500001 0.2750475576923077 0.6777514062500001 0.3228242427884615 0.6890011490384615 0.3228242427884615 0.6890011490384615 0.2750475576923077
0 0.6966572235576923 0.2522703028846154 0.6841575096153847 0.2522703028846154 0.6841575096153847 0.3228242427884615 0.6966572235576923 0.3228242427884615 0.6966572235576923 0.2522703028846154
0 0.8030610384615385 0.21282676201923076 0.7963424423076924 0.21282676201923076 0.7963424423076924 0.23893727403846154 0.8030610384615385 0.23893727403846154 0.8030610384615385 0.21282676201923076
0 0.7147818076923076 0.23199298798076923 0.705719516826923 0.23199298798076923 0.705719516826923 0.28782504326923075 0.7147818076923076 0.28782504326923075 0.7147818076923076 0.23199298798076923
0 0.6602518076923077 0.20671578846153846 0.6550956754807692 0.20671578846153846 0.6550956754807692 0.22671533173076924 0.6602518076923077 0.22671533173076924 0.6602518076923077 0.20671578846153846
0 0.6480645865384616 0.23921504567307691 0.6413459903846154 0.23921504567307691 0.6413459903846154 0.27004767307692307 0.6480645865384616 0.27004767307692307 0.6480645865384616 0.23921504567307691
0 0.6094404711538461 0.24346494951923076 0.5994406995192307 0.24346494951923076 0.5994406995192307 0.29635262740384616 0.6094404711538461 0.29635262740384616 0.6094404711538461 0.24346494951923076
0 0.6344398966346153 0.23813173798076923 0.6271900649038462 0.23813173798076923 0.6271900649038462 0.28346403365384615 0.6344398966346153 0.28346403365384615 0.6344398966346153 0.23813173798076923
0 0.6399397716346154 0.20524360096153846 0.6351898798076923 0.20524360096153846 0.6351898798076923 0.22324318990384617 0.6399397716346154 0.22324318990384617 0.6399397716346154 0.20524360096153846
0 0.5881909567307692 0.20346586298076924 0.5838160552884616 0.20346586298076924 0.5838160552884616 0.22079880048076922 0.5881909567307692 0.22079880048076922 0.5881909567307692 0.20346586298076924
0 0.585188625 0.21312608653846155 0.5820142980769231 0.21312608653846155 0.5820142980769231 0.2231383028846154 0.585188625 0.2231383028846154 0.585188625 0.21312608653846155
0 0.6143015576923078 0.22226450721153845 0.6143015576923078 0.20637921875 0.6105416442307692 0.20637921875 0.6105416442307692 0.22529434134615386 0.6143015576923078 0.22529434134615386 0.6143015576923078 0.22226450721153845
0 0.6178214783653846 0.20438815384615383 0.6137415721153846 0.20438815384615383 0.6137415721153846 0.2240143701923077 0.6178214783653846 0.2240143701923077 0.6178214783653846 0.20438815384615383
0 0.6453408485576924 0.19713498557692308 0.6410209471153846 0.19713498557692308 0.6410209471153846 0.21505457692307692 0.6453408485576924 0.21505457692307692 0.6453408485576924 0.19713498557692308
0 0.6625500552884614 0.18907970432692306 0.6596317211538462 0.18907970432692306 0.6596317211538462 0.20437108653846153 0.6625500552884614 0.20437108653846153 0.6625500552884614 0.18907970432692306
0 0.6602461081730768 0.19262948798076923 0.6571741778846154 0.19262948798076923 0.6571741778846154 0.20264170432692305 0.6602461081730768 0.20264170432692305 0.6602461081730768 0.19262948798076923
0 0.6822264038461537 0.20079285817307693 0.6782264951923077 0.20079285817307693 0.6782264951923077 0.2151569735576923 0.6822264038461537 0.2151569735576923 0.6822264038461537 0.20079285817307693
0 0.6855063293269231 0.19254415865384616 0.6819064110576923 0.19254415865384616 0.6819064110576923 0.2088993389423077 0.6855063293269231 0.2088993389423077 0.6855063293269231 0.19254415865384616
0 0.6909462043269231 0.19339747115384617 0.6878262764423078 0.19339747115384617 0.6878262764423078 0.20662383653846156 0.6909462043269231 0.20662383653846156 0.6909462043269231 0.19339747115384617
0 0.6320675528846155 0.2061971802884615 0.6278276490384616 0.2061971802884615 0.6278276490384616 0.2263922716346154 0.6320675528846155 0.2263922716346154 0.6320675528846155 0.2061971802884615
0 0.6265476778846154 0.20975265384615385 0.6211078028846154 0.20975265384615385 0.6211078028846154 0.22866777644230768 0.6265476778846154 0.22866777644230768 0.6265476778846154 0.20975265384615385
0 0.6137415721153846 0.22212979807692307 0.6137415721153846 0.2577186730769231 0.6200486274038461 0.2577186730769231 0.6200486274038461 0.2341083894230769 0.6200486274038461 0.22212979807692307 0.6137415721153846 0.22212979807692307
0 0.6200486274038461 0.27677408173076923 0.6283413653846155 0.27677408173076923 0.6283413653846155 0.2341083894230769 0.6200486274038461 0.2341083894230769 0.6200486274038461 0.27677408173076923
0 0.5984440504807692 0.23162219711538462 0.5898842451923076 0.23162219711538462 0.5898842451923076 0.2740034495192308 0.5984440504807692 0.2740034495192308 0.5984440504807692 0.23162219711538462
0 0.5877242956730769 0.23304438701923078 0.5807644543269231 0.23304438701923078 0.5807644543269231 0.27371901201923077 0.5877242956730769 0.27371901201923077 0.5877242956730769 0.23304438701923078
0 0.5906042283653846 0.2414353076923077 0.5825244134615384 0.2414353076923077 0.5825244134615384 0.2764211730769231 0.5906042283653846 0.2764211730769231 0.5906042283653846 0.2414353076923077
0 0.5922841899038461 0.32804665625 0.606123875 0.32804665625 0.606123875 0.26973687980769234 0.5922841899038461 0.26973687980769234 0.5922841899038461 0.32804665625
0 0.5974040745192307 0.26803025240384615 0.586204329326923 0.26803025240384615 0.586204329326923 0.33387763461538467 0.5974040745192307 0.33387763461538467 0.5974040745192307 0.26803025240384615
0 0.5742246033653846 0.21580033653846156 0.5689247259615384 0.21580033653846156 0.5689247259615384 0.24477745192307693 0.5742246033653846 0.24477745192307693 0.5742246033653846 0.21580033653846156
0 0.5652248100961539 0.24886624759615383 0.5565250096153846 0.24886624759615383 0.5565250096153846 0.2861987259615385 0.5652248100961539 0.2861987259615385 0.5652248100961539 0.24886624759615383
0 0.5530250889423077 0.23144442307692306 0.54602525 0.23144442307692306 0.54602525 0.26966577163461536 0.5530250889423077 0.26966577163461536 0.5530250889423077 0.23144442307692306
0 0.565874795673077 0.211744875 0.5614998942307692 0.211744875 0.5614998942307692 0.22896670192307692 0.565874795673077 0.22896670192307692 0.565874795673077 0.211744875
0 0.5594646923076924 0.21183598317307692 0.5549847956730769 0.21183598317307692 0.5549847956730769 0.23288439182692308 0.5594646923076924 0.23288439182692308 0.5594646923076924 0.21183598317307692
0 0.5574167379807693 0.20466814903846153 0.5534488293269231 0.20466814903846153 0.5534488293269231 0.2308364375 0.5574167379807693 0.2308364375 0.5574167379807693 0.20466814903846153
0 0.5502489038461539 0.20933293028846153 0.5467289831730769 0.20933293028846153 0.5467289831730769 0.22719563221153846 0.5502489038461539 0.22719563221153846 0.5502489038461539 0.20933293028846153
0 0.5383451754807692 0.2248063533653846 0.5321373173076923 0.2248063533653846 0.5321373173076923 0.25871135576923077 0.5383451754807692 0.25871135576923077 0.5383451754807692 0.2248063533653846
0 0.7375330528846155 0.18887084375000002 0.7318531826923077 0.18887084375000002 0.7318531826923077 0.2158924471153846 0.7375330528846155 0.2158924471153846 0.7375330528846155 0.18887084375000002
1 0.7452128774038461 0.20138611298076922 0.7380930408653845 0.20138611298076922 0.7380930408653845 0.22101232932692308 0.7452128774038461 0.22101232932692308 0.7452128774038461 0.20138611298076922
1 0.7605725264423077 0.20081723557692308 0.7479328149038462 0.20081723557692308 0.7479328149038462 0.22300339423076923 0.7605725264423077 0.22300339423076923 0.7605725264423077 0.20081723557692308
1 0.7312507980769231 0.1920793028846154 0.7265917043269231 0.1920793028846154 0.7265917043269231 0.20782578846153846 0.7312507980769231 0.20782578846153846 0.7312507980769231 0.1920793028846154
1 0.7174271129807692 0.18953073798076922 0.6953604182692307 0.18953073798076922 0.6953604182692307 0.19917887259615386 0.7174271129807692 0.19917887259615386 0.7174271129807692 0.18953073798076922
0 0.6526779471153846 0.25383213701923074 0.6457149062499999 0.25383213701923074 0.6457149062499999 0.27121698317307696 0.6526779471153846 0.27121698317307696 0.6526779471153846 0.25383213701923074
0 0.7076974879807693 0.21766869951923076 0.7015024302884616 0.21766869951923076 0.7015024302884616 0.2498898269230769 0.7076974879807693 0.2498898269230769 0.7076974879807693 0.21766869951923076
0 0.7200876057692308 0.21457401442307691 0.7127149735576922 0.21457401442307691 0.7127149735576922 0.2575355192307692 0.7200876057692308 0.2575355192307692 0.7200876057692308 0.21457401442307691
0 0.7181782764423077 0.20119241826923076 0.7130338197115385 0.20119241826923076 0.7130338197115385 0.22612465625 0.7181782764423077 0.22612465625 0.7181782764423077 0.20119241826923076
0 0.7124767764423077 0.20369729326923075 0.7065131370192308 0.20369729326923075 0.7065131370192308 0.22769748317307695 0.7124767764423077 0.22769748317307695 0.7124767764423077 0.20369729326923075
0 0.6957452548076923 0.2249124951923077 0.6890254086538461 0.2249124951923077 0.6890254086538461 0.2506541274038461 0.6957452548076923 0.2506541274038461 0.6957452548076923 0.2249124951923077
0 0.5442297115384616 0.20270189423076923 0.5391917475961538 0.20270189423076923 0.5391917475961538 0.23131862740384615 0.5442297115384616 0.23131862740384615 0.5442297115384616 0.20270189423076923
0 0.5365703653846153 0.19913390625 0.53177815625 0.19913390625 0.53177815625 0.22345448557692307 0.5365703653846153 0.22345448557692307 0.5365703653846153 0.19913390625
0 0.5287062259615385 0.20080867548076925 0.5243236081730769 0.20080867548076925 0.5243236081730769 0.21719230048076923 0.5287062259615385 0.21719230048076923 0.5287062259615385 0.20080867548076925
0 0.5321373173076923 0.21850299038461538 0.5284195144230769 0.21850299038461538 0.5284195144230769 0.24457115865384615 0.5321373173076923 0.24457115865384615 0.5321373173076923 0.21850299038461538
0 0.5288700625 0.22032339423076924 0.5240368942307693 0.22032339423076924 0.5240368942307693 0.24391581490384617 0.5288700625 0.24391581490384617 0.5288700625 0.22032339423076924
0 0.5255523798076923 0.2137699423076923 0.5195723557692308 0.2137699423076923 0.5195723557692308 0.24537213701923077 0.5255523798076923 0.24537213701923077 0.5255523798076923 0.2137699423076923
1 0.5283503942307692 0.24975020432692308 0.5207985673076924 0.24975020432692308 0.5207985673076924 0.2874097884615385 0.5283503942307692 0.2874097884615385 0.5283503942307692 0.24975020432692308
1 0.5147552067307692 0.2323532692307692 0.5090593365384616 0.2323532692307692 0.5090593365384616 0.26432409375 0.5147552067307692 0.26432409375 0.5147552067307692 0.2323532692307692
1 0.5127072524038462 0.2142630168269231 0.5069473846153846 0.2142630168269231 0.5069473846153846 0.23986243028846152 0.5127072524038462 0.23986243028846152 0.5127072524038462 0.2142630168269231
1 0.5095713245192308 0.24862312019230767 0.5050274278846154 0.24862312019230767 0.5050274278846154 0.26921642548076924 0.5095713245192308 0.26921642548076924 0.5095713245192308 0.24862312019230767
1 0.5088033413461539 0.25510830528846157 0.5025954855769231 0.25510830528846157 0.5025954855769231 0.2792286394230769 0.5088033413461539 0.2792286394230769 0.5088033413461539 0.25510830528846157
1 0.5040674519230769 0.25067107211538464 0.49689961538461536 0.25067107211538464 0.49689961538461536 0.2783184399038462 0.5040674519230769 0.2783184399038462 0.5040674519230769 0.25067107211538464
1 0.508496673076923 0.23913850240384615 0.5028279399038461 0.23913850240384615 0.5028279399038461 0.2742649951923077 0.508496673076923 0.2742649951923077 0.508496673076923 0.23913850240384615
1 0.4665176033653846 0.2267115216346154 0.45987775480769233 0.2267115216346154 0.45987775480769233 0.26041741826923076 0.4665176033653846 0.26041741826923076 0.4665176033653846 0.2267115216346154
1 0.30216282211538464 0.22456153365384615 0.2956004735576923 0.22456153365384615 0.2956004735576923 0.24622770673076924 0.30216282211538464 0.24622770673076924 0.30216282211538464 0.22456153365384615
1 0.23188443028846153 0.21770835817307693 0.22596456730769232 0.21770835817307693 0.22596456730769232 0.2373345769230769 0.23188443028846153 0.2373345769230769 0.23188443028846153 0.21770835817307693
1 0.21692477403846155 0.2310769423076923 0.20948494471153845 0.2310769423076923 0.20948494471153845 0.24032117307692308 0.21692477403846155 0.24032117307692308 0.21692477403846155 0.2310769423076923
1 0.20044515144230768 0.21742392067307692 0.19692523076923077 0.21742392067307692 0.19692523076923077 0.22268602163461537 0.20044515144230768 0.22268602163461537 0.20044515144230768 0.21742392067307692
1 0.41629052403846156 0.24018895673076923 0.40819070913461536 0.24018895673076923 0.40819070913461536 0.25547749519230767 0.41629052403846156 0.25547749519230767 0.41629052403846156 0.24018895673076923
1 0.4370900480769231 0.22418931971153844 0.4299902091346154 0.22418931971153844 0.4299902091346154 0.25121092548076923 0.4370900480769231 0.25121092548076923 0.4370900480769231 0.22418931971153844
1 0.4525896923076923 0.21796724278846155 0.4482897908653846 0.21796724278846155 0.4482897908653846 0.23538906490384617 0.4525896923076923 0.23538906490384617 0.4525896923076923 0.21796724278846155
1 0.4589895456730769 0.21405621875 0.45528962980769233 0.21405621875 0.45528962980769233 0.22454486778846153 0.4589895456730769 0.22454486778846153 0.4589895456730769 0.21405621875
1 0.4566895985576923 0.2053453076923077 0.4530896802884615 0.2053453076923077 0.4530896802884615 0.21796724278846155 0.4566895985576923 0.21796724278846155 0.4566895985576923 0.2053453076923077
1 0.4159905288461539 0.20516753365384616 0.41319059374999995 0.20516753365384616 0.41319059374999995 0.2121007091346154 0.4159905288461539 0.2121007091346154 0.4159905288461539 0.20516753365384616
1 0.4367900528846154 0.2007231923076923 0.4334901298076923 0.2007231923076923 0.4334901298076923 0.21245625721153846 0.4367900528846154 0.21245625721153846 0.4367900528846154 0.2007231923076923
1 0.4757891610576923 0.20356756971153847 0.4712892644230769 0.20356756971153847 0.4712892644230769 0.22170048798076922 0.4757891610576923 0.22170048798076922 0.4757891610576923 0.20356756971153847
1 0.4688493197115384 0.23650975000000002 0.46561355288461537 0.23650975000000002 0.46561355288461537 0.2581361346153846 0.4688493197115384 0.2581361346153846 0.4688493197115384 0.23650975000000002
1 0.47245371875000003 0.23294176201923078 0.46774342548076925 0.23294176201923078 0.46774342548076925 0.26301481490384615 0.47245371875000003 0.26301481490384615 0.47245371875000003 0.23294176201923078
1 0.4807786466346154 0.22467713221153846 0.4749624591346154 0.22467713221153846 0.4749624591346154 0.25416765625 0.4807786466346154 0.25416765625 0.4807786466346154 0.22467713221153846
1 0.48426016826923074 0.24521127403846155 0.4790993269230769 0.24521127403846155 0.4790993269230769 0.2626143269230769 0.48426016826923074 0.2626143269230769 0.48426016826923074 0.24521127403846155
1 0.4867996298076923 0.22933736298076923 0.48176166586538466 0.22933736298076923 0.48176166586538466 0.2518375408653846 0.4867996298076923 0.2518375408653846 0.4867996298076923 0.22933736298076923
1 0.4849155120192308 0.22198293509615383 0.48086056490384615 0.22198293509615383 0.48086056490384615 0.24360931971153846 0.4849155120192308 0.24360931971153846 0.4849155120192308 0.22198293509615383
1 0.4804509735576923 0.21506540624999998 0.4770923317307692 0.21506540624999998 0.4770923317307692 0.2371286875 0.4804509735576923 0.2371286875 0.4804509735576923 0.21506540624999998
1 0.49540103365384613 0.2432452403846154 0.4886018293269231 0.2432452403846154 0.4886018293269231 0.26275995913461536 0.49540103365384613 0.26275995913461536 0.49540103365384613 0.2432452403846154
1 0.4999522884615385 0.2200837451923077 0.4954467908653846 0.2200837451923077 0.4954467908653846 0.24644317548076922 0.4999522884615385 0.24644317548076922 0.4999522884615385 0.2200837451923077
1 0.5020412019230769 0.2283119639423077 0.4994198197115385 0.2283119639423077 0.4994198197115385 0.24360334615384616 0.5020412019230769 0.24360334615384616 0.5020412019230769 0.2283119639423077
1 0.49839584375 0.21484098317307693 0.4952829543269231 0.21484098317307693 0.4952829543269231 0.23865185336538464 0.49839584375 0.23865185336538464 0.49839584375 0.21484098317307693
1 0.5001135649038462 0.20758212740384613 0.4973693076923077 0.20758212740384613 0.4973693076923077 0.21682977403846154 0.5001135649038462 0.21682977403846154 0.5001135649038462 0.20758212740384613
1 0.49351915625 0.20503356490384617 0.49024243028846154 0.20503356490384617 0.49024243028846154 0.21763075240384613 0.49351915625 0.21763075240384613 0.49351915625 0.20503356490384617
1 0.4870476225961538 0.2003733341346154 0.4844672019230769 0.2003733341346154 0.4844672019230769 0.2150093701923077 0.4870476225961538 0.2150093701923077 0.4870476225961538 0.2003733341346154
1 0.4817229447115385 0.19673252884615386 0.47893772836538456 0.19673252884615386 0.47893772836538456 0.20903844951923078 0.4817229447115385 0.20903844951923078 0.4817229447115385 0.19673252884615386
1 0.514469920673077 0.20448779567307693 0.5116388293269231 0.20448779567307693 0.5116388293269231 0.21553254326923074 0.514469920673077 0.21553254326923074 0.514469920673077 0.20448779567307693
1 0.5129495192307693 0.19801007451923078 0.5097776514423077 0.19801007451923078 0.5097776514423077 0.2112451298076923 0.5129495192307693 0.2112451298076923 0.5129495192307693 0.19801007451923078
1 0.5093844447115384 0.20061980528846154 0.5064484975961538 0.20061980528846154 0.5064484975961538 0.21250339423076922 0.5093844447115384 0.21250339423076922 0.5093844447115384 0.20061980528846154
1 0.5059766490384615 0.19703142548076924 0.5033290552884615 0.19703142548076924 0.5033290552884615 0.20663150240384615 0.5059766490384615 0.20663150240384615 0.5059766490384615 0.19703142548076924
1 0.5218359975961538 0.20164505528846155 0.5194767572115384 0.20164505528846155 0.5194767572115384 0.20938103846153847 0.5218359975961538 0.20938103846153847 0.5218359975961538 0.20164505528846155
1 0.5196403293269231 0.2043423966346154 0.5172915745192308 0.2043423966346154 0.5172915745192308 0.20994958653846155 0.5196403293269231 0.20994958653846155 0.5196403293269231 0.2043423966346154
0 0.3930863581730769 0.19024046153846155 0.3894688533653846 0.19024046153846155 0.3894688533653846 0.20389493990384616 0.3930863581730769 0.20389493990384616 0.3930863581730769 0.19024046153846155
0 0.3567790168269231 0.19110187740384615 0.35389549759615385 0.19110187740384615 0.35389549759615385 0.20065535096153847 0.3567790168269231 0.20065535096153847 0.3567790168269231 0.19110187740384615
0 0.2575948028846154 0.19278117548076923 0.25363651923076924 0.19278117548076923 0.25363651923076924 0.2048977764423077 0.2575948028846154 0.2048977764423077 0.2575948028846154 0.19278117548076923
0 0.12742203365384613 0.19022787259615384 0.12406666826923077 0.19022787259615384 0.12406666826923077 0.20014484375 0.12742203365384613 0.20014484375 0.12742203365384613 0.19022787259615384
0 0.12379404326923077 0.18929582692307692 0.12144528605769231 0.18929582692307692 0.12144528605769231 0.19895182451923077 0.12379404326923077 0.19895182451923077 0.12379404326923077 0.18929582692307692
0 0.12144528605769231 0.18784183413461536 0.11855128365384617 0.18784183413461536 0.11855128365384617 0.19895182451923077 0.12144528605769231 0.19895182451923077 0.12144528605769231 0.18784183413461536
1 0.060021716346153844 0.19418561538461537 0.05637380048076923 0.19418561538461537 0.05637380048076923 0.20340140384615385 0.060021716346153844 0.20340140384615385 0.060021716346153844 0.19418561538461537
1 0.11237251923076924 0.19395806490384615 0.1093005889423077 0.19395806490384615 0.1093005889423077 0.20021569951923077 0.11237251923076924 0.20021569951923077 0.11237251923076924 0.19395806490384615
1 0.13841992307692308 0.19259276201923076 0.13553998798076924 0.19259276201923076 0.13553998798076924 0.1989641730769231 0.13841992307692308 0.1989641730769231 0.13841992307692308 0.19259276201923076
1 0.14731571875 0.19384428846153845 0.1425798293269231 0.19384428846153845 0.1425798293269231 0.20123967548076924 0.14731571875 0.20123967548076924 0.14731571875 0.19384428846153845
1 0.16920321875 0.19225143749999998 0.1596034375 0.19225143749999998 0.1596034375 0.20192232692307693 0.16920321875 0.20192232692307693 0.16920321875 0.19225143749999998
1 0.2250099423076923 0.1913412355769231 0.2142581875 0.1913412355769231 0.2142581875 0.20203610096153846 0.2250099423076923 0.20203610096153846 0.2250099423076923 0.1913412355769231
1 0.29028844711538465 0.19316163942307693 0.2826086225961538 0.19316163942307693 0.2826086225961538 0.20192232692307693 0.29028844711538465 0.20192232692307693 0.29028844711538465 0.19316163942307693
1 0.31563186778846153 0.19589224278846154 0.31127996634615385 0.19589224278846154 0.31127996634615385 0.20351518028846155 0.31563186778846153 0.20351518028846155 0.31563186778846153 0.19589224278846154
0 0.40053429326923073 0.1951166875 0.39577280288461536 0.1951166875 0.39577280288461536 0.20394564182692307 0.40053429326923073 0.20394564182692307 0.40053429326923073 0.1951166875
0 0.4122588269230769 0.1931142451923077 0.40775332932692304 0.1931142451923077 0.40775332932692304 0.20440074278846154 0.4122588269230769 0.20440074278846154 0.4122588269230769 0.1931142451923077
0 0.4249561346153846 0.1904746610576923 0.4210650240384615 0.1904746610576923 0.4210650240384615 0.20221625721153844 0.4249561346153846 0.20221625721153844 0.4249561346153846 0.1904746610576923
1 0.4310569879807692 0.19449483894230768 0.4275705528846154 0.19449483894230768 0.4275705528846154 0.20223082211538462 0.4310569879807692 0.20223082211538462 0.4310569879807692 0.19449483894230768
1 0.4353298365384616 0.18918217548076924 0.4317647596153846 0.18918217548076924 0.4317647596153846 0.20106576442307694 0.4353298365384616 0.20106576442307694 0.4353298365384616 0.18918217548076924
1 0.4397861826923077 0.19696476201923077 0.43695509134615385 0.19696476201923077 0.43695509134615385 0.2028366514423077 0.4397861826923077 0.2028366514423077 0.4397861826923077 0.19696476201923077
1 0.4446619495192307 0.1963123269230769 0.4402056033653846 0.1963123269230769 0.4402056033653846 0.2032560721153846 0.4446619495192307 0.2032560721153846 0.4446619495192307 0.1963123269230769
1 0.44817459855769226 0.19612591826923076 0.4446619495192307 0.19612591826923076 0.4446619495192307 0.2032560721153846 0.44817459855769226 0.2032560721153846 0.44817459855769226 0.19612591826923076
1 0.45200181490384617 0.19575310096153847 0.44817459855769226 0.19575310096153847 0.44817459855769226 0.2032560721153846 0.45200181490384617 0.2032560721153846 0.45200181490384617 0.19575310096153847
1 0.45789991826923077 0.19524047596153846 0.4544659110576923 0.19524047596153846 0.4544659110576923 0.20227742307692306 0.45789991826923077 0.20227742307692306 0.45789991826923077 0.19524047596153846
1 0.4635883125 0.19449483894230768 0.45999702163461537 0.19449483894230768 0.45999702163461537 0.2056327908653846 0.4635883125 0.2056327908653846 0.4635883125 0.19449483894230768
1 0.46790023798076924 0.19677208894230772 0.46485943750000003 0.19677208894230772 0.46485943750000003 0.2025880576923077 0.46790023798076924 0.2025880576923077 0.46790023798076924 0.19677208894230772
1 0.4742544615384615 0.19487071634615385 0.4707103581730769 0.19487071634615385 0.4707103581730769 0.20038843028846154 0.4742544615384615 0.20038843028846154 0.4742544615384615 0.19487071634615385
1 0.5016337932692307 0.19204137259615386 0.49905337259615384 0.19204137259615386 0.49905337259615384 0.19925016586538463 0.5016337932692307 0.19925016586538463 0.5016337932692307 0.19204137259615386
1 0.47887393509615384 0.18662106971153847 0.4760166298076923 0.18662106971153847 0.4760166298076923 0.19570851923076923 0.47887393509615384 0.19570851923076923 0.47887393509615384 0.18662106971153847
1 0.4908012139423077 0.18825214903846155 0.48133803125 0.18825214903846155 0.48133803125 0.19491628125 0.4908012139423077 0.19491628125 0.4908012139423077 0.18825214903846155
1 0.49614882932692306 0.19575512259615382 0.4869739975961539 0.19575512259615382 0.4869739975961539 0.20358431009615385 0.49614882932692306 0.20358431009615385 0.49614882932692306 0.19575512259615382
1 0.5008508269230769 0.18612646634615387 0.4981036201923077 0.18612646634615387 0.4981036201923077 0.1910849519230769 0.5008508269230769 0.1910849519230769 0.5008508269230769 0.18612646634615387
0 0.5081233725961538 0.1885852043269231 0.5057117019230769 0.1885852043269231 0.5057117019230769 0.19720663221153847 0.5081233725961538 0.19720663221153847 0.5081233725961538 0.1885852043269231
0 0.5114787379807693 0.18835219230769232 0.5088835721153846 0.18835219230769232 0.5088835721153846 0.19660080048076922 0.5114787379807693 0.19660080048076922 0.5114787379807693 0.18835219230769232
0 0.5150962427884616 0.18905122836538463 0.5122127259615384 0.18905122836538463 0.5122127259615384 0.19911732692307693 0.5150962427884616 0.19911732692307693 0.5150962427884616 0.18905122836538463
0 0.5187661754807692 0.1923133894230769 0.5155943052884615 0.1923133894230769 0.5155943052884615 0.20154064663461538 0.5187661754807692 0.20154064663461538 0.5187661754807692 0.1923133894230769
0 0.5266593942307692 0.1893148221153846 0.5231729591346154 0.1893148221153846 0.5231729591346154 0.19984694471153847 0.5266593942307692 0.19984694471153847 0.5266593942307692 0.1893148221153846
0 0.5365703653846153 0.18968763942307693 0.5333963413461539 0.18968763942307693 0.5333963413461539 0.19975373798076923 0.5365703653846153 0.19975373798076923 0.5365703653846153 0.18968763942307693
0 0.5395827980769231 0.1937420408653846 0.5369352043269231 0.1937420408653846 0.5369352043269231 0.20031296634615386 0.5395827980769231 0.20031296634615386 0.5395827980769231 0.1937420408653846
1 0.5179039855769231 0.184841 0.5144175504807692 0.184841 0.5144175504807692 0.19043327884615383 0.5179039855769231 0.19043327884615383 0.5179039855769231 0.184841
1 0.5313516658653846 0.19504690624999999 0.5287565 0.19504690624999999 0.5287565 0.2015712283653846 0.5313516658653846 0.2015712283653846 0.5313516658653846 0.19504690624999999
1 0.5234875264423077 0.18912841346153847 0.5207875048076923 0.18912841346153847 0.5207875048076923 0.19453428125 0.5234875264423077 0.19453428125 0.5234875264423077 0.18912841346153847
1 0.5331866322115385 0.18866238942307692 0.528520576923077 0.18866238942307692 0.528520576923077 0.19420806490384615 0.5331866322115385 0.19420806490384615 0.5331866322115385 0.18866238942307692
0 0.5426498125 0.18912841346153847 0.5397138677884615 0.18912841346153847 0.5397138677884615 0.19966053365384615 0.5426498125 0.19966053365384615 0.5426498125 0.18912841346153847
0 0.5482595673076923 0.18950123076923076 0.545559545673077 0.18950123076923076 0.545559545673077 0.19728381730769232 0.5482595673076923 0.19728381730769232 0.5482595673076923 0.18950123076923076
0 0.5554159350961538 0.1888954014423077 0.5522702788461539 0.1888954014423077 0.5522702788461539 0.19905470673076925 0.5554159350961538 0.19905470673076925 0.5554159350961538 0.1888954014423077
0 0.5706187091346154 0.19168789903846153 0.5676303365384615 0.19168789903846153 0.5676303365384615 0.20016951923076926 0.5706187091346154 0.20016951923076926 0.5706187091346154 0.19168789903846153
0 0.5583506514423078 0.18912477163461539 0.5554159350961538 0.18912477163461539 0.5554159350961538 0.19905470673076925 0.5583506514423078 0.19905470673076925 0.5583506514423078 0.18912477163461539
0 0.5735022283653847 0.19369179807692308 0.5706187091346154 0.19369179807692308 0.5706187091346154 0.19988990625 0.5735022283653847 0.19988990625 0.5735022283653847 0.19369179807692308
0 0.59217996875 0.18720752403846155 0.5880119759615384 0.18720752403846155 0.5880119759615384 0.20030277403846153 0.59217996875 0.20030277403846153 0.59217996875 0.18720752403846155
0 0.5845517548076923 0.18562304326923076 0.5814847379807693 0.18562304326923076 0.5814847379807693 0.19559593990384616 0.5845517548076923 0.19559593990384616 0.5845517548076923 0.18562304326923076
0 0.6314556153846154 0.18641528365384616 0.6274449038461539 0.18641528365384616 0.6274449038461539 0.20016296634615383 0.6314556153846154 0.20016296634615383 0.6314556153846154 0.18641528365384616
1 0.6008596610576923 0.18523560096153846 0.5937085360576924 0.18523560096153846 0.5937085360576924 0.19973824278846156 0.6008596610576923 0.19973824278846156 0.6008596610576923 0.18523560096153846
1 0.36222491105769233 0.18733864182692306 0.3586205120192308 0.18733864182692306 0.3586205120192308 0.19496976923076922 0.36222491105769233 0.19496976923076922 0.36222491105769233 0.18733864182692306
1 0.3518376923076923 0.19240664423076922 0.3479383894230769 0.19240664423076922 0.3479383894230769 0.19963 0.3518376923076923 0.19963 0.3518376923076923 0.19240664423076922
1 0.4056848581730769 0.21937808173076923 0.3944211153846154 0.21937808173076923 0.3944211153846154 0.23359997596153845 0.4056848581730769 0.23359997596153845 0.4056848581730769 0.21937808173076923
1 0.37022967067307694 0.2297316201923077 0.3637018197115385 0.2297316201923077 0.3637018197115385 0.24258821634615385 0.37022967067307694 0.24258821634615385 0.37022967067307694 0.2297316201923077
1 0.6454703846153845 0.18824196634615384 0.6397295625 0.18824196634615384 0.6397295625 0.19658377884615386 0.6454703846153845 0.19658377884615386 0.6454703846153845 0.18824196634615384
1 0.6112802980769231 0.18795929326923078 0.6056810312500001 0.18795929326923078 0.6056810312500001 0.19884559375000002 0.6112802980769231 0.19884559375000002 0.6112802980769231 0.18795929326923078
1 0.6840409134615384 0.2194232019230769 0.6793224302884616 0.2194232019230769 0.6793224302884616 0.2305495048076923 0.6840409134615384 0.2305495048076923 0.6840409134615384 0.2194232019230769
0 0.7230377163461538 0.18855050240384616 0.7194097259615385 0.18855050240384616 0.7194097259615385 0.20439528846153848 0.7230377163461538 0.20439528846153848 0.7230377163461538 0.18855050240384616
0 0.7820718485576923 0.19714193028846155 0.7783343341346154 0.19714193028846155 0.7783343341346154 0.21179617307692308 0.7820718485576923 0.21179617307692308 0.7820718485576923 0.19714193028846155
0 0.7789487211538462 0.20879250721153844 0.7706545096153847 0.20879250721153844 0.7706545096153847 0.21634718028846153 0.7789487211538462 0.21634718028846153 0.7789487211538462 0.20879250721153844
0 0.7721392764423077 0.18885909615384613 0.7666098028846153 0.18885909615384613 0.7666098028846153 0.20879250721153844 0.7721392764423077 0.20879250721153844 0.7721392764423077 0.18885909615384613
1 0.8446877500000001 0.18296565384615388 0.8020647259615384 0.18296565384615388 0.8020647259615384 0.21015792067307693 0.8446877500000001 0.21015792067307693 0.8446877500000001 0.18296565384615388
1 0.7997607788461539 0.18273810336538462 0.7849771177884615 0.18273810336538462 0.7849771177884615 0.20663088942307692 0.7997607788461539 0.20663088942307692 0.7997607788461539 0.18273810336538462
1 0.7659055528846154 0.18228300240384615 0.7392181658653846 0.18228300240384615 0.7392181658653846 0.20071458173076923 0.7659055528846154 0.20071458173076923 0.7659055528846154 0.18228300240384615
1 0.7006918533653846 0.19948479807692307 0.6915497908653846 0.19948479807692307 0.6915497908653846 0.22418402403846155 0.7006918533653846 0.22418402403846155 0.7006918533653846 0.19948479807692307
1 0.7054103365384615 0.20647514663461536 0.7009539903846154 0.20647514663461536 0.7009539903846154 0.21567910096153844 0.7054103365384615 0.21567910096153844 0.7054103365384615 0.20647514663461536
0 0.9427954423076923 0.17782967067307692 0.9374835649038461 0.17782967067307692 0.9374835649038461 0.19444084615384616 0.9427954423076923 0.19444084615384616 0.9427954423076923 0.17782967067307692
0 0.9361395961538462 0.17885364663461537 0.9313397043269231 0.17885364663461537 0.9313397043269231 0.1930755432692308 0.9361395961538462 0.1930755432692308 0.9361395961538462 0.17885364663461537
0 0.9161481730769231 0.17624461057692306 0.9121636754807692 0.17624461057692306 0.9121636754807692 0.1938789230769231 0.9161481730769231 0.1938789230769231 0.9161481730769231 0.17624461057692306
1 0.8669198461538462 0.19321638701923077 0.8539358221153847 0.19321638701923077 0.8539358221153847 0.21076506971153847 0.8669198461538462 0.21076506971153847 0.8669198461538462 0.19321638701923077
1 0.7778880312500001 0.18871869951923076 0.7717980408653846 0.18871869951923076 0.7717980408653846 0.2020506875 0.7778880312500001 0.2020506875 0.7778880312500001 0.18871869951923076
1 0.6608521225961539 0.17276963221153846 0.6520377307692308 0.17276963221153846 0.6520377307692308 0.1898377283653846 0.6608521225961539 0.1898377283653846 0.6608521225961539 0.17276963221153846
1 0.19130371153846154 0.19355172596153844 0.18622976682692308 0.19355172596153844 0.18622976682692308 0.20304188221153846 0.19130371153846154 0.20304188221153846 0.19130371153846154 0.19355172596153844
1 0.19843894711538462 0.1931758798076923 0.19373497596153846 0.1931758798076923 0.19373497596153846 0.20369961778846155 0.19843894711538462 0.20369961778846155 0.19843894711538462 0.1931758798076923
1 0.20858683413461537 0.19045098317307693 0.20092306490384615 0.19045098317307693 0.20092306490384615 0.2029479206730769 0.20858683413461537 0.2029479206730769 0.20858683413461537 0.19045098317307693
1 0.23823769951923077 0.19233022115384615 0.23115531971153847 0.19233022115384615 0.23115531971153847 0.20050490865384615 0.23823769951923077 0.20050490865384615 0.23823769951923077 0.19233022115384615
1 0.24917839182692306 0.19383361298076923 0.24199030528846155 0.19383361298076923 0.24199030528846155 0.20172641586538462 0.24917839182692306 0.20172641586538462 0.24917839182692306 0.19383361298076923
1 0.0858452860576923 0.18844224278846153 0.07937600721153845 0.18844224278846153 0.07937600721153845 0.19971767548076924 0.0858452860576923 0.19971767548076924 0.0858452860576923 0.18844224278846153
1 0.10335039423076922 0.18911876923076923 0.08728290384615385 0.18911876923076923 0.08728290384615385 0.20212310096153846 0.10335039423076922 0.20212310096153846 0.10335039423076922 0.18911876923076923
1 0.05557075 0.19190004326923077 0.04829809615384616 0.19190004326923077 0.04829809615384616 0.20227343990384616 0.05557075 0.20227343990384616 0.05557075 0.19190004326923077
1 0.46688807932692306 0.18535018028846156 0.4640737307692308 0.18535018028846156 0.4640737307692308 0.19323997596153844 0.46688807932692306 0.19323997596153844 0.46688807932692306 0.18535018028846156
1 0.4708281658653846 0.1868126802884615 0.46745094711538465 0.1868126802884615 0.46745094711538465 0.19300905528846152 0.4708281658653846 0.19300905528846152 0.4708281658653846 0.1868126802884615
1 0.47515793028846154 0.1842340625 0.4714776298076923 0.1842340625 0.4714776298076923 0.19339392307692307 0.47515793028846154 0.19339392307692307 0.47515793028846154 0.1842340625