1 0.972516533653846 0.05169753125 0.8182109086538462 0.05169753125 0.8182109086538462 0.1561316298076923 0.972516533653846 0.1561316298076923 0.972516533653846 0.05169753125
1 0.8269956225961538 0.8280751274038463 0.8240558774038462 0.8280751274038463 0.8240558774038462 0.8350207307692308 0.8269956225961538 0.8350207307692308 0.8269956225961538 0.8280751274038463
0 0.6024121730769231 0.7563719543269231 0.5956549254807693 0.7563719543269231 0.5956549254807693 0.7726477788461538 0.6024121730769231 0.7726477788461538 0.6024121730769231 0.7563719543269231
0 0.6336353269230769 0.7221509903846154 0.6254800264423076 0.7221509903846154 0.6254800264423076 0.7355055120192309 0.6336353269230769 0.7355055120192309 0.6336353269230769 0.7221509903846154
0 0.5686259254807692 0.5961176802884616 0.5621016850961539 0.5961176802884616 0.5621016850961539 0.6103068605769231 0.5686259254807692 0.6103068605769231 0.5686259254807692 0.5961176802884616
0 0.5476551514423077 0.6203227524038462 0.5415969278846154 0.6203227524038462 0.5415969278846154 0.63701590625 0.5476551514423077 0.63701590625 0.5476551514423077 0.6203227524038462
0 0.534606670673077 0.5047226634615385 0.5259853509615385 0.5047226634615385 0.5259853509615385 0.5172425288461538 0.534606670673077 0.5172425288461538 0.534606670673077 0.5047226634615385
0 0.5609068173076923 0.5123046923076923 0.5568506033653846 0.5123046923076923 0.5568506033653846 0.5264070697115385 0.5609068173076923 0.5264070697115385 0.5609068173076923 0.5123046923076923
0 0.5568506033653846 0.5048261610576923 0.5517206850961538 0.5048261610576923 0.5517206850961538 0.5180738461538461 0.5568506033653846 0.5180738461538461 0.5568506033653846 0.5048261610576923
0 0.5619805216346154 0.49969802403846153 0.5569699038461539 0.49969802403846153 0.5569699038461539 0.5146550889423077 0.5619805216346154 0.5146550889423077 0.5619805216346154 0.49969802403846153
0 0.42940182932692306 0.27360236298076923 0.42436884375 0.27360236298076923 0.42436884375 0.29029551682692306 0.42940182932692306 0.29029551682692306 0.42940182932692306 0.27360236298076923
0 0.43611247596153846 0.2519012620192308 0.4269785384615385 0.2519012620192308 0.4269785384615385 0.27360236298076923 0.43611247596153846 0.27360236298076923 0.43611247596153846 0.2519012620192308
0 0.47078415625 0.1403909951923077 0.4627686610576923 0.1403909951923077 0.4627686610576923 0.157751875 0.47078415625 0.157751875 0.47078415625 0.1403909951923077
0 0.4627686610576923 0.14339576442307694 0.45941333653846156 0.14339576442307694 0.45941333653846156 0.15274393028846153 0.4627686610576923 0.15274393028846153 0.4627686610576923 0.14339576442307694
0 0.46295506730769226 0.15307779326923077 0.45792208173076926 0.15307779326923077 0.45792208173076926 0.16242595913461538 0.46295506730769226 0.16242595913461538 0.46295506730769226 0.15307779326923077
0 0.5248421538461538 0.22752925721153844 0.5201819807692307 0.22752925721153844 0.5201819807692307 0.24322082211538462 0.5248421538461538 0.24322082211538462 0.5248421538461538 0.22752925721153844
0 0.5302479519230769 0.22886471153846152 0.5261470024038462 0.22886471153846152 0.5261470024038462 0.24388855048076924 0.5302479519230769 0.24388855048076924 0.5302479519230769 0.22886471153846152
0 0.5403139254807692 0.22151972355769228 0.5367721947115385 0.22151972355769228 0.5367721947115385 0.23821287740384617 0.5403139254807692 0.23821287740384617 0.5403139254807692 0.22151972355769228
0 0.5915758173076923 0.21484246153846154 0.5876612740384616 0.21484246153846154 0.5876612740384616 0.23020016346153846 0.5915758173076923 0.23020016346153846 0.5915758173076923 0.21484246153846154
0 0.5971680240384616 0.2158440504807692 0.59027096875 0.2158440504807692 0.59027096875 0.24088378124999998 0.5971680240384616 0.24088378124999998 0.5971680240384616 0.2158440504807692
0 0.6172999663461538 0.18012070192307691 0.6120805745192308 0.18012070192307691 0.6120805745192308 0.20115407451923076 0.6172999663461538 0.20115407451923076 0.6172999663461538 0.18012070192307691
0 0.5813234399038462 0.20248952884615384 0.5774088942307692 0.20248952884615384 0.5774088942307692 0.21116996875 0.5813234399038462 0.21116996875 0.5813234399038462 0.20248952884615384
0 0.5815098461538462 0.2108361033653846 0.5761040456730769 0.2108361033653846 0.5761040456730769 0.21851495432692308 0.5815098461538462 0.21851495432692308 0.5815098461538462 0.2108361033653846
0 0.5746127908653846 0.20749747355769232 0.5692069903846154 0.20749747355769232 0.5692069903846154 0.21350700961538463 0.5746127908653846 0.21350700961538463 0.5746127908653846 0.20749747355769232
0 0.5807741466346154 0.16303988701923075 0.5783895120192308 0.16303988701923075 0.5783895120192308 0.17669303846153847 0.5807741466346154 0.17669303846153847 0.5807741466346154 0.16303988701923075
0 0.5835497043269231 0.15624831971153846 0.5797968365384615 0.15624831971153846 0.5797968365384615 0.17200195432692308 0.5835497043269231 0.17200195432692308 0.5835497043269231 0.15624831971153846
0 0.057658536057692306 0.10112899278846155 0.04804693269230769 0.10112899278846155 0.04804693269230769 0.11782214663461538 0.057658536057692306 0.11782214663461538 0.057658536057692306 0.10112899278846155
0 0.08095939663461538 0 0.08095939663461538 0.0171415625 0.08998848076923077 0.0171415625 0.08998848076923077 0 0.08095939663461538 0
0 0.16542501682692307 0.09330407692307692 0.15872601923076923 0.09330407692307692 0.15872601923076923 0.10843224759615386 0.16542501682692307 0.10843224759615386 0.16542501682692307 0.09330407692307692
0 0.3235796057692308 0.06409105769230769 0.31862817307692304 0.06409105769230769 0.31862817307692304 0.08287085576923078 0.3235796057692308 0.08287085576923078 0.3235796057692308 0.06409105769230769
0 0.33435625480769227 0.058874447115384615 0.32911356009615383 0.058874447115384615 0.32911356009615383 0.07713258413461539 0.33435625480769227 0.07713258413461539 0.33435625480769227 0.058874447115384615