0 0.6106572572115385 0.6688772932692307 0.6005012403846154 0.6688772932692307 0.6005012403846154 0.6897101490384615 0.6106572572115385 0.6897101490384615 0.6106572572115385 0.6688772932692307
0 0.63143803125 0.5441579254807692 0.6228444783653846 0.5441579254807692 0.6228444783653846 0.5744350096153846 0.63143803125 0.5744350096153846 0.63143803125 0.5441579254807692
0 0.5940951370192308 0.5863791802884616 0.5861265697115384 0.5863791802884616 0.5861265697115384 0.6041565528846153 0.5940951370192308 0.6041565528846153 0.5940951370192308 0.5863791802884616
0 0.5845641057692308 0.6741549495192308 0.5751893197115385 0.6741549495192308 0.5751893197115385 0.690821233173077 0.5845641057692308 0.690821233173077 0.5845641057692308 0.6741549495192308
0 0.5373776850961538 0.5972122668269231 0.5292528701923077 0.5972122668269231 0.5292528701923077 0.6141563221153846 0.5373776850961538 0.6141563221153846 0.5373776850961538 0.5972122668269231
0 0.5625560288461539 0.5411645528846154 0.55805053125 0.5411645528846154 0.55805053125 0.5636647307692308 0.5625560288461539 0.5636647307692308 0.5625560288461539 0.5411645528846154
0 0.5592793028846154 0.5373052980769231 0.5541594206730769 0.5373052980769231 0.5541594206730769 0.5601695576923077 0.5592793028846154 0.5601695576923077 0.5592793028846154 0.5373052980769231
0 0.03245236057692308 0.756469875 0.022499307692307693 0.756469875 0.022499307692307693 0.7866157451923077 0.03245236057692308 0.7866157451923077 0.03245236057692308 0.756469875
0 0.03773607932692308 0.7499892403846153 0.025776033653846155 0.7499892403846153 0.025776033653846155 0.7796982139423078 0.03773607932692308 0.7796982139423078 0.03773607932692308 0.7499892403846153
0 0.22313010817307694 0.8044939086538462 0.21297226201923078 0.8044939086538462 0.21297226201923078 0.8358776538461539 0.22313010817307694 0.8358776538461539 0.22313010817307694 0.8044939086538462
0 0.27263601442307694 0.8179014134615384 0.26641023557692306 0.8179014134615384 0.26641023557692306 0.8481346634615385 0.27263601442307694 0.8481346634615385 0.27263601442307694 0.8179014134615384
0 0.2158674735576923 0.37388371394230774 0.2076756610576923 0.37388371394230774 0.2076756610576923 0.3900397884615385 0.2158674735576923 0.3900397884615385 0.2158674735576923 0.37388371394230774
0 0.33077084375 0.39244951201923073 0.32248978124999994 0.39244951201923073 0.32248978124999994 0.4152267692307693 0.33077084375 0.4152267692307693 0.33077084375 0.39244951201923073
0 0.31358373557692304 0.3591169423076923 0.3073338798076923 0.3591169423076923 0.3073338798076923 0.3830052836538461 0.31358373557692304 0.3830052836538461 0.31358373557692304 0.3591169423076923
0 0.4860610192307692 0.34069654326923077 0.48131112740384613 0.34069654326923077 0.48131112740384613 0.36402934375 0.4860610192307692 0.36402934375 0.4860610192307692 0.34069654326923077
0 0.5001856947115384 0.3602516538461539 0.49418583173076924 0.3602516538461539 0.49418583173076924 0.3842511033653846 0.5001856947115384 0.3842511033653846 0.5001856947115384 0.3602516538461539
0 0.23419919951923077 0.28796988701923076 0.22819933653846156 0.28796988701923076 0.22819933653846156 0.30996938221153847 0.23419919951923077 0.30996938221153847 0.23419919951923077 0.28796988701923076
0 0.1686054543269231 0.2847318966346154 0.15954316346153846 0.2847318966346154 0.15954316346153846 0.30167595192307695 0.1686054543269231 0.30167595192307695 0.1686054543269231 0.2847318966346154
0 0.2807250120192308 0.13867540625 0.2740691634615385 0.13867540625 0.2740691634615385 0.1590411610576923 0.2807250120192308 0.1590411610576923 0.2807250120192308 0.13867540625
0 0.25378162740384613 0.15574168269230768 0.2495577235576923 0.15574168269230768 0.2495577235576923 0.17485591105769233 0.25378162740384613 0.17485591105769233 0.25378162740384613 0.15574168269230768
0 0.2495577235576923 0.15403505528846154 0.2459098076923077 0.15403505528846154 0.2459098076923077 0.1729217331730769 0.2495577235576923 0.1729217331730769 0.2495577235576923 0.15403505528846154
0 0.22824439423076923 0.032112841346153845 0.2227245216346154 0.032112841346153845 0.2227245216346154 0.04846802163461539 0.22824439423076923 0.04846802163461539 0.22824439423076923 0.032112841346153845
0 0.21208476442307692 0.011064435096153846 0.20784486298076923 0.011064435096153846 0.20784486298076923 0.026424081730769232 0.21208476442307692 0.026424081730769232 0.21208476442307692 0.011064435096153846
0 0.06377035576923076 0.15942514182692308 0.05705306971153846 0.15942514182692308 0.05705306971153846 0.18090589423076922 0.06377035576923076 0.18090589423076922 0.06377035576923076 0.15942514182692308
1 0.9978065985576923 0.9556339663461538 0.90434865625 0.9556339663461538 0.9010108725961538 0.9556339663461538 0.9010108725961538 0.9878462283653846 0.9978065985576923 0.9878462283653846 0.9978065985576923 0.9556339663461538
1 0.9882700745192309 0.8310233749999999 0.9100705697115384 0.8310233749999999 0.9100705697115384 0.9556339663461538 0.9882700745192309 0.9556339663461538 0.9882700745192309 0.8310233749999999
0 0.44941809375 0.7499526177884616 0.45760990625000003 0.7499526177884616 0.45760990625000003 0.7216226009615384 0.44941809375 0.7216226009615384 0.44941809375 0.7499526177884616
0 0.46938563701923075 0.7388026514423077 0.47392953125 0.7388026514423077 0.47392953125 0.7220777019230769 0.46938563701923075 0.7220777019230769 0.46938563701923075 0.7388026514423077
0 0.15109508173076922 0.03812607692307692 0.15578735096153845 0.03812607692307692 0.15578735096153845 0.030157081730769232 0.15109508173076922 0.030157081730769232 0.15109508173076922 0.03812607692307692
0 0.1790680985576923 0.042408483173076925 0.17389087259615385 0.042408483173076925 0.17389087259615385 0.05312701442307692 0.1790680985576923 0.05312701442307692 0.1790680985576923 0.042408483173076925
0 0.18269428846153846 0 0.18269428846153846 0.007066774038461538 0.18603654807692308 0.007066774038461538 0.18603654807692308 0 0.18269428846153846 0
0 0.18846132451923078 0.006367740384615384 0.19167251442307692 0.006367740384615384 0.19167251442307692 0.00013468028846153846 0.18846132451923078 0.00013468028846153846 0.18846132451923078 0.006367740384615384
0 0.06377035576923076 0.1814284903846154 0.06834234134615384 0.1814284903846154 0.06834234134615384 0.16582373076923076 0.06377035576923076 0.16582373076923076 0.06377035576923076 0.1814284903846154
0 0.07423323317307692 0.15680858413461538 0.06960774278846155 0.15680858413461538 0.06960774278846155 0.1767926201923077 0.07423323317307692 0.1767926201923077 0.07423323317307692 0.15680858413461538
0 0.15235837259615384 0.10819514423076923 0.14638826201923077 0.10819514423076923 0.14638826201923077 0.12301584374999999 0.15235837259615384 0.12301584374999999 0.15235837259615384 0.10819514423076923