1 0.9817606490384615 0.05169753125 0.8182109086538462 0.05169753125 0.8182109086538462 0.1688674951923077 0.9817606490384615 0.1688674951923077 0.9817606490384615 0.05169753125
0 0.5188437740384615 0.8667929278846154 0.4918225120192308 0.8667929278846154 0.4918225120192308 0.9584911610576923 0.5188437740384615 0.9584911610576923 0.5188437740384615 0.8667929278846154
0 0.44773519230769226 1 0.44773519230769226 0.9368401899038462 0.42640261778846156 0.9368401899038462 0.42640261778846156 1 0.44773519230769226 1
0 0.45769039423076924 0.8718872740384616 0.4406243341346154 0.8718872740384616 0.4406243341346154 0.9432081225961538 0.45769039423076924 0.9432081225961538 0.45769039423076924 0.8718872740384616
0 0.47333428125 0.8604249951923078 0.45484605048076926 0.8604249951923078 0.45484605048076926 0.9304722572115385 0.47333428125 0.9304722572115385 0.47333428125 0.8604249951923078
0 0.4328023894230769 0.8400476105769231 0.4086254711538461 0.8400476105769231 0.4086254711538461 0.926651497596154 0.4328023894230769 0.926651497596154 0.4328023894230769 0.8400476105769231
0 0.9836811490384616 0.6008293389423077 0.9710986850961538 0.6008293389423077 0.9710986850961538 0.6225304375 0.9836811490384616 0.6225304375 0.9836811490384616 0.6008293389423077
0 0.9992927259615385 0.59456940625 0.9843801754807693 0.59456940625 0.9843801754807693 0.6241997548076923 0.9992927259615385 0.6241997548076923 0.9992927259615385 0.59456940625
0 0.9659724951923077 0.5549231658653846 0.9564191418269231 0.5549231658653846 0.9564191418269231 0.5883094735576923 0.9659724951923077 0.5883094735576923 0.9659724951923077 0.5549231658653846
0 0.9722637283653845 0.5081823341346154 0.9648074519230769 0.5081823341346154 0.9648074519230769 0.5365606971153846 0.9722637283653845 0.5365606971153846 0.9722637283653845 0.5081823341346154
0 0.95851621875 0.43389780048076926 0.9526910048076923 0.43389780048076926 0.9526910048076923 0.4601895168269231 0.95851621875 0.4601895168269231 0.95851621875 0.43389780048076926
0 0.9743608052884615 0.44641766586538456 0.9659724951923077 0.44641766586538456 0.9659724951923077 0.46060684615384617 0.9743608052884615 0.46060684615384617 0.9743608052884615 0.44641766586538456
0 0.9254289975961538 0.45977218990384616 0.9179727235576922 0.45977218990384616 0.9179727235576922 0.4814732884615385 0.9254289975961538 0.4814732884615385 0.9254289975961538 0.45977218990384616
0 0.9349823509615385 0.48564657692307694 0.9284581105769232 0.48564657692307694 0.9284581105769232 0.5169462403846153 0.9349823509615385 0.5169462403846153 0.9349823509615385 0.48564657692307694
0 0.8953708870192307 0.4752133557692308 0.8862835528846154 0.4752133557692308 0.8862835528846154 0.5094343221153846 0.8953708870192307 0.5094343221153846 0.8953708870192307 0.4752133557692308
0 0.8578565024038463 0.5065130192307692 0.85016721875 0.5065130192307692 0.85016721875 0.5478285745192307 0.8578565024038463 0.5478285745192307 0.8578565024038463 0.5065130192307692
0 0.8557594254807692 0.56744303125 0.8459730649038462 0.56744303125 0.8459730649038462 0.6183571490384616 0.8557594254807692 0.6183571490384616 0.8557594254807692 0.56744303125
0 0.8604195985576923 0.5557578245192307 0.8515652692307693 0.5557578245192307 0.8515652692307693 0.6066719423076923 0.8604195985576923 0.6066719423076923 0.8604195985576923 0.5557578245192307
0 0.8799923197115385 0.5778762524038462 0.8711379927884615 0.5778762524038462 0.8711379927884615 0.6304596875 0.8799923197115385 0.6304596875 0.8799923197115385 0.5778762524038462
0 0.8753321490384616 0.6358849615384615 0.889545673076923 0.6358849615384615 0.889545673076923 0.586222829326923 0.8753321490384616 0.586222829326923 0.8753321490384616 0.6358849615384615
0 0.8035654975961539 0.5561751514423077 0.7937791370192309 0.5561751514423077 0.7937791370192309 0.6100105721153846 0.8035654975961539 0.6100105721153846 0.8035654975961539 0.5561751514423077
0 0.8464390817307692 0.5081823341346154 0.8406138653846154 0.5081823341346154 0.8406138653846154 0.5503325480769231 0.8464390817307692 0.5503325480769231 0.8464390817307692 0.5081823341346154
0 0.6837990745192308 0.4543469134615385 0.6772748341346154 0.4543469134615385 0.6772748341346154 0.48439459134615387 0.6837990745192308 0.48439459134615387 0.6837990745192308 0.4543469134615385
0 0.7390221153846154 0.39759019230769227 0.7338959254807692 0.39759019230769227 0.7338959254807692 0.41845663221153845 0.7390221153846154 0.41845663221153845 0.7390221153846154 0.39759019230769227
0 0.7487793509615385 0.3946949735576923 0.7433182115384616 0.3946949735576923 0.7433182115384616 0.418821795673077 0.7487793509615385 0.418821795673077 0.7487793509615385 0.3946949735576923
0 0.7677112980769232 0.39991158413461536 0.7633423870192307 0.39991158413461536 0.7633423870192307 0.42077802403846154 0.7677112980769232 0.42077802403846154 0.7677112980769232 0.39991158413461536
0 0.7782695024038462 0.40056365865384613 0.7720802115384615 0.40056365865384613 0.7720802115384615 0.42403840625 0.7782695024038462 0.42403840625 0.7782695024038462 0.40056365865384613
0 0.6687918653846154 0.46886539423076923 0.6600540432692308 0.46886539423076923 0.6600540432692308 0.5059033293269231 0.6687918653846154 0.5059033293269231 0.6687918653846154 0.46886539423076923
0 0.6410055889423076 0.4704303774038462 0.6350056177884615 0.4704303774038462 0.6350056177884615 0.502251701923077 0.6410055889423076 0.502251701923077 0.6410055889423076 0.4704303774038462
0 0.6458987692307693 0.46761340625 0.6391415192307692 0.46761340625 0.6391415192307692 0.4968264254807692 0.6458987692307693 0.4968264254807692 0.6458987692307693 0.46761340625
0 0.665238483173077 0.40710072596153846 0.661044329326923 0.40710072596153846 0.661044329326923 0.42963648317307696 0.665238483173077 0.42963648317307696 0.665238483173077 0.40710072596153846
0 0.6615103461538462 0.3899902427884615 0.6566171658653845 0.3899902427884615 0.6566171658653845 0.4016754495192308 0.6615103461538462 0.4016754495192308 0.6615103461538462 0.3899902427884615
0 0.67246175 0.37162777403846153 0.6687336129807692 0.37162777403846153 0.6687336129807692 0.3891555841346154 0.67246175 0.3891555841346154 0.67246175 0.37162777403846153
0 0.678752983173077 0.37162777403846153 0.6752578533653846 0.37162777403846153 0.6752578533653846 0.38748626923076923 0.678752983173077 0.38748626923076923 0.678752983173077 0.37162777403846153
0 0.6354133822115385 0.3816436658653846 0.631452235576923 0.3816436658653846 0.631452235576923 0.39750216105769226 0.6354133822115385 0.39750216105769226 0.6354133822115385 0.3816436658653846
0 0.631452235576923 0.3808090072115385 0.626326048076923 0.3808090072115385 0.626326048076923 0.39750216105769226 0.631452235576923 0.39750216105769226 0.631452235576923 0.3808090072115385
0 0.6239959615384615 0.3929115432692308 0.6207338413461538 0.3929115432692308 0.6207338413461538 0.4062660673076923 0.6239959615384615 0.4062660673076923 0.6239959615384615 0.3929115432692308
0 0.6207338413461538 0.38498229567307696 0.6167726947115385 0.38498229567307696 0.6167726947115385 0.3979194903846154 0.6207338413461538 0.3979194903846154 0.6207338413461538 0.38498229567307696
0 0.6154808942307692 0.36743445192307694 0.6114246802884615 0.36743445192307694 0.6114246802884615 0.3819641730769231 0.6154808942307692 0.3819641730769231 0.6154808942307692 0.36743445192307694
0 0.6084421706730769 0.38367355288461535 0.6061754639423077 0.38367355288461535 0.6061754639423077 0.3986306177884615 0.6084421706730769 0.3986306177884615 0.6084421706730769 0.38367355288461535
0 0.6071298653846153 0.3881606730769231 0.6037894543269231 0.3881606730769231 0.6037894543269231 0.4018357043269231 0.6071298653846153 0.4018357043269231 0.6071298653846153 0.3881606730769231
0 0.5998525408653846 0.3787590889423077 0.5973472331730769 0.3787590889423077 0.5973472331730769 0.3941435 0.5998525408653846 0.3941435 0.5998525408653846 0.3787590889423077
0 0.581003076923077 0.36957117548076923 0.5776626658653846 0.36957117548076923 0.5776626658653846 0.38089581250000004 0.581003076923077 0.38089581250000004 0.581003076923077 0.36957117548076923
0 0.5549955889423077 0.3599559206730769 0.5527288822115385 0.3599559206730769 0.5527288822115385 0.3714942283653846 0.5549955889423077 0.3714942283653846 0.5549955889423077 0.3599559206730769
0 0.5616017980769231 0.4220322451923077 0.5544437740384616 0.4220322451923077 0.5544437740384616 0.4487412908653846 0.5616017980769231 0.4487412908653846 0.5616017980769231 0.4220322451923077
0 0.5138816370192308 0.43431840384615383 0.5094078701923077 0.43431840384615383 0.5094078701923077 0.45835654567307693 0.5138816370192308 0.45835654567307693 0.5138816370192308 0.43431840384615383
0 0.5094078701923077 0.4313804110576923 0.5029954735576923 0.4313804110576923 0.5029954735576923 0.45835654567307693 0.5094078701923077 0.45835654567307693 0.5094078701923077 0.4313804110576923
0 0.45342387740384615 0.5318396634615384 0.4427575913461539 0.5318396634615384 0.4427575913461539 0.5776887788461539 0.45342387740384615 0.5776887788461539 0.45342387740384615 0.5318396634615384
0 0.48328948317307696 0.5318396634615384 0.4704899375 0.5318396634615384 0.4704899375 0.5815095408653846 0.48328948317307696 0.5815095408653846 0.48328948317307696 0.5318396634615384
0 0.3218889278846154 0.49826588461538457 0.3160637139423077 0.49826588461538457 0.3160637139423077 0.5349908221153846 0.3218889278846154 0.5349908221153846 0.3218889278846154 0.49826588461538457
0 0.31816079086538457 0.4949272548076923 0.3100054903846154 0.4949272548076923 0.3100054903846154 0.5299828774038462 0.31816079086538457 0.5299828774038462 0.31816079086538457 0.4949272548076923
0 0.3048793004807692 0.42398135096153844 0.2957919639423077 0.42398135096153844 0.2957919639423077 0.44025717548076926 0.3048793004807692 0.44025717548076926 0.3048793004807692 0.42398135096153844
0 0.31865290384615386 0.4200951850961539 0.31364228846153847 0.4200951850961539 0.31364228846153847 0.43590693990384616 0.31865290384615386 0.43590693990384616 0.31865290384615386 0.4200951850961539
0 0.31459669230769227 0.44872728125 0.31865290384615386 0.44872728125 0.31865290384615386 0.42522331971153843 0.31459669230769227 0.42522331971153843 0.31459669230769227 0.44872728125
0 0.3237828221153846 0.41795846153846156 0.3191301057692308 0.41795846153846156 0.3191301057692308 0.4435991442307692 0.3237828221153846 0.4435991442307692 0.3237828221153846 0.41795846153846156
0 0.3450182932692308 0.4237276153846154 0.34096208173076925 0.4237276153846154 0.34096208173076925 0.4444538341346154 0.3450182932692308 0.4444538341346154 0.3450182932692308 0.4237276153846154
0 0.3376216682692308 0.40171936057692303 0.33273035336538465 0.40171936057692303 0.33273035336538465 0.41432603125 0.3376216682692308 0.41432603125 0.3376216682692308 0.40171936057692303
0 0.32807763701923076 0.40214670432692307 0.32449862500000004 0.40214670432692307 0.32449862500000004 0.4151807211538462 0.32807763701923076 0.4151807211538462 0.32807763701923076 0.40214670432692307
0 0.3680432740384615 0.3961638798076923 0.36386775721153847 0.3961638798076923 0.36386775721153847 0.4121893076923077 0.3680432740384615 0.4121893076923077 0.3680432740384615 0.3961638798076923
0 0.3773487043269231 0.38868534615384615 0.37329249038461537 0.38868534615384615 0.37329249038461537 0.40513811778846154 0.3773487043269231 0.40513811778846154 0.3773487043269231 0.38868534615384615
0 0.5149406850961539 0.3732391514423077 0.5118090480769231 0.3732391514423077 0.5118090480769231 0.38258731730769235 0.5149406850961539 0.38258731730769235 0.5149406850961539 0.3732391514423077
0 0.497493 0.4392104951923077 0.4918262307692308 0.4392104951923077 0.4918262307692308 0.45122956490384614 0.497493 0.45122956490384614 0.497493 0.4392104951923077
0 0.4673696490384615 0.39060003125 0.4627467572115384 0.39060003125 0.4627467572115384 0.40635836778846157 0.4673696490384615 0.40635836778846157 0.4673696490384615 0.39060003125
0 0.46572926682692306 0.3745746033653846 0.4622993798076923 0.3745746033653846 0.4622993798076923 0.3879291274038461 0.46572926682692306 0.3879291274038461 0.46572926682692306 0.3745746033653846
0 0.46901002884615384 0.3740404230769231 0.46572926682692306 0.3740404230769231 0.46572926682692306 0.3879291274038461 0.46901002884615384 0.3879291274038461 0.46901002884615384 0.3740404230769231
0 0.47870318749999996 0.3660277091346154 0.4770628052884615 0.3660277091346154 0.4770628052884615 0.37777968990384614 0.47870318749999996 0.37777968990384614 0.47870318749999996 0.3660277091346154
0 0.4815365721153846 0.3654935288461539 0.47870318749999996 0.3654935288461539 0.47870318749999996 0.37777968990384614 0.4815365721153846 0.37777968990384614 0.4815365721153846 0.3654935288461539
0 0.49958075721153844 0.3644251658653846 0.497493 0.3644251658653846 0.497493 0.37510878365384615 0.49958075721153844 0.37510878365384615 0.49958075721153844 0.3644251658653846
0 0.5677311129807692 0.34866682932692306 0.5654942307692308 0.34866682932692306 0.5654942307692308 0.3569466322115385 0.5677311129807692 0.3569466322115385 0.5677311129807692 0.34866682932692306
0 0.4585712427884615 0.3596175384615385 0.45618523557692303 0.3596175384615385 0.45618523557692303 0.37190369951923075 0.4585712427884615 0.37190369951923075 0.4585712427884615 0.3596175384615385
0 0.45872036778846154 0.34305793028846154 0.45588698317307697 0.34305793028846154 0.45588698317307697 0.35347445673076927 0.45872036778846154 0.35347445673076927 0.45872036778846154 0.34305793028846154
0 0.4071229423076923 0.34572883413461536 0.40145617307692305 0.34572883413461536 0.40145617307692305 0.35935044711538466 0.4071229423076923 0.35935044711538466 0.4071229423076923 0.34572883413461536
0 0.37774521875 0.34225665865384614 0.3747627091346154 0.34225665865384614 0.3747627091346154 0.3513377331730769 0.37774521875 0.3513377331730769 0.37774521875 0.34225665865384614
0 0.35604542307692305 0.36469375721153846 0.35119884375 0.36469375721153846 0.35119884375 0.38005145913461535 0.35604542307692305 0.38005145913461535 0.35604542307692305 0.36469375721153846
0 0.3251018798076923 0.3676985240384615 0.3204417091346154 0.3676985240384615 0.3204417091346154 0.3810530480769231 0.3251018798076923 0.3810530480769231 0.3251018798076923 0.3676985240384615
0 0.3204417091346154 0.36602920913461534 0.31578153605769227 0.36602920913461534 0.31578153605769227 0.37804827884615383 0.3204417091346154 0.37804827884615383 0.3204417091346154 0.36602920913461534
0 0.33759114182692307 0.34232493028846156 0.3344222235576923 0.34232493028846156 0.3344222235576923 0.3513392331730769 0.33759114182692307 0.3513392331730769 0.33759114182692307 0.34232493028846156
0 0.29676803365384613 0.34366038221153844 0.29359911778846154 0.34366038221153844 0.29359911778846154 0.35300854807692306 0.29676803365384613 0.35300854807692306 0.29676803365384613 0.34366038221153844
0 0.3001233581730769 0.3336444903846154 0.29639522115384614 0.3336444903846154 0.29639522115384614 0.3386524375 0.3001233581730769 0.3386524375 0.3001233581730769 0.3336444903846154
0 0.28670206249999997 0.3326429014423077 0.2842787740384615 0.3326429014423077 0.2842787740384615 0.3396540264423077 0.28670206249999997 0.3396540264423077 0.28670206249999997 0.3326429014423077
0 0.2883797235576923 0.34633128846153843 0.28614284134615386 0.34633128846153843 0.28614284134615386 0.35701490625 0.2883797235576923 0.35701490625 0.2883797235576923 0.34633128846153843
0 0.2846515865384615 0.34466197115384617 0.2816690769230769 0.34466197115384617 0.2816690769230769 0.35534559134615384 0.2846515865384615 0.35534559134615384 0.2846515865384615 0.34466197115384617
0 0.2816690769230769 0.3469990144230769 0.27943219471153846 0.3469990144230769 0.27943219471153846 0.35534559134615384 0.2816690769230769 0.35534559134615384 0.2816690769230769 0.3469990144230769
0 0.2723487331730769 0.34532969951923076 0.26992544230769233 0.34532969951923076 0.26992544230769233 0.3563471802884616 0.2723487331730769 0.3563471802884616 0.2723487331730769 0.34532969951923076
0 0.25256723317307694 0.34543653365384613 0.24994262500000003 0.34543653365384613 0.24994262500000003 0.35654749759615384 0.25256723317307694 0.35654749759615384 0.25256723317307694 0.34543653365384613
0 0.24946542307692307 0.34543653365384613 0.24719871634615384 0.34543653365384613 0.24719871634615384 0.35825687740384615 0.24946542307692307 0.35825687740384615 0.24946542307692307 0.34543653365384613
0 0.27414184375 0.3270179903846154 0.27156495432692307 0.3270179903846154 0.27156495432692307 0.33898364182692303 0.27414184375 0.33898364182692303 0.27414184375 0.3270179903846154
0 0.2803454639423077 0.3512911706730769 0.27700505288461535 0.3512911706730769 0.27700505288461535 0.3665046442307692 0.2803454639423077 0.3665046442307692 0.2803454639423077 0.3512911706730769
0 0.28740804807692305 0.32855643028846154 0.28540380288461537 0.32855643028846154 0.28540380288461537 0.33436831971153846 0.28740804807692305 0.33436831971153846 0.28740804807692305 0.32855643028846154
0 0.46686928846153847 0.5419655576923077 0.4574016105769231 0.5419655576923077 0.4574016105769231 0.5808026490384616 0.46686928846153847 0.5808026490384616 0.46686928846153847 0.5419655576923077