1 0.9160381610576922 0.3176037596153846 0.887637079326923 0.3176037596153846 0.887637079326923 0.3387311201923077 0.9160381610576922 0.3387311201923077 0.9160381610576922 0.3176037596153846
1 0.887637079326923 0.3587842091346154 0.9200666826923077 0.3587842091346154 0.9200666826923077 0.33550830288461536 0.887637079326923 0.33550830288461536 0.887637079326923 0.3587842091346154
1 0.8725301201923077 0.4053360216346154 0.9001254975961538 0.4053360216346154 0.9001254975961538 0.3845667524038462 0.8725301201923077 0.3845667524038462 0.8725301201923077 0.4053360216346154
1 0.8251949855769231 0.3863572067307692 0.8550060480769232 0.3863572067307692 0.8550060480769232 0.36558793509615384 0.8251949855769231 0.36558793509615384 0.8251949855769231 0.3863572067307692
1 0.8135122692307692 0.4035455673076923 0.8427190552884615 0.4035455673076923 0.8427190552884615 0.3795534783653846 0.8135122692307692 0.3795534783653846 0.8135122692307692 0.4035455673076923
1 0.7299204326923078 0.3315693028846154 0.70715928125 0.3315693028846154 0.70715928125 0.3541290288461539 0.7299204326923078 0.3541290288461539 0.7299204326923078 0.3315693028846154
1 0.6275959663461539 0.21948686057692307 0.6088633389423077 0.21948686057692307 0.6088633389423077 0.2384656778846154 0.6275959663461539 0.2384656778846154 0.6275959663461539 0.21948686057692307
1 0.8785729038461538 0.47623801442307695 0.8546031971153846 0.47623801442307695 0.8546031971153846 0.5030948269230769 0.8785729038461538 0.5030948269230769 0.8785729038461538 0.47623801442307695
1 0.8088794687499999 0.49951391826923075 0.7887368581730769 0.49951391826923075 0.7887368581730769 0.5224317355769231 0.8088794687499999 0.5224317355769231 0.8088794687499999 0.49951391826923075
1 0.783701204326923 0.5349649158653846 0.7575158100961539 0.5349649158653846 0.7575158100961539 0.5700578197115385 0.783701204326923 0.5700578197115385 0.783701204326923 0.5349649158653846
1 0.8648759278846154 0.5714901826923077 0.8249935576923076 0.5714901826923077 0.8249935576923076 0.6065830889423076 0.8648759278846154 0.6065830889423076 0.8648759278846154 0.5714901826923077
1 0.737574625 0.5421267331730769 0.7125977860576923 0.5421267331730769 0.7125977860576923 0.5675511850961539 0.737574625 0.5675511850961539 0.737574625 0.5421267331730769
1 0.6261859855769232 0.5077500096153846 0.5959720673076924 0.5077500096153846 0.5959720673076924 0.5403362788461539 0.6261859855769232 0.5403362788461539 0.6261859855769232 0.5077500096153846
1 0.5802608317307693 0.4006808413461539 0.56011821875 0.4006808413461539 0.56011821875 0.4354156538461539 0.5802608317307693 0.4354156538461539 0.5802608317307693 0.4006808413461539
1 0.9640871009615384 0.5403097572115384 0.9389491225961539 0.5403097572115384 0.9389491225961539 0.5712488076923077 0.9640871009615384 0.5712488076923077 0.9640871009615384 0.5403097572115384
1 0.9652473149038462 0.6553571923076924 0.9237374230769231 0.6553571923076924 0.9237374230769231 0.6943174783653846 0.9652473149038462 0.6943174783653846 0.9652473149038462 0.6553571923076924
1 0.8683049567307692 0.615938548076923 0.8345298269230769 0.615938548076923 0.8345298269230769 0.6434399254807693 0.8683049567307692 0.6434399254807693 0.8683049567307692 0.615938548076923
1 0.8392266418269231 0.7499907596153845 0.7935910384615384 0.7499907596153845 0.7935910384615384 0.8066418533653846 0.8392266418269231 0.8066418533653846 0.8392266418269231 0.7499907596153845
1 0.7200232980769231 0.7192173269230769 0.6810756706730768 0.7192173269230769 0.6810756706730768 0.7695738533653846 0.7200232980769231 0.7695738533653846 0.7200232980769231 0.7192173269230769
1 0.6145893173076923 0.708026985576923 0.5882308221153847 0.708026985576923 0.5882308221153847 0.7485919663461539 0.6145893173076923 0.7485919663461539 0.6145893173076923 0.708026985576923
1 0.5555777596153846 0.6541734759615385 0.5201708269230769 0.6541734759615385 0.5201708269230769 0.6912414759615384 0.5555777596153846 0.6912414759615384 0.5555777596153846 0.6541734759615385
1 0.5661998413461539 0.703830608173077 0.5386611129807692 0.703830608173077 0.5386611129807692 0.7422974014423077 0.5661998413461539 0.7422974014423077 0.5661998413461539 0.703830608173077
1 0.5339401899038462 0.7143215528846153 0.4957793846153846 0.7143215528846153 0.4957793846153846 0.760481701923077 0.5339401899038462 0.760481701923077 0.5339401899038462 0.7143215528846153
1 0.5850835384615385 0.8332189086538461 0.561872326923077 0.8332189086538461 0.561872326923077 0.8744832884615386 0.5850835384615385 0.8744832884615386 0.5850835384615385 0.8332189086538461
1 0.6169497788461539 0.8507038149038462 0.6055408774038461 0.8507038149038462 0.6055408774038461 0.8807778533653846 0.6169497788461539 0.8807778533653846 0.6169497788461539 0.8507038149038462
1 0.7176628341346153 0.8388140817307692 0.6802888509615385 0.8388140817307692 0.6802888509615385 0.8898700048076923 0.7176628341346153 0.8898700048076923 0.7176628341346153 0.8388140817307692
1 0.8262440985576922 0.8115376274038462 0.785329420673077 0.8115376274038462 0.785329420673077 0.8765814759615385 0.8262440985576922 0.8765814759615385 0.8262440985576922 0.8115376274038462
1 0.7955580889423076 0.8632929495192307 0.7644786706730768 0.8632929495192307 0.7644786706730768 0.9045573245192308 0.7955580889423076 0.9045573245192308 0.7955580889423076 0.8632929495192307
1 0.856930108173077 0.9017597403846154 0.8171956610576923 0.9017597403846154 0.8171956610576923 0.9528156658653846 0.856930108173077 0.9528156658653846 0.856930108173077 0.9017597403846154
1 0.8128681466346154 0.9577114399038462 0.7959514999999999 0.9577114399038462 0.7959514999999999 0.9877854759615385 0.8128681466346154 0.9877854759615385 0.8128681466346154 0.9577114399038462
1 0.7821821370192308 0.9003609471153846 0.7459883822115384 0.9003609471153846 0.7459883822115384 0.9423247211538462 0.7821821370192308 0.9423247211538462 0.7821821370192308 0.9003609471153846
1 0.7597577451923077 0.9416253245192308 0.7259244543269231 0.9416253245192308 0.7259244543269231 0.980791514423077 0.7597577451923077 0.980791514423077 0.7597577451923077 0.9416253245192308
1 0.713728733173077 0.8968639663461538 0.6751745144230769 0.8968639663461538 0.6751745144230769 0.9444229086538461 0.713728733173077 0.9444229086538461 0.713728733173077 0.8968639663461538
1 0.6806822596153845 0.9227416274038462 0.63504665625 0.9227416274038462 0.63504665625 0.9954788341346154 0.6806822596153845 0.9954788341346154 0.6806822596153845 0.9227416274038462
1 0.7428410985576923 0.9633066081730769 0.7042868822115385 0.9633066081730769 0.7042868822115385 0.9975770240384616 0.7428410985576923 0.9975770240384616 0.7428410985576923 0.9633066081730769
1 0.6393741706730769 0.9290361923076923 0.6055408774038461 0.9290361923076923 0.6055408774038461 0.9765951370192307 0.6393741706730769 0.9765951370192307 0.6393741706730769 0.9290361923076923
1 0.5953122091346154 0.9423247211538462 0.5721009951923077 0.9423247211538462 0.5721009951923077 0.9765951370192307 0.5953122091346154 0.9765951370192307 0.5953122091346154 0.9423247211538462
1 0.58429671875 0.9640060048076923 0.5591184543269231 0.9640060048076923 0.5591184543269231 0.9947794375 0.58429671875 0.9947794375 0.58429671875 0.9640060048076923
1 0.5721009951923077 0.9003609471153846 0.5422018076923076 0.9003609471153846 0.5422018076923076 0.9423247211538462 0.5721009951923077 0.9423247211538462 0.5721009951923077 0.9003609471153846
1 0.5457425 0.8500044182692308 0.5103355673076924 0.8500044182692308 0.5103355673076924 0.891268798076923 0.5457425 0.891268798076923 0.5457425 0.8500044182692308
1 0.5044344110576924 0.7982490985576922 0.48161661057692307 0.7982490985576922 0.48161661057692307 0.8353170985576923 0.5044344110576924 0.8353170985576923 0.5044344110576924 0.7982490985576922
1 0.5001068966346154 0.8388140817307692 0.47020770913461535 0.8388140817307692 0.47020770913461535 0.8758820817307692 0.5001068966346154 0.8758820817307692 0.5001068966346154 0.8388140817307692
1 0.5382677043269231 0.9003609471153846 0.5032541802884615 0.9003609471153846 0.5032541802884615 0.9465210985576923 0.5382677043269231 0.9465210985576923 0.5382677043269231 0.9003609471153846
1 0.5205642355769231 0.9206434399038461 0.4926321009615385 0.9206434399038461 0.4926321009615385 0.9598096274038461 0.5205642355769231 0.9598096274038461 0.5205642355769231 0.9206434399038461
1 0.4997134855769231 0.9486192884615385 0.4686340673076923 0.9486192884615385 0.4686340673076923 0.9877854759615385 0.4997134855769231 0.9877854759615385 0.4997134855769231 0.9486192884615385
1 0.4761088653846154 0.7632792884615385 0.4387348798076923 0.7632792884615385 0.4387348798076923 0.8073412499999999 0.4761088653846154 0.8073412499999999 0.4761088653846154 0.7632792884615385
1 0.4595856298076923 0.7947521177884614 0.4336205432692308 0.7947521177884614 0.4336205432692308 0.8388140817307692 0.4595856298076923 0.8388140817307692 0.4595856298076923 0.7947521177884614
1 0.42181823317307693 0.6891432884615385 0.3970333798076923 0.6891432884615385 0.3970333798076923 0.7241131009615385 0.42181823317307693 0.7241131009615385 0.42181823317307693 0.6891432884615385
1 0.4253589254807692 0.5387731009615385 0.39663996875 0.5387731009615385 0.39663996875 0.5758411009615385 0.4253589254807692 0.5758411009615385 0.4253589254807692 0.5387731009615385
1 0.43165349278846155 0.7304076658653845 0.40175430288461544 0.7304076658653845 0.40175430288461544 0.7688744591346153 0.43165349278846155 0.7688744591346153 0.43165349278846155 0.7304076658653845
1 0.4206380024038462 0.7688744591346153 0.40175430288461544 0.7688744591346153 0.40175430288461544 0.8003472884615385 0.4206380024038462 0.8003472884615385 0.4206380024038462 0.7688744591346153
1 0.3812969639423077 0.77027325 0.36674077884615386 0.77027325 0.36674077884615386 0.7947521177884614 0.3812969639423077 0.7947521177884614 0.3812969639423077 0.77027325
1 0.4694208894230769 0.84440925 0.4485701394230769 0.84440925 0.4485701394230769 0.8807778533653846 0.4694208894230769 0.8807778533653846 0.4694208894230769 0.84440925
1 0.46509337500000003 0.8695875144230769 0.43755464663461535 0.8695875144230769 0.43755464663461535 0.9122506826923077 0.46509337500000003 0.9122506826923077 0.46509337500000003 0.8695875144230769
1 0.3836574254807692 0.8129364182692308 0.3592659831730769 0.8129364182692308 0.3592659831730769 0.8465074399038461 0.3836574254807692 0.8465074399038461 0.3836574254807692 0.8129364182692308
1 0.37303534615384615 0.84440925 0.34038228365384615 0.84440925 0.34038228365384615 0.8884712115384615 0.37303534615384615 0.8884712115384615 0.37303534615384615 0.84440925
1 0.36241326682692304 0.8835754399038461 0.32543268990384616 0.8835754399038461 0.32543268990384616 0.9374289471153846 0.36241326682692304 0.9374289471153846 0.36241326682692304 0.8835754399038461
1 0.28814025 0.8695812475961537 0.26074629807692307 0.8695812475961537 0.26074629807692307 0.9100455144230769 0.28814025 0.9100455144230769 0.28814025 0.8695812475961537
1 0.26235770913461537 0.7929498004807692 0.22610100721153847 0.7929498004807692 0.22610100721153847 0.8434406129807692 0.26235770913461537 0.8434406129807692 0.26235770913461537 0.7929498004807692
1 0.22408674759615385 0.8609870673076923 0.1890386033653846 0.8609870673076923 0.1890386033653846 0.8993027884615384 0.22408674759615385 0.8993027884615384 0.22408674759615385 0.8609870673076923
1 0.23518563942307694 0.9139551394230769 0.20027046875 0.9139551394230769 0.20027046875 0.9629128774038461 0.23518563942307694 0.9629128774038461 0.23518563942307694 0.9139551394230769
1 0.21699041105769232 1 0.21699041105769232 0.9594158942307692 0.17764937259615385 0.9594158942307692 0.17764937259615385 1 0.21699041105769232 1
1 0.15994590625 0.8990929711538461 0.12109663221153846 0.8990929711538461 0.12109663221153846 0.9524219326923077 0.15994590625 0.9524219326923077 0.15994590625 0.8990929711538461
1 0.11716252644230768 0.7959320288461539 0.09896729807692307 0.7959320288461539 0.09896729807692307 0.8335245745192308 0.11716252644230768 0.8335245745192308 0.11716252644230768 0.7959320288461539
1 0.14814359375 0.7338606129807693 0.11568723798076924 0.7338606129807693 0.11568723798076924 0.7854410841346154 0.14814359375 0.7854410841346154 0.14814359375 0.7338606129807693
1 0.15650356490384618 0.8107941971153847 0.15650356490384618 0.7784471225961538 0.1235554471153846 0.7784471225961538 0.1235554471153846 0.8107941971153847 0.13339070432692307 0.8107941971153847 0.15650356490384618 0.8107941971153847
1 0.13339070432692307 0.8545064615384615 0.16338824759615383 0.8545064615384615 0.16338824759615383 0.8107941971153847 0.13339070432692307 0.8107941971153847 0.13339070432692307 0.8545064615384615
1 0.19928694471153846 0.7268666490384615 0.16289648317307692 0.7268666490384615 0.16289648317307692 0.7732016490384616 0.19928694471153846 0.7732016490384616 0.19928694471153846 0.7268666490384615
1 0.2651831826923077 0.7067590072115385 0.24059503365384616 0.7067590072115385 0.24059503365384616 0.7426030649038461 0.2651831826923077 0.7426030649038461 0.2651831826923077 0.7067590072115385
1 0.3777969014423077 0.5904843870192308 0.34829112259615386 0.5904843870192308 0.34829112259615386 0.6359451418269231 0.3777969014423077 0.6359451418269231 0.3777969014423077 0.5904843870192308
1 0.3453405456730769 0.6149632548076923 0.32173592307692306 0.6149632548076923 0.32173592307692306 0.6455618389423077 0.3453405456730769 0.6455618389423077 0.3453405456730769 0.6149632548076923
1 0.34042291586538465 0.6403163677884615 0.31140890144230765 0.6403163677884615 0.31140890144230765 0.6744119326923077 0.34042291586538465 0.6744119326923077 0.34042291586538465 0.6403163677884615
1 0.30698303365384616 0.6298254230769231 0.2843619375 0.6298254230769231 0.2843619375 0.6621724999999999 0.30698303365384616 0.6621724999999999 0.30698303365384616 0.6298254230769231
1 0.2932136706730769 0.5799934423076923 0.26567494471153846 0.5799934423076923 0.26567494471153846 0.6175859903846154 0.2932136706730769 0.6175859903846154 0.2932136706730769 0.5799934423076923
1 0.2843619375 0.6079692908653846 0.2607573149038461 0.6079692908653846 0.2607573149038461 0.6446875937500001 0.2843619375 0.6446875937500001 0.2843619375 0.6079692908653846
1 0.5379469014423077 0.36345528125 0.5140275504807692 0.36345528125 0.5140275504807692 0.38807402884615383 0.5379469014423077 0.38807402884615383 0.5379469014423077 0.36345528125
1 0.49797640625 0.35897914423076926 0.47783379567307693 0.35897914423076926 0.47783379567307693 0.38359789182692305 0.49797640625 0.38359789182692305 0.49797640625 0.35897914423076926
1 0.5143422788461538 0.39031209615384616 0.4913671129807692 0.39031209615384616 0.4913671129807692 0.41884746153846153 0.5143422788461538 0.41884746153846153 0.5143422788461538 0.39031209615384616
1 0.4860167331730769 0.38191934134615385 0.4690214038461538 0.38191934134615385 0.4690214038461538 0.40262146875 0.4860167331730769 0.40262146875 0.4860167331730769 0.38191934134615385
1 0.46839194711538457 0.39199064663461536 0.44856406490384615 0.39199064663461536 0.44856406490384615 0.4177284278846154 0.46839194711538457 0.4177284278846154 0.46839194711538457 0.39199064663461536
1 0.026678141826923078 0.5424008966346153 0.013400540865384615 0.5424008966346153 0.013400540865384615 0.5712509903846154 0.026678141826923078 0.5712509903846154 0.026678141826923078 0.5424008966346153
1 0.26370789182692306 0.6245799519230769 0.24157856009615383 0.6245799519230769 0.24157856009615383 0.6656694807692307 0.26370789182692306 0.6656694807692307 0.26370789182692306 0.6245799519230769
1 0.28239488701923077 0.9393082524038461 0.25239734375 0.9393082524038461 0.25239734375 0.9882659879807693 0.28239488701923077 0.9882659879807693 0.28239488701923077 0.9393082524038461
1 0.3409146778846154 0.954170423076923 0.31140890144230765 0.954170423076923 0.31140890144230765 0.9935114615384616 0.3409146778846154 0.9935114615384616 0.3409146778846154 0.954170423076923
1 0.42746496153846153 1 0.42746496153846153 0.9707810841346153 0.4048438653846154 0.9707810841346153 0.4048438653846154 1 0.42746496153846153 1
1 0.057659209134615384 0.5799934423076923 0.03848045192307692 0.5799934423076923 0.03848045192307692 0.6123405192307693 0.057659209134615384 0.6123405192307693 0.057659209134615384 0.5799934423076923
1 0.08864027403846153 0.5738737259615385 0.07290386057692308 0.5738737259615385 0.07290386057692308 0.6114662740384615 0.08864027403846153 0.6114662740384615 0.08864027403846153 0.5738737259615385
1 0.07831325240384615 0.6009753317307692 0.06306860096153846 0.6009753317307692 0.06306860096153846 0.63332240625 0.07831325240384615 0.63332240625 0.07831325240384615 0.6009753317307692
1 0.10732726682692308 0.5948556129807693 0.09404966826923077 0.5948556129807693 0.09404966826923077 0.6202087259615384 0.10732726682692308 0.6202087259615384 0.10732726682692308 0.5948556129807693
1 0.16879763942307693 0.6306996682692307 0.14568477884615386 0.6306996682692307 0.14568477884615386 0.6691664615384615 0.16879763942307693 0.6691664615384615 0.16879763942307693 0.6306996682692307
1 0.1801081875 0.6814058966346154 0.16535529807692306 0.6814058966346154 0.16535529807692306 0.7102559903846154 0.1801081875 0.7102559903846154 0.1801081875 0.6814058966346154
1 0.18059995192307693 0.6228314615384616 0.16830587740384614 0.6228314615384616 0.16830587740384614 0.6420648581730769 0.18059995192307693 0.6420648581730769 0.18059995192307693 0.6228314615384616
1 0.23272682692307692 0.6604240072115384 0.21502335817307694 0.6604240072115384 0.21502335817307694 0.6953938197115386 0.23272682692307692 0.6953938197115386 0.23272682692307692 0.6604240072115384
1 0.21699041105769232 0.46546731009615383 0.1938775504807692 0.46546731009615383 0.1938775504807692 0.5030598581730769 0.21699041105769232 0.5030598581730769 0.21699041105769232 0.46546731009615383
1 0.22535038221153847 0.43661721634615386 0.21207278125 0.43661721634615386 0.21207278125 0.4619703317307692 0.22535038221153847 0.4619703317307692 0.22535038221153847 0.43661721634615386
1 0.2745266778846154 0.41650957692307694 0.25485615865384614 0.41650957692307694 0.25485615865384614 0.4409884423076923 0.2745266778846154 0.4409884423076923 0.2745266778846154 0.41650957692307694
1 0.09306614182692309 0.5389039158653847 0.08028030528846154 0.5389039158653847 0.08028030528846154 0.5642570288461538 0.09306614182692309 0.5642570288461538 0.09306614182692309 0.5389039158653847
1 0.09847553605769231 0.5074310841346154 0.08962380048076923 0.5074310841346154 0.08962380048076923 0.5284129711538461 0.09847553605769231 0.5284129711538461 0.09847553605769231 0.5074310841346154
1 0.13437423076923077 0.5161735384615385 0.12257192067307693 0.5161735384615385 0.12257192067307693 0.5345326899038462 0.13437423076923077 0.5345326899038462 0.13437423076923077 0.5161735384615385
1 0.10634374278846154 0.5389039158653847 0.09306614182692309 0.5389039158653847 0.09306614182692309 0.5598858004807693 0.10634374278846154 0.5598858004807693 0.10634374278846154 0.5389039158653847
1 0.2312515360576923 0.36667759375000003 0.21846569951923078 0.36667759375000003 0.21846569951923078 0.3937791995192308 0.2312515360576923 0.3937791995192308 0.2312515360576923 0.36667759375000003
1 0.2607573149038461 0.3815397644230769 0.24698795192307693 0.3815397644230769 0.24698795192307693 0.3998989158653846 0.2607573149038461 0.3998989158653846 0.2607573149038461 0.3815397644230769
1 0.3030489302884615 0.35880938701923076 0.28780427884615384 0.35880938701923076 0.28780427884615384 0.3789170288461538 0.3030489302884615 0.3789170288461538 0.3030489302884615 0.35880938701923076
1 0.9659454134615384 0.7233696682692308 0.9241455624999999 0.7233696682692308 0.9241455624999999 0.7732016490384616 0.9659454134615384 0.7732016490384616 0.9659454134615384 0.7233696682692308
1 0.9777477259615384 0.8553807067307692 0.9290631923076924 0.8553807067307692 0.9290631923076924 0.9209491033653846 0.9777477259615384 0.9209491033653846 0.9777477259615384 0.8553807067307692
1 0.857265798076923 1 0.857265798076923 0.9637871201923077 0.8248094423076923 0.9637871201923077 0.8248094423076923 1 0.857265798076923 1
1 0.18748463221153847 0.6228314615384616 0.16830587740384614 0.6228314615384616 0.16830587740384614 0.6578012740384616 0.18748463221153847 0.6578012740384616 0.18748463221153847 0.6228314615384616
1 0.4451684278846154 0.2582711802884615 0.42992377644230767 0.2582711802884615 0.42992377644230767 0.2801273125 0.4451684278846154 0.2801273125 0.4451684278846154 0.2582711802884615
1 0.40926973317307697 0.21630740625 0.39648389423076924 0.21630740625 0.39648389423076924 0.24078627403846153 0.40926973317307697 0.24078627403846153 0.40926973317307697 0.21630740625
1 0.3477993605769231 0.2180558966346154 0.33452175961538466 0.2180558966346154 0.33452175961538466 0.24690599278846154 0.3477993605769231 0.24690599278846154 0.3477993605769231 0.2180558966346154
1 0.3355052860576923 0.24778023557692308 0.32812884134615383 0.24778023557692308 0.32812884134615383 0.2792530673076923 0.3355052860576923 0.2792530673076923 0.3355052860576923 0.24778023557692308
1 0.1340516346153846 0.31194284615384615 0.12523924278846155 0.31194284615384615 0.12523924278846155 0.3379044350961538 0.1340516346153846 0.3379044350961538 0.1340516346153846 0.31194284615384615
1 0.12700172115384614 0.3195522788461539 0.11869289423076923 0.3195522788461539 0.11869289423076923 0.34730431971153847 0.12700172115384614 0.34730431971153847 0.12700172115384614 0.3195522788461539
1 0.08671649759615385 0.34640909134615383 0.07563806249999999 0.34640909134615383 0.07563806249999999 0.37460874759615387 0.08671649759615385 0.37460874759615387 0.08671649759615385 0.34640909134615383
1 0.06632210576923077 0.3495423870192308 0.05448831971153846 0.3495423870192308 0.05448831971153846 0.37908488221153847 0.06632210576923077 0.37908488221153847 0.06632210576923077 0.3495423870192308
1 0.4221255961538462 0.1626670745192308 0.41406855048076924 0.1626670745192308 0.41406855048076924 0.18673077884615383 0.4221255961538462 0.18673077884615383 0.4221255961538462 0.1626670745192308
1 0.6169184951923078 0.0809619278846154 0.6118908990384615 0.0809619278846154 0.6118908990384615 0.09792111057692308 0.6169184951923078 0.09792111057692308 0.6169184951923078 0.0809619278846154
1 0.5992574543269231 0.08967069711538461 0.59268290625 0.08967069711538461 0.59268290625 0.10296303125 0.5992574543269231 0.10296303125 0.5992574543269231 0.08967069711538461
0 0.5935852956730769 0.07500329567307693 0.5867529206730769 0.07500329567307693 0.5867529206730769 0.08806644951923077 0.5935852956730769 0.08806644951923077 0.5935852956730769 0.07500329567307693
0 0.60080440625 0.059190002403846156 0.5960346370192308 0.059190002403846156 0.5960346370192308 0.08508713461538461 0.60080440625 0.08508713461538461 0.60080440625 0.059190002403846156
0 0.5632908076923078 0.07019055528846153 0.55594278125 0.07019055528846153 0.55594278125 0.09792111057692308 0.5632908076923078 0.09792111057692308 0.5632908076923078 0.07019055528846153
0 0.5765688173076924 0.04268917548076923 0.5723146971153846 0.04268917548076923 0.5723146971153846 0.05781493509615385 0.5765688173076924 0.05781493509615385 0.5765688173076924 0.04268917548076923
1 0.6158871947115384 0.0640027451923077 0.6118086586538461 0.0640027451923077 0.60828134375 0.0640027451923077 0.60828134375 0.08783727163461538 0.6158871947115384 0.08783727163461538 0.6158871947115384 0.0640027451923077
1 0.46820509374999997 0.15939652884615382 0.46618699278846154 0.15939652884615382 0.46240401923076924 0.15939652884615382 0.46240401923076924 0.17268886057692306 0.46820509374999997 0.17268886057692306 0.46820509374999997 0.15939652884615382
0 0.4440984158653846 0.1186028173076923 0.43739495432692305 0.1186028173076923 0.43739495432692305 0.14243734375 0.4440984158653846 0.14243734375 0.4440984158653846 0.1186028173076923
0 0.3900839879807692 0.15206282692307693 0.3823492259615385 0.15206282692307693 0.3823492259615385 0.1733763966346154 0.3900839879807692 0.1733763966346154 0.3900839879807692 0.15206282692307693
0 0.38338052884615387 0.14954186778846154 0.3777083677884615 0.14954186778846154 0.3777083677884615 0.1733763966346154 0.38338052884615387 0.1733763966346154 0.38338052884615387 0.14954186778846154
0 0.3762903293269231 0.1483959783653846 0.3708759951923077 0.1483959783653846 0.3708759951923077 0.1729180408653846 0.3762903293269231 0.1729180408653846 0.3762903293269231 0.1483959783653846
0 0.08835465865384616 0.29048481009615384 0.07594681009615384 0.29048481009615384 0.07594681009615384 0.32285622596153846 0.08835465865384616 0.32285622596153846 0.08835465865384616 0.29048481009615384
0 0.1610292019230769 0.24207092548076922 0.15216645192307693 0.24207092548076922 0.15216645192307693 0.27472881250000003 0.1610292019230769 0.27472881250000003 0.1610292019230769 0.24207092548076922
0 0.21952334375 0.22201783653846155 0.21436683413461538 0.22201783653846155 0.21436683413461538 0.2463680144230769 0.21952334375 0.2463680144230769 0.21952334375 0.22201783653846155
0 0.21501139903846156 0.21428307451923076 0.2074377764423077 0.21428307451923076 0.2074377764423077 0.2463680144230769 0.21501139903846156 0.2463680144230769 0.21501139903846156 0.21428307451923076
0 0.21436683413461538 0.21772074519230772 0.20969375 0.21772074519230772 0.20969375 0.23490910817307692 0.21436683413461538 0.23490910817307692 0.21436683413461538 0.21772074519230772
0 0.17988268509615385 0.23290379807692307 0.1716645 0.23290379807692307 0.1716645 0.2624104855769231 0.17988268509615385 0.2624104855769231 0.17988268509615385 0.23290379807692307
1 0.12713626682692308 0.25065139903846156 0.12713626682692308 0.16184486298076922 0.05301145673076923 0.16184486298076922 0.05301145673076923 0.2462743533653846 0.05301145673076923 0.25065139903846156 0.12713626682692308 0.25065139903846156
0 0.024711088942307693 0.2775045769230769 0.011433487980769232 0.2775045769230769 0.011433487980769232 0.3081031610576923 0.024711088942307693 0.3081031610576923 0.024711088942307693 0.2775045769230769
0 0.035240262019230764 0.2685046322115385 0.026087459134615385 0.2685046322115385 0.026087459134615385 0.30425642548076925 0.035240262019230764 0.30425642548076925 0.035240262019230764 0.2685046322115385
0 0.07159364663461538 0.27217148557692306 0.061925192307692306 0.27217148557692306 0.061925192307692306 0.3010479326923077 0.07159364663461538 0.3010479326923077 0.07159364663461538 0.27217148557692306
0 0.0880944735576923 0.2611709326923077 0.08164883894230769 0.2611709326923077 0.08164883894230769 0.2870680649038462 0.0880944735576923 0.2870680649038462 0.0880944735576923 0.2611709326923077
0 0.055995209134615385 0.2689629903846154 0.044393064903846154 0.2689629903846154 0.044393064903846154 0.30379806971153844 0.055995209134615385 0.30379806971153844 0.055995209134615385 0.2689629903846154
0 0.05083869951923077 0.25085791586538464 0.04104133413461538 0.25085791586538464 0.04104133413461538 0.27813011778846153 0.05083869951923077 0.27813011778846153 0.05083869951923077 0.25085791586538464
0 0.10253269711538461 0.2652961394230769 0.09492684855769232 0.2652961394230769 0.09492684855769232 0.30013121875 0.10253269711538461 0.30013121875 0.10253269711538461 0.2652961394230769
0 0.10588442788461538 0.27537997836538464 0.09892314182692306 0.27537997836538464 0.09892314182692306 0.3044856033653846 0.10588442788461538 0.3044856033653846 0.10588442788461538 0.27537997836538464
0 0.12315873076923077 0.2572749038461538 0.11413484134615384 0.2572749038461538 0.11413484134615384 0.28890148798076926 0.12315873076923077 0.28890148798076926 0.12315873076923077 0.2572749038461538
0 0.47236775240384615 0.08944605048076923 0.46708233173076924 0.08944605048076923 0.46708233173076924 0.1130514014423077 0.47236775240384615 0.1130514014423077 0.47236775240384615 0.08944605048076923
0 0.46037887019230767 0.09609221874999999 0.4532886706730769 0.09609221874999999 0.4532886706730769 0.11923921153846154 0.46037887019230767 0.11923921153846154 0.46037887019230767 0.09609221874999999
0 0.44955020192307693 0.07019508653846154 0.4441358677884616 0.07019508653846154 0.4441358677884616 0.09609221874999999 0.44955020192307693 0.09609221874999999 0.44955020192307693 0.07019508653846154
0 0.4451671706730769 0.07294522596153846 0.4397528365384616 0.07294522596153846 0.4397528365384616 0.09884235576923077 0.4451671706730769 0.09884235576923077 0.4451671706730769 0.07294522596153846
0 0.43739495432692305 0.09632139663461539 0.4317602475961539 0.09632139663461539 0.4317602475961539 0.1242811298076923 0.43739495432692305 0.1242811298076923 0.43739495432692305 0.09632139663461539
0 0.4067511826923077 0.09059194230769231 0.4009501081730769 0.09059194230769231 0.4009501081730769 0.11144715384615383 0.4067511826923077 0.11144715384615383 0.4067511826923077 0.09059194230769231
0 0.37568321875 0.10718503365384616 0.37568321875 0.09723810817307693 0.37013997115384617 0.09723810817307693 0.37013997115384617 0.1196975673076923 0.37568321875 0.1196975673076923 0.37568321875 0.10718503365384616
0 0.5363084567307692 0.08050810336538462 0.5303784735576923 0.08050810336538462 0.5303784735576923 0.1004466033653846 0.5363084567307692 0.1004466033653846 0.5363084567307692 0.08050810336538462
0 0.5253508774038461 0.07936221153846154 0.5194208918269231 0.07936221153846154 0.5194208918269231 0.09930071153846153 0.5253508774038461 0.09930071153846153 0.5253508774038461 0.07936221153846154
0 0.5191630673076923 0.08119563701923077 0.5149089471153846 0.08119563701923077 0.5149089471153846 0.10342591826923077 0.5191630673076923 0.10342591826923077 0.5191630673076923 0.08119563701923077
0 0.517229375 0.058507 0.5120728677884615 0.058507 0.5120728677884615 0.08119563701923077 0.517229375 0.08119563701923077 0.517229375 0.058507
0 0.5070452716346154 0.06194467307692308 0.5017598509615385 0.06194467307692308 0.5017598509615385 0.0814248173076923 0.5070452716346154 0.0814248173076923 0.5070452716346154 0.06194467307692308
0 0.5462347355769231 0.05873618028846154 0.5395312740384616 0.05873618028846154 0.5395312740384616 0.08555002163461538 0.5462347355769231 0.08555002163461538 0.5462347355769231 0.05873618028846154
0 0.5743377067307692 0.05988206971153846 0.5666029447115385 0.05988206971153846 0.5666029447115385 0.08486248798076924 0.5743377067307692 0.08486248798076924 0.5743377067307692 0.05988206971153846
0 0.4788133870192308 0.10388427403846154 0.47133645192307694 0.10388427403846154 0.47133645192307694 0.12703126923076924 0.4788133870192308 0.12703126923076924 0.4788133870192308 0.10388427403846154
0 0.6282220552884615 0.03413343269230769 0.6233233725961539 0.03413343269230769 0.6233233725961539 0.05750960576923077 0.6282220552884615 0.05750960576923077 0.6282220552884615 0.03413343269230769
0 0.6475589639423076 0.01717425 0.6438204951923077 0.01717425 0.6438204951923077 0.03757110576923077 0.6475589639423076 0.03757110576923077 0.6475589639423076 0.01717425
0 0.6131392692307692 0.017861783653846153 0.6063068942307692 0.017861783653846153 0.6063068942307692 0.040779600961538466 0.6131392692307692 0.040779600961538466 0.6131392692307692 0.017861783653846153
0 0.6204872932692307 0.015799182692307692 0.6159753485576923 0.015799182692307692 0.6159753485576923 0.03573768028846154 0.6204872932692307 0.03573768028846154 0.6204872932692307 0.015799182692307692
0 0.6185536033653847 0.037341927884615385 0.6185536033653847 0.036883572115384615 0.6117212307692308 0.036883572115384615 0.6117212307692308 0.05796796153846154 0.6185536033653847 0.05796796153846154 0.6185536033653847 0.037341927884615385
0 0.6377720192307692 0.032132944711538464 0.6306818221153846 0.032132944711538464 0.6306818221153846 0.05252980288461539 0.6377720192307692 0.05252980288461539 0.6377720192307692 0.032132944711538464
0 0.6444754807692308 0.02754938221153846 0.6394478846153846 0.02754938221153846 0.6394478846153846 0.04427938942307692 0.6444754807692308 0.04427938942307692 0.6444754807692308 0.02754938221153846
0 0.6558198004807692 0.02479924519230769 0.6502765528846154 0.02479924519230769 0.6502765528846154 0.04084171634615385 0.6558198004807692 0.04084171634615385 0.6558198004807692 0.02479924519230769
0 0.6773482235576923 0.013340336538461537 0.6700001971153846 0.013340336538461537 0.6700001971153846 0.03671650961538461 0.6773482235576923 0.03671650961538461 0.6773482235576923 0.013340336538461537
0 0.6159753485576923 0.002798144230769231 0.6069618822115385 0.002798144230769231 0.6069618822115385 0.01998650480769231 0.6159753485576923 0.01998650480769231 0.6159753485576923 0.002798144230769231
0 0.6302950817307693 0.0037148557692307693 0.623978360576923 0.0037148557692307693 0.623978360576923 0.024570067307692307 0.6302950817307693 0.024570067307692307 0.6302950817307693 0.0037148557692307693
1 0.7571451923076923 0.0011938966346153846 0.6817312548076924 0.0011938966346153846 0.6817312548076924 0.04840459615384615 0.7571451923076923 0.04840459615384615 0.7571451923076923 0.0011938966346153846
1 0.04684042307692308 0.02747042548076923 0.0035652812500000003 0.02747042548076923 0.0035652812500000003 0.09741004807692308 0.04684042307692308 0.09741004807692308 0.04684042307692308 0.02747042548076923
1 0.14519301682692307 0.024847689903846153 0.05716744471153846 0.024847689903846153 0.05716744471153846 0.11052372836538461 0.14519301682692307 0.11052372836538461 0.14519301682692307 0.024847689903846153
1 0.07388738701923077 0.017853728365384618 0.03257929807692307 0.017853728365384618 0.03257929807692307 0.08954184134615385 0.07388738701923077 0.08954184134615385 0.07388738701923077 0.017853728365384618
0 0.25447533894230767 0.20820560096153845 0.2478282764423077 0.20820560096153845 0.2478282764423077 0.23219768990384615 0.25447533894230767 0.23219768990384615 0.25447533894230767 0.20820560096153845
0 0.2921420216346154 0.1774097860576923 0.2850921081730769 0.1774097860576923 0.2850921081730769 0.20283423798076922 0.2921420216346154 0.20283423798076922 0.2921420216346154 0.1774097860576923
0 0.27925075 0.1863620576923077 0.2722008365384615 0.1863620576923077 0.2722008365384615 0.20784750961538462 0.27925075 0.20784750961538462 0.27925075 0.1863620576923077
0 0.3076518317307692 0.18242305769230768 0.3076518317307692 0.17633551442307693 0.30301903124999996 0.17633551442307693 0.30301903124999996 0.19961141826923076 0.3076518317307692 0.19961141826923076 0.3076518317307692 0.18242305769230768
0 0.3076518317307692 0.20140187259615386 0.31450031971153847 0.20140187259615386 0.31450031971153847 0.1792002403846154 0.3076518317307692 0.1792002403846154 0.3076518317307692 0.20140187259615386
0 0.28287642067307694 0.1630861514423077 0.2766322091346154 0.1630861514423077 0.2766322091346154 0.18886869471153847 0.28287642067307694 0.18886869471153847 0.28287642067307694 0.1630861514423077
0 0.26615805288461536 0.16487660576923077 0.25810100721153845 0.16487660576923077 0.25810100721153845 0.1924496033653846 0.26615805288461536 0.1924496033653846 0.26615805288461536 0.16487660576923077
0 0.2540724855769231 0.13443888221153846 0.2456125889423077 0.13443888221153846 0.2456125889423077 0.16666706009615384 0.2540724855769231 0.16666706009615384 0.2540724855769231 0.13443888221153846
0 0.12982480288461537 0.1421920528846154 0.11732026923076923 0.1421920528846154 0.11732026923076923 0.1731311033653846 0.12982480288461537 0.1731311033653846 0.12982480288461537 0.1421920528846154
0 0.14464976442307692 0.14677561778846154 0.1362704375 0.14677561778846154 0.1362704375 0.17496452884615385 0.14464976442307692 0.17496452884615385 0.14464976442307692 0.14677561778846154
0 0.16888535576923078 0.1389835576923077 0.15844342548076923 0.1389835576923077 0.15844342548076923 0.16694329326923077 0.16888535576923078 0.16694329326923077 0.16888535576923078 0.1389835576923077
0 0.135625875 0.18940275240384616 0.1281489375 0.18940275240384616 0.1281489375 0.21690413221153845 0.135625875 0.21690413221153845 0.135625875 0.18940275240384616
0 0.13897760576923077 0.18642343509615383 0.13278979567307692 0.18642343509615383 0.13278979567307692 0.21507070673076922 0.13897760576923077 0.21507070673076922 0.13897760576923077 0.18642343509615383
0 0.1425871610576923 0.22400865384615384 0.1344656610576923 0.22400865384615384 0.1344656610576923 0.25448934855769234 0.1425871610576923 0.25448934855769234 0.1425871610576923 0.22400865384615384
0 0.24945579807692309 0.16923507451923078 0.24404146634615384 0.16923507451923078 0.24404146634615384 0.20063248076923076 0.24945579807692309 0.20063248076923076 0.24945579807692309 0.16923507451923078
0 0.2971535024038462 0.13944191586538462 0.29135243028846153 0.13944191586538462 0.29135243028846153 0.16419315625000003 0.2971535024038462 0.16419315625000003 0.2971535024038462 0.13944191586538462
0 0.4818261875 0.08791196875 0.4818261875 0.08222835096153847 0.47687593990384614 0.08222835096153847 0.47687593990384614 0.1064295625 0.4818261875 0.1064295625 0.4818261875 0.08791196875
0 0.4818261875 0.11247986778846154 0.4880139975961538 0.11247986778846154 0.4880139975961538 0.08589519951923076 0.4818261875 0.08589519951923076 0.4818261875 0.11247986778846154
0 0.4956456298076923 0.08754528365384616 0.4903859903846154 0.08754528365384616 0.4903859903846154 0.10936304326923077 0.4956456298076923 0.10936304326923077 0.4956456298076923 0.08754528365384616
0 0.4252077235576923 0.09194550240384616 0.42087625721153843 0.09194550240384616 0.42087625721153843 0.10734627403846154 0.4252077235576923 0.10734627403846154 0.4252077235576923 0.09194550240384616
0 0.40117839423076923 0.1119298389423077 0.39540310576923077 0.1119298389423077 0.39540310576923077 0.13558102403846153 0.40117839423076923 0.13558102403846153 0.40117839423076923 0.1119298389423077
1 0.20062988942307694 0.1733174783653846 0.14825910096153846 0.1733174783653846 0.14825910096153846 0.23290379807692307 0.20062988942307694 0.23290379807692307 0.20062988942307694 0.1733174783653846
0 0.44399291826923076 0.015421228365384617 0.4411729543269231 0.015421228365384617 0.4411729543269231 0.03368386298076923 0.44399291826923076 0.03368386298076923 0.44399291826923076 0.015421228365384617
0 0.4347432043269231 0.03673655769230769 0.42828015865384617 0.03673655769230769 0.42828015865384617 0.060542336538461534 0.4347432043269231 0.060542336538461534 0.4347432043269231 0.03673655769230769
0 0.4476365360576923 0.015421228365384617 0.44399291826923076 0.015421228365384617 0.44399291826923076 0.033547497596153844 0.4476365360576923 0.033547497596153844 0.4476365360576923 0.015421228365384617
0 0.4659633028846154 0.005324014423076923 0.4622671177884615 0.005324014423076923 0.4622671177884615 0.02515434375 0.4659633028846154 0.02515434375 0.4659633028846154 0.005324014423076923
0 0.5065553389423078 0.0021558557692307693 0.5010770625000001 0.0021558557692307693 0.5010770625000001 0.018466007211538463 0.5065553389423078 0.018466007211538463 0.5065553389423078 0.0021558557692307693
0 0.4354037716346154 0.002507875 0.4317735889423077 0.002507875 0.4317735889423077 0.01999141826923077 0.4354037716346154 0.01999141826923077 0.4354037716346154 0.002507875
0 0 0.2764624759615385 0.00953725 0.2764624759615385 0.00953725 0.23572963942307693 0 0.23572963942307693 0 0.2764624759615385
0 0.2730287283653846 0.08189072596153846 0.26609967067307694 0.08189072596153846 0.26609967067307694 0.1128297764423077 0.2730287283653846 0.1128297764423077 0.2730287283653846 0.08189072596153846
0 0.2351606201923077 0.05267051201923077 0.22678129326923077 0.05267051201923077 0.22678129326923077 0.08189072596153846 0.2351606201923077 0.08189072596153846 0.2351606201923077 0.05267051201923077
0 0.26223228846153845 0.1002249783653846 0.26223228846153845 0.07730716346153846 0.25610893509615384 0.07730716346153846 0.25610893509615384 0.10280323076923076 0.26223228846153845 0.10280323076923076 0.26223228846153845 0.1002249783653846
0 0.35327689182692307 0.08933901442307693 0.34908722836538464 0.08933901442307693 0.34908722836538464 0.10308970673076923 0.35327689182692307 0.10308970673076923 0.35327689182692307 0.08933901442307693
0 0.5765825961538462 0.07418671394230769 0.5697182524038461 0.07418671394230769 0.5697182524038461 0.10176143028846153 0.5765825961538462 0.10176143028846153 0.5765825961538462 0.07418671394230769
0 0.5849200096153846 0.037399350961538465 0.5814730528846154 0.037399350961538465 0.5814730528846154 0.059748245192307696 0.5849200096153846 0.059748245192307696 0.5849200096153846 0.037399350961538465
0 0.5903945889423077 0.043827661057692306 0.5863731394230769 0.043827661057692306 0.5863731394230769 0.060108711538461534 0.5903945889423077 0.060108711538461534 0.5903945889423077 0.043827661057692306
0 0.5970181538461539 0.037459427884615384 0.5908677019230769 0.037459427884615384 0.5908677019230769 0.059190002403846156 0.5970181538461539 0.059190002403846156 0.5970181538461539 0.037459427884615384
1 0.9620446322115386 0.04860448798076923 0.8790768629807691 0.04860448798076923 0.8790768629807691 0.1248966875 0.9620446322115386 0.1248966875 0.9620446322115386 0.04860448798076923
0 0.41848731490384616 0.10538993028846154 0.41360742548076923 0.10538993028846154 0.41360742548076923 0.12330951923076923 0.41848731490384616 0.12330951923076923 0.41848731490384616 0.10538993028846154
0 0.29502618750000004 0.19452285336538463 0.30030606490384615 0.19452285336538463 0.30030606490384615 0.16892343990384615 0.29502618750000004 0.16892343990384615 0.29502618750000004 0.19452285336538463
0 0.3043059735576923 0.15626595192307693 0.29894609615384615 0.15626595192307693 0.29894609615384615 0.18286089903846153 0.3043059735576923 0.18286089903846153 0.3043059735576923 0.15626595192307693
0 0.25590708173076926 0.2044781826923077 0.259507 0.2044781826923077 0.259507 0.1771721394230769 0.25590708173076926 0.1771721394230769 0.25590708173076926 0.2044781826923077
0 0.2747066514423077 0.16209693028846153 0.2695067716346154 0.16209693028846153 0.2695067716346154 0.18783856250000003 0.2747066514423077 0.18783856250000003 0.2747066514423077 0.16209693028846153
0 0.2893463173076923 0.15114606971153846 0.28558640384615386 0.15114606971153846 0.28558640384615386 0.16807012740384616 0.2893463173076923 0.16807012740384616 0.2893463173076923 0.15114606971153846
0 0.28486642067307694 0.17446998076923076 0.2906262884615385 0.17446998076923076 0.2906262884615385 0.1605325216346154 0.28486642067307694 0.1605325216346154 0.28486642067307694 0.17446998076923076
0 0.2973461346153846 0.15896811298076924 0.29278623798076925 0.15896811298076924 0.29278623798076925 0.18101205288461536 0.2973461346153846 0.18101205288461536 0.2973461346153846 0.15896811298076924
0 0.2347435216346154 0.19386243749999998 0.2291436514423077 0.19386243749999998 0.2291436514423077 0.2201729471153846 0.2347435216346154 0.2201729471153846 0.2347435216346154 0.19386243749999998
0 0.2359434951923077 0.2054177283653846 0.2416433653846154 0.2054177283653846 0.2416433653846154 0.17999608894230767 0.2359434951923077 0.17999608894230767 0.2359434951923077 0.2054177283653846
0 0.22314378846153846 0.18692926201923077 0.21914387980769232 0.18692926201923077 0.21914387980769232 0.2102176201923077 0.22314378846153846 0.2102176201923077 0.22314378846153846 0.18692926201923077
0 0.2154439639423077 0.18710703605769233 0.20934410336538462 0.18710703605769233 0.20934410336538462 0.21199535576923076 0.2154439639423077 0.21199535576923076 0.2154439639423077 0.18710703605769233
0 0.22414376442307693 0.15741882692307693 0.21984386298076922 0.15741882692307693 0.21984386298076922 0.18212937259615383 0.22414376442307693 0.18212937259615383 0.22414376442307693 0.15741882692307693
0 0.20944410096153848 0.15635218509615384 0.20464421153846152 0.15635218509615384 0.20464421153846152 0.17875167307692308 0.20944410096153848 0.17875167307692308 0.20944410096153848 0.15635218509615384
0 0.2023442644230769 0.15190784375 0.19794436538461538 0.15190784375 0.19794436538461538 0.17466287740384615 0.2023442644230769 0.17466287740384615 0.2023442644230769 0.15190784375
0 0.2291436514423077 0.18408488221153846 0.2246437548076923 0.18408488221153846 0.2246437548076923 0.20861765624999998 0.2291436514423077 0.20861765624999998 0.2291436514423077 0.18408488221153846
0 0.39583793028846154 0.13722410336538463 0.3889580889423077 0.13722410336538463 0.3889580889423077 0.16609455288461536 0.39583793028846154 0.16609455288461536 0.39583793028846154 0.13722410336538463
0 0.39103804086538463 0.12570436778846153 0.38703813221153843 0.12570436778846153 0.38703813221153843 0.14973937259615383 0.39103804086538463 0.14973937259615383 0.39103804086538463 0.12570436778846153
0 0.4055977067307692 0.1140424110576923 0.40079781730769226 0.1140424110576923 0.40079781730769226 0.13850407451923077 0.4055977067307692 0.13850407451923077 0.4055977067307692 0.1140424110576923
0 0.39540310576923077 0.11162468990384615 0.3911180384615385 0.11162468990384615 0.3911180384615385 0.13295753365384616 0.39540310576923077 0.13295753365384616 0.39540310576923077 0.11162468990384615
0 0.3904780528846154 0.1110558125 0.38671813942307687 0.1110558125 0.38671813942307687 0.13025537259615386 0.3904780528846154 0.13025537259615386 0.3904780528846154 0.1110558125
0 0.38007829086538464 0.11020249759615384 0.37495840865384616 0.11020249759615384 0.37495840865384616 0.1342375048076923 0.38007829086538464 0.1342375048076923 0.38007829086538464 0.11020249759615384
1 0.3863181490384615 0.11020249759615384 0.3815982572115385 0.11020249759615384 0.3815982572115385 0.15087712259615385 0.3863181490384615 0.15087712259615385 0.3863181490384615 0.11020249759615384
1 0.35822379326923076 0.11907340625 0.30984989903846155 0.11907340625 0.30984989903846155 0.16396126923076923 0.35822379326923076 0.16396126923076923 0.35822379326923076 0.11907340625
0 0.30947490865384614 0.13729521153846153 0.3044750216346154 0.13729521153846153 0.3044750216346154 0.17129443509615383 0.30947490865384614 0.17129443509615383 0.30947490865384614 0.13729521153846153
0 0.3300994350961538 0.19507166826923078 0.3358493028846154 0.19507166826923078 0.3358493028846154 0.16818339423076922 0.3300994350961538 0.16818339423076922 0.3300994350961538 0.19507166826923078
0 0.32422456971153846 0.17440547355769231 0.31959967548076923 0.17440547355769231 0.31959967548076923 0.1981827091346154 0.32422456971153846 0.1981827091346154 0.32422456971153846 0.17440547355769231
0 0.3255995384615385 0.2030714855769231 0.32859946875 0.2030714855769231 0.32859946875 0.18218307451923074 0.3255995384615385 0.18218307451923074 0.3255995384615385 0.2030714855769231
0 0.35822379326923076 0.17640542788461538 0.3644736490384615 0.17640542788461538 0.3644736490384615 0.1508504591346154 0.35822379326923076 0.1508504591346154 0.35822379326923076 0.17640542788461538
0 0.3708759951923077 0.13462860576923077 0.3653486298076923 0.13462860576923077 0.3653486298076923 0.15573923557692307 0.3708759951923077 0.15573923557692307 0.3708759951923077 0.13462860576923077
0 0.4058477019230769 0.12796209375 0.4113475769230769 0.12796209375 0.4113475769230769 0.10596259615384616 0.4058477019230769 0.10596259615384616 0.4058477019230769 0.12796209375
1 0.42087625721153843 0.12440661778846153 0.4289721730769231 0.12440661778846153 0.4289721730769231 0.10734627403846154 0.42087625721153843 0.10734627403846154 0.42087625721153843 0.12440661778846153
0 0.3421272860576923 0.18548299759615386 0.3479271514423077 0.18548299759615386 0.3479271514423077 0.16396126923076923 0.3421272860576923 0.16396126923076923 0.3421272860576923 0.18548299759615386
0 0.3653486298076923 0.12628435336538463 0.3596268846153846 0.12628435336538463 0.3596268846153846 0.15028380528846152 0.3653486298076923 0.15028380528846152 0.3653486298076923 0.12628435336538463
0 0.23243225240384616 0.1786041610576923 0.22739236778846153 0.1786041610576923 0.22739236778846153 0.1992259110576923 0.23243225240384616 0.1992259110576923 0.23243225240384616 0.1786041610576923
0 0.2381921201923077 0.15471137259615386 0.23203226201923075 0.15471137259615386 0.23203226201923075 0.17999608894230767 0.2381921201923077 0.17999608894230767 0.2381921201923077 0.15471137259615386
0 0.25278886057692307 0.05314133173076923 0.24321876682692306 0.05314133173076923 0.24321876682692306 0.08161290144230769 0.25278886057692307 0.08161290144230769 0.25278886057692307 0.05314133173076923