0 0.5916429423076923 0.9901984927884615 0.5869915769230769 0.9901984927884615 0.5869915769230769 0.9998251995192308 0.5916429423076923 0.9998251995192308 0.5916429423076923 0.9901984927884615
0 0.6405339591346154 0.9487296057692307 0.6373296850961538 0.9487296057692307 0.6373296850961538 0.9609481177884616 0.6405339591346154 0.9609481177884616 0.6405339591346154 0.9487296057692307
0 0.6438415961538462 0.9459526706730769 0.6405339591346154 0.9459526706730769 0.6405339591346154 0.957615795673077 0.6438415961538462 0.957615795673077 0.6438415961538462 0.9459526706730769
0 0.6615167836538463 0.9478039591346155 0.6572788725961539 0.9478039591346155 0.6572788725961539 0.9607629879807693 0.6615167836538463 0.9607629879807693 0.6615167836538463 0.9478039591346155
0 0.6613100576923077 0.8948570769230769 0.6578990552884616 0.8948570769230769 0.6578990552884616 0.9020771057692307 0.6613100576923077 0.9020771057692307 0.6613100576923077 0.8948570769230769
0 0.7185735312499999 0.90152171875 0.7126818004807693 0.90152171875 0.7126818004807693 0.9129997139423077 0.7185735312499999 0.9129997139423077 0.7185735312499999 0.90152171875
0 0.6478727788461539 0.7956279519230769 0.6447718701923078 0.7956279519230769 0.6447718701923078 0.805995173076923 0.6478727788461539 0.805995173076923 0.6478727788461539 0.7956279519230769
0 0.6401205048076922 0.7928510168269232 0.637433048076923 0.7928510168269232 0.637433048076923 0.8008115625 0.6401205048076922 0.8008115625 0.6401205048076922 0.7928510168269232
0 0.6452886875 0.7748935072115385 0.6413608677884616 0.7748935072115385 0.6413608677884616 0.7856309879807692 0.6452886875 0.7856309879807692 0.6452886875 0.7748935072115385
0 0.7143356201923077 0.7374974567307693 0.7094775264423077 0.7374974567307693 0.7094775264423077 0.7452728725961539 0.7143356201923077 0.7452728725961539 0.7143356201923077 0.7374974567307693
0 0.8599652788461539 0.9480253437499999 0.8551201081730769 0.9480253437499999 0.8551201081730769 0.9635732836538462 0.8599652788461539 0.9635732836538462 0.8599652788461539 0.9480253437499999
0 0.8761158533653847 0.9451327043269231 0.8710688004807692 0.9451327043269231 0.8710688004807692 0.9588727427884615 0.8761158533653847 0.9588727427884615 0.8761158533653847 0.9451327043269231
0 0.6608385 0.65866953125 0.6582544062500001 0.65866953125 0.6582544062500001 0.6651490456730769 0.6608385 0.6651490456730769 0.6608385 0.65866953125
0 0.6602023341346153 0.6759197379807692 0.65740109375 0.6759197379807692 0.65740109375 0.682356829326923 0.6602023341346153 0.682356829326923 0.6602023341346153 0.6759197379807692