0 0.7053010985576923 0.865514108173077 0.6975823701923077 0.865514108173077 0.6975823701923077 0.8877535120192307 0.7053010985576923 0.8877535120192307 0.7053010985576923 0.865514108173077
0 0.5831322524038461 0.8461137788461539 0.5787385528846154 0.8461137788461539 0.5772766658653846 0.8461137788461539 0.5772766658653846 0.865514108173077 0.5831322524038461 0.865514108173077 0.5831322524038461 0.8461137788461539
0 0.6943884134615386 0.8915389423076923 0.6874681730769231 0.8915389423076923 0.6874681730769231 0.9005293389423077 0.6943884134615386 0.9005293389423077 0.6943884134615386 0.8915389423076923
0 0.7082288918269231 0.7803419302884615 0.7021071418269231 0.7803419302884615 0.7021071418269231 0.8021081538461539 0.7082288918269231 0.8021081538461539 0.7082288918269231 0.7803419302884615
0 0.6450761346153846 0.6251079447115385 0.64211078125 0.6251079447115385 0.64211078125 0.6398378100961538 0.6450761346153846 0.6398378100961538 0.6450761346153846 0.6251079447115385
0 0.6415002668269231 0.6261933028846154 0.6387965600961538 0.6261933028846154 0.6387965600961538 0.6406130649038461 0.6415002668269231 0.6406130649038461 0.6415002668269231 0.6261933028846154
0 0.6142015600961538 0.6471252187500001 0.6096663125 0.6471252187500001 0.6096663125 0.6618550841346154 0.6142015600961538 0.6618550841346154 0.6142015600961538 0.6471252187500001
0 0.5325670913461539 0.7144174471153846 0.5276829783653846 0.7144174471153846 0.5276829783653846 0.7268215456730769 0.5325670913461539 0.7268215456730769 0.5325670913461539 0.7144174471153846
0 0.3687929399038462 0.8888731129807692 0.35854502403846156 0.8888731129807692 0.35854502403846156 0.904572048076923 0.3687929399038462 0.904572048076923 0.3687929399038462 0.8888731129807692
0 0.3356507427884615 0.9173637740384616 0.3292185384615385 0.9173637740384616 0.3292185384615385 0.9297678725961538 0.3356507427884615 0.9297678725961538 0.3356507427884615 0.9173637740384616
0 0.34851514903846154 0.9198833581730769 0.3435002091346154 0.9198833581730769 0.3435002091346154 0.9303493149038461 0.34851514903846154 0.9303493149038461 0.34851514903846154 0.9198833581730769
0 0.3267110697115384 0.8725927355769231 0.3220231923076923 0.8725927355769231 0.3220231923076923 0.8989514423076923 0.3267110697115384 0.8989514423076923 0.3267110697115384 0.8725927355769231
0 0.3503684951923077 0.8258835552884616 0.3438272716346154 0.8258835552884616 0.3438272716346154 0.8526298894230769 0.3503684951923077 0.8526298894230769 0.3503684951923077 0.8258835552884616
0 0.3089407451923077 0.8477845384615385 0.30348972596153845 0.8477845384615385 0.30348972596153845 0.8694917091346154 0.3089407451923077 0.8694917091346154 0.3089407451923077 0.8477845384615385
0 0.3056701346153846 0.7831866225961538 0.3056701346153846 0.7634754374999999 0.30109127884615383 0.7634754374999999 0.30109127884615383 0.7855702355769231 0.3056701346153846 0.7855702355769231 0.3056701346153846 0.7831866225961538
0 0.2978206658653846 0.7701252668269232 0.2978206658653846 0.7698829975961539 0.2978206658653846 0.7524280384615385 0.2930237692307692 0.7524280384615385 0.2930237692307692 0.7739413942307691 0.2978206658653846 0.7739413942307691 0.2978206658653846 0.7701252668269232
0 0.30229050240384614 0.7035869038461539 0.2974936057692308 0.7035869038461539 0.2974936057692308 0.721999235576923 0.30229050240384614 0.721999235576923 0.30229050240384614 0.7035869038461539
0 0.31608839423076923 0.5755173629807693 0.31131875240384616 0.5755173629807693 0.31131875240384616 0.5915675865384615 0.31608839423076923 0.5915675865384615 0.31608839423076923 0.5755173629807693
0 0.2908774302884615 0.579151375 0.28712985336538466 0.579151375 0.28712985336538466 0.59338459375 0.2908774302884615 0.59338459375 0.2908774302884615 0.579151375
0 0.28712985336538466 0.5800598798076924 0.28218986778846156 0.5800598798076924 0.28218986778846156 0.5921732548076923 0.28712985336538466 0.5921732548076923 0.28712985336538466 0.5800598798076924
0 0.28218986778846156 0.580665548076923 0.2774202259615385 0.580665548076923 0.2774202259615385 0.5921732548076923 0.28218986778846156 0.5921732548076923 0.28218986778846156 0.580665548076923
0 0.2833822764423077 0.6009554543269231 0.28747054326923077 0.6009554543269231 0.28747054326923077 0.5855108990384615 0.2833822764423077 0.5855108990384615 0.2833822764423077 0.6009554543269231
0 0.2815084903846154 0.5497764375 0.2779312572115385 0.5497764375 0.2779312572115385 0.5634039855769231 0.2815084903846154 0.5634039855769231 0.2815084903846154 0.5497764375
0 0.2779312572115385 0.5497764375 0.27401333894230767 0.5497764375 0.27401333894230767 0.5634039855769231 0.2779312572115385 0.5634039855769231 0.2779312572115385 0.5497764375
0 0.27230989423076923 0.5543189519230769 0.2685623173076923 0.5543189519230769 0.2685623173076923 0.5646153221153847 0.27230989423076923 0.5646153221153847 0.27230989423076923 0.5543189519230769
0 0.27571678125 0.5440225841346155 0.2709471394230769 0.5440225841346155 0.2709471394230769 0.5497764375 0.27571678125 0.5497764375 0.27571678125 0.5440225841346155
0 0.29513603846153846 0.5204014975961538 0.29019605288461536 0.5204014975961538 0.29019605288461536 0.5276695240384616 0.29513603846153846 0.5276695240384616 0.29513603846153846 0.5204014975961538
0 0.2803160793269231 0.5046541081730769 0.27690919230769234 0.5046541081730769 0.27690919230769234 0.5207043317307692 0.2803160793269231 0.5207043317307692 0.2803160793269231 0.5046541081730769
0 0.3780930769230769 0.6033733966346154 0.3780930769230769 0.5921685240384615 0.37502687740384616 0.5921685240384615 0.37502687740384616 0.6082187475961539 0.3780930769230769 0.6082187475961539 0.3780930769230769 0.6033733966346154
0 0.3780930769230769 0.6197264567307692 0.38286271875 0.6197264567307692 0.38286271875 0.6033733966346154 0.3780930769230769 0.6033733966346154 0.3780930769230769 0.6197264567307692
0 0.39134586778846153 0.7118054230769231 0.3843958173076923 0.7118054230769231 0.3843958173076923 0.7214961249999999 0.39134586778846153 0.7214961249999999 0.39134586778846153 0.7118054230769231
0 0.45307866346153847 0.6483313293269231 0.45008060336538463 0.6483313293269231 0.45008060336538463 0.6652900552884616 0.45307866346153847 0.6652900552884616 0.45307866346153847 0.6483313293269231
0 0.44885412500000005 0.6604447067307693 0.44503841105769226 0.6604447067307693 0.44503841105769226 0.67788796875 0.44885412500000005 0.67788796875 0.44885412500000005 0.6604447067307693
0 0.44394820673076923 0.6631096490384615 0.4395873918269231 0.6631096490384615 0.4395873918269231 0.6730426177884615 0.44394820673076923 0.6730426177884615 0.44394820673076923 0.6631096490384615
0 0.44885412500000005 0.6519653437499999 0.44640116586538464 0.6519653437499999 0.44640116586538464 0.6604447067307693 0.44885412500000005 0.6604447067307693 0.44885412500000005 0.6519653437499999
0 0.42895790144230767 0.638398360576923 0.4241882596153846 0.638398360576923 0.4241882596153846 0.6507540048076923 0.42895790144230767 0.6507540048076923 0.42895790144230767 0.638398360576923
0 0.43863346153846156 0.6204705625 0.43400009615384616 0.6204705625 0.43400009615384616 0.6306458004807692 0.43863346153846156 0.6306458004807692 0.43863346153846156 0.6204705625
0 0.44285800240384615 0.618532423076923 0.4389060144230769 0.618532423076923 0.4389060144230769 0.6289499278846153 0.44285800240384615 0.6289499278846153 0.44285800240384615 0.618532423076923
0 0.4435393798076923 0.6064190456730769 0.43754325721153847 0.6064190456730769 0.43754325721153847 0.6168365504807691 0.4435393798076923 0.6168365504807691 0.4435393798076923 0.6064190456730769
0 0.4304569326923077 0.6085994543269231 0.42691376923076924 0.6085994543269231 0.42691376923076924 0.6170788173076923 0.4304569326923077 0.6170788173076923 0.4304569326923077 0.6085994543269231
0 0.43154713701923075 0.6180478870192307 0.43400009615384616 0.6180478870192307 0.43400009615384616 0.6100530600961538 0.43154713701923075 0.6100530600961538 0.43154713701923075 0.6180478870192307
0 0.4254147403846154 0.6250736466346154 0.4203725456730769 0.6250736466346154 0.4203725456730769 0.6364602211538462 0.4254147403846154 0.6364602211538462 0.4254147403846154 0.6250736466346154
0 0.4330461682692308 0.6367024879807693 0.4288216274038461 0.6367024879807693 0.4288216274038461 0.64421278125 0.4330461682692308 0.64421278125 0.4330461682692308 0.6367024879807693
0 0.5308611995192307 0.581365391826923 0.5272635264423077 0.581365391826923 0.5272635264423077 0.5957076298076923 0.5308611995192307 0.5957076298076923 0.5308611995192307 0.581365391826923
0 0.5249740985576923 0.5856293004807692 0.523774875 0.5856293004807692 0.523774875 0.5928004206730769 0.5249740985576923 0.5928004206730769 0.5249740985576923 0.5856293004807692
0 0.47929455528846154 0.5817530192307692 0.47536981971153847 0.5817530192307692 0.47536981971153847 0.5929942331730769 0.47929455528846154 0.5929942331730769 0.47929455528846154 0.5817530192307692
0 0.25054552884615383 0.4575514326923077 0.24730898557692307 0.4575514326923077 0.24730898557692307 0.4669393004807692 0.25054552884615383 0.4669393004807692 0.25054552884615383 0.4575514326923077
0 0.24730898557692307 0.4587627716346154 0.24390209855769232 0.4587627716346154 0.24390209855769232 0.4669393004807692 0.24730898557692307 0.4669393004807692 0.24730898557692307 0.4587627716346154
0 0.24390209855769232 0.4542202548076923 0.24083589903846156 0.4542202548076923 0.24083589903846156 0.4633052860576923 0.24390209855769232 0.4633052860576923 0.24390209855769232 0.4542202548076923
0 0.24407244230769232 0.46603079807692305 0.24083589903846156 0.46603079807692305 0.24083589903846156 0.47814417307692303 0.24407244230769232 0.47814417307692303 0.24407244230769232 0.46603079807692305
0 0.24407244230769232 0.47905267788461536 0.24713864182692308 0.47905267788461536 0.24713864182692308 0.4690591418269231 0.24407244230769232 0.4690591418269231 0.24407244230769232 0.47905267788461536
0 0.20835572836538463 0.3646317211538461 0.20573924038461538 0.3646317211538461 0.20573924038461538 0.37335335336538467 0.20835572836538463 0.37335335336538467 0.20835572836538463 0.3646317211538461
0 0.17750295913461536 0.3566853461538461 0.17543157211538463 0.3566853461538461 0.17543157211538463 0.3636626514423077 0.17750295913461536 0.3636626514423077 0.17750295913461536 0.3566853461538461
0 0.1751045096153846 0.3582358581730769 0.17336018269230768 0.3582358581730769 0.17336018269230768 0.36560079086538466 0.1751045096153846 0.36560079086538466 0.1751045096153846 0.3582358581730769
0 0.16910838942307693 0.3361410600961538 0.1658377764423077 0.3361410600961538 0.1658377764423077 0.34253692307692307 0.16910838942307693 0.34253692307692307 0.16910838942307693 0.3361410600961538
0 0.1613679423076923 0.33982352644230773 0.15722516586538463 0.33982352644230773 0.15722516586538463 0.3495142283653846 0.1613679423076923 0.3495142283653846 0.1613679423076923 0.33982352644230773
0 0.15482671875 0.3436998076923077 0.15079296394230768 0.3436998076923077 0.15079296394230768 0.3504832980769231 0.15482671875 0.3504832980769231 0.15482671875 0.3436998076923077
0 0.18567948798076922 0.33013282451923076 0.18240887740384615 0.33013282451923076 0.18240887740384615 0.33652868750000003 0.18567948798076922 0.33652868750000003 0.18567948798076922 0.33013282451923076
0 0.187750875 0.32296170673076924 0.18578850721153847 0.32296170673076924 0.18578850721153847 0.3291637548076923 0.187750875 0.3291637548076923 0.187750875 0.32296170673076924
0 0.18818695673076924 0.3640502788461539 0.18600655048076925 0.3640502788461539 0.18600655048076925 0.3716090264423077 0.18818695673076924 0.3716090264423077 0.18818695673076924 0.3640502788461539
0 0.19222071153846151 0.36443790625 0.19025834375 0.36443790625 0.19025834375 0.37315953846153843 0.19222071153846151 0.37315953846153843 0.19222071153846151 0.36443790625
0 0.19102148798076923 0.3803306586538462 0.19516426201923076 0.3803306586538462 0.19516426201923076 0.37315953846153843 0.19102148798076923 0.37315953846153843 0.19102148798076923 0.3803306586538462
0 0.19963409855769232 0.3223802644230769 0.19734467067307693 0.3223802644230769 0.19734467067307693 0.33148952403846155 0.19963409855769232 0.33148952403846155 0.19963409855769232 0.3223802644230769
0 0.20355883173076925 0.3256751033653846 0.20192352644230768 0.3256751033653846 0.20192352644230768 0.33265240625 0.20355883173076925 0.33265240625 0.20355883173076925 0.3256751033653846
0 0.3172999951923077 0.3166384158653846 0.3145744855769231 0.3166384158653846 0.3145744855769231 0.32602628125 0.3172999951923077 0.32602628125 0.3172999951923077 0.3166384158653846
0 0.33177926682692305 0.32239226923076925 0.3297351346153846 0.32239226923076925 0.3297351346153846 0.33117446634615383 0.33177926682692305 0.33117446634615383 0.33177926682692305 0.32239226923076925
0 0.3341640865384615 0.32027242788461535 0.33229030048076924 0.32027242788461535 0.33229030048076924 0.32723762019230773 0.3341640865384615 0.32723762019230773 0.3341640865384615 0.32027242788461535
0 0.33791166346153845 0.3429850096153846 0.33518615384615386 0.3429850096153846 0.33518615384615386 0.35267570913461543 0.33791166346153845 0.35267570913461543 0.33791166346153845 0.3429850096153846
0 0.3571605769230769 0.3211809302884615 0.35375368990384615 0.3211809302884615 0.35375368990384615 0.3287517908653846 0.3571605769230769 0.3287517908653846 0.3571605769230769 0.3211809302884615
0 0.37675017788461534 0.3320829711538461 0.3741950120192307 0.3320829711538461 0.3741950120192307 0.33874532692307696 0.37675017788461534 0.33874532692307696 0.37675017788461534 0.3320829711538461
0 0.35265709855769234 0.3811768990384615 0.3499315889423077 0.3811768990384615 0.3499315889423077 0.39256347355769233 0.35265709855769234 0.39256347355769233 0.35265709855769234 0.3811768990384615
0 0.35947087259615385 0.39377481009615384 0.3551100576923077 0.39377481009615384 0.3551100576923077 0.3986201610576923 0.35947087259615385 0.3986201610576923 0.35947087259615385 0.39377481009615384
0 0.3859551610576923 0.4534575264423077 0.38169655288461535 0.4534575264423077 0.38169655288461535 0.4661765721153846 0.3859551610576923 0.4661765721153846 0.3859551610576923 0.4534575264423077
0 0.38169655288461535 0.45436602884615385 0.3786303533653846 0.45436602884615385 0.3786303533653846 0.4661765721153846 0.38169655288461535 0.4661765721153846 0.38169655288461535 0.45436602884615385
0 0.3765862211538461 0.45376036057692304 0.37283864423076923 0.45376036057692304 0.37283864423076923 0.4646623990384615 0.3765862211538461 0.4646623990384615 0.3765862211538461 0.45376036057692304
0 0.3765862211538461 0.4758672740384616 0.3810151754807692 0.4758672740384616 0.3810151754807692 0.4646623990384615 0.3765862211538461 0.4646623990384615 0.3765862211538461 0.4758672740384616
0 0.3776082884615385 0.4616340552884616 0.37488277644230766 0.4616340552884616 0.37488277644230766 0.4758672740384616 0.3776082884615385 0.4758672740384616 0.3776082884615385 0.4616340552884616
1 0.3682393485576923 0.46405673076923076 0.3561448990384615 0.46405673076923076 0.3561448990384615 0.4819239615384615 0.3682393485576923 0.4819239615384615 0.3682393485576923 0.46405673076923076
0 0.3699427908653846 0.46133122115384617 0.36721728125 0.46133122115384617 0.36721728125 0.47344459615384615 0.3699427908653846 0.47344459615384615 0.3699427908653846 0.46133122115384617
0 0.37488277644230766 0.46133122115384617 0.3699427908653846 0.46133122115384617 0.3699427908653846 0.47344459615384615 0.37488277644230766 0.47344459615384615 0.37488277644230766 0.46133122115384617
0 0.4267967427884616 0.38905451682692305 0.4239360480769231 0.38905451682692305 0.4239360480769231 0.4000941610576923 0.4267967427884616 0.4000941610576923 0.4267967427884616 0.38905451682692305
0 0.42714560817307695 0.3962488918269231 0.4302156201923077 0.3962488918269231 0.4302156201923077 0.38843431009615387 0.42714560817307695 0.38843431009615387 0.42714560817307695 0.3962488918269231
0 0.4672671442307692 0.5149101298076924 0.46386570913461533 0.5149101298076924 0.46386570913461533 0.5273142259615384 0.4672671442307692 0.5273142259615384 0.4672671442307692 0.5149101298076924
0 0.46386570913461533 0.5203369206730769 0.46020262259615385 0.5203369206730769 0.46020262259615385 0.5273142259615384 0.46386570913461533 0.5273142259615384 0.46386570913461533 0.5203369206730769
0 0.4493878004807692 0.5311905072115384 0.4472946081730769 0.5311905072115384 0.4472946081730769 0.5411137860576922 0.4493878004807692 0.5411137860576922 0.4493878004807692 0.5311905072115384
0 0.4618142307692308 0.5375398100961538 0.45754062980769233 0.5375398100961538 0.45754062980769233 0.5446721658653846 0.4618142307692308 0.5446721658653846 0.4618142307692308 0.5375398100961538
0 0.4948564014423077 0.48431474038461536 0.49269343749999994 0.48431474038461536 0.49269343749999994 0.4962226730769231 0.4948564014423077 0.4962226730769231 0.4948564014423077 0.48431474038461536
0 0.49213525480769227 0.48419069951923077 0.48983274278846156 0.48419069951923077 0.48983274278846156 0.4952303461538462 0.49213525480769227 0.4952303461538462 0.49213525480769227 0.48419069951923077
0 0.48983274278846156 0.48530706730769235 0.48711159374999996 0.48530706730769235 0.48711159374999996 0.4952303461538462 0.48983274278846156 0.4952303461538462 0.48983274278846156 0.48530706730769235
0 0.4917863894230769 0.4704221490384616 0.48871637500000004 0.4704221490384616 0.48871637500000004 0.48233008413461537 0.4917863894230769 0.48233008413461537 0.4917863894230769 0.4704221490384616
0 0.48815818990384613 0.46980194471153847 0.4864138629807692 0.46980194471153847 0.4864138629807692 0.4805935096153846 0.48815818990384613 0.4805935096153846 0.48815818990384613 0.46980194471153847
0 0.49679331250000003 0.4426969711538461 0.4947838509615385 0.4426969711538461 0.4947838509615385 0.4522233173076923 0.49679331250000003 0.4522233173076923 0.49679331250000003 0.4426969711538461
0 0.5078082572115384 0.45729111057692307 0.5051045504807692 0.45729111057692307 0.5051045504807692 0.4679896442307693 0.5078082572115384 0.4679896442307693 0.5078082572115384 0.45729111057692307
0 0.5402241057692307 0.5001845769230769 0.5375204014423077 0.5001845769230769 0.5375204014423077 0.5088674471153847 0.5402241057692307 0.5088674471153847 0.5402241057692307 0.5001845769230769
0 0.5447593557692307 0.49475778605769233 0.5425789471153846 0.49475778605769233 0.5425789471153846 0.5049911658653846 0.5447593557692307 0.5049911658653846 0.5447593557692307 0.49475778605769233
0 0.5735148461538462 0.5322389951923077 0.5696773269230769 0.5322389951923077 0.5696773269230769 0.5441779399038462 0.5735148461538462 0.5441779399038462 0.5735148461538462 0.5322389951923077
0 0.2801446033653846 0.33265959375 0.27698301201923076 0.33265959375 0.27698301201923076 0.3417688533653846 0.2801446033653846 0.3417688533653846 0.2801446033653846 0.33265959375
0 0.25122626201923076 0.2970312980769231 0.24991801923076923 0.2970312980769231 0.24991801923076923 0.30354344951923073 0.25122626201923076 0.30354344951923073 0.25122626201923076 0.2970312980769231
0 0.25829078365384617 0.2971863485576923 0.25619759375 0.2971863485576923 0.25619759375 0.3046288076923077 0.25829078365384617 0.3046288076923077 0.25829078365384617 0.2971863485576923
1 0.22847404567307691 0.3377611850961539 0.21552787499999998 0.3377611850961539 0.21552787499999998 0.35774825721153847 0.22847404567307691 0.35774825721153847 0.22847404567307691 0.3377611850961539
1 0.21723131971153847 0.29112468509615386 0.20241136057692308 0.29112468509615386 0.20241136057692308 0.3011182211538462 0.21723131971153847 0.3011182211538462 0.21723131971153847 0.29112468509615386
1 0.24363469471153848 0.3619879375 0.2313699014423077 0.3619879375 0.2313699014423077 0.3719814735576923 0.24363469471153848 0.3719814735576923 0.24363469471153848 0.3619879375
1 0.2926938701923077 0.3507830649038462 0.2838359639423077 0.3507830649038462 0.2838359639423077 0.3592624278846154 0.2926938701923077 0.3592624278846154 0.2926938701923077 0.3507830649038462
1 0.3000186778846154 0.3080834110576923 0.29456765865384615 0.3080834110576923 0.29456765865384615 0.321408125 0.3000186778846154 0.321408125 0.3000186778846154 0.3080834110576923
1 1 0.8307079711538462 0.8964869375 0.8307079711538462 0.8964869375 0.9913559783653846 1 0.9913559783653846 1 0.8307079711538462
1 0.4195542379807692 0.6297550504807692 0.4147845961538461 0.6297550504807692 0.4147845961538461 0.6385372500000001 0.4195542379807692 0.6385372500000001 0.4195542379807692 0.6297550504807692
1 0.44357279326923077 0.6727575384615385 0.4372700504807692 0.6727575384615385 0.4372700504807692 0.6833567427884616 0.44357279326923077 0.6833567427884616 0.44357279326923077 0.6727575384615385
1 0.44885412500000005 0.68517375 0.45396379807692305 0.68517375 0.45396379807692305 0.67788796875 0.44885412500000005 0.67788796875 0.44885412500000005 0.68517375
1 0.45307866346153847 0.6718490360576923 0.4582224086538461 0.6718490360576923 0.4582224086538461 0.6652900552884616 0.45307866346153847 0.6652900552884616 0.45307866346153847 0.6718490360576923
1 0.3559330793269231 0.8478418990384615 0.34878134375000003 0.8478418990384615 0.34878134375000003 0.8576101274038461 0.3559330793269231 0.8576101274038461 0.3559330793269231 0.8478418990384615
1 0.33352257692307696 0.8952996874999999 0.3259347572115385 0.8952996874999999 0.3259347572115385 0.9030522475961539 0.33352257692307696 0.9030522475961539 0.33352257692307696 0.8952996874999999
1 0.3395916682692308 0.9255316850961539 0.3364518822115385 0.9255316850961539 0.3364518822115385 0.9335943485576923 0.3395916682692308 0.9335943485576923 0.3395916682692308 0.9255316850961539
1 0.3056701346153846 0.7907180048076923 0.3106392379807692 0.7907180048076923 0.3106392379807692 0.7855702355769231 0.3056701346153846 0.7855702355769231 0.3056701346153846 0.7907180048076923
1 0.3003676442307692 0.77008978125 0.2968845721153846 0.77008978125 0.2968845721153846 0.7755674302884615 0.3003676442307692 0.7755674302884615 0.3003676442307692 0.77008978125
1 0.31097603365384613 0.8617057620192308 0.3079037860576923 0.8617057620192308 0.3079037860576923 0.867802625 0.31097603365384613 0.867802625 0.31097603365384613 0.8617057620192308
1 0.38021168509615383 0.7079021610576923 0.37142830528846155 0.7079021610576923 0.37142830528846155 0.7306147427884616 0.38021168509615383 0.7306147427884616 0.38021168509615383 0.7079021610576923
1 0.5866368389423077 0.8583612836538462 0.5822760240384615 0.8583612836538462 0.5822760240384615 0.8694086826923078 0.5866368389423077 0.8694086826923078 0.5866368389423077 0.8583612836538462