1 0.9699036009615385 0.04744053125 0.8769438269230769 0.04744053125 0.8769438269230769 0.1324596201923077 0.9699036009615385 0.1324596201923077 0.9699036009615385 0.04744053125
1 0.6183557403846154 1 0.6183557403846154 0.9210466177884615 0.5913941826923077 0.9210466177884615 0.5913941826923077 1 0.6183557403846154 1
1 0.7743476153846154 1 0.7743476153846154 0.9357195745192308 0.7449099951923077 0.9357195745192308 0.7449099951923077 1 0.7743476153846154 1
1 0.7721466730769231 0.8290960865384616 0.7440846418269231 0.8290960865384616 0.7440846418269231 0.8961025913461539 0.7721466730769231 0.8961025913461539 0.7721466730769231 0.8290960865384616
1 0.7383071658653846 0.8877879158653846 0.7138216682692308 0.8877879158653846 0.7138216682692308 0.9611527019230769 0.7383071658653846 0.9611527019230769 0.7383071658653846 0.8877879158653846
1 0.7041925408653846 0.8853424230769231 0.6841089302884615 0.8853424230769231 0.6841089302884615 0.9601745048076923 0.7041925408653846 0.9601745048076923 0.7041925408653846 0.8853424230769231
1 0.6153294423076923 0.8559965072115384 0.5864420576923076 0.8559965072115384 0.5864420576923076 0.9210466177884615 0.6153294423076923 0.9210466177884615 0.6153294423076923 0.8559965072115384
1 0.5239902860576924 0.8344761706730769 0.5017057307692308 0.8344761706730769 0.5017057307692308 0.9024608725961538 0.5239902860576924 0.9024608725961538 0.5239902860576924 0.8344761706730769
1 0.8024096466346153 0.6437277283653846 0.7784743846153847 0.6437277283653846 0.7784743846153847 0.6955721778846153 0.8024096466346153 0.6955721778846153 0.8024096466346153 0.6437277283653846
1 0.6929127043269231 0.7102451346153846 0.6623746105769232 0.7102451346153846 0.6623746105769232 0.7645350769230769 0.6929127043269231 0.7645350769230769 0.6929127043269231 0.7102451346153846
1 0.7253766201923076 0.6657371634615384 0.7047427764423078 0.6657371634615384 0.7047427764423078 0.6985067692307693 0.7253766201923076 0.6985067692307693 0.7253766201923076 0.6657371634615384
1 0.6790467596153846 0.6393549927884615 0.66408034375 0.6393549927884615 0.66408034375 0.6655706754807693 0.6790467596153846 0.6655706754807693 0.6790467596153846 0.6393549927884615
1 0.7076590264423076 0.6049224519230769 0.6865299663461539 0.6049224519230769 0.6865299663461539 0.6452241754807692 0.7076590264423076 0.6452241754807692 0.7076590264423076 0.6049224519230769
1 0.6273245841346153 0.7653467836538461 0.6086165649038462 0.7653467836538461 0.6086165649038462 0.8173868725961538 0.6273245841346153 0.8173868725961538 0.6273245841346153 0.7653467836538461
1 0.5993726033653846 0.7555648125 0.5729612788461538 0.7555648125 0.5729612788461538 0.8044746682692308 0.5993726033653846 0.8044746682692308 0.5993726033653846 0.7555648125
1 0.47700013942307695 0.7262188990384615 0.4519093822115385 0.7262188990384615 0.4519093822115385 0.7766938701923076 0.47700013942307695 0.7766938701923076 0.47700013942307695 0.7262188990384615
1 0.4869043870192308 0.6882648485576923 0.46951693028846153 0.6882648485576923 0.46951693028846153 0.7191758798076923 0.4869043870192308 0.7191758798076923 0.4869043870192308 0.6882648485576923
1 0.5232199543269231 0.6921776370192307 0.5047320288461539 0.6921776370192307 0.5047320288461539 0.7199584350961538 0.5232199543269231 0.7199584350961538 0.5232199543269231 0.6921776370192307
1 0.5599757115384615 0.6651793966346153 0.5399471250000001 0.6651793966346153 0.5399471250000001 0.7058723966346154 0.5599757115384615 0.7058723966346154 0.5599757115384615 0.6651793966346153
1 0.46709589423076925 0.6186172115384616 0.44640702403846155 0.6186172115384616 0.44640702403846155 0.6612666081730769 0.46709589423076925 0.6612666081730769 0.46709589423076925 0.6186172115384616
1 0.5126554254807693 0.6420939447115385 0.4948277836538461 0.6420939447115385 0.4948277836538461 0.6702660216346155 0.5126554254807693 0.6702660216346155 0.5126554254807693 0.6420939447115385
1 0.4725982524038462 0.5924015288461538 0.460052875 0.5924015288461538 0.460052875 0.6135305865384615 0.4725982524038462 0.6135305865384615 0.4725982524038462 0.5924015288461538
1 0.5929898653846154 0.70430728125 0.5742818461538461 0.70430728125 0.5742818461538461 0.7215235504807692 0.5929898653846154 0.7215235504807692 0.5929898653846154 0.70430728125
1 0.5918893942307693 0.7203497163461539 0.5694397692307692 0.7203497163461539 0.5694397692307692 0.7477392355769231 0.5918893942307693 0.7477392355769231 0.5918893942307693 0.7203497163461539
1 0.6324577355769231 0.6557177836538461 0.6179491153846153 0.6557177836538461 0.6179491153846153 0.7002922716346155 0.6324577355769231 0.7002922716346155 0.6324577355769231 0.6557177836538461
1 0.6666515961538462 0.5849080504807692 0.6457426322115385 0.5849080504807692 0.6457426322115385 0.620905704326923 0.6666515961538462 0.620905704326923 0.6666515961538462 0.5849080504807692
1 0.5345949807692307 0.5461714423076923 0.4786910144230769 0.5461714423076923 0.4786910144230769 0.6400783677884616 0.5345949807692307 0.6400783677884616 0.5345949807692307 0.5461714423076923
1 0.5785487475961538 0.6946746346153846 0.6167219134615384 0.6946746346153846 0.6167219134615384 0.6027710576923077 0.5785487475961538 0.6027710576923077 0.5785487475961538 0.6946746346153846
1 0.5345949807692307 0.6220532788461538 0.5771401418269231 0.6220532788461538 0.5771401418269231 0.5797325576923077 0.5345949807692307 0.5797325576923077 0.5345949807692307 0.6220532788461538
1 0.6516552884615384 0.5481798317307692 0.6327799951923077 0.5481798317307692 0.6327799951923077 0.582737579326923 0.6516552884615384 0.582737579326923 0.6516552884615384 0.5481798317307692
1 0.6327799951923077 0.5401664399038462 0.6186939567307692 0.5401664399038462 0.6186939567307692 0.5717191658653846 0.6327799951923077 0.5717191658653846 0.6327799951923077 0.5401664399038462
1 0.6002412475961538 0.6027710576923077 0.6261595576923077 0.6027710576923077 0.6261595576923077 0.5719695841346154 0.6002412475961538 0.5719695841346154 0.6002412475961538 0.6027710576923077
1 0.5972831778846154 0.5526873629807693 0.5665756129807693 0.5526873629807693 0.5665756129807693 0.5807342307692308 0.5972831778846154 0.5807342307692308 0.5972831778846154 0.5526873629807693
1 0.37331979326923076 0.4747152836538462 0.3578251490384616 0.4747152836538462 0.3578251490384616 0.5038264326923076 0.37331979326923076 0.5038264326923076 0.37331979326923076 0.4747152836538462
1 0.4115281730769231 0.49474876201923074 0.3974421346153846 0.49474876201923074 0.3974421346153846 0.5235468870192308 0.4115281730769231 0.5235468870192308 0.4115281730769231 0.49474876201923074
1 0.4342419110576923 0.5075827091346153 0.42033194711538463 0.5075827091346153 0.42033194711538463 0.5323115336538462 0.4342419110576923 0.5323115336538462 0.4342419110576923 0.5075827091346153
1 0.42526206009615386 0.4866101634615384 0.4131128533653846 0.4866101634615384 0.4131128533653846 0.5032003870192308 0.42526206009615386 0.5032003870192308 0.42526206009615386 0.4866101634615384
1 0.5710789903846154 0.4731152283653846 0.55262628125 0.4731152283653846 0.55262628125 0.5029150288461538 0.5710789903846154 0.5029150288461538 0.5710789903846154 0.4731152283653846
1 0.5937575144230769 0.47111188221153844 0.5806574975961538 0.47111188221153844 0.5806574975961538 0.49965958653846154 0.5937575144230769 0.49965958653846154 0.5937575144230769 0.47111188221153844
1 0.6077026923076922 0.5229485048076923 0.5857284711538462 0.5229485048076923 0.5857284711538462 0.5517466298076923 0.6077026923076922 0.5517466298076923 0.6077026923076922 0.5229485048076923
1 0.5693886658653846 0.5242005961538462 0.5581198341346154 0.5242005961538462 0.5581198341346154 0.5432324014423077 0.5693886658653846 0.5432324014423077 0.5693886658653846 0.5242005961538462
1 0.5413574495192308 0.5184409711538461 0.5260036682692307 0.5184409711538461 0.5260036682692307 0.5449853317307692 0.5413574495192308 0.5449853317307692 0.5413574495192308 0.5184409711538461
1 0.6267718076923077 0.5076173870192308 0.6041214567307692 0.5076173870192308 0.6041214567307692 0.53366090625 0.6267718076923077 0.53366090625 0.6267718076923077 0.5076173870192308
1 0.7347310841346153 0.49547021153846155 0.7210281850961539 0.49547021153846155 0.7210281850961539 0.5246389543269231 0.7347310841346153 0.5246389543269231 0.7347310841346153 0.49547021153846155
1 0.7000230841346154 0.42863853124999995 0.6836156658653846 0.42863853124999995 0.6836156658653846 0.4646987908653846 0.7000230841346154 0.4646987908653846 0.7000230841346154 0.42863853124999995
1 0.6734286418269231 0.43184388701923077 0.6572015264423077 0.43184388701923077 0.6572015264423077 0.46005102403846154 0.6734286418269231 0.46005102403846154 0.6734286418269231 0.43184388701923077
1 0.6563000192307692 0.44803093749999995 0.6334017548076923 0.44803093749999995 0.6334017548076923 0.4744751274038462 0.6563000192307692 0.4744751274038462 0.6563000192307692 0.44803093749999995
1 0.6484740985576922 0.4633295024038461 0.6048073774038462 0.4633295024038461 0.6048073774038462 0.5096569182692308 0.6484740985576922 0.5096569182692308 0.6484740985576922 0.4633295024038461
1 0.8125738076923077 0.47135306730769233 0.7879232403846154 0.47135306730769233 0.7879232403846154 0.5011528629807692 0.8125738076923077 0.5011528629807692 0.8125738076923077 0.47135306730769233
1 0.9732118774038461 0.606476326923077 0.9451498461538462 0.606476326923077 0.9451498461538462 0.6524515937500001 0.9732118774038461 0.6524515937500001 0.9732118774038461 0.606476326923077
1 0.8741694158653845 0.4988746442307692 0.8496839182692307 0.4988746442307692 0.8496839182692307 0.5340897403846154 0.8741694158653845 0.5340897403846154 0.8741694158653845 0.4988746442307692
1 0.939647485576923 0.4450738004807692 0.9110352211538462 0.4450738004807692 0.9110352211538462 0.47833250240384617 0.939647485576923 0.47833250240384617 0.939647485576923 0.4450738004807692
1 0.8246635913461537 0.39952600721153847 0.8018442091346153 0.39952600721153847 0.8018442091346153 0.42156283173076925 0.8246635913461537 0.42156283173076925 0.8246635913461537 0.39952600721153847
1 0.8442431850961539 0.44935928124999996 0.8264947764423076 0.44935928124999996 0.8264947764423076 0.46763983173076923 0.8442431850961539 0.46763983173076923 0.8442431850961539 0.44935928124999996
1 0.893966903846154 0.3920134519230769 0.8746690288461539 0.3920134519230769 0.8746690288461539 0.4155527884615384 0.893966903846154 0.4155527884615384 0.893966903846154 0.3920134519230769
1 0.9831493245192308 0.3090290745192308 0.9600834350961538 0.3090290745192308 0.9600834350961538 0.3359490576923077 0.9831493245192308 0.3359490576923077 0.9831493245192308 0.3090290745192308
1 0.9393065264423076 0.32217604326923077 0.9180013942307692 0.32217604326923077 0.9180013942307692 0.3422095216346154 0.9393065264423076 0.3422095216346154 0.9393065264423076 0.32217604326923077
1 0.90250675 0.29525605769230767 0.8848992019230769 0.29525605769230767 0.8848992019230769 0.3130983725961538 0.90250675 0.3130983725961538 0.90250675 0.29525605769230767
1 0.8426410865384616 0.3437746370192307 0.8266182163461538 0.3437746370192307 0.8266182163461538 0.3625560216346154 0.8426410865384616 0.3625560216346154 0.8426410865384616 0.3437746370192307
1 0.7998547427884616 0.3722597355769231 0.7804864399038463 0.3722597355769231 0.7804864399038463 0.3976146057692308 0.7998547427884616 0.3976146057692308 0.7998547427884616 0.3722597355769231
1 0.7940442524038461 0.3287495288461538 0.7792539110576923 0.3287495288461538 0.7792539110576923 0.34440068269230767 0.7940442524038461 0.34440068269230767 0.7940442524038461 0.3287495288461538
1 0.87492571875 0.2949411394230769 0.8590476658653846 0.2949411394230769 0.8590476658653846 0.3132562908653846 0.87492571875 0.3132562908653846 0.87492571875 0.2949411394230769
1 0.7638137788461539 0.34053478125 0.7461442524038462 0.34053478125 0.7461442524038462 0.3597669206730769 0.7638137788461539 0.3597669206730769 0.7638137788461539 0.34053478125
1 0.7246883966346154 0.3278736225961539 0.7094529375 0.3278736225961539 0.7094529375 0.34614415625 0.7246883966346154 0.34614415625 0.7246883966346154 0.3278736225961539
1 0.4323409855769231 0.49967005769230766 0.5425778581730769 0.49967005769230766 0.5425778581730769 0.2447694278846154 0.4323409855769231 0.2447694278846154 0.4323409855769231 0.49967005769230766
1 0.49635309134615385 0.5244585504807693 0.5136789206730769 0.5244585504807693 0.5136789206730769 0.5021713076923077 0.49635309134615385 0.5021713076923077 0.49635309134615385 0.5244585504807693
1 0.554700985576923 0.47111188221153844 0.5806574975961538 0.47111188221153844 0.5806574975961538 0.41452797115384615 0.554700985576923 0.41452797115384615 0.554700985576923 0.47111188221153844
1 0.6156935336538462 0.40751625480769227 0.5983677067307692 0.40751625480769227 0.5983677067307692 0.4375664711538461 0.6156935336538462 0.4375664711538461 0.6156935336538462 0.40751625480769227
1 0.6427387283653846 0.37871813221153844 0.6311881754807692 0.37871813221153844 0.6311881754807692 0.40225746875 0.6427387283653846 0.40225746875 0.6427387283653846 0.37871813221153844
1 0.5969591033653846 0.3444108004807692 0.5835773653846154 0.3444108004807692 0.5835773653846154 0.37195683413461544 0.5969591033653846 0.37195683413461544 0.5969591033653846 0.3444108004807692
1 0.5772386466346154 0.3313890408653846 0.5597719591346154 0.3313890408653846 0.5597719591346154 0.35442754086538464 0.5772386466346154 0.35442754086538464 0.5772386466346154 0.3313890408653846
1 0.5569547524038462 0.3138597475961538 0.5452633389423076 0.3138597475961538 0.5452633389423076 0.3333923894230769 0.5569547524038462 0.3333923894230769 0.5569547524038462 0.3138597475961538
1 0.5720268125 0.3656963701923077 0.5583633557692308 0.3656963701923077 0.5583633557692308 0.3884844519230769 0.5720268125 0.3884844519230769 0.5720268125 0.3656963701923077
1 0.5530106610576924 0.3799702235576923 0.5445590384615385 0.3799702235576923 0.5445590384615385 0.39975328365384616 0.5530106610576924 0.39975328365384616 0.5530106610576924 0.3799702235576923
1 0.554700985576923 0.41653131971153845 0.5444181778846153 0.41653131971153845 0.5444181778846153 0.4448286057692308 0.554700985576923 0.4448286057692308 0.554700985576923 0.41653131971153845
1 0.608791375 0.44419004086538466 0.5943672716346154 0.44419004086538466 0.5943672716346154 0.4602168221153846 0.608791375 0.4602168221153846 0.608791375 0.44419004086538466
1 0.40912940625 0.41412608173076926 0.37377344951923075 0.41412608173076926 0.37377344951923075 0.4426737884615385 0.40912940625 0.4426737884615385 0.40912940625 0.41412608173076926
1 0.4323409855769231 0.4301528629807692 0.4112423125 0.4301528629807692 0.4112423125 0.4782332091346154 0.4323409855769231 0.4782332091346154 0.4323409855769231 0.4301528629807692
1 0.32565131490384613 0.37308718990384615 0.31212871875000003 0.37308718990384615 0.31212871875000003 0.39440281009615386 0.32565131490384613 0.39440281009615386 0.32565131490384613 0.37308718990384615
1 0.3509836466346154 0.37661308413461536 0.33259291586538464 0.37661308413461536 0.33259291586538464 0.4022559326923077 0.3509836466346154 0.4022559326923077 0.3509836466346154 0.37661308413461536
1 0.3610805192307692 0.32709032692307694 0.34981168990384615 0.32709032692307694 0.34981168990384615 0.34423898317307694 0.3610805192307692 0.34423898317307694 0.3610805192307692 0.32709032692307694
1 0.4323409855769231 0.3549443966346154 0.39832121875 0.3549443966346154 0.39832121875 0.3802026057692308 0.4323409855769231 0.3802026057692308 0.4323409855769231 0.3549443966346154
1 0.4378432620192308 0.39584474519230767 0.4245730865384615 0.39584474519230767 0.4245730865384615 0.4228979519230769 0.4378432620192308 0.4228979519230769 0.4378432620192308 0.39584474519230767
1 0.3816756346153846 0.2953820360576923 0.36477238942307694 0.2953820360576923 0.36477238942307694 0.31491467788461536 0.3816756346153846 0.31491467788461536 0.3816756346153846 0.2953820360576923
1 0.3859014471153846 0.25706801201923074 0.37829498557692304 0.25706801201923074 0.37829498557692304 0.26958893509615384 0.3859014471153846 0.26958893509615384 0.3859014471153846 0.25706801201923074
1 0.39111328125 0.2735956298076923 0.3839294014423077 0.2735956298076923 0.3839294014423077 0.2883703197115385 0.39111328125 0.2883703197115385 0.39111328125 0.2735956298076923
1 0.3973111394230769 0.2463000168269231 0.3895638173076923 0.2463000168269231 0.3895638173076923 0.25656717307692306 0.3973111394230769 0.25656717307692306 0.3973111394230769 0.2463000168269231
1 0.39717027884615386 0.3211751394230769 0.3873100504807692 0.3211751394230769 0.3873100504807692 0.3377027572115385 0.39717027884615386 0.3377027572115385 0.39717027884615386 0.3211751394230769
1 0.40449501682692307 0.30364584615384616 0.3967476971153846 0.30364584615384616 0.3967476971153846 0.31867095432692305 0.40449501682692307 0.31867095432692305 0.40449501682692307 0.30364584615384616
1 0.4323409855769231 0.3126609110576923 0.41097459615384613 0.3126609110576923 0.41097459615384613 0.34246070913461535 0.4323409855769231 0.34246070913461535 0.4323409855769231 0.3126609110576923
1 0.4150595480769231 0.28736864663461537 0.4018186706730769 0.28736864663461537 0.4018186706730769 0.3064004495192308 0.4150595480769231 0.3064004495192308 0.4150595480769231 0.28736864663461537
1 0.41491868750000005 0.26708475000000004 0.404213298076923 0.26708475000000004 0.404213298076923 0.28210985817307693 0.41491868750000005 0.28210985817307693 0.41491868750000005 0.26708475000000004
1 0.4323409855769231 0.22776905048076923 0.4137918028846154 0.22776905048076923 0.4137918028846154 0.25080754807692307 0.4323409855769231 0.25080754807692307 0.4323409855769231 0.22776905048076923
1 0.34322075 0.24079081009615383 0.3271626658653846 0.24079081009615383 0.3271626658653846 0.25656717307692306 0.34322075 0.25656717307692306 0.34322075 0.24079081009615383
1 0.5583613100961539 0.2793041923076923 0.5482193629807692 0.2793041923076923 0.5482193629807692 0.29513063942307693 0.5583613100961539 0.29513063942307693 0.5583613100961539 0.2793041923076923
1 0.5969591033653846 0.32247981009615384 0.5838685192307692 0.32247981009615384 0.5838685192307692 0.3444108004807692 0.5969591033653846 0.3444108004807692 0.5969591033653846 0.32247981009615384
1 0.6663229086538462 0.2839318004807692 0.652687625 0.2839318004807692 0.652687625 0.3087733125 0.6663229086538462 0.3087733125 0.6663229086538462 0.2839318004807692
1 0.6707177548076924 0.23164442548076922 0.6573078437500001 0.23164442548076922 0.6573078437500001 0.2542822548076923 0.6707177548076924 0.2542822548076923 0.6707177548076924 0.23164442548076922
1 0.6202333894230769 0.21121027884615387 0.6085138052884616 0.21121027884615387 0.6085138052884616 0.23064275240384616 0.6202333894230769 0.23064275240384616 0.6202333894230769 0.21121027884615387
1 0.6343194302884616 0.20219521153846154 0.6280088846153846 0.20219521153846154 0.6280088846153846 0.213213625 0.6343194302884616 0.213213625 0.6343194302884616 0.20219521153846154
1 0.6447994423076923 0.2015942091346154 0.637474701923077 0.2015942091346154 0.637474701923077 0.21301329086538462 0.6447994423076923 0.21301329086538462 0.6447994423076923 0.2015942091346154
1 0.663731079326923 0.20720358173076925 0.6557302091346154 0.20720358173076925 0.6557302091346154 0.21882299759615384 0.663731079326923 0.21882299759615384 0.663731079326923 0.20720358173076925
1 0.6436725600961538 0.21862266346153847 0.6333052355769231 0.21862266346153847 0.6333052355769231 0.2326460985576923 0.6436725600961538 0.2326460985576923 0.6436725600961538 0.21862266346153847
1 0.8122807932692309 0.23807849759615385 0.8030403533653847 0.23807849759615385 0.8030403533653847 0.25150092548076924 0.8122807932692309 0.25150092548076924 0.8122807932692309 0.23807849759615385
1 0.7926730264423077 0.1719680216346154 0.7800519374999999 0.1719680216346154 0.7800519374999999 0.18278609855769232 0.7926730264423077 0.18278609855769232 0.7926730264423077 0.1719680216346154
1 0.48161552403846153 0.18602137740384617 0.46340509375 0.18602137740384617 0.46340509375 0.20028521394230767 0.48161552403846153 0.20028521394230767 0.48161552403846153 0.18602137740384617
1 0.4805337163461539 0.16871245192307693 0.4664702163461539 0.16871245192307693 0.4664702163461539 0.18121334374999998 0.4805337163461539 0.18121334374999998 0.4805337163461539 0.16871245192307693
1 0.52930521875 0.1584553125 0.5102834302884616 0.1584553125 0.5102834302884616 0.20365083653846155 0.52930521875 0.20365083653846155 0.52930521875 0.1584553125
1 0.4145445697115384 0.16427303365384616 0.4036363413461539 0.16427303365384616 0.4036363413461539 0.1774149951923077 0.4145445697115384 0.1774149951923077 0.4145445697115384 0.16427303365384616
1 0.44149961298076923 0.19103775961538463 0.4330254519230769 0.19103775961538463 0.4330254519230769 0.20065382932692308 0.44149961298076923 0.20065382932692308 0.44149961298076923 0.19103775961538463
1 0.4147248701923077 0.20001275721153847 0.40498860096153844 0.20001275721153847 0.40498860096153844 0.21299445192307692 0.4147248701923077 0.21299445192307692 0.4147248701923077 0.20001275721153847
1 0.3968750432692308 0.1782163341346154 0.3801971730769231 0.1782163341346154 0.3801971730769231 0.21203284375 0.3968750432692308 0.21203284375 0.3968750432692308 0.1782163341346154
1 0.36308939663461537 0.15061771634615384 0.35605764663461537 0.15061771634615384 0.35605764663461537 0.16472128365384617 0.36308939663461537 0.16472128365384617 0.36308939663461537 0.15061771634615384
1 0.34902589423076924 0.14388646634615385 0.33965022836538467 0.14388646634615385 0.33965022836538467 0.1515793221153846 0.34902589423076924 0.1515793221153846 0.34902589423076924 0.14388646634615385
0 0.4392578725961539 0.11041112980769231 0.4356518485576923 0.11041112980769231 0.4356518485576923 0.12118112740384615 0.4392578725961539 0.12118112740384615 0.4392578725961539 0.11041112980769231
0 0.4456765985576923 0.10848791586538462 0.44185421153846155 0.10848791586538462 0.44185421153846155 0.12079648317307692 0.4456765985576923 0.12079648317307692 0.4456765985576923 0.10848791586538462
0 0.4622643197115384 0.10387220192307692 0.45844193028846153 0.10387220192307692 0.45844193028846153 0.11874505528846153 0.4622643197115384 0.11874505528846153 0.4622643197115384 0.10387220192307692
0 0.46853880288461536 0.10117970192307692 0.4640673317307692 0.10117970192307692 0.4640673317307692 0.11887326923076923 0.46853880288461536 0.11887326923076923 0.46853880288461536 0.10117970192307692
0 0.4137993293269231 0.09040970432692307 0.40716424278846153 0.09040970432692307 0.40716424278846153 0.10656470192307693 0.4137993293269231 0.10656470192307693 0.4137993293269231 0.09040970432692307
1 0.5823458413461539 0.11965547596153846 0.5772072548076923 0.11965547596153846 0.5772072548076923 0.13183583173076924 0.5823458413461539 0.13183583173076924 0.5823458413461539 0.11965547596153846
1 0.5940654254807692 0.1217389591346154 0.5865829230769231 0.1217389591346154 0.5865829230769231 0.13440011778846153 0.5940654254807692 0.13440011778846153 0.5940654254807692 0.1217389591346154
1 0.6574282211538461 0.13130707211538462 0.6492245120192308 0.13130707211538462 0.6492245120192308 0.14188474759615383 0.6574282211538461 0.14188474759615383 0.6574282211538461 0.13130707211538462
1 0.6320958894230769 0.11528029086538462 0.6237118798076923 0.11528029086538462 0.6237118798076923 0.12922359134615385 0.6320958894230769 0.12922359134615385 0.6320958894230769 0.11528029086538462
1 0.6263262475961539 0.09268252884615384 0.6193846466346155 0.09268252884615384 0.6193846466346155 0.10822850721153847 0.6263262475961539 0.10822850721153847 0.6263262475961539 0.09268252884615384
1 0.7204279375 0.08613395913461538 0.7204279375 0.09071925961538461 0.7204279375 0.10600358894230769 0.9916770384615384 0.10600358894230769 0.9916770384615384 0.058622165865384615 0.7204279375 0.058622165865384615 0.7204279375 0.08613395913461538
1 0.7173409423076923 0.028584788461538464 0.4438737043269231 0.028584788461538464 0.4438737043269231 0.09216760336538463 0.7173409423076923 0.09216760336538463 0.7173409423076923 0.028584788461538464
1 0.44373578125 0.01234294951923077 0.37724967548076926 0.01234294951923077 0.37724967548076926 0.10049025 0.44373578125 0.10049025 0.44373578125 0.01234294951923077
1 0.27843366826923077 0.06632079807692308 0.18984568750000003 0.06632079807692308 0.18984568750000003 0.12158893750000001 0.27843366826923077 0.12158893750000001 0.27843366826923077 0.06632079807692308
1 0.37610053846153846 0.06632079807692308 0.2858618509615385 0.06632079807692308 0.2858618509615385 0.11914344471153847 0.37610053846153846 0.11914344471153847 0.37610053846153846 0.06632079807692308
1 0.03043094471153846 0.10940514663461538 0.013865764423076922 0.10940514663461538 0.013865764423076922 0.14346206009615384 0.03043094471153846 0.14346206009615384 0.03043094471153846 0.10940514663461538
0 0.10357657692307692 0.10468288221153846 0.09512495192307693 0.10468288221153846 0.09512495192307693 0.12651937259615384 0.10357657692307692 0.12651937259615384 0.10357657692307692 0.10468288221153846
0 0.13242478365384616 0.10247919951923076 0.12521273076923076 0.10247919951923076 0.12521273076923076 0.12191167307692306 0.13242478365384616 0.12191167307692306 0.13242478365384616 0.10247919951923076
0 0.14143984855769232 0.09346413461538461 0.13535468028846154 0.09346413461538461 0.13535468028846154 0.11650263221153846 0.14143984855769232 0.11650263221153846 0.14143984855769232 0.09346413461538461
0 0.14143984855769232 0.11670296875 0.15090566586538462 0.11670296875 0.15090566586538462 0.09346413461538461 0.14143984855769232 0.09346413461538461 0.14143984855769232 0.11670296875
0 0.1598080432692308 0.08885643509615385 0.1500041610576923 0.08885643509615385 0.1500041610576923 0.11289660576923076 0.1598080432692308 0.11289660576923076 0.1598080432692308 0.08885643509615385
1 0.18865625 0.08705342067307692 0.1673581610576923 0.08705342067307692 0.1673581610576923 0.11990832451923078 0.18865625 0.11990832451923078 0.18865625 0.08705342067307692
1 0.030966221153846153 0.02070767307692308 0.012936091346153847 0.02070767307692308 0.012936091346153847 0.04667106009615385 0.030966221153846153 0.04667106009615385 0.030966221153846153 0.02070767307692308
1 0.2273602331730769 0.030748783653846153 0.2142883894230769 0.030748783653846153 0.2142883894230769 0.06632079807692308 0.2273602331730769 0.06632079807692308 0.2273602331730769 0.030748783653846153
1 0.28028718028846156 0.03701511538461539 0.34519564903846156 0.03701511538461539 0.34519564903846156 0.00916858173076923 0.28028718028846156 0.00916858173076923 0.28028718028846156 0.03701511538461539
0 0.5247807596153846 0.019729639423076924 0.5180194591346153 0.019729639423076924 0.5180194591346153 0.04026395192307693 0.5247807596153846 0.04026395192307693 0.5247807596153846 0.019729639423076924
0 0.776398201923077 0.006625620192307692 0.7705384086538462 0.006625620192307692 0.7705384086538462 0.028261776442307693 0.776398201923077 0.028261776442307693 0.776398201923077 0.006625620192307692
0 0.7223979615384616 0.0263385625 0.7185214855769231 0.0263385625 0.7185214855769231 0.042685879807692305 0.7223979615384616 0.042685879807692305 0.7223979615384616 0.0263385625
0 0.7272660985576922 0.045089899038461535 0.7216767572115385 0.045089899038461535 0.7216767572115385 0.05999480528846154 0.7272660985576922 0.05999480528846154 0.7272660985576922 0.045089899038461535
1 0.7685623653846154 0.017444137019230768 0.7444400240384615 0.017444137019230768 0.7444400240384615 0.056258999999999997 0.7685623653846154 0.056258999999999997 0.7685623653846154 0.017444137019230768
0 0.7820072644230769 0.05175750240384615 0.7796735 0.05175750240384615 0.7773338557692308 0.05175750240384615 0.7773338557692308 0.0632455 0.7820072644230769 0.0632455 0.7820072644230769 0.05175750240384615
1 0.009383322115384616 0.14818902403846154 0.0026905360576923074 0.14818902403846154 0.0026905360576923074 0.15793330769230768 0.009383322115384616 0.15793330769230768 0.009383322115384616 0.14818902403846154
1 0.029577067307692308 0.14582988221153845 0.023692031250000002 0.14582988221153845 0.023692031250000002 0.15547159375 0.029577067307692308 0.15547159375 0.029577067307692308 0.14582988221153845