1 1 0.8361230721153846 0.8995329326923076 0.8361230721153846 0.8995329326923076 0.9913559783653846 1 0.9913559783653846 1 0.8361230721153846
0 0.2925563461538462 0.40766287980769234 0.28778670432692305 0.40766287980769234 0.28778670432692305 0.42341026923076924 0.2925563461538462 0.42341026923076924 0.2925563461538462 0.40766287980769234
0 0.28778670432692305 0.4016061923076923 0.2816543076923077 0.4016061923076923 0.2816543076923077 0.4164450793269231 0.28778670432692305 0.4164450793269231 0.28778670432692305 0.4016061923076923
0 0.2860832620192308 0.41371956971153845 0.2796101754807692 0.41371956971153845 0.2796101754807692 0.4243187740384615 0.2860832620192308 0.4243187740384615 0.2860832620192308 0.41371956971153845
0 0.29187496875 0.3882814783653846 0.28710532692307694 0.3882814783653846 0.28710532692307694 0.4055430384615385 0.29187496875 0.4055430384615385 0.29187496875 0.3882814783653846
0 0.2998811538461538 0.3997891850961538 0.2951115120192308 0.3997891850961538 0.2951115120192308 0.4046345360576923 0.2998811538461538 0.4046345360576923 0.2998811538461538 0.3997891850961538
0 0.3325872716346154 0.32680609134615385 0.32798797355769227 0.32680609134615385 0.32798797355769227 0.34285631490384616 0.3325872716346154 0.34285631490384616 0.3325872716346154 0.32680609134615385
0 0.335483125 0.29167729807692305 0.3315652067307692 0.29167729807692305 0.3315652067307692 0.2989453245192308 0.335483125 0.2989453245192308 0.335483125 0.29167729807692305
0 0.39203745432692305 0.27259873076923075 0.38777884375 0.27259873076923075 0.38777884375 0.28107809375000004 0.39203745432692305 0.28107809375000004 0.39203745432692305 0.27259873076923075
0 0.39425193028846156 0.2695703870192308 0.38948228846153843 0.2695703870192308 0.38948228846153843 0.2801695913461538 0.39425193028846156 0.2801695913461538 0.39425193028846156 0.2695703870192308
0 0.3796023149038461 0.34527899038461535 0.3748326730769231 0.34527899038461535 0.3748326730769231 0.35557536057692307 0.3796023149038461 0.35557536057692307 0.3796023149038461 0.34527899038461535
0 0.31214594951923075 0.26866188221153847 0.30822802884615386 0.26866188221153847 0.30822802884615386 0.27895825240384614 0.31214594951923075 0.27895825240384614 0.31214594951923075 0.26866188221153847
0 0.3063542403846154 0.2738100673076923 0.3032880408653846 0.2738100673076923 0.3032880408653846 0.2804724254807692 0.3063542403846154 0.2804724254807692 0.3063542403846154 0.2738100673076923
0 0.26274608413461537 0.33572037740384614 0.26274608413461537 0.33408956009615387 0.26274608413461537 0.3240805817307692 0.25865781971153845 0.3240805817307692 0.25865781971153845 0.33891946875 0.26274608413461537 0.33891946875 0.26274608413461537 0.33572037740384614
0 0.25746540865384615 0.3331656129807692 0.25456955528846154 0.3331656129807692 0.25456955528846154 0.3404336394230769 0.25746540865384615 0.3404336394230769 0.25746540865384615 0.3331656129807692
0 0.25456955528846154 0.33134860817307693 0.2504812908653846 0.33134860817307693 0.2504812908653846 0.3377081298076923 0.25456955528846154 0.3377081298076923 0.25456955528846154 0.33134860817307693
0 0.238897875 0.2898602908653846 0.23480960817307692 0.2898602908653846 0.23480960817307692 0.30621335096153846 0.238897875 0.30621335096153846 0.238897875 0.2898602908653846
0 0.23702408653846152 0.2835007692307692 0.23702408653846152 0.27138739182692306 0.23480960817307692 0.27138739182692306 0.23480960817307692 0.2835007692307692 0.2367367355769231 0.2835007692307692 0.23702408653846152 0.2835007692307692
0 0.24605233653846154 0.28774045192307696 0.24605233653846154 0.27623274278846155 0.24315648317307692 0.27623274278846155 0.24315648317307692 0.28774045192307696 0.24553372115384614 0.28774045192307696 0.24605233653846154 0.28774045192307696
0 0.2576357524038462 0.27108455769230766 0.25422886538461537 0.27108455769230766 0.25422886538461537 0.2868319471153846 0.2576357524038462 0.2868319471153846 0.2576357524038462 0.27108455769230766
0 0.26632331490384614 0.24292095673076922 0.2622350504807692 0.24292095673076922 0.2622350504807692 0.25079465144230767 0.26632331490384614 0.25079465144230767 0.26632331490384614 0.24292095673076922
0 0.25303645673076924 0.2544286658653846 0.24809646875 0.2544286658653846 0.24809646875 0.2610910216346154 0.25303645673076924 0.2610910216346154 0.25303645673076924 0.2544286658653846
0 0.24911853605769232 0.23262458653846155 0.2458819927884615 0.23262458653846155 0.2458819927884615 0.24382945913461537 0.24911853605769232 0.24382945913461537 0.24911853605769232 0.23262458653846155
0 0.2637681514423077 0.21960270673076923 0.2589985072115385 0.21960270673076923 0.2589985072115385 0.23535009615384617 0.2637681514423077 0.23535009615384617 0.2637681514423077 0.21960270673076923
0 0.23123237740384614 0.2038553173076923 0.22748480048076924 0.2038553173076923 0.22748480048076924 0.21748286538461536 0.23123237740384614 0.21748286538461536 0.23123237740384614 0.2038553173076923
0 0.2613833293269231 0.19234760817307692 0.2554212764423077 0.19234760817307692 0.2554212764423077 0.19870713221153846 0.2613833293269231 0.19870713221153846 0.2613833293269231 0.19234760817307692
0 0.23906821874999998 0.14904228846153847 0.23719443028846154 0.14904228846153847 0.23719443028846154 0.16085282932692307 0.23906821874999998 0.16085282932692307 0.23906821874999998 0.14904228846153847
0 0.2482668125 0.14934512259615385 0.2453709591346154 0.14934512259615385 0.2453709591346154 0.15540181009615386 0.2482668125 0.15540181009615386 0.2482668125 0.14934512259615385
0 0.24860750240384616 0.15540181009615386 0.2453709591346154 0.15540181009615386 0.2453709591346154 0.16539534615384616 0.24860750240384616 0.16539534615384616 0.24860750240384616 0.15540181009615386
0 0.28284671875 0.15843015384615383 0.27943983173076925 0.15843015384615383 0.27943983173076925 0.16812085576923078 0.28284671875 0.16812085576923078 0.28284671875 0.15843015384615383
0 0.2854018846153846 0.16266983653846154 0.2854018846153846 0.15267630048076922 0.28182465144230767 0.15267630048076922 0.28182465144230767 0.16266983653846154 0.28316853365384614 0.16266983653846154 0.2854018846153846 0.16266983653846154
0 0.29187496875 0.16902935817307693 0.28829773798076924 0.16902935817307693 0.28829773798076924 0.17781155769230766 0.29187496875 0.17781155769230766 0.29187496875 0.16902935817307693
0 0.29187496875 0.17872006009615385 0.29528185576923077 0.17872006009615385 0.29528185576923077 0.17175487019230767 0.29187496875 0.17175487019230767 0.29187496875 0.17872006009615385
0 0.318108 0.19658729086538462 0.3141900817307692 0.19658729086538462 0.3141900817307692 0.21112334375 0.318108 0.21112334375 0.318108 0.19658729086538462
0 0.3058432067307692 0.18507958413461537 0.30379907451923077 0.18507958413461537 0.30379907451923077 0.19204477403846154 0.3058432067307692 0.19204477403846154 0.3058432067307692 0.18507958413461537
0 0.35115480769230767 0.17599455048076923 0.3448520649038462 0.17599455048076923 0.3448520649038462 0.18841076201923077 0.35115480769230767 0.18841076201923077 0.35115480769230767 0.17599455048076923
0 0.3063542403846154 0.14026008894230768 0.30243631971153845 0.14026008894230768 0.30243631971153845 0.14661961298076923 0.3063542403846154 0.14661961298076923 0.3063542403846154 0.14026008894230768
0 0.2942597908653846 0.11088515144230769 0.29119359134615386 0.11088515144230769 0.29119359134615386 0.12330136298076924 0.2942597908653846 0.12330136298076924 0.2942597908653846 0.11088515144230769
1 0.2857425721153846 0.1311750576923077 0.2946004783653846 0.1311750576923077 0.2946004783653846 0.11785034375 0.2857425721153846 0.11785034375 0.2857425721153846 0.1311750576923077
1 0.2843798173076923 0.12118152163461539 0.27620328846153847 0.12118152163461539 0.27620328846153847 0.12935805048076923 0.2843798173076923 0.12935805048076923 0.2843798173076923 0.12118152163461539
1 0.27943983173076925 0.15207063221153846 0.2722853677884615 0.15207063221153846 0.2722853677884615 0.15843015384615383 0.27943983173076925 0.15843015384615383 0.27943983173076925 0.15207063221153846
1 0.27824742067307695 0.16236700240384616 0.27058192548076926 0.16236700240384616 0.27058192548076926 0.17236053846153845 0.27824742067307695 0.17236053846153845 0.27824742067307695 0.16236700240384616
0 0.5314529134615384 0.5584867764423077 0.5233615552884616 0.5584867764423077 0.5233615552884616 0.5800637283653847 0.5314529134615384 0.5800637283653847 0.5314529134615384 0.5584867764423077
0 0.5640312716346154 0.6247318052884616 0.5584950817307692 0.6247318052884616 0.5584950817307692 0.6417662403846154 0.5640312716346154 0.6417662403846154 0.5640312716346154 0.6247318052884616
0 0.5621148990384616 0.6319241225961538 0.5567916370192308 0.6319241225961538 0.5567916370192308 0.6497156442307692 0.5621148990384616 0.6497156442307692 0.5621148990384616 0.6319241225961538
0 0.5567916370192308 0.6606933918269231 0.5667993677884615 0.6606933918269231 0.5667993677884615 0.6447945841346154 0.5567916370192308 0.6447945841346154 0.5567916370192308 0.6606933918269231
0 0.48396942307692303 0.62397471875 0.4763039278846154 0.62397471875 0.4763039278846154 0.6357095528846154 0.48396942307692303 0.6357095528846154 0.48396942307692303 0.62397471875
0 0.4763039278846154 0.6266245192307692 0.4718323870192308 0.6266245192307692 0.4718323870192308 0.6357095528846154 0.4763039278846154 0.6357095528846154 0.4763039278846154 0.6266245192307692
0 0.4364859326923077 0.7148250432692307 0.4290333677884615 0.7148250432692307 0.4290333677884615 0.729966764423077 0.4364859326923077 0.729966764423077 0.4364859326923077 0.7148250432692307
0 0.42796871394230773 0.7258027908653847 0.42030321875 0.7258027908653847 0.42030321875 0.7379161682692307 0.42796871394230773 0.7379161682692307 0.42796871394230773 0.7258027908653847
0 0.6183285360576923 0.8560215913461539 0.6091725264423077 0.8560215913461539 0.6091725264423077 0.885169403846154 0.6183285360576923 0.885169403846154 0.6183285360576923 0.8560215913461539
0 0.6138569975961539 0.8965256947115384 0.6196061201923077 0.8965256947115384 0.6196061201923077 0.8753272860576923 0.6138569975961539 0.8753272860576923 0.6138569975961539 0.8965256947115384
0 0.6289750600961538 0.8545074182692307 0.6213095625 0.8545074182692307 0.6213095625 0.8775985432692307 0.6289750600961538 0.8775985432692307 0.6289750600961538 0.8545074182692307
0 0.6289750600961538 0.8810054302884616 0.6349371129807693 0.8810054302884616 0.6349371129807693 0.8545074182692307 0.6289750600961538 0.8545074182692307 0.6289750600961538 0.8810054302884616
0 0.6445189831730769 0.8473151009615385 0.6362146947115386 0.8473151009615385 0.6362146947115386 0.88024834375 0.6445189831730769 0.88024834375 0.6445189831730769 0.8473151009615385
0 0.6270586850961538 0.9139386730769231 0.6362146947115386 0.9139386730769231 0.6362146947115386 0.88024834375 0.6270586850961538 0.88024834375 0.6270586850961538 0.9139386730769231
0 0.6396215817307692 0.90333946875 0.6330207379807693 0.90333946875 0.6330207379807693 0.9313516514423077 0.6396215817307692 0.9313516514423077 0.6396215817307692 0.90333946875
0 0.6464353557692307 0.9162099302884615 0.6368534855769231 0.9162099302884615 0.6368534855769231 0.9411937692307693 0.6464353557692307 0.9411937692307693 0.6464353557692307 0.9162099302884615
0 0.47685954326923075 0.9190430889423078 0.46940697596153846 0.9190430889423078 0.46940697596153846 0.9398629567307691 0.47685954326923075 0.9398629567307691 0.47685954326923075 0.9190430889423078
0 0.46600008894230766 0.9220714326923076 0.4591863149038462 0.9220714326923076 0.4591863149038462 0.9398629567307691 0.46600008894230766 0.9398629567307691 0.46600008894230766 0.9220714326923076
0 0.23184687019230768 0.8190410817307693 0.22015025240384614 0.8190410817307693 0.22015025240384614 0.8525425096153847 0.23184687019230768 0.8525425096153847 0.23184687019230768 0.8190410817307693
0 0.6298618990384616 0.7061079807692308 0.6245199014423076 0.7061079807692308 0.6245199014423076 0.7309161778846154 0.6298618990384616 0.7309161778846154 0.6298618990384616 0.7061079807692308
0 0.6433804278846154 0.7171553798076923 0.639346673076923 0.7171553798076923 0.639346673076923 0.7371182259615385 0.6433804278846154 0.7371182259615385 0.6433804278846154 0.7171553798076923
0 0.6341136947115384 0.7247141274038462 0.6289897379807693 0.7247141274038462 0.6289897379807693 0.7375058533653847 0.6341136947115384 0.7375058533653847 0.6341136947115384 0.7247141274038462
0 0.6463239783653846 0.7427388317307693 0.639346673076923 0.7427388317307693 0.639346673076923 0.7646398173076924 0.6463239783653846 0.7646398173076924 0.6463239783653846 0.7427388317307693
0 0.4401115192307692 0.46285953125 0.4369175625 0.46285953125 0.4369175625 0.4789476105769231 0.4401115192307692 0.4789476105769231 0.4401115192307692 0.46285953125
0 0.4401115192307692 0.4552886730769231 0.4355867475961538 0.4552886730769231 0.4355867475961538 0.4737426442307692 0.4401115192307692 0.4737426442307692 0.4401115192307692 0.4552886730769231
0 0.17578174759615386 0.16916472115384615 0.17152313701923075 0.16916472115384615 0.17152313701923075 0.18036959375 0.17578174759615386 0.18036959375 0.17578174759615386 0.16916472115384615
0 0.16964935096153846 0.15190315865384615 0.16607211778846154 0.15190315865384615 0.16607211778846154 0.16250236298076923 0.16964935096153846 0.16250236298076923 0.16964935096153846 0.15190315865384615
0 0.16453901923076925 0.14645213942307692 0.1613024759615385 0.14645213942307692 0.1613024759615385 0.15705134375000002 0.16453901923076925 0.15705134375000002 0.16453901923076925 0.14645213942307692
0 0.16147281971153846 0.12888774278846155 0.1578955889423077 0.12888774278846155 0.1578955889423077 0.13978978125 0.16147281971153846 0.13978978125 0.16147281971153846 0.12888774278846155
0 0.1827658653846154 0.15160032451923075 0.18004035576923078 0.15160032451923075 0.18004035576923078 0.16068535817307691 0.1827658653846154 0.16068535817307691 0.1827658653846154 0.15160032451923075
1 0.22569264423076923 0.0970901298076923 0.21206509615384617 0.0970901298076923 0.21206509615384617 0.10950634134615383 0.22569264423076923 0.10950634134615383 0.22569264423076923 0.0970901298076923
0 0.1342177235576923 0.12767640625 0.13115152403846153 0.12767640625 0.13115152403846153 0.13706427403846153 0.1342177235576923 0.13706427403846153 0.1342177235576923 0.12767640625
0 0.13728392307692308 0.12767640625 0.1342177235576923 0.12767640625 0.1342177235576923 0.13585293509615384 0.13728392307692308 0.13585293509615384 0.13728392307692308 0.12767640625
0 0.13728392307692308 0.12767640625 0.13728392307692308 0.13645860336538462 0.13983908653846153 0.13645860336538462 0.13983908653846153 0.13100758413461538 0.13983908653846153 0.12767640625 0.13728392307692308 0.12767640625
0 0.1432459735576923 0.12949341346153845 0.14120184134615385 0.12949341346153845 0.14120184134615385 0.13978978125 0.1432459735576923 0.13978978125 0.1432459735576923 0.12949341346153845
0 0.1432459735576923 0.13857844471153846 0.14631217307692307 0.13857844471153846 0.14631217307692307 0.12949341346153845 0.1432459735576923 0.12949341346153845 0.1432459735576923 0.13857844471153846
0 0.12791498076923077 0.10587232692307692 0.1233156826923077 0.10587232692307692 0.1233156826923077 0.11526019471153846 0.12791498076923077 0.11526019471153846 0.12791498076923077 0.10587232692307692
0 0.15602180048076922 0.14766347836538463 0.1519335360576923 0.14766347836538463 0.1519335360576923 0.15644567548076924 0.15602180048076922 0.15644567548076924 0.15602180048076922 0.14766347836538463
0 0.04324872596153846 0.07976659615384615 0.04117733894230769 0.07976659615384615 0.04117733894230769 0.08810059855769231 0.04324872596153846 0.08810059855769231 0.04324872596153846 0.07976659615384615
0 0.04619227644230769 0.07860371153846153 0.0439028485576923 0.07860371153846153 0.0439028485576923 0.08790678365384616 0.04619227644230769 0.08790678365384616 0.04619227644230769 0.07860371153846153
0 0.029621175480769233 0.07182022115384615 0.02656860576923077 0.07182022115384615 0.02656860576923077 0.08131710817307693 0.029621175480769233 0.08131710817307693 0.029621175480769233 0.07182022115384615
0 0.018937177884615384 0.06968826682692307 0.017192850961538463 0.06968826682692307 0.017192850961538463 0.07589031490384615 0.018937177884615384 0.07589031490384615 0.018937177884615384 0.06968826682692307
0 0.009997507211538461 0.05844705288461539 0.007926120192307692 0.05844705288461539 0.007926120192307692 0.06445528605769231 0.009997507211538461 0.06445528605769231 0.009997507211538461 0.05844705288461539
0 0.010869670673076924 0.05050067788461539 0.009779466346153846 0.05050067788461539 0.009779466346153846 0.05786561057692308 0.010869670673076924 0.05786561057692308 0.010869670673076924 0.05050067788461539
0 0.04837268269230769 0.040228533653846155 0.046083254807692306 0.040228533653846155 0.046083254807692306 0.048562536057692306 0.04837268269230769 0.048562536057692306 0.04837268269230769 0.040228533653846155
0 0.05851157932692308 0.057671795673076925 0.056004110576923075 0.057671795673076925 0.056004110576923075 0.06619961298076923 0.05851157932692308 0.06619961298076923 0.05851157932692308 0.057671795673076925
0 0.04891778605769231 0.05321407451923077 0.04706443990384616 0.05321407451923077 0.04706443990384616 0.060385192307692306 0.04891778605769231 0.060385192307692306 0.04891778605769231 0.05321407451923077
0 0.04924484615384615 0.07046352163461539 0.04695541826923077 0.07046352163461539 0.04695541826923077 0.08015422355769232 0.04924484615384615 0.08015422355769232 0.04924484615384615 0.07046352163461539
0 0.036707502403846154 0.06949445192307692 0.03463611538461538 0.06949445192307692 0.03463611538461538 0.07608412980769232 0.036707502403846154 0.07608412980769232 0.036707502403846154 0.06949445192307692
0 0.07776304567307692 0.025480389423076923 0.07486719230769232 0.025480389423076923 0.07486719230769232 0.03214274519230769 0.07776304567307692 0.03214274519230769 0.07776304567307692 0.025480389423076923
0 0.08559888701923077 0.026388891826923076 0.08219199999999999 0.026388891826923076 0.08219199999999999 0.03517109134615384 0.08559888701923077 0.03517109134615384 0.08559888701923077 0.026388891826923076
0 0.06805341826923077 0.03486825721153846 0.06549825240384616 0.03486825721153846 0.06549825240384616 0.040622110576923075 0.06805341826923077 0.040622110576923075 0.06805341826923077 0.03486825721153846
0 0.10638089903846154 0.04455895673076923 0.10382573317307692 0.04455895673076923 0.10382573317307692 0.04910147355769231 0.10638089903846154 0.04910147355769231 0.10638089903846154 0.04455895673076923
0 0.13636150721153847 0.029720072115384615 0.1331249639423077 0.029720072115384615 0.1331249639423077 0.038199435096153846 0.13636150721153847 0.038199435096153846 0.13636150721153847 0.029720072115384615
0 0.15254422115384617 0.031234242788461538 0.14845595673076922 0.031234242788461538 0.14845595673076922 0.03759376682692307 0.15254422115384617 0.03759376682692307 0.15254422115384617 0.031234242788461538
0 0.16702349278846154 0.030628574519230768 0.16395729326923075 0.030628574519230768 0.16395729326923075 0.036988096153846156 0.16702349278846154 0.036988096153846156 0.16702349278846154 0.030628574519230768
0 0.17417795432692307 0.030325740384615385 0.1706007235576923 0.030325740384615385 0.1706007235576923 0.035776759615384617 0.17417795432692307 0.035776759615384617 0.17417795432692307 0.030325740384615385
0 0.12086017067307692 0.031234242788461538 0.11779397115384614 0.031234242788461538 0.11779397115384614 0.03607959375 0.12086017067307692 0.03607959375 0.12086017067307692 0.031234242788461538
0 0.020356997596153843 0.024874721153846154 0.018653555288461538 0.024874721153846154 0.018653555288461538 0.029720072115384615 0.020356997596153843 0.029720072115384615 0.020356997596153843 0.024874721153846154
0 0.023082507211538462 0.024874721153846154 0.020356997596153843 0.024874721153846154 0.020356997596153843 0.029114403846153845 0.023082507211538462 0.029114403846153845 0.023082507211538462 0.024874721153846154
0 0.028703870192307693 0.02366338221153846 0.026489394230769233 0.02366338221153846 0.026489394230769233 0.029417237980769232 0.028703870192307693 0.029417237980769232 0.028703870192307693 0.02366338221153846
0 0.029044560096153846 0.027297396634615386 0.030407314903846152 0.027297396634615386 0.030407314903846152 0.020029370192307692 0.029044560096153846 0.020029370192307692 0.029044560096153846 0.027297396634615386
0 0.033984548076923075 0.027903064903846156 0.037902466346153844 0.027903064903846156 0.037902466346153844 0.019423701923076925 0.033984548076923075 0.019423701923076925 0.033984548076923075 0.027903064903846156
0 0.06856445192307692 0.02063503846153846 0.0661796298076923 0.02063503846153846 0.0661796298076923 0.028508733173076926 0.06856445192307692 0.028508733173076926 0.06856445192307692 0.02063503846153846
1 0.2502732668269231 0.08671860336538462 0.24754775721153846 0.08671860336538462 0.24754775721153846 0.09338095913461539 0.2502732668269231 0.09338095913461539 0.2502732668269231 0.08671860336538462
1 0.21061710096153846 0.10218046394230769 0.2032582235576923 0.10218046394230769 0.2032582235576923 0.11187116346153846 0.21061710096153846 0.11187116346153846 0.21061710096153846 0.10218046394230769
1 0.38301053125 0.20585268990384617 0.37636710096153847 0.20585268990384617 0.37636710096153847 0.21857173557692308 0.38301053125 0.21857173557692308 0.38301053125 0.20585268990384617
1 0.19307656971153844 0.04565328365384615 0.1901807139423077 0.04565328365384615 0.1901807139423077 0.05170997115384616 0.19307656971153844 0.05170997115384616 0.19307656971153844 0.04565328365384615
1 0.1297297596153846 0.05186375480769231 0.11422842307692307 0.05186375480769231 0.11422842307692307 0.060948788461538464 0.1297297596153846 0.060948788461538464 0.1297297596153846 0.05186375480769231
1 0.08032989663461539 0.06367429807692307 0.06704303605769231 0.06367429807692307 0.06704303605769231 0.07003381971153846 0.08032989663461539 0.07003381971153846 0.08032989663461539 0.06367429807692307
1 0.24227392307692305 0.3025632139423077 0.23847826923076923 0.3025632139423077 0.23847826923076923 0.307247 0.24227392307692305 0.307247 0.24227392307692305 0.3025632139423077
1 0.25156211298076925 0.28716228605769234 0.2449532091346154 0.28716228605769234 0.2449532091346154 0.2925605480769231 0.25156211298076925 0.2925605480769231 0.25156211298076925 0.28716228605769234
1 0.2616987403846154 0.2839074519230769 0.2572332668269231 0.2839074519230769 0.2572332668269231 0.2870035120192308 0.2616987403846154 0.2870035120192308 0.2616987403846154 0.2839074519230769
1 0.24315648317307692 0.28216095432692306 0.23597760336538462 0.28216095432692306 0.23597760336538462 0.28774045192307696 0.24315648317307692 0.28774045192307696 0.24315648317307692 0.28216095432692306
1 0.26643439423076926 0.23120000240384617 0.26330856009615383 0.23120000240384617 0.26330856009615383 0.23501054086538462 0.26643439423076926 0.23501054086538462 0.26643439423076926 0.23120000240384617
1 0.2970471923076923 0.4218210721153846 0.2916886201923077 0.4218210721153846 0.2916886201923077 0.42638577884615386 0.2970471923076923 0.42638577884615386 0.2970471923076923 0.4218210721153846
1 0.29654482451923075 0.40634075721153845 0.29124207451923073 0.40634075721153845 0.29124207451923073 0.41050853365384615 0.29654482451923075 0.41050853365384615 0.29654482451923075 0.40634075721153845
1 0.33744665865384615 0.33910784615384615 0.33378496874999997 0.33910784615384615 0.33378496874999997 0.34307715625 0.33744665865384615 0.34307715625 0.33744665865384615 0.33910784615384615
1 0.3409297307692307 0.3344240576923077 0.3352139230769231 0.3344240576923077 0.3352139230769231 0.34275961298076923 0.3409297307692307 0.34275961298076923 0.3409297307692307 0.3344240576923077
1 0.3352139230769231 0.32362753125 0.33226670913461537 0.32362753125 0.33226670913461537 0.3383139831730769 0.3352139230769231 0.3383139831730769 0.3352139230769231 0.32362753125
1 0.32120934375 0.20879652884615385 0.3172797259615385 0.20879652884615385 0.3172797259615385 0.2127658389423077 0.32120934375 0.2127658389423077 0.32120934375 0.20879652884615385
1 0.3143305985576923 0.27687996875 0.3114726947115385 0.27687996875 0.3114726947115385 0.2801189254807692 0.3143305985576923 0.2801189254807692 0.3143305985576923 0.27687996875
1 0.2663897043269231 0.33649264663461537 0.2632574423076923 0.33649264663461537 0.2632574423076923 0.3398255985576923 0.2663897043269231 0.3398255985576923 0.2663897043269231 0.33649264663461537
1 0.2868316177884615 0.16266983653846154 0.28316853365384614 0.16266983653846154 0.28316853365384614 0.17141167067307692 0.2868316177884615 0.17141167067307692 0.2868316177884615 0.16266983653846154
1 0.24357232692307693 0.15838736778846155 0.23973481009615386 0.15838736778846155 0.23973481009615386 0.1628838533653846 0.24357232692307693 0.1628838533653846 0.24357232692307693 0.15838736778846155
1 0.14001956490384615 0.13999424278846154 0.13238813701923077 0.13999424278846154 0.13238813701923077 0.1516230841346154 0.14001956490384615 0.1516230841346154 0.14001956490384615 0.13999424278846154
1 0.17359784615384613 0.14328908173076924 0.1673836826923077 0.14328908173076924 0.1673836826923077 0.14910350240384615 0.17359784615384613 0.14910350240384615 0.17359784615384613 0.14328908173076924
1 0.17926690625000002 0.15608080769230767 0.1741429471153846 0.15608080769230767 0.1741429471153846 0.16596532211538462 0.17926690625000002 0.16596532211538462 0.17926690625000002 0.15608080769230767
1 0.1936575985576923 0.15046020192307694 0.1853720480769231 0.15046020192307694 0.1853720480769231 0.16073234375 0.1936575985576923 0.16073234375 0.1936575985576923 0.15046020192307694
1 0.048308278846153845 0.08810059855769231 0.04324872596153846 0.08810059855769231 0.04324872596153846 0.09371015625 0.048308278846153845 0.09371015625 0.048308278846153845 0.08810059855769231
1 0.03337248557692308 0.0735534951923077 0.030537954326923078 0.0735534951923077 0.030537954326923078 0.08673285096153846 0.03337248557692308 0.08673285096153846 0.03337248557692308 0.0735534951923077
1 0.01734648798076923 0.0735534951923077 0.010696242788461539 0.0735534951923077 0.010696242788461539 0.08305038221153847 0.01734648798076923 0.08305038221153847 0.01734648798076923 0.0735534951923077
1 0.045255706730769237 0.07006484375000001 0.038278401442307694 0.07006484375000001 0.038278401442307694 0.0745225673076923 0.045255706730769237 0.0745225673076923 0.045255706730769237 0.07006484375000001