1 0.9778590673076923 0.042035682692307695 0.7753176730769231 0.042035682692307695 0.7753176730769231 0.14745646634615384 0.9778590673076923 0.14745646634615384 0.9778590673076923 0.042035682692307695
1 0.8939160576923076 0.907307576923077 0.8939160576923076 0.8142087019230769 0.6636503653846154 0.8142087019230769 0.6636503653846154 0.907307576923077 0.8060255985576923 0.907307576923077 0.8939160576923076 0.907307576923077
0 0.36303889182692306 0.885487391826923 0.35294478365384613 0.885487391826923 0.35294478365384613 0.9269853942307692 0.36303889182692306 0.9269853942307692 0.36303889182692306 0.885487391826923
0 0.3807565745192308 0.9220684399038461 0.37058171394230766 0.9220684399038461 0.37058171394230766 0.9628396658653846 0.3807565745192308 0.9628396658653846 0.3807565745192308 0.9220684399038461
0 0.4789520625 0.9163260144230769 0.4720073173076923 0.9163260144230769 0.4720073173076923 0.92953359375 0.4789520625 0.92953359375 0.4789520625 0.9163260144230769
0 0.4792750745192308 0.9398699615384616 0.4707152716346154 0.9398699615384616 0.4707152716346154 0.9651366370192308 0.4792750745192308 0.9651366370192308 0.4792750745192308 0.9398699615384616
0 0.4708767764423077 0.8545949326923077 0.4665161225961538 0.8545949326923077 0.4665161225961538 0.8672282716346154 0.4708767764423077 0.8672282716346154 0.4708767764423077 0.8545949326923077
0 0.4913880048076923 0.8790002451923077 0.4913880048076923 0.8629214519230769 0.48412024759615385 0.8629214519230769 0.48412024759615385 0.8790002451923077 0.4880012115384615 0.8790002451923077 0.4913880048076923 0.8790002451923077
0 0.4808901322115385 0.8703866057692308 0.47152279807692304 0.8703866057692308 0.47152279807692304 0.8985244927884615 0.4808901322115385 0.8985244927884615 0.4808901322115385 0.8703866057692308
0 0.48534042307692304 0.7785725673076923 0.4782083293269231 0.7785725673076923 0.4782083293269231 0.8123839711538461 0.48534042307692304 0.8123839711538461 0.48534042307692304 0.7785725673076923
0 0.4782083293269231 0.7703034735576922 0.4723166009615385 0.7703034735576922 0.4723166009615385 0.8024610600961538 0.4782083293269231 0.8024610600961538 0.4782083293269231 0.7703034735576922
0 0.4700425985576923 0.7850040841346153 0.4649777788461539 0.7850040841346153 0.4649777788461539 0.8070550024038461 0.4700425985576923 0.8070550024038461 0.4700425985576923 0.7850040841346153
0 0.428779625 0.6604116057692307 0.42050245432692307 0.6604116057692307 0.42050245432692307 0.6765621802884615 0.428779625 0.6765621802884615 0.428779625 0.6604116057692307
0 0.5131663725961538 0.640672014423077 0.50529296875 0.640672014423077 0.50529296875 0.6754854735576923 0.5131663725961538 0.6754854735576923 0.5131663725961538 0.640672014423077
0 0.5018609711538462 0.610165375 0.49237250961538465 0.610165375 0.49237250961538465 0.6327761802884615 0.5018609711538462 0.6327761802884615 0.5018609711538462 0.610165375
0 0.4740012307692308 0.621291326923077 0.46370524038461536 0.621291326923077 0.46370524038461536 0.6374418990384616 0.4740012307692308 0.6374418990384616 0.4740012307692308 0.621291326923077
0 0.4477565480769231 0.6324172788461537 0.4376624399038462 0.6324172788461537 0.4376624399038462 0.6446199326923078 0.4477565480769231 0.6446199326923078 0.4477565480769231 0.6324172788461537
0 0.41868551682692307 0.6482089495192308 0.4093989350961538 0.6482089495192308 0.4093989350961538 0.6622061129807691 0.41868551682692307 0.6622061129807691 0.41868551682692307 0.6482089495192308
0 0.2862508125 0.7077866201923076 0.2820112860576923 0.7077866201923076 0.2820112860576923 0.7214248822115384 0.2862508125 0.7214248822115384 0.2862508125 0.7077866201923076
0 0.30028648557692306 0.7208993822115384 0.30028648557692306 0.7104372524038461 0.29554465865384616 0.7104372524038461 0.29554465865384616 0.7208993822115384 0.29938075240384615 0.7208993822115384 0.30028648557692306 0.7208993822115384
0 0.2974921947115385 0.7078029038461539 0.2927503653846154 0.7078029038461539 0.2927503653846154 0.7176628966346155 0.2974921947115385 0.7176628966346155 0.2974921947115385 0.7078029038461539
0 0.4623236418269231 0.8527651947115384 0.45586341105769235 0.8527651947115384 0.45586341105769235 0.8811902067307693 0.4623236418269231 0.8811902067307693 0.4623236418269231 0.8527651947115384
0 0.6042443725961538 0.6346527067307692 0.5994482980769231 0.6346527067307692 0.5994482980769231 0.6589087163461538 0.6042443725961538 0.6589087163461538 0.6042443725961538 0.6346527067307692
0 0.5974637163461538 0.633035639423077 0.5923368774038461 0.633035639423077 0.5923368774038461 0.6575856610576923 0.5974637163461538 0.6575856610576923 0.5974637163461538 0.633035639423077
0 0.6311420649038462 0.45703876201923077 0.625812375 0.45703876201923077 0.625812375 0.48517665144230765 0.6311420649038462 0.48517665144230765 0.6311420649038462 0.45703876201923077
0 0.8001710168269232 0.9005540745192308 0.7890674951923077 0.9005540745192308 0.7890674951923077 0.9439811730769231 0.8001710168269232 0.9439811730769231 0.8001710168269232 0.9005540745192308
0 0.812485829326923 0.9120389278846154 0.8048143052884615 0.9120389278846154 0.8048143052884615 0.9468523870192308 0.812485829326923 0.9468523870192308 0.812485829326923 0.9120389278846154
0 0.8262138149038462 0.9289073052884615 0.8171291177884614 0.9289073052884615 0.8171291177884614 0.9615673533653847 0.8262138149038462 0.9615673533653847 0.8262138149038462 0.9289073052884615
0 0.8502377956730769 0.9382387475961539 0.83933615625 0.9382387475961539 0.83933615625 0.9726933052884615 0.8502377956730769 0.9726933052884615 0.8502377956730769 0.9382387475961539
0 0.9231172596153846 0.9400332548076923 0.9122156201923077 0.9400332548076923 0.9122156201923077 0.9795124350961538 0.9231172596153846 0.9795124350961538 0.9231172596153846 0.9400332548076923
0 0.9003045721153846 0.8883514182692308 0.8920274038461538 0.8883514182692308 0.8920274038461538 0.9296251081730769 0.9003045721153846 0.9296251081730769 0.9003045721153846 0.8883514182692308
0 0.9443148870192307 0.9457756826923076 0.9336151322115385 0.9457756826923076 0.9336151322115385 0.9870493701923077 0.9443148870192307 0.9870493701923077 0.9443148870192307 0.9457756826923076
0 0.9840856730769231 1 0.9840856730769231 0.9683864855769231 0.9685407475961539 0.9683864855769231 0.9685407475961539 1 0.9840856730769231 1
0 0.489994141826923 0.4409353485576923 0.4838569230769231 0.4409353485576923 0.4838569230769231 0.4555785360576923 0.489994141826923 0.4555785360576923 0.489994141826923 0.4409353485576923
0 0.4701147235576923 0.4109047572115384 0.4674686129807692 0.4109047572115384 0.4674686129807692 0.42354728125 0.4701147235576923 0.42354728125 0.4701147235576923 0.4109047572115384
0 0.46424366586538457 0.4098757139423077 0.4605225745192308 0.4098757139423077 0.4605225745192308 0.4267814158653846 0.46424366586538457 0.4267814158653846 0.46424366586538457 0.4098757139423077
0 0.4640782836538462 0.39252899278846154 0.46077064663461537 0.39252899278846154 0.46077064663461537 0.4029664254807692 0.4640782836538462 0.4029664254807692 0.4640782836538462 0.39252899278846154
0 0.45241886057692304 0.3872367716346154 0.44894584375 0.3872367716346154 0.44894584375 0.3982622307692308 0.45241886057692304 0.3982622307692308 0.45241886057692304 0.3872367716346154
0 0.48386725 0.3525100504807692 0.48039423076923077 0.3525100504807692 0.48039423076923077 0.3636825144230769 0.48386725 0.3636825144230769 0.48386725 0.3525100504807692
0 0.14088602403846154 0.6419508100961538 0.1332952548076923 0.6419508100961538 0.1332952548076923 0.66865309375 0.14088602403846154 0.66865309375 0.14088602403846154 0.6419508100961538
0 0.03429223798076923 0.6465447524038462 0.023794365384615383 0.6465447524038462 0.023794365384615383 0.6626235456730769 0.03429223798076923 0.6626235456730769 0.03429223798076923 0.6465447524038462
0 0.01652660576923077 0.6508515721153846 0.008935836538461538 0.6508515721153846 0.008935836538461538 0.6718114278846153 0.01652660576923077 0.6718114278846153 0.01652660576923077 0.6508515721153846
0 0.027788596153846153 0.5454624326923077 0.021834848557692306 0.5454624326923077 0.021834848557692306 0.5594574134615384 0.027788596153846153 0.5594574134615384 0.027788596153846153 0.5454624326923077
0 0.012838074519230771 0.5493433942307692 0.0083396875 0.5493433942307692 0.0083396875 0.5687481995192308 0.012838074519230771 0.5687481995192308 0.012838074519230771 0.5493433942307692
0 0.021239473557692307 0.5389941634615385 0.015947252403846153 0.5389941634615385 0.015947252403846153 0.55146028125 0.021239473557692307 0.55146028125 0.021239473557692307 0.5389941634615385
0 0.011845783653846153 0.5408758413461539 0.0089350625 0.5408758413461539 0.0089350625 0.5507546514423077 0.011845783653846153 0.5507546514423077 0.011845783653846153 0.5408758413461539
1 0.01746876682692308 0.531820264423077 0.009199673076923078 0.531820264423077 0.009199673076923078 0.5389941634615385 0.01746876682692308 0.5389941634615385 0.01746876682692308 0.531820264423077
0 0.018667786057692308 0.5056972788461539 0.01588937019230769 0.5056972788461539 0.01588937019230769 0.5212211225961538 0.018667786057692308 0.5212211225961538 0.018667786057692308 0.5056972788461539
0 0.015426300480769232 0.5082845865384615 0.01211866346153846 0.5082845865384615 0.01211866346153846 0.5241612451923077 0.015426300480769232 0.5241612451923077 0.015426300480769232 0.5082845865384615
0 0.047444230769230766 0.49852337980769235 0.04268123317307693 0.49852337980769235 0.04268123317307693 0.5179281875 0.047444230769230766 0.5179281875 0.047444230769230766 0.49852337980769235
0 0.038249 0.46935736778846154 0.034015223557692306 0.46935736778846154 0.034015223557692306 0.48570444711538463 0.038249 0.48570444711538463 0.038249 0.46935736778846154
0 0.18550156971153847 0.5116990432692308 0.181621125 0.5116990432692308 0.181621125 0.5289454615384616 0.18550156971153847 0.5289454615384616 0.18550156971153847 0.5116990432692308
0 0.18037207932692306 0.5112104615384616 0.1765738076923077 0.5112104615384616 0.1765738076923077 0.5340650120192307 0.18037207932692306 0.5340650120192307 0.18037207932692306 0.5112104615384616
0 0.16886039663461538 0.5530758413461538 0.1654127355769231 0.5530758413461538 0.1654127355769231 0.5721905576923076 0.16886039663461538 0.5721905576923076 0.16886039663461538 0.5530758413461538
0 0.1731261466346154 0.5447650961538462 0.16850978846153847 0.5447650961538462 0.16850978846153847 0.5630487379807693 0.1731261466346154 0.5630487379807693 0.1731261466346154 0.5447650961538462
0 0.16085481250000003 0.5513098076923076 0.1547191442307692 0.5513098076923076 0.1547191442307692 0.5714633677884615 0.16085481250000003 0.5714633677884615 0.16085481250000003 0.5513098076923076
0 0.23463533653846153 0.44689775480769234 0.23084875240384614 0.44689775480769234 0.23084875240384614 0.4616908822115385 0.23463533653846153 0.4616908822115385 0.23463533653846153 0.44689775480769234
0 0.21978928846153847 0.42990624038461533 0.21788197115384617 0.42990624038461533 0.21788197115384617 0.4379510408653846 0.21978928846153847 0.4379510408653846 0.21978928846153847 0.42990624038461533
0 0.21676002163461539 0.42438790625 0.2150022980769231 0.42438790625 0.2150022980769231 0.4319673052884615 0.21676002163461539 0.4319673052884615 0.21676002163461539 0.42438790625
0 0.20969173317307693 0.4229252139423077 0.20782181490384616 0.4229252139423077 0.20782181490384616 0.43130244471153845 0.20969173317307693 0.43130244471153845 0.20969173317307693 0.4229252139423077
0 0.20875677163461537 0.4196674014423077 0.20554051442307691 0.4196674014423077 0.20554051442307691 0.42804463221153843 0.20875677163461537 0.42804463221153843 0.20875677163461537 0.4196674014423077
0 0.1840364591346154 0.43675429326923076 0.18130637980769232 0.43675429326923076 0.18130637980769232 0.44885474038461537 0.1840364591346154 0.44885474038461537 0.1840364591346154 0.43675429326923076
0 0.15946225721153845 0.4353466754807692 0.15492770432692307 0.4353466754807692 0.15492770432692307 0.44515335576923076 0.15946225721153845 0.44515335576923076 0.15946225721153845 0.4353466754807692
0 0.17414111057692308 0.41781100240384617 0.1704480216346154 0.41781100240384617 0.1704480216346154 0.43052644471153845 0.17414111057692308 0.43052644471153845 0.17414111057692308 0.41781100240384617
0 0.16502526201923076 0.41066376201923077 0.1610049375 0.41066376201923077 0.1610049375 0.4195562596153846 0.16502526201923076 0.4195562596153846 0.16502526201923076 0.41066376201923077
0 0.048559449519230774 0.4378570072115385 0.045135526442307686 0.4378570072115385 0.045135526442307686 0.45383531009615385 0.048559449519230774 0.45383531009615385 0.048559449519230774 0.4378570072115385
0 0.1077606514423077 0.42118398076923075 0.10442986057692308 0.42118398076923075 0.10442986057692308 0.431156875 0.1077606514423077 0.431156875 0.1077606514423077 0.42118398076923075
0 0.3047060336538462 0.4157731274038462 0.3015645721153846 0.4157731274038462 0.3015645721153846 0.42228875240384617 0.3047060336538462 0.42228875240384617 0.3047060336538462 0.4157731274038462
0 0.2994328653846154 0.4172358173076923 0.29730116105769233 0.4172358173076923 0.29730116105769233 0.42747465625 0.2994328653846154 0.42747465625 0.2994328653846154 0.4172358173076923
0 0.2921027884615385 0.4181001346153846 0.28929791346153844 0.4181001346153846 0.28929791346153844 0.42893734615384616 0.2921027884615385 0.42893734615384616 0.2921027884615385 0.4181001346153846
0 0.34213322355769227 0.4049572427884615 0.33918810336538463 0.4049572427884615 0.33918810336538463 0.4126031298076923 0.34213322355769227 0.4126031298076923 0.34213322355769227 0.4049572427884615
1 0.3264726634615384 0.4075335745192307 0.3264726634615384 0.39897350721153846 0.32329380288461534 0.39897350721153846 0.32329380288461534 0.4075335745192307 0.3244657427884615 0.4075335745192307 0.3264726634615384 0.4075335745192307
0 0.3395153389423077 0.3888343966346154 0.3395153389423077 0.3792770408653846 0.33675720913461543 0.3792770408653846 0.33675720913461543 0.3888343966346154 0.3376577355769231 0.3888343966346154 0.3395153389423077 0.3888343966346154
0 0.3743243076923077 0.38154968509615383 0.37058081971153845 0.38154968509615383 0.37058081971153845 0.39210043509615383 0.3743243076923077 0.39210043509615383 0.3743243076923077 0.38154968509615383
0 0.36777320432692306 0.4165320192307692 0.36777320432692306 0.40107681730769235 0.36331497355769227 0.40107681730769235 0.36331497355769227 0.4165320192307692 0.36554081009615386 0.4165320192307692 0.36777320432692306 0.4165320192307692
0 0.3388560985576923 0.3222349038461539 0.3364719519230769 0.3222349038461539 0.3364719519230769 0.32880039423076923 0.3388560985576923 0.32880039423076923 0.3388560985576923 0.3222349038461539
0 0.34030528365384616 0.31059986057692307 0.33792113942307694 0.31059986057692307 0.33792113942307694 0.3187443918269231 0.34030528365384616 0.3187443918269231 0.34030528365384616 0.31059986057692307
0 0.33081545192307693 0.31209579567307694 0.32917927403846153 0.31209579567307694 0.32917927403846153 0.31999100240384615 0.33081545192307693 0.31999100240384615 0.33081545192307693 0.31209579567307694
0 0.32857155048076925 0.3135917283653846 0.3259069182692308 0.3135917283653846 0.3259069182692308 0.31974168028846156 0.32857155048076925 0.31974168028846156 0.32857155048076925 0.3135917283653846
0 0.3252056971153846 0.30478233894230766 0.3228683004807692 0.30478233894230766 0.3228683004807692 0.3107660769230769 0.3252056971153846 0.3107660769230769 0.3252056971153846 0.30478233894230766
0 0.11541240144230769 0.39834906971153844 0.1127097860576923 0.39834906971153844 0.1127097860576923 0.40510155048076923 0.11541240144230769 0.40510155048076923 0.11541240144230769 0.39834906971153844
0 0.13761767307692307 0.3988684903846154 0.1346959278846154 0.3988684903846154 0.1346959278846154 0.4053612596153846 0.13761767307692307 0.4053612596153846 0.13761767307692307 0.3988684903846154
0 0.13308896634615383 0.3974400817307692 0.131262875 0.3974400817307692 0.131262875 0.40484183894230774 0.13308896634615383 0.40484183894230774 0.13308896634615383 0.3974400817307692
0 0.13506114663461538 0.4082180793269231 0.13235853125 0.4082180793269231 0.13235853125 0.4166586802884616 0.13506114663461538 0.4166586802884616 0.13506114663461538 0.4082180793269231
0 0.13776376201923077 0.40912706730769227 0.13579158173076922 0.40912706730769227 0.13579158173076922 0.4165288245192308 0.13776376201923077 0.4165288245192308 0.13776376201923077 0.40912706730769227
0 0.1926408798076923 0.3907508798076923 0.18853217307692308 0.3907508798076923 0.18853217307692308 0.4013016298076923 0.1926408798076923 0.4013016298076923 0.1926408798076923 0.3907508798076923
0 0.20422644711538462 0.3403465528846154 0.20121339423076925 0.3403465528846154 0.20121339423076925 0.3478132379807692 0.20422644711538462 0.3478132379807692 0.20422644711538462 0.3403465528846154
0 0.19719599278846156 0.34294365865384613 0.1947307692307692 0.34294365865384613 0.1947307692307692 0.35138426201923073 0.19719599278846156 0.35138426201923073 0.19719599278846156 0.34294365865384613
0 0.1912611971153846 0.3460277259615384 0.18897858173076923 0.3460277259615384 0.18897858173076923 0.35170889903846153 0.1912611971153846 0.35170889903846153 0.1912611971153846 0.3460277259615384
0 0.18605683413461538 0.3526828149038461 0.18359161057692308 0.3526828149038461 0.18359161057692308 0.3612857355769231 0.18605683413461538 0.3612857355769231 0.18605683413461538 0.3526828149038461
0 0.17026114423076924 0.32801028846153846 0.16806983413461538 0.32801028846153846 0.16806983413461538 0.3388856802884615 0.17026114423076924 0.3388856802884615 0.17026114423076924 0.32801028846153846
0 0.17555681009615384 0.3254131826923077 0.1730915841346154 0.3254131826923077 0.1730915841346154 0.33287986778846157 0.17555681009615384 0.33287986778846157 0.17555681009615384 0.3254131826923077
0 0.16715678846153845 0.3383987211538461 0.16478286778846155 0.3383987211538461 0.16478286778846155 0.34391757692307695 0.16715678846153845 0.34391757692307695 0.16715678846153845 0.3383987211538461
0 0.18432204807692307 0.3319059519230769 0.18167421634615386 0.3319059519230769 0.18167421634615386 0.33774944471153845 0.18432204807692307 0.33774944471153845 0.18432204807692307 0.3319059519230769
0 0.18715249038461537 0.32671173557692307 0.18423074278846155 0.32671173557692307 0.18423074278846155 0.33645088942307694 0.18715249038461537 0.33645088942307694 0.18715249038461537 0.32671173557692307
0 0.18350030769230768 0.3403465528846154 0.1812176923076923 0.3403465528846154 0.1812176923076923 0.3476509182692308 0.18350030769230768 0.3476509182692308 0.18350030769230768 0.3403465528846154
0 0.19180902403846153 0.3307697163461538 0.18952640865384615 0.3307697163461538 0.18952640865384615 0.33645088942307694 0.19180902403846153 0.33645088942307694 0.19180902403846153 0.3307697163461538
0 0.20075687259615385 0.32297839423076924 0.1990220841346154 0.32297839423076924 0.1990220841346154 0.3306073966346154 0.20075687259615385 0.3306073966346154 0.20075687259615385 0.32297839423076924
0 0.20495688221153846 0.3117783653846154 0.20258296394230768 0.3117783653846154 0.20258296394230768 0.31794649519230767 0.20495688221153846 0.31794649519230767 0.20495688221153846 0.3117783653846154
0 0.2532570048076923 0.31956968990384615 0.2506091706730769 0.31956968990384615 0.2506091706730769 0.32638709615384615 0.2532570048076923 0.32638709615384615 0.2532570048076923 0.31956968990384615
0 0.2641933341346154 0.3045720817307692 0.2616128485576923 0.3045720817307692 0.2616128485576923 0.3100904158653846 0.2641933341346154 0.3100904158653846 0.2641933341346154 0.3045720817307692
0 0.2674469903846154 0.3041066778846154 0.2650908942307692 0.3041066778846154 0.2650908942307692 0.31062230288461534 0.2674469903846154 0.31062230288461534 0.2674469903846154 0.3041066778846154
0 0.25873317307692306 0.30503748076923076 0.25611528846153847 0.30503748076923076 0.25611528846153847 0.31155310576923073 0.25873317307692306 0.31155310576923073 0.25873317307692306 0.30503748076923076
0 0.30887452644230773 0.27039081971153844 0.3056956682692308 0.27039081971153844 0.3056956682692308 0.2777873846153846 0.30887452644230773 0.2777873846153846 0.30887452644230773 0.27039081971153844
0 0.29075715384615386 0.2900030841346154 0.28771853846153844 0.2900030841346154 0.28771853846153844 0.29449088701923076 0.29075715384615386 0.29449088701923076 0.29075715384615386 0.2900030841346154
0 0.3389844423076923 0.27314593028846157 0.33653017548076924 0.27314593028846157 0.33653017548076924 0.27782072596153845 0.3389844423076923 0.27782072596153845 0.3389844423076923 0.27314593028846157
0 0.340912795673077 0.2810411394230769 0.3386922668269231 0.2810411394230769 0.3386922668269231 0.28633923798076927 0.340912795673077 0.28633923798076927 0.340912795673077 0.2810411394230769
0 0.34295801682692306 0.26348468990384616 0.34038688221153846 0.26348468990384616 0.34038688221153846 0.2695099783653846 0.34295801682692306 0.2695099783653846 0.34295801682692306 0.26348468990384616
0 0.23157393028846154 0.29772394951923076 0.2284768798076923 0.29772394951923076 0.2284768798076923 0.3142415576923077 0.23157393028846154 0.3142415576923077 0.23157393028846154 0.29772394951923076
0 0.22760035576923077 0.3029181658653846 0.22479548076923078 0.3029181658653846 0.22479548076923078 0.3122677548076923 0.22760035576923077 0.3122677548076923 0.22760035576923077 0.3029181658653846
0 0.2226918221153846 0.3057230408653846 0.22029599038461536 0.3057230408653846 0.22029599038461536 0.31382601923076925 0.2226918221153846 0.31382601923076925 0.2226918221153846 0.3057230408653846
0 0.2396975360576923 0.2920225168269231 0.23661600721153847 0.2920225168269231 0.23661600721153847 0.29851528605769234 0.2396975360576923 0.29851528605769234 0.2396975360576923 0.2920225168269231
0 0.23855623076923077 0.2830949591346154 0.23604535336538462 0.2830949591346154 0.23604535336538462 0.2893848293269231 0.23855623076923077 0.2893848293269231 0.23855623076923077 0.2830949591346154
0 0.23170838701923074 0.27376160096153845 0.22931164182692307 0.27376160096153845 0.22931164182692307 0.2802543701923077 0.23170838701923074 0.2802543701923077 0.23170838701923074 0.27376160096153845
0 0.22512112740384616 0.27704466826923074 0.2224097451923077 0.27704466826923074 0.2224097451923077 0.28236354807692304 0.22512112740384616 0.28236354807692304 0.22512112740384616 0.27704466826923074
0 0.22180202163461538 0.27330483413461537 0.21965161778846154 0.27330483413461537 0.21965161778846154 0.2796210024038462 0.22180202163461538 0.2796210024038462 0.22180202163461538 0.27330483413461537
0 0.23094239903846156 0.26190793269230767 0.22819595673076923 0.26190793269230767 0.22819595673076923 0.2668943798076923 0.23094239903846156 0.2668943798076923 0.23094239903846156 0.26190793269230767
0 0.2232874230769231 0.2694914879807692 0.22095002403846153 0.2694914879807692 0.22095002403846153 0.2749973581730769 0.2232874230769231 0.2749973581730769 0.2232874230769231 0.2694914879807692
0 0.22854656490384617 0.26855653125 0.2266182139423077 0.26855653125 0.2266182139423077 0.27510124278846154 0.22854656490384617 0.27510124278846154 0.22854656490384617 0.26855653125
0 0.22539107932692307 0.26741380288461536 0.2232874230769231 0.26741380288461536 0.2232874230769231 0.27271190384615385 0.22539107932692307 0.27271190384615385 0.22539107932692307 0.26741380288461536
0 0.24823913701923078 0.2745818197115385 0.24479147596153844 0.2745818197115385 0.24479147596153844 0.2795682692307692 0.24823913701923078 0.2795682692307692 0.24823913701923078 0.2745818197115385
0 0.25092714423076923 0.2610768605769231 0.24794696153846155 0.2610768605769231 0.24794696153846155 0.26980314182692305 0.25092714423076923 0.26980314182692305 0.25092714423076923 0.2610768605769231
0 0.2966773533653846 0.24573440384615383 0.29359198798076924 0.24573440384615383 0.29359198798076924 0.25246610576923073 0.2966773533653846 0.25246610576923073 0.2966773533653846 0.24573440384615383
1 0.2813406033653846 0.22288361778846152 0.2624377019230769 0.22288361778846152 0.2624377019230769 0.23936916586538462 0.2813406033653846 0.23936916586538462 0.2813406033653846 0.22288361778846152
1 0.3178981009615385 0.2381010480769231 0.31201323557692306 0.2381010480769231 0.31201323557692306 0.24888006009615385 0.3178981009615385 0.24888006009615385 0.3178981009615385 0.2381010480769231
1 0.33145112259615384 0.24761194230769232 0.32503127163461537 0.24761194230769232 0.32503127163461537 0.25807392307692306 0.33145112259615384 0.25807392307692306 0.33145112259615384 0.24761194230769232
1 0.08533012740384614 0.38734184375 0.07762607451923077 0.38734184375 0.07762607451923077 0.40357425240384615 0.08533012740384614 0.40357425240384615 0.08533012740384614 0.38734184375
0 0.39395794471153844 0.6777518245192307 0.38884473557692306 0.6777518245192307 0.38884473557692306 0.7102166442307692 0.39395794471153844 0.7102166442307692 0.39395794471153844 0.6777518245192307
0 0.49669593269230766 0.8478128100961538 0.4880012115384615 0.8478128100961538 0.4880012115384615 0.8765953389423077 0.49669593269230766 0.8765953389423077 0.49669593269230766 0.8478128100961538
0 0.4483502788461538 0.966140983173077 0.4553460336538461 0.966140983173077 0.4553460336538461 0.9348710769230769 0.4483502788461538 0.9348710769230769 0.4483502788461538 0.966140983173077
0 0.49817953125 0.5705835216346153 0.4950564278846154 0.5705835216346153 0.4950564278846154 0.5830759399038462 0.49817953125 0.5830759399038462 0.49817953125 0.5705835216346153
0 0.37700308653846154 0.5497628269230769 0.37138150000000003 0.5497628269230769 0.37138150000000003 0.5628104615384616 0.37700308653846154 0.5628104615384616 0.37700308653846154 0.5497628269230769
0 0.19803555048076923 0.3689170480769231 0.1938193605769231 0.3689170480769231 0.1938193605769231 0.38418555769230767 0.19803555048076923 0.38418555769230767 0.19803555048076923 0.3689170480769231
0 0.3395153389423077 0.3889642596153846 0.34295451923076925 0.3889642596153846 0.34295451923076925 0.3792770408653846 0.3395153389423077 0.3792770408653846 0.3395153389423077 0.3889642596153846
1 0.22257160817307692 0.2960834182692308 0.20338325480769232 0.2960834182692308 0.20338325480769232 0.3039008942307692 0.22257160817307692 0.3039008942307692 0.22257160817307692 0.2960834182692308
1 0.2127775528846154 0.30798730288461534 0.20528210096153848 0.30798730288461534 0.20528210096153848 0.31651545913461543 0.2127775528846154 0.31651545913461543 0.2127775528846154 0.30798730288461534
1 0.1030441610576923 0.3758839903846154 0.09552872355769232 0.3758839903846154 0.09552872355769232 0.3970622451923077 0.1030441610576923 0.3970622451923077 0.1030441610576923 0.3758839903846154