1 0.9743053846153846 0.034901512019230765 0.7741578557692308 0.034901512019230765 0.7741578557692308 0.14942764423076924 0.9743053846153846 0.14942764423076924 0.9743053846153846 0.034901512019230765
0 0.7674054134615385 0.912366810096154 0.7472658966346154 0.912366810096154 0.7472658966346154 0.9452639615384615 0.7674054134615385 0.9452639615384615 0.7674054134615385 0.912366810096154
0 0.5202827740384616 0.8569679182692307 0.5083986346153846 0.8569679182692307 0.5083986346153846 0.8985064615384615 0.5202827740384616 0.8985064615384615 0.5202827740384616 0.8569679182692307
0 0.6153346298076923 0.6772355240384615 0.6065891899038461 0.6772355240384615 0.6065891899038461 0.7111172235576924 0.6153346298076923 0.7111172235576924 0.6153346298076923 0.6772355240384615
0 0.5650071057692307 0.7040768701923077 0.5525489807692308 0.7040768701923077 0.5525489807692308 0.7246112331730769 0.5650071057692307 0.7246112331730769 0.5650071057692307 0.7040768701923077
0 0.4813479134615385 0.656261139423077 0.47119990384615384 0.656261139423077 0.47119990384615384 0.6935163413461538 0.4813479134615385 0.6935163413461538 0.4813479134615385 0.656261139423077
0 0.5269726995192308 0.624286204326923 0.5155871274038462 0.624286204326923 0.5155871274038462 0.6696084759615384 0.5269726995192308 0.6696084759615384 0.5269726995192308 0.624286204326923
0 0.5334080216346154 0.6545010504807693 0.5244150721153846 0.6545010504807693 0.5244150721153846 0.6885294254807692 0.5334080216346154 0.6885294254807692 0.5334080216346154 0.6545010504807693
0 0.45113253124999997 0.7030137427884615 0.44584509375000003 0.7030137427884615 0.44584509375000003 0.7258420336538461 0.45113253124999997 0.7258420336538461 0.45113253124999997 0.7030137427884615
0 0.48532461298076923 0.45064920432692307 0.47787184615384615 0.45064920432692307 0.47787184615384615 0.4739251105769231 0.48532461298076923 0.4739251105769231 0.48532461298076923 0.45064920432692307
0 0.4400037379807692 0.4148401177884615 0.43678092067307694 0.4148401177884615 0.43678092067307694 0.4305961153846154 0.4400037379807692 0.4305961153846154 0.4400037379807692 0.4148401177884615
0 0.43568032692307695 0.4547257091346154 0.4305238197115384 0.4547257091346154 0.4305238197115384 0.47250993509615385 0.43568032692307695 0.47250993509615385 0.43568032692307695 0.4547257091346154
0 0.7391585769230768 0.4495398365384615 0.7328676370192307 0.4495398365384615 0.7328676370192307 0.46512395192307693 0.7391585769230768 0.46512395192307693 0.7391585769230768 0.4495398365384615
0 0.6178774975961538 0.3840865576923077 0.6132366394230769 0.3840865576923077 0.6132366394230769 0.39893730048076925 0.6178774975961538 0.39893730048076925 0.6178774975961538 0.3840865576923077
0 0.6025483942307692 0.3973848870192308 0.5985776346153846 0.3973848870192308 0.5985776346153846 0.41195372355769233 0.6025483942307692 0.41195372355769233 0.6025483942307692 0.3973848870192308
0 0.594606875 0.39212809134615384 0.5892843701923077 0.39212809134615384 0.5892843701923077 0.4100762956730769 0.594606875 0.4100762956730769 0.594606875 0.39212809134615384
0 0.4130412644230769 0.49893386298076925 0.4082972788461538 0.49893386298076925 0.4082972788461538 0.513601264423077 0.4130412644230769 0.513601264423077 0.4130412644230769 0.49893386298076925
0 0.44196514903846157 0.3527493533653846 0.4381493317307692 0.3527493533653846 0.4381493317307692 0.36356656249999997 0.44196514903846157 0.36356656249999997 0.44196514903846157 0.3527493533653846
0 0.4504218245192308 0.35714957451923074 0.4474310480769231 0.35714957451923074 0.4474310480769231 0.3652166466346154 0.4504218245192308 0.3652166466346154 0.4504218245192308 0.35714957451923074
0 0.42010155288461537 0.35549949278846155 0.41525443509615384 0.35549949278846155 0.41525443509615384 0.36668338701923076 0.42010155288461537 0.36668338701923076 0.42010155288461537 0.35549949278846155
0 0.4019506442307692 0.31828095913461535 0.3970003942307692 0.31828095913461535 0.3970003942307692 0.3285481394230769 0.4019506442307692 0.3285481394230769 0.4019506442307692 0.31828095913461535
0 0.38606859855769227 0.36393324759615386 0.38307782211538466 0.36393324759615386 0.38307782211538466 0.37731725240384617 0.38606859855769227 0.37731725240384617 0.38606859855769227 0.36393324759615386
0 0.38307782211538466 0.3657666730769231 0.37864322596153843 0.3657666730769231 0.37864322596153843 0.37731725240384617 0.38307782211538466 0.37731725240384617 0.38307782211538466 0.3657666730769231
0 0.3738992379807692 0.35531614903846154 0.37049594230769234 0.35531614903846154 0.37049594230769234 0.3672334134615385 0.3738992379807692 0.3672334134615385 0.3738992379807692 0.35531614903846154
0 0.37049594230769234 0.35769960096153847 0.3674020360576923 0.35769960096153847 0.3674020360576923 0.3672334134615385 0.37049594230769234 0.3672334134615385 0.37049594230769234 0.35769960096153847
0 0.3758207091346154 0.3672567716346154 0.37158162980769227 0.3672567716346154 0.37158162980769227 0.3782072524038461 0.3758207091346154 0.3782072524038461 0.3758207091346154 0.3672567716346154
0 0.36838068990384615 0.3762078653846154 0.36403779567307687 0.3762078653846154 0.36403779567307687 0.39244902403846155 0.36838068990384615 0.39244902403846155 0.36838068990384615 0.3762078653846154
0 0.3635014206730769 0.37722293990384614 0.36011015625 0.37722293990384614 0.36011015625 0.3880503774038461 0.3635014206730769 0.3880503774038461 0.3635014206730769 0.37722293990384614
0 0.3887791899038462 0.4226761177884616 0.38278081009615383 0.4226761177884616 0.38278081009615383 0.44175078125 0.3887791899038462 0.44175078125 0.3887791899038462 0.4226761177884616
0 0.3984813461538461 0.44232310336538466 0.39346509375 0.44232310336538466 0.39346509375 0.46419513221153846 0.3984813461538461 0.46419513221153846 0.3984813461538461 0.44232310336538466
0 0.3820597235576923 0.41988784375 0.37598741826923077 0.41988784375 0.37598741826923077 0.4427924591346154 0.3820597235576923 0.4427924591346154 0.3820597235576923 0.41988784375
0 0.3890715817307692 0.46885090865384615 0.38360568269230766 0.46885090865384615 0.38360568269230766 0.48608510576923075 0.3890715817307692 0.48608510576923075 0.3890715817307692 0.46885090865384615
0 0.37453022836538463 0.42576541586538463 0.3694768485576923 0.42576541586538463 0.3694768485576923 0.4451997235576923 0.37453022836538463 0.4451997235576923 0.37453022836538463 0.42576541586538463
0 0.3529924278846154 0.36141370192307687 0.34838803605769236 0.36141370192307687 0.34838803605769236 0.3747058894230769 0.3529924278846154 0.3747058894230769 0.3529924278846154 0.36141370192307687
0 0.3590330504807693 0.3559316153846154 0.3555269543269231 0.3559316153846154 0.3555269543269231 0.37035025721153847 0.3590330504807693 0.37035025721153847 0.3590330504807693 0.3559316153846154
0 0.36591851442307693 0.34451685576923075 0.3617787884615385 0.34451685576923075 0.3617787884615385 0.3608129254807692 0.36591851442307693 0.3608129254807692 0.36591851442307693 0.34451685576923075
0 0.35861062980769226 0.3334024855769231 0.355949375 0.3334024855769231 0.355949375 0.34722035096153847 0.35861062980769226 0.34722035096153847 0.35861062980769226 0.3334024855769231
0 0.355949375 0.32709432932692306 0.3524010384615384 0.32709432932692306 0.3524010384615384 0.34271452403846153 0.355949375 0.34271452403846153 0.355949375 0.32709432932692306
0 0.38738939182692306 0.3302812620192308 0.38219163221153846 0.3302812620192308 0.38219163221153846 0.3421618581730769 0.38738939182692306 0.3421618581730769 0.38738939182692306 0.3302812620192308
1 0.3384099302884615 0.3616560120192308 0.3329646586538461 0.3616560120192308 0.3329646586538461 0.3770567836538462 0.3384099302884615 0.3770567836538462 0.3384099302884615 0.3616560120192308
1 0.30936847596153844 0.3581358341346154 0.30549078125 0.3581358341346154 0.30549078125 0.3701631057692308 0.30936847596153844 0.3701631057692308 0.30936847596153844 0.3581358341346154
1 0.2991379615384615 0.36136266346153845 0.2952602692307692 0.36136266346153845 0.2952602692307692 0.37118982451923077 0.2991379615384615 0.37118982451923077 0.2991379615384615 0.36136266346153845
1 0.3228166490384616 0.3175071322115385 0.3186914423076923 0.3175071322115385 0.3186914423076923 0.32718761778846156 0.3228166490384616 0.32718761778846156 0.3228166490384616 0.3175071322115385
1 0.2073254423076923 0.3363084951923077 0.2032002355769231 0.3363084951923077 0.2032002355769231 0.3470156995192308 0.2073254423076923 0.3470156995192308 0.2073254423076923 0.3363084951923077
1 0.2041902860576923 0.30228012259615383 0.20006507932692308 0.30228012259615383 0.20006507932692308 0.30990717307692306 0.2041902860576923 0.30990717307692306 0.2041902860576923 0.30228012259615383
1 0.22407378365384614 0.3132806754807692 0.22003107932692306 0.3132806754807692 0.22003107932692306 0.3223744639423077 0.22407378365384614 0.3223744639423077 0.22407378365384614 0.3132806754807692
0 0.4640505480769231 0.31565640865384614 0.46061837740384615 0.31565640865384614 0.46061837740384615 0.3249262067307692 0.4640505480769231 0.3249262067307692 0.4640505480769231 0.31565640865384614
0 0.4457016298076923 0.3070906466346154 0.44226945673076923 0.3070906466346154 0.44226945673076923 0.31483503365384613 0.4457016298076923 0.31483503365384613 0.4457016298076923 0.3070906466346154
0 0.40035818028846154 0.30256428365384613 0.3969260096153846 0.30256428365384613 0.3969260096153846 0.31138819471153845 0.40035818028846154 0.31138819471153845 0.40035818028846154 0.30256428365384613
0 0.3969260096153846 0.30265815625000003 0.39402186298076924 0.30265815625000003 0.39402186298076924 0.3106372235576923 0.3969260096153846 0.3106372235576923 0.3969260096153846 0.30265815625000003
0 0.3731648173076923 0.31758370432692307 0.3694686322115385 0.31758370432692307 0.3694686322115385 0.32725245673076925 0.3731648173076923 0.32725245673076925 0.3731648173076923 0.31758370432692307
0 0.3665675793269231 0.3094262091346154 0.36318821153846154 0.3094262091346154 0.36318821153846154 0.3185129591346154 0.3665675793269231 0.3185129591346154 0.3665675793269231 0.3094262091346154
0 0.36660982211538456 0.2972604783653846 0.3639063269230769 0.2972604783653846 0.3639063269230769 0.3057464519230769 0.36660982211538456 0.3057464519230769 0.36660982211538456 0.2972604783653846
1 0.31526614663461533 0.2794143100961538 0.2872972427884615 0.2794143100961538 0.2872972427884615 0.3138827043269231 0.31526614663461533 0.3138827043269231 0.31526614663461533 0.2794143100961538
1 0.33234450240384616 0.325616625 0.3617984783653846 0.325616625 0.3617984783653846 0.27912096153846155 0.33234450240384616 0.27912096153846155 0.33234450240384616 0.325616625
1 0.31584367548076925 0.30552228365384615 0.3315194615384615 0.30552228365384615 0.3315194615384615 0.26636032211538463 0.31584367548076925 0.26636032211538463 0.31584367548076925 0.30552228365384615
1 0.4139400600961538 0.32457340625 0.4076697475961539 0.32457340625 0.4076697475961539 0.34056087500000004 0.4139400600961538 0.34056087500000004 0.4139400600961538 0.32457340625
1 0.40494711057692306 0.3609485625 0.39595415865384614 0.3609485625 0.39595415865384614 0.37253581009615383 0.40494711057692306 0.37253581009615383 0.40494711057692306 0.3609485625
1 0.3926539927884616 0.3153329423076923 0.3867136971153846 0.3153329423076923 0.3867136971153846 0.32516010336538465 0.3926539927884616 0.32516010336538465 0.3926539927884616 0.3153329423076923
1 0.3738430504807692 0.28819825 0.36823276923076925 0.28819825 0.36823276923076925 0.31078604807692306 0.3738430504807692 0.31078604807692306 0.3738430504807692 0.28819825
1 0.3920764639423077 0.2736775216346154 0.37499810817307694 0.2736775216346154 0.37499810817307694 0.30418571875 0.3920764639423077 0.30418571875 0.3920764639423077 0.2736775216346154
1 0.4433115336538461 0.2820379399038461 0.39281900240384615 0.2820379399038461 0.39281900240384615 0.3025723052884616 0.4433115336538461 0.3025723052884616 0.4433115336538461 0.2820379399038461
0 0.5140715072115385 0.3171005769230769 0.5110089543269231 0.3171005769230769 0.5110089543269231 0.3276141682692308 0.5140715072115385 0.3276141682692308 0.5140715072115385 0.3171005769230769
0 0.5007652403846155 0.2944775745192308 0.49680504326923075 0.2944775745192308 0.49680504326923075 0.3026443846153846 0.5007652403846155 0.3026443846153846 0.5007652403846155 0.2944775745192308
0 0.5090024543269231 0.3120315216346154 0.5059927019230769 0.3120315216346154 0.5059927019230769 0.3209493028846154 0.5090024543269231 0.3209493028846154 0.5090024543269231 0.3120315216346154