1 0.9998770600961537 0.8278419807692308 0.8956233100961538 0.8278419807692308 0.8956233100961538 0.994822829326923 0.9998770600961537 0.994822829326923 0.9998770600961537 0.8278419807692308
0 0.33186929326923076 0.8481549639423077 0.3276151730769231 0.8481549639423077 0.3276151730769231 0.8635099014423078 0.33186929326923076 0.8635099014423078 0.33186929326923076 0.8481549639423077
0 0.3276151730769231 0.848767329326923 0.3229485336538461 0.848767329326923 0.3229485336538461 0.8615573028846154 0.3276151730769231 0.8615573028846154 0.3276151730769231 0.848767329326923
0 0.3010354350961538 0.7980767860576923 0.29549115625 0.7980767860576923 0.29549115625 0.8152083125 0.3010354350961538 0.8152083125 0.3010354350961538 0.7980767860576923
0 0.2890888365384615 0.8210752740384616 0.2828845264423077 0.8210752740384616 0.2828845264423077 0.8409056009615384 0.2890888365384615 0.8409056009615384 0.2890888365384615 0.8210752740384616
0 0.27463411298076923 0.8201365600961539 0.2694198509615385 0.8201365600961539 0.2694198509615385 0.8386761562499999 0.27463411298076923 0.8386761562499999 0.27463411298076923 0.8201365600961539
0 0.33765761298076924 1 0.33765761298076924 0.9857222019230769 0.3316760625 0.9857222019230769 0.3316760625 1 0.33765761298076924 1
0 0.2810391490384615 1 0.2810391490384615 0.9910391346153846 0.2753669903846154 0.9910391346153846 0.2753669903846154 1 0.2810391490384615 1
0 0.21039498317307695 1 0.21039498317307695 0.9895723942307693 0.2036915216346154 0.9895723942307693 0.2036915216346154 1 0.21039498317307695 1
0 0.05098732451923076 0.9520484807692308 0.044634507211538464 0.9520484807692308 0.044634507211538464 0.9677426009615384 0.05098732451923076 0.9677426009615384 0.05098732451923076 0.9520484807692308
0 0.061795365384615386 0.9423679951923076 0.05775266346153846 0.9423679951923076 0.05775266346153846 0.9589421610576923 0.061795365384615386 0.9589421610576923 0.061795365384615386 0.9423679951923076
0 0.12697363221153846 0.856123673076923 0.12227089903846154 0.856123673076923 0.12227089903846154 0.8765113629807693 0.12697363221153846 0.8765113629807693 0.12697363221153846 0.856123673076923
0 0.13233640144230768 0.8483499495192308 0.12491103125 0.8483499495192308 0.12491103125 0.8703510528846153 0.13233640144230768 0.8703510528846153 0.13233640144230768 0.8483499495192308
0 0.07186087019230769 0.8430696850961539 0.06567306009615384 0.8430696850961539 0.06567306009615384 0.86243065625 0.07186087019230769 0.86243065625 0.07186087019230769 0.8430696850961539
0 0.06699312740384615 0.8429230120192308 0.06171286298076923 0.8429230120192308 0.06171286298076923 0.8599371971153846 0.06699312740384615 0.8599371971153846 0.06699312740384615 0.8429230120192308
0 0.03951925 0.8473232331730769 0.03382646394230769 0.8473232331730769 0.03382646394230769 0.8675642451923077 0.03951925 0.8675642451923077 0.03951925 0.8473232331730769
0 0.02796867067307692 0.8181351033653846 0.02079081009615385 0.8181351033653846 0.02079081009615385 0.8436563822115384 0.02796867067307692 0.8436563822115384 0.02796867067307692 0.8181351033653846
0 0.2169601971153846 0.8123397235576924 0.21154586298076922 0.8123397235576924 0.21154586298076922 0.8267779471153845 0.2169601971153846 0.8267779471153845 0.2169601971153846 0.8123397235576924
0 0.2966746610576923 0.7482523437499999 0.2929784759615385 0.7482523437499999 0.2929784759615385 0.7663225841346153 0.2966746610576923 0.7663225841346153 0.2966746610576923 0.7482523437499999
0 0.29053635336538464 0.7430894182692308 0.2861801346153846 0.7430894182692308 0.2861801346153846 0.7569354447115385 0.29053635336538464 0.7569354447115385 0.29053635336538464 0.7430894182692308
0 0.24795143028846153 0.7549725817307693 0.24388562740384617 0.7549725817307693 0.24388562740384617 0.7632332620192308 0.24795143028846153 0.7632332620192308 0.24795143028846153 0.7549725817307693
0 0.22984012259615383 0.7377941201923076 0.22508788461538462 0.7377941201923076 0.22508788461538462 0.7490586850961538 0.22984012259615383 0.7490586850961538 0.22984012259615383 0.7377941201923076
0 0.2429879831730769 0.6926419903846154 0.24034785096153846 0.6926419903846154 0.24034785096153846 0.7045636538461538 0.2429879831730769 0.7045636538461538 0.2429879831730769 0.6926419903846154
0 0.24034785096153846 0.6916094038461539 0.23659886298076924 0.6916094038461539 0.23659886298076924 0.7045636538461538 0.24034785096153846 0.7045636538461538 0.24034785096153846 0.6916094038461539
0 0.276728875 0.6762144999999999 0.2731382932692308 0.6762144999999999 0.2731382932692308 0.6907645625000001 0.276728875 0.6907645625000001 0.276728875 0.6762144999999999
0 0.26046565865384613 0.6750880432692308 0.25603023557692306 0.6750880432692308 0.25603023557692306 0.6822222668269231 0.26046565865384613 0.6822222668269231 0.26046565865384613 0.6750880432692308
0 0.2538653293269231 0.6749003004807693 0.25006353846153845 0.6749003004807693 0.25006353846153845 0.6831609807692308 0.2538653293269231 0.6831609807692308 0.2538653293269231 0.6749003004807693
0 0.2598848293269231 0.6596931370192307 0.25618864423076926 0.6596931370192307 0.25618864423076926 0.6718964158653846 0.2598848293269231 0.6718964158653846 0.2598848293269231 0.6596931370192307
0 0.25618864423076926 0.6621337932692307 0.2535485120192308 0.6621337932692307 0.2535485120192308 0.6718964158653846 0.25618864423076926 0.6718964158653846 0.25618864423076926 0.6621337932692307
0 0.25048595913461535 0.6469266322115386 0.24573372115384615 0.6469266322115386 0.24573372115384615 0.6555627980769232 0.25048595913461535 0.6555627980769232 0.25048595913461535 0.6469266322115386
0 0.1902576923076923 0.7158168918269231 0.18312722355769231 0.7158168918269231 0.18312722355769231 0.7275320384615385 0.1902576923076923 0.7275320384615385 0.1902576923076923 0.7158168918269231
0 0.09299425961538461 0.7635904975961538 0.08968247596153846 0.7635904975961538 0.08968247596153846 0.7773482860576924 0.09299425961538461 0.7773482860576924 0.09299425961538461 0.7635904975961538
0 0.09718467788461539 0.7588443605769231 0.09262252884615384 0.7588443605769231 0.09262252884615384 0.7750653341346154 0.09718467788461539 0.7750653341346154 0.09718467788461539 0.7588443605769231
0 0.06200581730769231 0.7486655192307693 0.05805871153846154 0.7486655192307693 0.05805871153846154 0.7678903749999999 0.06200581730769231 0.7678903749999999 0.06200581730769231 0.7486655192307693
0 0.09692021634615385 0.6325561899038461 0.09238248798076923 0.6325561899038461 0.09238248798076923 0.6491303533653846 0.09692021634615385 0.6491303533653846 0.09692021634615385 0.6325561899038461
0 0.10087711298076923 0.6335655408653846 0.09722739423076923 0.6335655408653846 0.09722739423076923 0.6464221634615386 0.10087711298076923 0.6464221634615386 0.10087711298076923 0.6335655408653846
0 0.10554064423076923 0.6308620456730769 0.10128263942307693 0.6308620456730769 0.10128263942307693 0.6450403774038461 0.10554064423076923 0.6450403774038461 0.10554064423076923 0.6308620456730769
0 0.12711791826923077 0.6125270889423077 0.1218376514423077 0.6125270889423077 0.1218376514423077 0.627358766826923 0.12711791826923077 0.627358766826923 0.12711791826923077 0.6125270889423077
0 0.14581005528846153 0.5930957139423076 0.14184985576923076 0.5930957139423076 0.14184985576923076 0.6059560937499999 0.14581005528846153 0.6059560937499999 0.14581005528846153 0.5930957139423076
0 0.15177675480769232 0.5878389182692307 0.14739413461538461 0.5878389182692307 0.14739413461538461 0.6003238100961539 0.15177675480769232 0.6003238100961539 0.15177675480769232 0.5878389182692307
0 0.1553673341346154 0.5890592451923077 0.15177675480769232 0.5890592451923077 0.15177675480769232 0.6003238100961539 0.1553673341346154 0.6003238100961539 0.1553673341346154 0.5890592451923077
0 0.16001396634615384 0.571599170673077 0.15663459615384617 0.571599170673077 0.15663459615384617 0.5819250216346153 0.16001396634615384 0.5819250216346153 0.16001396634615384 0.571599170673077
1 0.165188625 0.5643710745192307 0.161175625 0.5643710745192307 0.161175625 0.5725378846153846 0.165188625 0.5725378846153846 0.165188625 0.5643710745192307
0 0.18852739663461537 0.5480374567307693 0.18483121153846155 0.5480374567307693 0.18483121153846155 0.5589265360576923 0.18852739663461537 0.5589265360576923 0.18852739663461537 0.5480374567307693
0 0.19977436057692308 0.5434377596153847 0.19692301682692306 0.5434377596153847 0.19692301682692306 0.5541390961538462 0.19977436057692308 0.5541390961538462 0.19977436057692308 0.5434377596153847
0 0.20384016346153844 0.5256960697115385 0.20051359615384617 0.5256960697115385 0.20051359615384617 0.5341444927884615 0.20384016346153844 0.5341444927884615 0.20384016346153844 0.5256960697115385
0 0.211074125 0.5184679735576924 0.2093844423076923 0.5184679735576924 0.2093844423076923 0.5272918822115384 0.211074125 0.5272918822115384 0.211074125 0.5184679735576924
0 0.21366145673076925 0.5182802307692308 0.211074125 0.5182802307692308 0.211074125 0.5272918822115384 0.21366145673076925 0.5272918822115384 0.21366145673076925 0.5182802307692308
0 0.2277597620192308 0.5061708245192308 0.22543644471153845 0.5061708245192308 0.22543644471153845 0.5119908509615384 0.2277597620192308 0.5119908509615384 0.2277597620192308 0.5061708245192308
0 0.6457691514423077 0.4003083509615385 0.6440456730769231 0.4003083509615385 0.6440456730769231 0.4054149543269231 0.6457691514423077 0.4054149543269231 0.6457691514423077 0.4003083509615385
0 0.6440456730769231 0.39892656490384615 0.6420518461538461 0.39892656490384615 0.6420518461538461 0.4054149543269231 0.6440456730769231 0.4054149543269231 0.6440456730769231 0.39892656490384615
1 0.6247639302884616 0.4290432860576923 0.6222631947115385 0.4290432860576923 0.6222631947115385 0.43336887740384616 0.6247639302884616 0.43336887740384616 0.6247639302884616 0.4290432860576923
0 0.23653320192307692 0.48702659615384614 0.23488947596153847 0.48702659615384614 0.23488947596153847 0.4938706466346154 0.23653320192307692 0.4938706466346154 0.23653320192307692 0.48702659615384614
0 0.23834994951923075 0.4872957451923077 0.23638180528846153 0.4872957451923077 0.23638180528846153 0.49467808894230775 0.23834994951923075 0.49467808894230775 0.23834994951923075 0.4872957451923077
0 0.23915018509615382 0.4807592932692308 0.2373118076923077 0.4807592932692308 0.2373118076923077 0.48618070432692306 0.23915018509615382 0.48618070432692306 0.23915018509615382 0.4807592932692308
0 0.24118321394230768 0.4841813197115385 0.23969088461538463 0.4841813197115385 0.23969088461538463 0.4917174615384615 0.24118321394230768 0.4917174615384615 0.24118321394230768 0.4841813197115385
0 0.2433460096153846 0.4879493894230769 0.24150763221153845 0.4879493894230769 0.24150763221153845 0.49360149759615385 0.2433460096153846 0.49360149759615385 0.2433460096153846 0.4879493894230769
0 0.24187530769230767 0.4795289038461539 0.24001530528846154 0.4795289038461539 0.24001530528846154 0.4832585240384616 0.24187530769230767 0.4832585240384616 0.24187530769230767 0.4795289038461539
0 0.24715253125 0.4837199206730769 0.24715253125 0.476683625 0.24561376201923077 0.476683625 0.24462206009615384 0.476683625 0.24462206009615384 0.4837199206730769 0.24715253125 0.4837199206730769
0 0.2483853269230769 0.47810626201923073 0.2465036923076923 0.47810626201923073 0.2465036923076923 0.4837199206730769 0.2483853269230769 0.4837199206730769 0.2483853269230769 0.47810626201923073
0 0.2496181201923077 0.4821434831730769 0.2496181201923077 0.4765298245192308 0.24855800240384618 0.4765298245192308 0.24764997596153845 0.4765298245192308 0.24764997596153845 0.4821434831730769 0.2496181201923077 0.4821434831730769
0 0.28411879326923073 0.47898672115384616 0.28178702884615386 0.47898672115384616 0.28178702884615386 0.4884189158653846 0.28411879326923073 0.4884189158653846 0.28411879326923073 0.47898672115384616
0 0.26910488701923074 0.5308788149038461 0.26673932932692307 0.5308788149038461 0.26673932932692307 0.5383885264423077 0.26910488701923074 0.5383885264423077 0.26910488701923074 0.5308788149038461
0 0.2666970865384615 0.5308788149038461 0.2636978966346154 0.5308788149038461 0.2636978966346154 0.5390643990384615 0.2666970865384615 0.5390643990384615 0.2666970865384615 0.5308788149038461
0 0.25926247596153845 0.5314044951923077 0.2568969158653846 0.5314044951923077 0.2568969158653846 0.5401157572115385 0.25926247596153845 0.5401157572115385 0.25926247596153845 0.5314044951923077
0 0.25575637980769234 0.5405663413461539 0.253095125 0.5405663413461539 0.253095125 0.5471748870192308 0.25575637980769234 0.5471748870192308 0.25575637980769234 0.5405663413461539
0 0.25102526201923075 0.5262978918269231 0.24811055528846152 0.5262978918269231 0.24811055528846152 0.536060516826923 0.25102526201923075 0.536060516826923 0.25102526201923075 0.5262978918269231
0 0.2457027548076923 0.5285508052884615 0.24299925961538463 0.5285508052884615 0.24299925961538463 0.5357601274038462 0.2457027548076923 0.5357601274038462 0.2457027548076923 0.5285508052884615
0 0.24308374278846154 0.5317799807692307 0.24092939663461538 0.5317799807692307 0.24092939663461538 0.5366612932692308 0.24308374278846154 0.5366612932692308 0.24308374278846154 0.5317799807692307
0 0.24202768990384615 0.536736389423077 0.2393664375 0.536736389423077 0.2393664375 0.5408667307692308 0.24202768990384615 0.5408667307692308 0.24202768990384615 0.536736389423077
0 0.24473118749999997 0.5377126514423077 0.2424923533653846 0.5377126514423077 0.2424923533653846 0.5414675072115385 0.24473118749999997 0.5414675072115385 0.24473118749999997 0.5377126514423077
0 0.24654759855769232 0.5431196418269231 0.24363289182692308 0.5431196418269231 0.24363289182692308 0.5523565865384615 0.24654759855769232 0.5523565865384615 0.24654759855769232 0.5431196418269231
0 0.2702961153846154 0.564266985576923 0.2665112211538462 0.564266985576923 0.2665112211538462 0.5768832980769231 0.2702961153846154 0.5768832980769231 0.2702961153846154 0.564266985576923
0 0.27146393990384615 0.5874425769230769 0.2679575144230769 0.5874425769230769 0.2679575144230769 0.5975264158653846 0.27146393990384615 0.5975264158653846 0.27146393990384615 0.5874425769230769
0 0.2723921129807692 0.6109104206730769 0.26826690625 0.6109104206730769 0.26826690625 0.6237443990384615 0.2723921129807692 0.6237443990384615 0.2723921129807692 0.6109104206730769
0 0.2568194567307692 0.6041267475961538 0.2527973798076923 0.6041267475961538 0.2527973798076923 0.6153106418269231 0.2568194567307692 0.6153106418269231 0.2568194567307692 0.6041267475961538
0 0.20502232932692308 0.5907427427884615 0.20257298798076923 0.5907427427884615 0.20257298798076923 0.6001390480769231 0.20502232932692308 0.6001390480769231 0.20502232932692308 0.5907427427884615
0 0.1972875673076923 0.5999098701923077 0.19342018509615383 0.5999098701923077 0.19342018509615383 0.6102228870192308 0.1972875673076923 0.6102228870192308 0.1972875673076923 0.5999098701923077
0 0.23149068750000001 0.6403552307692307 0.2279430096153846 0.6403552307692307 0.2279430096153846 0.6529691971153846 0.23149068750000001 0.6529691971153846 0.23149068750000001 0.6403552307692307
0 0.23066564423076924 0.6463688653846155 0.2261279182692308 0.6463688653846155 0.2261279182692308 0.6613296153846153 0.23066564423076924 0.6613296153846153 0.23066564423076924 0.6463688653846155
0 0.2245603389423077 0.6447554519230769 0.2210126610576923 0.6447554519230769 0.2210126610576923 0.6532625432692308 0.2245603389423077 0.6532625432692308 0.2245603389423077 0.6447554519230769
0 0.2210126610576923 0.6424086658653846 0.21746498317307694 0.6424086658653846 0.21746498317307694 0.6547292836538462 0.2210126610576923 0.6547292836538462 0.2210126610576923 0.6424086658653846
0 0.21086465384615385 0.6441687548076923 0.20121166826923076 0.6441687548076923 0.20121166826923076 0.6528225216346153 0.21086465384615385 0.6528225216346153 0.21086465384615385 0.6441687548076923
0 0.21738248076923078 0.6616229639423078 0.20937957932692308 0.6616229639423078 0.20937957932692308 0.6699833822115384 0.21738248076923078 0.6699833822115384 0.21738248076923078 0.6616229639423078
0 0.18999110576923076 0.6322881586538462 0.185370875 0.6322881586538462 0.185370875 0.6482756274038461 0.18999110576923076 0.6482756274038461 0.18999110576923076 0.6322881586538462
1 0.1589815985576923 0.6589349423076923 0.14047955048076924 0.6589349423076923 0.14047955048076924 0.6778594110576923 0.1589815985576923 0.6778594110576923 0.1589815985576923 0.6589349423076923
1 0.20111208894230767 0.5885516610576923 0.19604303605769233 0.5885516610576923 0.19604303605769233 0.5960613701923078 0.20111208894230767 0.5960613701923078 0.20111208894230767 0.5885516610576923
1 0.19211451923076922 0.5955356923076923 0.18594717067307692 0.5955356923076923 0.18594717067307692 0.6031955961538462 0.19211451923076922 0.6031955961538462 0.19211451923076922 0.5955356923076923