0 0.017006802884615386 0.7249433100961539 0.002721088942307692 0.7249433100961539 0.002721088942307692 0.7999244134615384 0.017006802884615386 0.7999244134615384 0.017006802884615386 0.7249433100961539
0 0.02789115625 0.83620559375 0.0442176875 0.83620559375 0.0442176875 0.7672713533653847 0.02789115625 0.7672713533653847 0.02789115625 0.83620559375
0 0.08231292548076923 0.7624338629807692 0.055102040865384616 0.7624338629807692 0.055102040865384616 0.8156462572115385 0.08231292548076923 0.8156462572115385 0.08231292548076923 0.7624338629807692
0 0.15170068028846154 0.77210884375 0.13537414903846154 0.77210884375 0.13537414903846154 0.8095993942307692 0.15170068028846154 0.8095993942307692 0.15170068028846154 0.77210884375
0 0.07823129326923077 0.8894179903846153 0.06666666586538461 0.8894179903846153 0.06666666586538461 0.9353741490384616 0.07823129326923077 0.9353741490384616 0.07823129326923077 0.8894179903846153
0 0.0748299326923077 0.9015117163461538 0.05238095192307693 0.9015117163461538 0.05238095192307693 0.9934240360576924 0.0748299326923077 0.9934240360576924 0.0748299326923077 0.9015117163461538
0 0.15034013701923077 0.8749055168269231 0.1272108846153846 0.8749055168269231 0.1272108846153846 0.9680272115384615 0.15034013701923077 0.9680272115384615 0.15034013701923077 0.8749055168269231
0 0.19523809615384616 0.83620559375 0.1748299326923077 0.83620559375 0.1748299326923077 0.9123960697115384 0.19523809615384616 0.9123960697115384 0.19523809615384616 0.83620559375
0 0.30544217788461536 0.8132275120192307 0.28231292548076925 0.8132275120192307 0.28231292548076925 0.8773242620192309 0.30544217788461536 0.8773242620192309 0.30544217788461536 0.8132275120192307
0 0.43537414903846156 0.6947089951923077 0.4231292524038462 0.6947089951923077 0.4231292524038462 0.7467120192307692 0.43537414903846156 0.7467120192307692 0.43537414903846156 0.6947089951923077
0 0.48163265384615384 0.6753590312500001 0.46938775480769235 0.6753590312500001 0.46938775480769235 0.7285714278846154 0.48163265384615384 0.7285714278846154 0.48163265384615384 0.6753590312500001
0 0.36122449038461535 0.6584278149038462 0.3503401370192308 0.6584278149038462 0.3503401370192308 0.6862433870192307 0.36122449038461535 0.6862433870192307 0.36122449038461535 0.6584278149038462
0 0.18231292548076924 0.7370370360576923 0.1700680264423077 0.7370370360576923 0.1700680264423077 0.7769463341346154 0.18231292548076924 0.7769463341346154 0.18231292548076924 0.7370370360576923
0 0.26462585096153846 0.86764928125 0.26462585096153846 0.82048375 0.24625850480769232 0.82048375 0.24625850480769232 0.8978835985576924 0.26462585096153846 0.8978835985576924 0.26462585096153846 0.86764928125
0 0.2442176875 0.8567649278846154 0.2265306129807692 0.8567649278846154 0.2265306129807692 0.9353741490384616 0.2442176875 0.9353741490384616 0.2442176875 0.8567649278846154
0 0.46802721153846155 0.8229024951923076 0.45034013701923076 0.8229024951923076 0.45034013701923076 0.8688586538461538 0.46802721153846155 0.8688586538461538 0.46802721153846155 0.8229024951923076
0 0.5027210889423077 0.7842025697115385 0.4877551009615385 0.7842025697115385 0.4877551009615385 0.8507180649038462 0.5027210889423077 0.8507180649038462 0.5027210889423077 0.7842025697115385
0 0.5346938774038461 0.8156462572115385 0.5183673461538462 0.8156462572115385 0.5183673461538462 0.8495086923076923 0.5346938774038461 0.8495086923076923 0.5346938774038461 0.8156462572115385
0 0.26462585096153846 0.9510959927884616 0.29047618990384616 0.9510959927884616 0.29047618990384616 0.8749055168269231 0.26462585096153846 0.8749055168269231 0.26462585096153846 0.9510959927884616
0 0.30544217788461536 0.972864701923077 0.3224489807692308 0.972864701923077 0.3224489807692308 0.8773242620192309 0.30544217788461536 0.8773242620192309 0.30544217788461536 0.972864701923077
0 0.3945578221153846 0.8918367331730769 0.3639455793269231 0.8918367331730769 0.3639455793269231 0.9450491298076924 0.3945578221153846 0.9450491298076924 0.3945578221153846 0.8918367331730769
0 0.5659863942307692 0.6064247932692308 0.5496598629807692 0.6064247932692308 0.5496598629807692 0.6306122451923077 0.5659863942307692 0.6306122451923077 0.5659863942307692 0.6064247932692308
0 0.5897959182692307 0.5810279663461538 0.5782312932692307 0.5810279663461538 0.5782312932692307 0.6015873028846154 0.5897959182692307 0.6015873028846154 0.5897959182692307 0.5810279663461538
0 0.7578231298076923 0.6281935 0.7367346947115384 0.6281935 0.7367346947115384 0.6632653052884615 0.7578231298076923 0.6632653052884615 0.7578231298076923 0.6281935
0 0.7283537427884615 0.4810854110576923 0.7179047620192307 0.4810854110576923 0.7179047620192307 0.49888737740384614 0.7283537427884615 0.49888737740384614 0.7283537427884615 0.4810854110576923
0 0.7784217692307693 0.4903733942307692 0.7697142860576923 0.4903733942307692 0.7697142860576923 0.5012093725961538 0.7784217692307693 0.5012093725961538 0.7784217692307693 0.4903733942307692
0 0.7927891153846154 0.4818594110576923 0.7832108846153846 0.4818594110576923 0.7832108846153846 0.49966137499999996 0.7927891153846154 0.49966137499999996 0.7927891153846154 0.4818594110576923
0 0.8520000000000001 0.4462554807692308 0.8437278918269231 0.4462554807692308 0.8437278918269231 0.46560544230769235 0.8520000000000001 0.46560544230769235 0.8520000000000001 0.4462554807692308
0 0.5576870745192308 0.4787634158653846 0.5502857139423077 0.4787634158653846 0.5502857139423077 0.5012093725961538 0.5576870745192308 0.5012093725961538 0.5576870745192308 0.4787634158653846
0 0.5829387764423077 0.4392894927884615 0.5772789110576924 0.4392894927884615 0.5772789110576924 0.4640574447115385 0.5829387764423077 0.4640574447115385 0.5829387764423077 0.4392894927884615
0 0.5951292524038462 0.4114255480769231 0.5903401370192308 0.4114255480769231 0.5903401370192308 0.43000151201923076 0.5951292524038462 0.43000151201923076 0.5951292524038462 0.4114255480769231
0 0.5951292524038462 0.4346455024038462 0.6012244903846153 0.4346455024038462 0.6012244903846153 0.4183915336538462 0.5951292524038462 0.4183915336538462 0.5951292524038462 0.4346455024038462
0 0.6238639447115385 0.3959455769230769 0.6208163269230769 0.3959455769230769 0.6208163269230769 0.41993953124999994 0.6238639447115385 0.41993953124999994 0.6238639447115385 0.3959455769230769
0 0.6238639447115385 0.4191655336538461 0.6290884350961539 0.4191655336538461 0.6290884350961539 0.3959455769230769 0.6238639447115385 0.3959455769230769 0.6238639447115385 0.4191655336538461
0 0.6665306129807692 0.3974935745192308 0.6582585048076923 0.3974935745192308 0.6582585048076923 0.4168435360576923 0.6665306129807692 0.4168435360576923 0.6665306129807692 0.3974935745192308
0 0.63302378125 0.3767895024038461 0.6281197283653845 0.3767895024038461 0.6281197283653845 0.3934335649038462 0.63302378125 0.3934335649038462 0.63302378125 0.3767895024038461
0 0.63302378125 0.35618256730769227 0.6294571971153846 0.35618256730769227 0.6294571971153846 0.37163776923076924 0.63302378125 0.37163776923076924 0.63302378125 0.35618256730769227
0 0.6258906129807692 0.35657885336538464 0.6229927620192307 0.35657885336538464 0.6229927620192307 0.3720340552884615 0.6258906129807692 0.3720340552884615 0.6258906129807692 0.35657885336538464
0 0.6145221225961538 0.3343867692307692 0.6109555384615384 0.3343867692307692 0.6109555384615384 0.34587909855769233 0.6145221225961538 0.34587909855769233 0.6145221225961538 0.3343867692307692
0 0.610063891826923 0.34072736538461534 0.6056056610576923 0.34072736538461534 0.6056056610576923 0.35499370673076924 0.610063891826923 0.35499370673076924 0.610063891826923 0.34072736538461534
0 0.6718103942307692 0.3510308341346154 0.6682438100961539 0.3510308341346154 0.6682438100961539 0.3664860360576923 0.6718103942307692 0.3664860360576923 0.6718103942307692 0.3510308341346154
0 0.7186218221153846 0.3720340552884615 0.7130490336538462 0.3720340552884615 0.7130490336538462 0.39264099278846154 0.7186218221153846 0.39264099278846154 0.7186218221153846 0.3720340552884615
0 0.7248633461538462 0.3728266298076923 0.721519673076923 0.3728266298076923 0.721519673076923 0.38907440625 0.7248633461538462 0.38907440625 0.7248633461538462 0.3728266298076923
0 0.7351172788461539 0.358956576923077 0.7308819591346154 0.358956576923077 0.7308819591346154 0.37916722596153846 0.7351172788461539 0.37916722596153846 0.7351172788461539 0.358956576923077
0 0.9643894519230769 0.40261750721153844 0.9564003004807693 0.40261750721153844 0.9564003004807693 0.4330523653846154 0.9643894519230769 0.4330523653846154 0.9643894519230769 0.40261750721153844
0 0.9564003004807693 0.4031247548076923 0.950693764423077 0.4031247548076923 0.950693764423077 0.4330523653846154 0.9564003004807693 0.4330523653846154 0.9564003004807693 0.4031247548076923
0 0.950693764423077 0.40236388221153846 0.9428472764423077 0.40236388221153846 0.9428472764423077 0.4330523653846154 0.950693764423077 0.4330523653846154 0.950693764423077 0.40236388221153846
0 0.8476810793269232 0.3771581418269231 0.8441144951923077 0.3771581418269231 0.8441144951923077 0.3987161682692308 0.8476810793269232 0.3987161682692308 0.8476810793269232 0.3771581418269231
0 0.8404052451923077 0.37766539182692305 0.8354120264423077 0.37766539182692305 0.8354120264423077 0.3959263052884615 0.8404052451923077 0.3959263052884615 0.8404052451923077 0.37766539182692305
0 0.8034554254807692 0.36929580288461533 0.7971782355769231 0.36929580288461533 0.7971782355769231 0.3928828197115385 0.8034554254807692 0.3928828197115385 0.8034554254807692 0.36929580288461533
0 0.7918996899038462 0.36650594230769235 0.7867638076923077 0.36650594230769235 0.7867638076923077 0.3885712139423077 0.7918996899038462 0.3885712139423077 0.7918996899038462 0.36650594230769235
0 0.7754933990384616 0.35560011778846157 0.7722121418269231 0.35560011778846157 0.7722121418269231 0.3705639230769231 0.7754933990384616 0.3705639230769231 0.7754933990384616 0.35560011778846157
0 0.7758928677884616 0.34501845192307695 0.7722406826923076 0.34501845192307695 0.7722406826923076 0.3529315168269231 0.7758928677884616 0.3529315168269231 0.7758928677884616 0.34501845192307695
0 0.7722406826923076 0.3466416442307692 0.7701863317307692 0.3466416442307692 0.7701863317307692 0.3529315168269231 0.7722406826923076 0.3529315168269231 0.7722406826923076 0.3466416442307692
0 0.7693874158653846 0.34806193990384615 0.7672189326923077 0.34806193990384615 0.7672189326923077 0.35638080048076926 0.7693874158653846 0.35638080048076926 0.7693874158653846 0.34806193990384615
0 0.7584308653846155 0.34846773798076924 0.7559199903846154 0.34846773798076924 0.7559199903846154 0.3614532764423077 0.7584308653846155 0.3614532764423077 0.7584308653846155 0.34846773798076924
0 0.7659634927884615 0.33122131730769233 0.7629960961538462 0.33122131730769233 0.7629960961538462 0.33791698557692307 0.7659634927884615 0.33791698557692307 0.7659634927884615 0.33122131730769233
0 0.7441645264423078 0.34298946153846155 0.7398275576923077 0.34298946153846155 0.7398275576923077 0.3504967283653846 0.7441645264423078 0.3504967283653846 0.7441645264423078 0.34298946153846155
0 0.7398275576923077 0.33609089423076927 0.7348058076923076 0.33609089423076927 0.7348058076923076 0.3504967283653846 0.7398275576923077 0.3504967283653846 0.7398275576923077 0.33609089423076927
0 0.7086299254807693 0.35717210576923075 0.705616875 0.35717210576923075 0.705616875 0.3657750264423077 0.7086299254807693 0.3657750264423077 0.7086299254807693 0.35717210576923075
0 0.7047951346153846 0.35684746874999995 0.7025125192307692 0.35684746874999995 0.7025125192307692 0.36480111057692305 0.7047951346153846 0.36480111057692305 0.7047951346153846 0.35684746874999995
0 0.6909168389423077 0.3462967163461539 0.6881777019230769 0.3462967163461539 0.6881777019230769 0.3594445769230769 0.6909168389423077 0.3594445769230769 0.6909168389423077 0.3462967163461539
0 0.6853472596153847 0.3453228028846154 0.6815124663461538 0.3453228028846154 0.6815124663461538 0.3560358725961539 0.6853472596153847 0.3560358725961539 0.6853472596153847 0.3453228028846154
0 0.6330788822115385 0.33704265384615384 0.6306536057692308 0.33704265384615384 0.6306536057692308 0.34794847596153844 0.6330788822115385 0.34794847596153844 0.6330788822115385 0.33704265384615384
0 0.6426373317307692 0.3223324711538461 0.6406400432692307 0.3223324711538461 0.6406400432692307 0.33501366105769226 0.6426373317307692 0.33501366105769226 0.6426373317307692 0.3223324711538461
0 0.6487718581730769 0.3215715985576923 0.64663190625 0.3215715985576923 0.64663190625 0.3334919182692308 0.6487718581730769 0.3334919182692308 0.6487718581730769 0.3215715985576923
0 0.6380721009615384 0.3438904951923077 0.6345055168269231 0.3438904951923077 0.6345055168269231 0.3517528341346154 0.6380721009615384 0.3517528341346154 0.6380721009615384 0.3438904951923077
0 0.7336284831730769 0.3214880841346154 0.7312032043269231 0.3214880841346154 0.7312032043269231 0.3290967980769231 0.7336284831730769 0.3290967980769231 0.7336284831730769 0.3214880841346154
0 0.7029558509615386 0.30373441586538463 0.7006732355769232 0.30373441586538463 0.7006732355769232 0.31464024278846153 0.7029558509615386 0.31464024278846153 0.7029558509615386 0.30373441586538463
0 0.7006732355769232 0.3093141418269231 0.6994853485576923 0.3093141418269231 0.698105295673077 0.3093141418269231 0.698105295673077 0.31261125 0.7006732355769232 0.31261125 0.7006732355769232 0.3093141418269231
0 0.6969639879807693 0.3052561610576923 0.6921134326923077 0.3052561610576923 0.6921134326923077 0.31743010336538463 0.6969639879807693 0.31743010336538463 0.6969639879807693 0.3052561610576923
0 0.6921134326923077 0.3093141418269231 0.6888321730769231 0.3093141418269231 0.6888321730769231 0.31743010336538463 0.6921134326923077 0.31743010336538463 0.6921134326923077 0.3093141418269231
0 0.6874055408653846 0.30779239903846156 0.6839816177884616 0.30779239903846156 0.6839816177884616 0.3184445985576923 0.6874055408653846 0.3184445985576923 0.6874055408653846 0.30779239903846156
0 0.6824123197115385 0.3176837259615385 0.6804150336538461 0.3176837259615385 0.6804150336538461 0.3250388197115385 0.6824123197115385 0.3250388197115385 0.6824123197115385 0.3176837259615385
0 0.6798443798076923 0.3192054711538462 0.6769911129807693 0.3192054711538462 0.6769911129807693 0.32681418509615384 0.6798443798076923 0.32681418509615384 0.6798443798076923 0.3192054711538462
0 0.6769911129807693 0.3204735889423077 0.6732818629807693 0.3204735889423077 0.6732818629807693 0.32681418509615384 0.6769911129807693 0.32681418509615384 0.6769911129807693 0.3204735889423077
0 0.6839816177884616 0.3047489110576923 0.6789883990384615 0.3047489110576923 0.6789883990384615 0.3143866177884615 0.6839816177884616 0.3143866177884615 0.6839816177884616 0.3047489110576923
0 0.6748511610576924 0.3055097836538462 0.672568545673077 0.3055097836538462 0.672568545673077 0.31235762740384615 0.6748511610576924 0.31235762740384615 0.6748511610576924 0.3055097836538462
0 0.6722832187500001 0.31514748798076925 0.6692872884615385 0.31514748798076925 0.6692872884615385 0.3214880841346154 0.6722832187500001 0.3214880841346154 0.6722832187500001 0.31514748798076925
0 0.6692872884615385 0.31641560817307696 0.6688070096153846 0.31641560817307696 0.6667193461538462 0.31641560817307696 0.6667193461538462 0.3214880841346154 0.6692872884615385 0.3214880841346154 0.6692872884615385 0.31641560817307696
0 0.6637234158653846 0.31261125 0.6615834639423077 0.31261125 0.6615834639423077 0.3207272139423077 0.6637234158653846 0.3207272139423077 0.6637234158653846 0.31261125
0 0.6610128100961539 0.3171764807692308 0.6593454663461539 0.3171764807692308 0.6580168798076923 0.3171764807692308 0.6580168798076923 0.32250257932692306 0.6610128100961539 0.32250257932692306 0.6610128100961539 0.3171764807692308
0 0.6562179831730769 0.30526884134615384 0.6538212379807693 0.30526884134615384 0.6538212379807693 0.3143992980769231 0.6562179831730769 0.3143992980769231 0.6562179831730769 0.30526884134615384
0 0.6371809783653847 0.3125732067307692 0.634807060096154 0.3125732067307692 0.634807060096154 0.32279931971153847 0.6371809783653847 0.32279931971153847 0.6371809783653847 0.3125732067307692
0 0.6312461802884616 0.2994253485576923 0.6288722620192307 0.2994253485576923 0.6288722620192307 0.3078659495192308 0.6312461802884616 0.3078659495192308 0.6312461802884616 0.2994253485576923
0 0.6214483870192308 0.29907048076923076 0.619257076923077 0.29907048076923076 0.619257076923077 0.30790064663461536 0.6214483870192308 0.30790064663461536 0.6214483870192308 0.29907048076923076
0 0.6182344663461539 0.29907048076923076 0.6161892451923077 0.29907048076923076 0.6161892451923077 0.308549923076923 0.6182344663461539 0.308549923076923 0.6182344663461539 0.29907048076923076
0 0.6153857644230769 0.29907048076923076 0.6125370600961538 0.29907048076923076 0.6125370600961538 0.3091991995192308 0.6153857644230769 0.3091991995192308 0.6153857644230769 0.29907048076923076
0 0.6168466370192308 0.2915388653846154 0.6151666322115384 0.2915388653846154 0.6151666322115384 0.2953046730769231 0.6168466370192308 0.2953046730769231 0.6168466370192308 0.2915388653846154
0 0.6125370600961538 0.29868091346153847 0.6099805336538462 0.29868091346153847 0.6099805336538462 0.30867977884615383 0.6125370600961538 0.30867977884615383 0.6125370600961538 0.29868091346153847
0 0.6099805336538462 0.298940625 0.6092239302884616 0.298940625 0.60610921875 0.298940625 0.60610921875 0.30867977884615383 0.6099805336538462 0.30867977884615383 0.6099805336538462 0.298940625
0 0.5956639759615384 0.30543339423076926 0.5939839711538462 0.30543339423076926 0.5939839711538462 0.31400385096153843 0.5956639759615384 0.31400385096153843 0.5956639759615384 0.30543339423076926
0 0.5850726442307692 0.3104977548076923 0.5831004663461539 0.3104977548076923 0.5831004663461539 0.3206264759615385 0.5850726442307692 0.3206264759615385 0.5850726442307692 0.3104977548076923
0 0.5829543774038461 0.3166009591346154 0.5814935048076924 0.3166009591346154 0.5814935048076924 0.3220548846153846 0.5829543774038461 0.3220548846153846 0.5829543774038461 0.3166009591346154
0 0.5769647980769231 0.31322471874999996 0.5736778317307692 0.31322471874999996 0.5736778317307692 0.3245221370192307 0.5769647980769231 0.3245221370192307 0.5769647980769231 0.31322471874999996
0 0.5736778317307692 0.31621139182692304 0.5711213052884616 0.31621139182692304 0.5711213052884616 0.32309372836538464 0.5736778317307692 0.32309372836538464 0.5736778317307692 0.31621139182692304
0 0.5676152091346154 0.2973823581730769 0.5662273798076923 0.2973823581730769 0.5662273798076923 0.3041348389423077 0.5676152091346154 0.3041348389423077 0.5676152091346154 0.2973823581730769
0 0.5587416490384615 0.32300493509615386 0.5563677283653846 0.32300493509615386 0.5563677283653846 0.32706291586538466 0.5587416490384615 0.32706291586538466 0.5587416490384615 0.32300493509615386
0 0.5540851153846154 0.31781071875 0.5520764134615385 0.31781071875 0.5520764134615385 0.3239788509615385 0.5540851153846154 0.3239788509615385 0.5540851153846154 0.31781071875
0 0.5504329326923076 0.3131034615384615 0.5482416225961538 0.3131034615384615 0.5482416225961538 0.32300493509615386 0.5504329326923076 0.32300493509615386 0.5504329326923076 0.3131034615384615
0 0.5482416225961538 0.31180490624999996 0.5451372668269231 0.31180490624999996 0.5451372668269231 0.32300493509615386 0.5482416225961538 0.32300493509615386 0.5482416225961538 0.31180490624999996
0 0.5316897860576923 0.3021627259615384 0.5297906514423076 0.3021627259615384 0.5297906514423076 0.3093047740384615 0.5316897860576923 0.3093047740384615 0.5316897860576923 0.3021627259615384
0 0.5285489086538462 0.3039807019230769 0.5262845552884615 0.3039807019230769 0.5262845552884615 0.3115123149038462 0.5285489086538462 0.3115123149038462 0.5285489086538462 0.3039807019230769
0 0.5262845552884615 0.3063180985576923 0.5243854206730769 0.3063180985576923 0.5243854206730769 0.3115123149038462 0.5262845552884615 0.3115123149038462 0.5262845552884615 0.3063180985576923
0 0.5170080096153846 0.2911250168269231 0.5152549615384616 0.2911250168269231 0.5152549615384616 0.29826706490384614 0.5170080096153846 0.29826706490384614 0.5170080096153846 0.2911250168269231
0 0.5382637163461539 0.2951505360576923 0.5362184927884616 0.2951505360576923 0.5362184927884616 0.3032015697115385 0.5382637163461539 0.3032015697115385 0.5382637163461539 0.2951505360576923
0 0.5344654447115385 0.28774877884615385 0.5325663100961538 0.28774877884615385 0.5325663100961538 0.2955401009615385 0.5344654447115385 0.2955401009615385 0.5344654447115385 0.28774877884615385
0 0.5289871706730769 0.2865800793269231 0.5259923798076923 0.2865800793269231 0.5259923798076923 0.29294299278846153 0.5289871706730769 0.29294299278846153 0.5289871706730769 0.2865800793269231
0 0.5521420120192307 0.2898264639423077 0.5492933076923077 0.2898264639423077 0.5492933076923077 0.29683865625 0.5521420120192307 0.29683865625 0.5521420120192307 0.2898264639423077
0 0.5647460697115385 0.2799517475961538 0.562463454326923 0.2799517475961538 0.562463454326923 0.2896909014423077 0.5647460697115385 0.2896909014423077 0.5647460697115385 0.2799517475961538
0 0.5655678100961539 0.2879053894230769 0.5667547692307692 0.2879053894230769 0.5667547692307692 0.28271117307692306 0.5655678100961539 0.28271117307692306 0.5655678100961539 0.2879053894230769
0 0.53781121875 0.29098945673076926 0.5360764302884615 0.29098945673076926 0.5360764302884615 0.2939112019230769 0.53781121875 0.2939112019230769 0.53781121875 0.29098945673076926
0 0.5397286153846154 0.28271117307692306 0.536532954326923 0.28271117307692306 0.536532954326923 0.2875807524038462 0.5397286153846154 0.2875807524038462 0.5397286153846154 0.28271117307692306
0 0.4911980192307693 0.2911019423076923 0.48918931730769233 0.2911019423076923 0.48918931730769233 0.2984063076923077 0.4911980192307693 0.2984063076923077 0.4911980192307693 0.2911019423076923
0 0.48699800721153846 0.29532224278846153 0.4852632211538461 0.29532224278846153 0.4852632211538461 0.3003541394230769 0.48699800721153846 0.3003541394230769 0.48699800721153846 0.29532224278846153
0 0.4858110480769231 0.2898033870192308 0.4846240889423077 0.2898033870192308 0.4846240889423077 0.2940236875 0.4858110480769231 0.2940236875 0.4858110480769231 0.2898033870192308
0 0.4790589879807692 0.2906670576923077 0.47695898317307694 0.2906670576923077 0.47695898317307694 0.2979714230769231 0.4790589879807692 0.2979714230769231 0.4790589879807692 0.2906670576923077
0 0.47138940384615385 0.29488735817307693 0.46928939903846156 0.29488735817307693 0.46928939903846156 0.30284100240384615 0.47138940384615385 0.30284100240384615 0.47138940384615385 0.29488735817307693
0 0.4564154543269231 0.29488735817307693 0.45458936298076924 0.29488735817307693 0.45458936298076924 0.30121781009615384 0.4564154543269231 0.30121781009615384 0.4564154543269231 0.29488735817307693
0 0.45367631730769226 0.2927772091346154 0.45121109374999996 0.2927772091346154 0.45121109374999996 0.30024389423076925 0.45367631730769226 0.30024389423076925 0.45367631730769226 0.2927772091346154
0 0.45121109374999996 0.2956989543269231 0.44901978365384615 0.2956989543269231 0.44901978365384615 0.30024389423076925 0.45121109374999996 0.30024389423076925 0.45121109374999996 0.2956989543269231
0 0.4565980625 0.28855690624999997 0.45422414423076923 0.28855690624999997 0.45422414423076923 0.29245256971153843 0.4565980625 0.29245256971153843 0.4565980625 0.28855690624999997
0 0.44326759374999997 0.29115401682692305 0.44098498076923076 0.29115401682692305 0.44098498076923076 0.29780910576923075 0.44326759374999997 0.29780910576923075 0.44326759374999997 0.29115401682692305
0 0.44098498076923076 0.29358880528846154 0.44058378125 0.29358880528846154 0.4387023653846154 0.29358880528846154 0.4387023653846154 0.30170476682692304 0.44098498076923076 0.30170476682692304 0.44098498076923076 0.29358880528846154
0 0.4148686658653846 0.29137321875 0.41311561778846156 0.29137321875 0.41311561778846156 0.29695699999999997 0.4148686658653846 0.29695699999999997 0.4148686658653846 0.29137321875
0 0.4050808149038462 0.29007466346153843 0.40296254807692305 0.29007466346153843 0.40296254807692305 0.29591815625 0.4050808149038462 0.29591815625 0.4050808149038462 0.29007466346153843
0 0.39784949278846155 0.28981495192307694 0.3975302355769231 0.28981495192307694 0.3972156706730769 0.28981495192307694 0.3958773125 0.28981495192307694 0.3958773125 0.2957883004807692 0.39784949278846155 0.2957883004807692 0.39784949278846155 0.28981495192307694
1 1 0.8347585288461539 0.8925426875 0.8347585288461539 0.8925426875 0.9862306490384616 1 0.9862306490384616 1 0.8347585288461539
0 0.4976331153846154 0.2937426971153846 0.49611848317307694 0.2937426971153846 0.49611848317307694 0.29832025721153843 0.4976331153846154 0.29832025721153843 0.4976331153846154 0.2937426971153846
0 0.4976331153846154 0.29805098798076923 0.49919823798076923 0.29805098798076923 0.49919823798076923 0.29455050240384617 0.4976331153846154 0.29455050240384617 0.4976331153846154 0.29805098798076923
0 0.390592125 0.2850767596153846 0.38901438221153845 0.2850767596153846 0.38901438221153845 0.2912124278846154 0.390592125 0.2912124278846154 0.390592125 0.2850767596153846
0 0.026057331730769233 0.7220482091346153 0.014486396634615385 0.7220482091346153 0.014486396634615385 0.7893120913461539 0.026057331730769233 0.7893120913461539 0.026057331730769233 0.7220482091346153
0 0.14699716346153846 0.872905533653846 0.16418426923076923 0.872905533653846 0.16418426923076923 0.8045043221153846 0.14699716346153846 0.8045043221153846 0.14699716346153846 0.872905533653846
0 0.1934804735576923 0.8763776778846153 0.2075426514423077 0.8763776778846153 0.2075426514423077 0.82464275 0.1934804735576923 0.82464275 0.1934804735576923 0.8763776778846153
0 0.2221907548076923 0.9090158197115384 0.20656611298076924 0.9090158197115384 0.20656611298076924 0.9322791754807693 0.2221907548076923 0.9322791754807693 0.2221907548076923 0.9090158197115384
0 0.3591063701923077 0.9515426225961539 0.3451066923076923 0.9515426225961539 0.3451066923076923 0.9774975841346154 0.3591063701923077 0.9774975841346154 0.3591063701923077 0.9515426225961539
0 0.32450716346153846 0.8877218605769231 0.3134074182692308 0.8877218605769231 0.3134074182692308 0.9479871490384616 0.32450716346153846 0.9479871490384616 0.32450716346153846 0.8877218605769231
0 0.2946078485576923 0.9568758341346153 0.30830753365384617 0.9568758341346153 0.30830753365384617 0.8734999639423078 0.2946078485576923 0.8734999639423078 0.2946078485576923 0.9568758341346153
0 0.32266345432692306 0.6862153629807692 0.33063202403846154 0.6862153629807692 0.33063202403846154 0.6692713052884615 0.32266345432692306 0.6692713052884615 0.32266345432692306 0.6862153629807692
0 0.32938205048076924 0.6845487331730769 0.3365693870192308 0.6845487331730769 0.3365693870192308 0.6692713052884615 0.32938205048076924 0.6692713052884615 0.32938205048076924 0.6845487331730769
0 0.24579630528846153 0.7265218894230769 0.25762323557692307 0.7265218894230769 0.25762323557692307 0.7117766274038462 0.24579630528846153 0.7117766274038462 0.24579630528846153 0.7265218894230769
0 0.5246215528846154 0.8337882620192307 0.5085419206730769 0.8337882620192307 0.5085419206730769 0.8878314687500001 0.5246215528846154 0.8878314687500001 0.5246215528846154 0.8337882620192307
0 0.40900606971153847 0.6603455216346154 0.4182858581730769 0.6603455216346154 0.4182858581730769 0.6343194519230769 0.40900606971153847 0.6343194519230769 0.40900606971153847 0.6603455216346154
0 0.46716473798076924 0.6274929399038461 0.4732445985576923 0.6274929399038461 0.4732445985576923 0.6105688822115385 0.46716473798076924 0.6105688822115385 0.46716473798076924 0.6274929399038461
0 0.48404435096153847 0.5979113942307692 0.47420457692307694 0.5979113942307692 0.47420457692307694 0.6181064879807692 0.48404435096153847 0.6181064879807692 0.48404435096153847 0.5979113942307692
0 0.7021628894230769 0.5803511947115385 0.6971822692307692 0.5803511947115385 0.6971822692307692 0.5970115192307692 0.7021628894230769 0.5970115192307692 0.7021628894230769 0.5803511947115385
0 0.7121241346153847 0.5829143221153846 0.6989844663461539 0.5829143221153846 0.6989844663461539 0.6040601201923077 0.7121241346153847 0.6040601201923077 0.7121241346153847 0.5829143221153846
0 0.7211678966346154 0.567943329326923 0.7119602980769231 0.567943329326923 0.7119602980769231 0.5922930360576923 0.7211678966346154 0.5922930360576923 0.7211678966346154 0.567943329326923
0 0.811807608173077 0.5745227620192307 0.8198714230769231 0.5745227620192307 0.8198714230769231 0.5506299759615385 0.811807608173077 0.5506299759615385 0.811807608173077 0.5745227620192307
0 0.8265272716346155 0.5786186682692308 0.8349750769230769 0.5786186682692308 0.8349750769230769 0.534360125 0.8265272716346155 0.534360125 0.8265272716346155 0.5786186682692308
0 0.851416201923077 0.46270132211538456 0.8570160745192308 0.46270132211538456 0.8570160745192308 0.45331487019230765 0.851416201923077 0.45331487019230765 0.851416201923077 0.46270132211538456
0 0.9805096923076922 0.4521620817307692 0.9653100408653846 0.4521620817307692 0.9653100408653846 0.47171718990384615 0.9805096923076922 0.47171718990384615 0.9805096923076922 0.4521620817307692
0 1 0.43047368990384616 0.9931094038461539 0.43047368990384616 0.9931094038461539 0.44434003846153847 1 0.44434003846153847 1 0.43047368990384616
0 0.6182635264423078 0.3643498918269231 0.6213354567307692 0.3643498918269231 0.6213354567307692 0.35066046153846153 0.6182635264423078 0.35066046153846153 0.6182635264423078 0.3643498918269231
0 0.6718379807692307 0.30398533413461537 0.6700357812500001 0.30398533413461537 0.6700357812500001 0.31366987740384616 0.6718379807692307 0.31366987740384616 0.6718379807692307 0.30398533413461537
0 0.67466415625 0.3122863725961539 0.676179641826923 0.3122863725961539 0.676179641826923 0.3040581514423077 0.67466415625 0.3040581514423077 0.67466415625 0.3122863725961539
0 0.731269579326923 0.3135242451923077 0.7346282235576923 0.3135242451923077 0.7346282235576923 0.3075533245192308 0.731269579326923 0.3075533245192308 0.731269579326923 0.3135242451923077
0 0.7475303293269231 0.3166553389423077 0.7499059543269231 0.3166553389423077 0.7499059543269231 0.3080630360576923 0.7475303293269231 0.3080630360576923 0.7475303293269231 0.3166553389423077
0 0.750233625 0.3672625360576923 0.7534284326923076 0.3672625360576923 0.7534284326923076 0.36136443028846155 0.750233625 0.36136443028846155 0.750233625 0.3672625360576923
0 0.7082344350961538 0.31661729807692307 0.7102414302884615 0.31661729807692307 0.7102414302884615 0.30904442307692304 0.7082344350961538 0.30904442307692304 0.7082344350961538 0.31661729807692307
0 0.6424721009615385 0.3029265048076923 0.6449624110576924 0.3029265048076923 0.6449624110576924 0.2978585048076923 0.6424721009615385 0.2978585048076923 0.6424721009615385 0.3029265048076923
0 0.6326419254807691 0.3224412235576923 0.6343785913461539 0.3224412235576923 0.6343785913461539 0.3140528076923077 0.6326419254807691 0.3140528076923077 0.6326419254807691 0.3224412235576923
0 0.6030794158653846 0.30811093990384614 0.6050297235576922 0.30811093990384614 0.6050297235576922 0.3002071875 0.6030794158653846 0.3002071875 0.6030794158653846 0.30811093990384614
0 0.5534236490384615 0.31338411778846154 0.5553320120192308 0.31338411778846154 0.5553320120192308 0.30495842067307694 0.5534236490384615 0.30495842067307694 0.5534236490384615 0.31338411778846154
0 0.5534236490384615 0.30477201201923076 0.5517669374999999 0.30477201201923076 0.5517669374999999 0.31140818028846157 0.5534236490384615 0.31140818028846157 0.5534236490384615 0.30477201201923076
0 0.39820131009615384 0.2947721875 0.4002145288461539 0.2947721875 0.4002145288461539 0.2900373918269231 0.39820131009615384 0.2900373918269231 0.39820131009615384 0.2947721875
0 0.4090852788461538 0.28627192548076924 0.4077641033653846 0.28627192548076924 0.4077641033653846 0.2917896394230769 0.4090852788461538 0.2917896394230769 0.4090852788461538 0.28627192548076924
0 0.41277618269230765 0.29272168509615387 0.41128723798076927 0.29272168509615387 0.41128723798076927 0.2983512451923077 0.41277618269230765 0.2983512451923077 0.41277618269230765 0.29272168509615387
0 0.4324260480769231 0.2980157091346154 0.43427150000000003 0.2980157091346154 0.43427150000000003 0.29111856490384613 0.4324260480769231 0.29111856490384613 0.4324260480769231 0.2980157091346154
0 0.4605062692307692 0.2795611923076923 0.4605062692307692 0.28355035096153847 0.46268725721153847 0.28355035096153847 0.46268725721153847 0.2795611923076923 0.46239366346153843 0.2795611923076923 0.4605062692307692 0.2795611923076923
0 0.4630857067307692 0.2834757860576923 0.4645117379807692 0.2834757860576923 0.4645117379807692 0.2800458557692308 0.4630857067307692 0.2800458557692308 0.4630857067307692 0.2834757860576923
0 0.46742671394230767 0.3020794302884615 0.4689366274038462 0.3020794302884615 0.4689366274038462 0.2986495 0.46742671394230767 0.2986495 0.46742671394230767 0.3020794302884615