1 0.9974182451923077 0.8365844326923076 0.8887386274038461 0.8365844326923076 0.8887386274038461 0.9913258461538461 0.9974182451923077 0.9913258461538461 0.9974182451923077 0.8365844326923076
0 0.7306644495192308 0.8669469014423077 0.7201902932692307 0.8669469014423077 0.7201902932692307 0.9236684951923078 0.7306644495192308 0.9236684951923078 0.7306644495192308 0.8669469014423077
0 0.6981720024038461 0.7484503365384616 0.6897153269230769 0.7484503365384616 0.6897153269230769 0.7805352788461538 0.6981720024038461 0.7805352788461538 0.6981720024038461 0.7484503365384616
0 0.6952843557692308 0.7158153677884616 0.686002641826923 0.7158153677884616 0.686002641826923 0.7530338990384616 0.6952843557692308 0.7530338990384616 0.6952843557692308 0.7158153677884616
0 0.6751739735576923 0.6661295432692308 0.6682642524038461 0.6661295432692308 0.6682642524038461 0.6949143197115385 0.6751739735576923 0.6949143197115385 0.6751739735576923 0.6661295432692308
0 0.6687799038461539 0.665762858173077 0.6608388798076923 0.665762858173077 0.6608388798076923 0.6978478004807692 0.6687799038461539 0.6978478004807692 0.6687799038461539 0.665762858173077
0 0.7462306610576923 0.7669679302884614 0.7358145144230769 0.7669679302884614 0.7358145144230769 0.7858522115384615 0.7462306610576923 0.7858522115384615 0.7462306610576923 0.7669679302884614
0 0.6475350889423077 0.6782301490384615 0.6346438173076923 0.6782301490384615 0.6346438173076923 0.6991311971153846 0.6475350889423077 0.6991311971153846 0.6475350889423077 0.6782301490384615
0 0.6652734759615384 0.6415616442307692 0.6581574951923077 0.6415616442307692 0.6581574951923077 0.6556790192307692 0.6652734759615384 0.6556790192307692 0.6652734759615384 0.6415616442307692
0 0.6631077427884615 0.6349613149038462 0.6544448100961537 0.6349613149038462 0.6544448100961537 0.6525621971153845 0.6631077427884615 0.6525621971153845 0.6631077427884615 0.6349613149038462
0 0.6539291586538462 0.6276276129807693 0.6485663894230769 0.6276276129807693 0.6485663894230769 0.6556790192307692 0.6539291586538462 0.6556790192307692 0.6539291586538462 0.6276276129807693
0 0.64763821875 0.6334945745192309 0.6403159759615384 0.6334945745192309 0.6403159759615384 0.6622793509615386 0.64763821875 0.6622793509615386 0.64763821875 0.6334945745192309
0 0.6072111923076923 0.6433950697115385 0.5978263461538462 0.6433950697115385 0.5978263461538462 0.6681463100961539 0.6072111923076923 0.6681463100961539 0.6072111923076923 0.6433950697115385
0 0.5789535240384616 0.6569624182692307 0.5730751057692308 0.6569624182692307 0.5730751057692308 0.6705297644230769 0.5789535240384616 0.6705297644230769 0.5789535240384616 0.6569624182692307
0 0.5923604471153846 0.5926091923076923 0.5852444663461539 0.5926091923076923 0.5852444663461539 0.6171770889423077 0.5923604471153846 0.6171770889423077 0.5923604471153846 0.5926091923076923
0 0.5789535240384616 0.586008860576923 0.5708062427884616 0.586008860576923 0.5708062427884616 0.6080099639423077 0.5789535240384616 0.6080099639423077 0.5789535240384616 0.586008860576923
0 0.53000815625 0.8722205841346155 0.5240097764423077 0.8722205841346155 0.5240097764423077 0.885362576923077 0.53000815625 0.885362576923077 0.53000815625 0.8722205841346155
0 0.5244321971153846 0.8493159711538462 0.5173355216346154 0.8493159711538462 0.5173355216346154 0.8909197620192307 0.5244321971153846 0.8909197620192307 0.5244321971153846 0.8493159711538462
0 0.5163639543269231 0.8642602932692308 0.5095207307692308 0.8642602932692308 0.5095207307692308 0.8886668485576923 0.5163639543269231 0.8886668485576923 0.5163639543269231 0.8642602932692308
0 0.49523569711538457 0.7243153701923077 0.4863912548076923 0.7243153701923077 0.4863912548076923 0.7442630360576923 0.49523569711538457 0.7442630360576923 0.49523569711538457 0.7243153701923077
0 0.48355311298076925 0.7362839711538461 0.47550070913461534 0.7362839711538461 0.47550070913461534 0.7511860504807693 0.48355311298076925 0.7511860504807693 0.48355311298076925 0.7362839711538461
0 0.4395683533653846 0.7204046754807693 0.4295853533653846 0.7204046754807693 0.4295853533653846 0.7388856009615385 0.4395683533653846 0.7388856009615385 0.4395683533653846 0.7204046754807693
0 0.4288039350961539 0.9244749375 0.42109474759615384 0.9244749375 0.42109474759615384 0.9459714831730769 0.4288039350961539 0.9459714831730769 0.4288039350961539 0.9244749375
0 0.42426290625 0.9311398052884615 0.4158672860576923 0.9311398052884615 0.4158672860576923 0.95282409375 0.42426290625 0.95282409375 0.42426290625 0.9311398052884615
0 0.42109474759615384 0.9133042451923077 0.4126991274038462 0.9133042451923077 0.4126991274038462 0.9446572836538463 0.42109474759615384 0.9446572836538463 0.42109474759615384 0.9133042451923077
0 0.3101943389423077 0.9372531778846154 0.29585924519230766 0.9372531778846154 0.29585924519230766 0.9603543365384616 0.3101943389423077 0.9603543365384616 0.3101943389423077 0.9372531778846154
0 0.20451492067307694 1 0.20451492067307694 0.9764168605769231 0.18834411057692307 0.9764168605769231 0.18834411057692307 1 0.20451492067307694 1
0 0.2610779519230769 0.7389676658653846 0.2510227596153846 0.7389676658653846 0.2510227596153846 0.7630313725961538 0.2610779519230769 0.7630313725961538 0.2610779519230769 0.7389676658653846
0 0.30144626201923075 0.6219471514423076 0.2931958485576923 0.6219471514423076 0.2931958485576923 0.6483026394230769 0.30144626201923075 0.6483026394230769 0.30144626201923075 0.6219471514423076
0 0.3039283173076923 0.5980524879807693 0.2994337548076923 0.5980524879807693 0.2994337548076923 0.6194401418269231 0.3039283173076923 0.6194401418269231 0.3039283173076923 0.5980524879807693
0 0.30095447115384616 0.6053819639423077 0.2966288798076923 0.6053819639423077 0.2966288798076923 0.6199808389423077 0.30095447115384616 0.6199808389423077 0.30095447115384616 0.6053819639423077
0 0.31589128365384617 0.6079653052884615 0.31048429326923077 0.6079653052884615 0.31048429326923077 0.6313355216346154 0.31589128365384617 0.6313355216346154 0.31589128365384617 0.6079653052884615
0 0.32065619471153844 0.6033994014423076 0.31477609134615386 0.6033994014423076 0.31477609134615386 0.6310351322115384 0.32065619471153844 0.6310351322115384 0.32065619471153844 0.6033994014423076
0 0.36804828605769235 0.58333040625 0.36202548557692305 0.58333040625 0.36202548557692305 0.6045981370192307 0.36804828605769235 0.6045981370192307 0.36804828605769235 0.58333040625
0 0.49596352884615386 0.5432846418269232 0.49041925240384615 0.5432846418269232 0.49041925240384615 0.5694747548076923 0.49596352884615386 0.5694747548076923 0.49596352884615386 0.5432846418269232
0 0.4915809110576923 0.5440356129807692 0.48535019711538463 0.5440356129807692 0.48535019711538463 0.567597326923077 0.4915809110576923 0.567597326923077 0.4915809110576923 0.5440356129807692
0 0.4777994182692308 0.5205677692307693 0.47241354807692304 0.5205677692307693 0.47241354807692304 0.5411256009615385 0.4777994182692308 0.5411256009615385 0.4777994182692308 0.5205677692307693
0 0.46982621875 0.5191596995192308 0.4643875456730769 0.5191596995192308 0.4643875456730769 0.5417826995192307 0.46982621875 0.5417826995192307 0.46982621875 0.5191596995192308
0 0.4848749735576923 0.5070502932692308 0.48054515625000005 0.5070502932692308 0.48054515625000005 0.5235716538461539 0.4848749735576923 0.5235716538461539 0.4848749735576923 0.5070502932692308
0 0.4336387596153846 0.5180344014423077 0.4299214519230769 0.5180344014423077 0.4299214519230769 0.5349162283653845 0.4336387596153846 0.5349162283653845 0.4336387596153846 0.5180344014423077
0 0.43137458173076926 0.521218516826923 0.427927625 0.521218516826923 0.427927625 0.5374995697115384 0.43137458173076926 0.5374995697115384 0.43137458173076926 0.521218516826923
0 0.42765727403846154 0.5251836442307692 0.4245820480769231 0.5251836442307692 0.4245820480769231 0.5364782475961538 0.42765727403846154 0.5364782475961538 0.42765727403846154 0.5251836442307692
0 0.4257310336538461 0.5191758774038462 0.4216082043269231 0.5191758774038462 0.4216082043269231 0.5364782475961538 0.4257310336538461 0.5364782475961538 0.4257310336538461 0.5191758774038462
0 0.44083681490384613 0.49508472836538464 0.4355312067307692 0.49508472836538464 0.4355312067307692 0.5119064783653846 0.44083681490384613 0.5119064783653846 0.44083681490384613 0.49508472836538464
0 0.34695281971153846 0.5207375432692307 0.3420949759615385 0.5207375432692307 0.3420949759615385 0.5396620120192307 0.34695281971153846 0.5396620120192307 0.34695281971153846 0.5207375432692307
0 0.34602349278846156 0.49197535576923074 0.34032080528846154 0.49197535576923074 0.34032080528846154 0.5107496298076923 0.34602349278846156 0.5107496298076923 0.34602349278846156 0.49197535576923074
0 0.32891543509615384 0.4798847235576923 0.3247757067307692 0.4798847235576923 0.3247757067307692 0.4930267139423077 0.32891543509615384 0.4930267139423077 0.32891543509615384 0.4798847235576923
0 0.33128099278846157 0.4740271490384615 0.3265076346153846 0.4740271490384615 0.3265076346153846 0.48987263701923073 0.33128099278846157 0.48987263701923073 0.33128099278846157 0.4740271490384615
0 0.3232127475961538 0.4502213701923077 0.31886181009615383 0.4502213701923077 0.31886181009615383 0.4655411778846154 0.3232127475961538 0.4655411778846154 0.3232127475961538 0.4502213701923077
0 0.3146375985576923 0.4451147668269231 0.3108780504807692 0.4451147668269231 0.3108780504807692 0.4562291370192308 0.3146375985576923 0.4562291370192308 0.3146375985576923 0.4451147668269231
0 0.38945631009615383 0.47136120192307696 0.3846380673076923 0.47136120192307696 0.3846380673076923 0.48872740625 0.38945631009615383 0.48872740625 0.38945631009615383 0.47136120192307696
0 0.3941425432692308 0.45153087500000005 0.38945631009615383 0.45153087500000005 0.38945631009615383 0.4665502932692308 0.3941425432692308 0.4665502932692308 0.3941425432692308 0.45153087500000005
0 0.39889478125 0.46044865625 0.39552861298076925 0.46044865625 0.39552861298076925 0.46737166826923077 0.39889478125 0.46737166826923077 0.39889478125 0.46044865625
0 0.4090592908653846 0.46901441826923074 0.40529710336538466 0.46901441826923074 0.40529710336538466 0.4787535721153846 0.4090592908653846 0.4787535721153846 0.4090592908653846 0.46901441826923074
0 0.4132835048076923 0.46326479567307693 0.40886128125000004 0.46326479567307693 0.40886128125000004 0.47675880528846154 0.4132835048076923 0.47675880528846154 0.4132835048076923 0.46326479567307693
0 0.4129574014423077 0.4787535721153846 0.4090592908653846 0.4787535721153846 0.4090592908653846 0.48811271634615383 0.4129574014423077 0.48811271634615383 0.4129574014423077 0.4787535721153846
0 0.41521363221153845 0.48043507692307696 0.4129574014423077 0.48043507692307696 0.4129574014423077 0.4868823269230769 0.41521363221153845 0.4868823269230769 0.41521363221153845 0.48043507692307696
0 0.48771898076923076 0.4753235528846154 0.48334626201923075 0.4753235528846154 0.48334626201923075 0.4946845240384615 0.48771898076923076 0.4946845240384615 0.48771898076923076 0.4753235528846154
0 0.4792210552884616 0.47752366346153846 0.4742708076923077 0.47752366346153846 0.4742708076923077 0.4961512644230769 0.4792210552884616 0.4961512644230769 0.4792210552884616 0.47752366346153846
0 0.47550044951923076 0.45912839423076923 0.47120864903846155 0.45912839423076923 0.47120864903846155 0.4689811322115384 0.47550044951923076 0.4689811322115384 0.47550044951923076 0.45912839423076923
0 0.4720872860576923 0.4618318894230769 0.46880929807692306 0.4618318894230769 0.46880929807692306 0.47000245432692306 0.4720872860576923 0.47000245432692306 0.4720872860576923 0.4618318894230769
0 0.46367265625 0.47913426201923076 0.45927947596153845 0.47913426201923076 0.45927947596153845 0.49289205048076923 0.46367265625 0.49289205048076923 0.46367265625 0.47913426201923076
0 0.4617802091346154 0.48123698076923077 0.4574546153846154 0.48123698076923077 0.4574546153846154 0.49553546875 0.4617802091346154 0.49553546875 0.4617802091346154 0.48123698076923077
0 0.45620425 0.48339977644230764 0.4525883245192308 0.48339977644230764 0.4525883245192308 0.49337267067307694 0.45620425 0.49337267067307694 0.45620425 0.48339977644230764
0 0.4421028269230769 0.4479079951923077 0.4389127019230769 0.4479079951923077 0.4389127019230769 0.45660724519230766 0.4421028269230769 0.45660724519230766 0.4421028269230769 0.4479079951923077
0 0.44618510576923076 0.4448320192307692 0.4422380024038462 0.4448320192307692 0.4422380024038462 0.45771267307692304 0.44618510576923076 0.45771267307692304 0.44618510576923076 0.4448320192307692
0 0.3483274278846154 0.4467843341346154 0.3420333509615385 0.4467843341346154 0.3420333509615385 0.45557069471153844 0.3483274278846154 0.45557069471153844 0.3483274278846154 0.4467843341346154
0 0.3158432379807692 0.4251563701923077 0.31102763701923075 0.4251563701923077 0.31102763701923075 0.4400255961538461 0.3158432379807692 0.4400255961538461 0.3158432379807692 0.4251563701923077
0 0.3536921754807692 0.4156941370192308 0.3491722692307692 0.4156941370192308 0.3491722692307692 0.4253816610576923 0.3536921754807692 0.4253816610576923 0.3536921754807692 0.4156941370192308
0 0.35770517788461537 0.41126340625 0.3541145961538461 0.41126340625 0.3541145961538461 0.4241050120192308 0.35770517788461537 0.4241050120192308 0.35770517788461537 0.41126340625
0 0.3400057307692308 0.3939159783653846 0.336541875 0.3939159783653846 0.336541875 0.4060066105769231 0.3400057307692308 0.4060066105769231 0.3400057307692308 0.3939159783653846
0 0.34431442548076924 0.3935404927884615 0.3411885096153846 0.3935404927884615 0.3411885096153846 0.4042793774038461 0.34431442548076924 0.4042793774038461 0.34431442548076924 0.3935404927884615
0 0.34646877403846155 0.3980463173076923 0.34389200480769233 0.3980463173076923 0.34389200480769233 0.4029276298076923 0.34646877403846155 0.4029276298076923 0.34646877403846155 0.3980463173076923
0 0.36987090625 0.39947316346153844 0.36471736778846153 0.39947316346153844 0.36471736778846153 0.40442957211538466 0.36987090625 0.40442957211538466 0.36987090625 0.39947316346153844
0 0.36987090625 0.3906868028846154 0.36716741105769235 0.3906868028846154 0.36716741105769235 0.4021766586538461 0.36987090625 0.4021766586538461 0.36987090625 0.3906868028846154
0 0.3738839086538462 0.3978210264423077 0.3716450769230769 0.3978210264423077 0.3716450769230769 0.4018011730769231 0.3738839086538462 0.4018011730769231 0.3738839086538462 0.3978210264423077
0 0.3854582475961538 0.40397898798076926 0.37975556250000003 0.40397898798076926 0.37975556250000003 0.41193928124999996 0.3854582475961538 0.41193928124999996 0.3854582475961538 0.40397898798076926
0 0.3891333125 0.40135058894230774 0.3853737644230769 0.40135058894230774 0.3853737644230769 0.41141360096153845 0.3891333125 0.41141360096153845 0.3891333125 0.40135058894230774
0 0.4485520144230769 0.3895729807692308 0.44547678846153843 0.3895729807692308 0.44547678846153843 0.40050711778846154 0.4485520144230769 0.40050711778846154 0.4485520144230769 0.3895729807692308
0 0.45335071875 0.36626284134615383 0.45024169951923076 0.36626284134615383 0.45024169951923076 0.3747938701923077 0.45335071875 0.3747938701923077 0.45335071875 0.36626284134615383
0 0.43831252403846155 0.40777651682692306 0.4339531370192308 0.40777651682692306 0.4339531370192308 0.41798972115384614 0.43831252403846155 0.41798972115384614 0.43831252403846155 0.40777651682692306
1 0.46811704086538464 0.4253471153846154 0.46439703125 0.4253471153846154 0.46439703125 0.4360361370192308 0.46811704086538464 0.4360361370192308 0.46811704086538464 0.4253471153846154
0 0.4155066514423077 0.3858768197115384 0.41187646875 0.3858768197115384 0.41187646875 0.39538129326923077 0.4155066514423077 0.39538129326923077 0.4155066514423077 0.3858768197115384
1 0.40669188221153846 0.37925171394230767 0.4032530360576923 0.37925171394230767 0.4032530360576923 0.3894793389423077 0.40669188221153846 0.3894793389423077 0.40669188221153846 0.37925171394230767
0 0.40100231249999996 0.38100151442307695 0.3986261947115385 0.38100151442307695 0.3986261947115385 0.38933259855769226 0.40100231249999996 0.38933259855769226 0.40100231249999996 0.38100151442307695
0 0.40067229567307694 0.3887459038461539 0.3980981682692307 0.3887459038461539 0.3980981682692307 0.3954342379807692 0.40067229567307694 0.3954342379807692 0.40067229567307694 0.3887459038461539
0 0.3885276875 0.3905915649038461 0.38556465624999997 0.3905915649038461 0.38556465624999997 0.4000886442307693 0.3885276875 0.4000886442307693 0.3885276875 0.3905915649038461
0 0.3858890769230769 0.3906300144230769 0.3834883725961538 0.3906300144230769 0.3834883725961538 0.4000886442307693 0.3858890769230769 0.4000886442307693 0.3858890769230769 0.3906300144230769
0 0.37963859375 0.39528243028846155 0.37449113942307694 0.39528243028846155 0.37449113942307694 0.40339531971153847 0.37963859375 0.40339531971153847 0.37963859375 0.39528243028846155
0 0.3882032692307692 0.37275089663461536 0.3858674471153846 0.37275089663461536 0.3858674471153846 0.3826709230769231 0.3882032692307692 0.3826709230769231 0.3882032692307692 0.37275089663461536
0 0.38971722596153846 0.38144053125 0.3842453509615385 0.38144053125 0.3842453509615385 0.38690039182692304 0.38971722596153846 0.38690039182692304 0.38971722596153846 0.38144053125
0 0.38288278846153845 0.3745964831730769 0.38054696875 0.3745964831730769 0.38054696875 0.3822479759615385 0.38288278846153845 0.3822479759615385 0.38288278846153845 0.3745964831730769
0 0.37963859375 0.3774033125 0.37628625961538464 0.3774033125 0.37628625961538464 0.3877847355769231 0.37963859375 0.3877847355769231 0.37963859375 0.3774033125
0 0.37180927163461536 0.3728662451923077 0.3692788004807692 0.3728662451923077 0.3692788004807692 0.3797871947115385 0.37180927163461536 0.3797871947115385 0.37180927163461536 0.3728662451923077
0 0.3614452956730769 0.37473916826923076 0.35803888942307693 0.37473916826923076 0.35803888942307693 0.38463996874999995 0.3614452956730769 0.38463996874999995 0.3614452956730769 0.37473916826923076
0 0.3514964302884615 0.3601763389423077 0.3494688100961539 0.3601763389423077 0.3494688100961539 0.3668569759615385 0.3514964302884615 0.3668569759615385 0.3514964302884615 0.3601763389423077
0 0.3436377067307692 0.3672572427884615 0.34057515384615383 0.3672572427884615 0.34057515384615383 0.3765505096153846 0.3436377067307692 0.3765505096153846 0.3436377067307692 0.3672572427884615
0 0.32855522836538464 0.3636193966346154 0.32522993028846153 0.3636193966346154 0.32522993028846153 0.3740969447115384 0.32855522836538464 0.3740969447115384 0.32855522836538464 0.3636193966346154
0 0.31122582211538463 0.36419614182692306 0.30819790865384616 0.36419614182692306 0.30819790865384616 0.37510624759615385 0.31122582211538463 0.37510624759615385 0.31122582211538463 0.36419614182692306
1 0.32517586057692305 0.3628504014423077 0.3118746610576923 0.3628504014423077 0.3118746610576923 0.3754907451923077 0.32517586057692305 0.3754907451923077 0.32517586057692305 0.3628504014423077
0 0.3228238197115385 0.3468457091346154 0.3203366033653846 0.3468457091346154 0.3203366033653846 0.3528534759615385 0.3228238197115385 0.3528534759615385 0.3228238197115385 0.3468457091346154
0 0.30419673557692306 0.3398286346153846 0.3013850985576923 0.3398286346153846 0.3013850985576923 0.34468291105769233 0.30419673557692306 0.34468291105769233 0.30419673557692306 0.3398286346153846
0 0.29868160336538463 0.3526131658653846 0.29559961778846156 0.3526131658653846 0.29559961778846156 0.3575155048076923 0.29868160336538463 0.3575155048076923 0.29868160336538463 0.3526131658653846
0 0.29843828846153847 0.36621475240384616 0.29505892067307693 0.36621475240384616 0.29505892067307693 0.37621167788461535 0.29843828846153847 0.37621167788461535 0.29843828846153847 0.36621475240384616
0 0.3171295817307692 0.3767073197115384 0.31193380048076924 0.3767073197115384 0.31193380048076924 0.3811380480769231 0.3171295817307692 0.3811380480769231 0.3171295817307692 0.3767073197115384
0 0.291446375 0.3716007163461538 0.2880247620192308 0.3716007163461538 0.2880247620192308 0.3821143100961538 0.291446375 0.3821143100961538 0.291446375 0.3716007163461538
0 0.290094625 0.386019358173077 0.2871376778846154 0.386019358173077 0.2871376778846154 0.39533139903846154 0.290094625 0.39533139903846154 0.290094625 0.386019358173077
0 0.28257552884615383 0.3902998918269231 0.2791961610576923 0.3902998918269231 0.2791961610576923 0.40201504086538464 0.28257552884615383 0.40201504086538464 0.28257552884615383 0.3902998918269231
0 0.2791961610576923 0.38849756249999995 0.2761124855769231 0.38849756249999995 0.2761124855769231 0.3971337283653846 0.2791961610576923 0.3971337283653846 0.2791961610576923 0.38849756249999995
0 0.2707054951923077 0.3761816394230769 0.26656576682692307 0.3761816394230769 0.26656576682692307 0.3854936778846154 0.2707054951923077 0.3854936778846154 0.2707054951923077 0.3761816394230769
0 0.2642135673076923 0.3980867932692308 0.2612937908653846 0.3980867932692308 0.2612937908653846 0.4069302283653846 0.2642135673076923 0.4069302283653846 0.2642135673076923 0.3980867932692308
0 0.2601853581730769 0.39145421874999997 0.2564545360576923 0.39145421874999997 0.2564545360576923 0.3994805961538462 0.2601853581730769 0.3994805961538462 0.2601853581730769 0.39145421874999997
0 0.2555083125 0.38544644951923074 0.2531562692307692 0.38544644951923074 0.2531562692307692 0.39428988461538467 0.2555083125 0.39428988461538467 0.2555083125 0.38544644951923074
0 0.25369696875 0.38962785576923076 0.2517774879807692 0.38962785576923076 0.2517774879807692 0.3949146923076923 0.25369696875 0.3949146923076923 0.25369696875 0.38962785576923076
0 0.2518315576923077 0.38602319471153845 0.24842515384615385 0.38602319471153845 0.24842515384615385 0.39919222115384617 0.2518315576923077 0.39919222115384617 0.2518315576923077 0.38602319471153845
0 0.2345612908653846 0.36552769471153845 0.23097071153846155 0.36552769471153845 0.23097071153846155 0.37656696875 0.2345612908653846 0.37656696875 0.2345612908653846 0.36552769471153845
0 0.23029483653846153 0.3686817740384616 0.22699995192307693 0.3686817740384616 0.22699995192307693 0.3762665817307692 0.23029483653846153 0.3762665817307692 0.23029483653846153 0.3686817740384616
0 0.22699995192307693 0.36995842307692306 0.22366282451923075 0.36995842307692306 0.22366282451923075 0.3762665817307692 0.22699995192307693 0.3762665817307692 0.22699995192307693 0.36995842307692306
0 0.26134448317307696 0.36175241346153847 0.26134448317307696 0.3529858798076923 0.2585761033653846 0.3529858798076923 0.2585761033653846 0.35936710096153845 0.2585761033653846 0.36175241346153847 0.26134448317307696 0.36175241346153847
0 0.25905191826923074 0.35513906250000005 0.25613214423076924 0.35513906250000005 0.25613214423076924 0.36552048557692307 0.25905191826923074 0.36552048557692307 0.25905191826923074 0.35513906250000005
0 0.2571054014423077 0.3400667740384616 0.25485609375 0.3400667740384616 0.25485609375 0.3489102091346154 0.2571054014423077 0.3489102091346154 0.2571054014423077 0.3400667740384616
0 0.2526067860576923 0.3448729903846154 0.2510279447115385 0.3448729903846154 0.2510279447115385 0.34879486057692305 0.2526067860576923 0.34879486057692305 0.2526067860576923 0.3448729903846154
0 0.21679331971153845 0.34485686057692305 0.21400534134615384 0.34485686057692305 0.21400534134615384 0.35319263701923076 0.21679331971153845 0.35319263701923076 0.21679331971153845 0.34485686057692305
0 0.2287478389423077 0.3355448197115385 0.22595986057692308 0.3355448197115385 0.22595986057692308 0.3429794326923077 0.2287478389423077 0.3429794326923077 0.2287478389423077 0.3355448197115385
0 0.23618245192307694 0.3400506466346154 0.23385913701923075 0.3400506466346154 0.23385913701923075 0.3471097740384615 0.23618245192307694 0.3471097740384615 0.23618245192307694 0.3400506466346154
0 0.08592113461538461 0.34001051682692307 0.08284590865384615 0.34001051682692307 0.08284590865384615 0.34842139182692305 0.08592113461538461 0.34842139182692305 0.08592113461538461 0.34001051682692307
0 0.09024672836538462 0.3406713701923077 0.08764461298076923 0.3406713701923077 0.08764461298076923 0.3477605360576923 0.09024672836538462 0.3477605360576923 0.09024672836538462 0.3406713701923077
0 0.09359230288461538 0.33958997115384615 0.091328125 0.33958997115384615 0.091328125 0.34721983653846156 0.09359230288461538 0.34721983653846156 0.09359230288461538 0.33958997115384615
0 0.09768134134615385 0.3421733125 0.09453852644230769 0.3421733125 0.09453852644230769 0.3502837980769231 0.09768134134615385 0.3502837980769231 0.09768134134615385 0.3421733125
0 0.27057416586538463 0.3309773317307692 0.2687999975961538 0.3309773317307692 0.2687999975961538 0.33630922596153845 0.27057416586538463 0.33630922596153845 0.27057416586538463 0.3309773317307692
0 0.2684198173076923 0.3325543725961539 0.26651892307692304 0.3325543725961539 0.26651892307692304 0.33675981009615386 0.2684198173076923 0.33675981009615386 0.2684198173076923 0.3325543725961539
0 0.2402865673076923 0.33052675000000004 0.23766755528846154 0.33052675000000004 0.23766755528846154 0.33563335336538463 0.2402865673076923 0.33563335336538463 0.2402865673076923 0.33052675000000004
0 0.2362735673076923 0.32526995432692307 0.23297868028846153 0.32526995432692307 0.23297868028846153 0.33563335336538463 0.2362735673076923 0.33563335336538463 0.2362735673076923 0.32526995432692307
0 0.2238414110576923 0.3248698605769231 0.22074861298076923 0.3248698605769231 0.22074861298076923 0.33371329567307695 0.2238414110576923 0.33371329567307695 0.2238414110576923 0.3248698605769231
0 0.21432510817307693 0.32567730528846156 0.21261649759615386 0.32567730528846156 0.21261649759615386 0.33229065625 0.21432510817307693 0.33229065625 0.21432510817307693 0.32567730528846156
0 0.21224882451923077 0.3259464543269231 0.21015091105769232 0.3259464543269231 0.21015091105769232 0.33129096394230767 0.21224882451923077 0.33129096394230767 0.21224882451923077 0.3259464543269231
0 0.20993463221153846 0.32610025240384616 0.2083990456730769 0.32610025240384616 0.2083990456730769 0.33129096394230767 0.20993463221153846 0.33129096394230767 0.20993463221153846 0.32610025240384616
0 0.2396081971153846 0.3431334759615385 0.23740214423076925 0.3431334759615385 0.23740214423076925 0.34724759374999997 0.2396081971153846 0.34724759374999997 0.2396081971153846 0.3431334759615385
0 0.2025666346153846 0.32407157932692304 0.20097833173076923 0.32407157932692304 0.20097833173076923 0.3310405889423077 0.2025666346153846 0.3310405889423077 0.2025666346153846 0.32407157932692304
0 0.19580287980769231 0.3472011322115385 0.1928036875 0.3472011322115385 0.1928036875 0.3533590961538462 0.19580287980769231 0.3533590961538462 0.19580287980769231 0.3472011322115385
0 0.18313024278846154 0.3506556009615384 0.18076468509615384 0.3506556009615384 0.18076468509615384 0.3589913774038462 0.18313024278846154 0.3589913774038462 0.18313024278846154 0.3506556009615384
0 0.18418629807692308 0.3432960841346154 0.1819474639423077 0.3432960841346154 0.1819474639423077 0.34885326923076926 0.18418629807692308 0.34885326923076926 0.18418629807692308 0.3432960841346154
0 0.18131383173076923 0.3393910360576923 0.17831464182692305 0.3393910360576923 0.17831464182692305 0.3470509399038461 0.18131383173076923 0.3470509399038461 0.18131383173076923 0.3393910360576923
0 0.17869482211538462 0.3426953076923077 0.17637150480769231 0.3426953076923077 0.17637150480769231 0.34825249278846154 0.17869482211538462 0.34825249278846154 0.17869482211538462 0.3426953076923077
0 0.17763876923076924 0.34795210576923075 0.17556890384615384 0.34795210576923075 0.17556890384615384 0.3552365240384615 0.17763876923076924 0.3552365240384615 0.17763876923076924 0.34795210576923075
0 0.1800888125 0.3480272019230769 0.17768101201923076 0.3480272019230769 0.17768101201923076 0.3557622019230769 0.1800888125 0.3557622019230769 0.1800888125 0.3480272019230769
0 0.17337231490384616 0.33435952884615383 0.17062657692307692 0.33435952884615383 0.17062657692307692 0.34074278125 0.17337231490384616 0.34074278125 0.17337231490384616 0.33435952884615383
0 0.16568425 0.35185715384615385 0.16276954326923077 0.35185715384615385 0.16276954326923077 0.3573392427884615 0.16568425 0.3573392427884615 0.16568425 0.35185715384615385
0 0.1523779831730769 0.35073069711538457 0.15001242307692308 0.35073069711538457 0.15001242307692308 0.3580151153846154 0.1523779831730769 0.3580151153846154 0.1523779831730769 0.35073069711538457
0 0.1550392355769231 0.3550112307692308 0.15246246634615385 0.3550112307692308 0.15246246634615385 0.3615446778846154 0.1550392355769231 0.3615446778846154 0.1550392355769231 0.3550112307692308
0 0.1437183485576923 0.34885326923076926 0.1405079471153846 0.34885326923076926 0.1405079471153846 0.35756453125000004 0.1437183485576923 0.35756453125000004 0.1437183485576923 0.34885326923076926
0 0.07500626442307692 0.32748983173076923 0.07111206971153847 0.32748983173076923 0.07111206971153847 0.33805036057692306 0.07500626442307692 0.33805036057692306 0.07500626442307692 0.32748983173076923
0 0.0979094110576923 0.3294845985576923 0.09447724038461539 0.3294845985576923 0.09447724038461539 0.3382850408653846 0.0979094110576923 0.3382850408653846 0.0979094110576923 0.3294845985576923
0 0.10747989182692308 0.34110118028846154 0.10431173317307693 0.34110118028846154 0.10431173317307693 0.34978428125000005 0.10747989182692308 0.34978428125000005 0.10747989182692308 0.34110118028846154
0 0.12088785576923076 0.34186886057692306 0.11850878125 0.34186886057692306 0.11850878125 0.3514812908653846 0.12088785576923076 0.3514812908653846 0.12088785576923076 0.34186886057692306
0 0.12321286298076924 0.3453293341346154 0.12088785576923076 0.3453293341346154 0.12088785576923076 0.3514812908653846 0.12321286298076924 0.3514812908653846 0.12321286298076924 0.3453293341346154
0 0.12872799278846153 0.34201304807692307 0.1266463028846154 0.34201304807692307 0.1266463028846154 0.3497991153846154 0.12872799278846153 0.3497991153846154 0.12872799278846153 0.34201304807692307
0 0.12962986298076923 0.3511170697115385 0.12651450721153845 0.3511170697115385 0.12651450721153845 0.3556228942307692 0.12962986298076923 0.3556228942307692 0.12962986298076923 0.3511170697115385
0 0.14420339423076925 0.34126057451923075 0.14177447115384617 0.34126057451923075 0.14177447115384617 0.34557865624999995 0.14420339423076925 0.34557865624999995 0.14420339423076925 0.34126057451923075
1 0.15749353846153846 0.32196725000000004 0.15114032451923076 0.32196725000000004 0.15114032451923076 0.33091882451923077 0.15749353846153846 0.33091882451923077 0.15749353846153846 0.32196725000000004
1 0.16346459375 0.32125589182692305 0.15878754807692308 0.32125589182692305 0.15878754807692308 0.3290900216346154 0.16346459375 0.3290900216346154 0.16346459375 0.32125589182692305
0 0.1822268533653846 0.32322643990384614 0.17838788942307693 0.32322643990384614 0.17838788942307693 0.3292342091346154 0.1822268533653846 0.3292342091346154 0.1822268533653846 0.32322643990384614
1 0.11174275721153845 0.32505436298076923 0.10518678125 0.32505436298076923 0.10518678125 0.3323838389423077 0.11174275721153845 0.3323838389423077 0.11174275721153845 0.32505436298076923