0 0.15911469951923077 0.7789780408653846 0.15432841826923077 0.7789780408653846 0.15432841826923077 0.7938686875 0.15911469951923077 0.7938686875 0.15911469951923077 0.7789780408653846
1 0.2862128509615385 0.9545857427884615 0.2806288581730769 0.9545857427884615 0.2806288581730769 0.9687673100961539 0.2862128509615385 0.9687673100961539 0.2862128509615385 0.9545857427884615
1 0.3233065144230769 0.8595692355769231 0.31931794951923076 0.8595692355769231 0.31931794951923076 0.8723326466346154 0.3233065144230769 0.8723326466346154 0.3233065144230769 0.8595692355769231
1 0.3217110889423077 0.8070974326923076 0.31532938221153844 0.8070974326923076 0.31532938221153844 0.8191517644230769 0.3217110889423077 0.8191517644230769 0.3217110889423077 0.8070974326923076
1 0.22000265384615383 0.8014248052884615 0.21641294471153844 0.8014248052884615 0.21641294471153844 0.8106428245192308 0.22000265384615383 0.8106428245192308 0.22000265384615383 0.8014248052884615
1 0.31094195913461536 0.6978993557692307 0.3061556802884616 0.6978993557692307 0.3061556802884616 0.7078264519230769 0.31094195913461536 0.7078264519230769 0.31094195913461536 0.6978993557692307
1 0.3540184735576923 0.6879722572115384 0.3472379110576923 0.6879722572115384 0.3472379110576923 0.6964811995192307 0.3540184735576923 0.6964811995192307 0.3540184735576923 0.6879722572115384
1 0.3947018485576923 0.5440293365384615 0.3907132836538461 0.5440293365384615 0.3907132836538461 0.5511201225961538 0.3947018485576923 0.5511201225961538 0.3947018485576923 0.5440293365384615
1 0.3416539206730769 0.5603381418269231 0.3384630673076923 0.5603381418269231 0.3384630673076923 0.5660107692307692 0.3416539206730769 0.5660107692307692 0.3416539206730769 0.5603381418269231
1 0.28980256009615385 0.45043098557692307 0.28661170673076924 0.45043098557692307 0.28661170673076924 0.45893992788461535 0.28980256009615385 0.45893992788461535 0.28980256009615385 0.45043098557692307
1 0.2487203293269231 0.5107026538461539 0.24273748076923077 0.5107026538461539 0.24273748076923077 0.5163752788461539 0.2487203293269231 0.5163752788461539 0.2487203293269231 0.5107026538461539
1 0.9877545504807692 0.02321981730769231 0.8757803677884616 0.02321981730769231 0.8757803677884616 0.07751032932692309 0.9877545504807692 0.07751032932692309 0.9877545504807692 0.02321981730769231
1 0.6437849158653847 0.08707155048076923 0.6380031923076923 0.08707155048076923 0.6380031923076923 0.10552035336538462 0.6437849158653847 0.10552035336538462 0.6437849158653847 0.08707155048076923
1 0.3377114735576923 0.6460569663461538 0.33237449759615384 0.6460569663461538 0.33237449759615384 0.6610268485576923 0.3377114735576923 0.6610268485576923 0.3377114735576923 0.6460569663461538
0 0.14781269471153846 0.9018966538461538 0.13876948557692306 0.9018966538461538 0.13876948557692306 0.9252212091346154 0.14781269471153846 0.9252212091346154 0.14781269471153846 0.9018966538461538
0 0.11475310096153847 0.7542642451923077 0.1095940264423077 0.7542642451923077 0.1095940264423077 0.7644901490384615 0.11475310096153847 0.7644901490384615 0.11475310096153847 0.7542642451923077
0 0.110009125 0.7472009879807692 0.10520584615384615 0.7472009879807692 0.10520584615384615 0.7578485817307693 0.110009125 0.7578485817307693 0.110009125 0.7472009879807692
0 0.10245211538461539 0.7312230096153846 0.09555852403846155 0.7312230096153846 0.09555852403846155 0.7451913870192308 0.10245211538461539 0.7451913870192308 0.10245211538461539 0.7312230096153846
1 0.09212453605769232 0.7046392548076923 0.07344860096153846 0.7046392548076923 0.07344860096153846 0.7532835528846153 0.09212453605769232 0.7532835528846153 0.09212453605769232 0.7046392548076923
0 0.22511275240384615 0.5096219230769231 0.22081352403846152 0.5096219230769231 0.22081352403846152 0.5242491850961538 0.22511275240384615 0.5242491850961538 0.22511275240384615 0.5096219230769231
1 0.20524178846153845 0.43879500000000005 0.19267024759615387 0.43879500000000005 0.19267024759615387 0.45734922355769225 0.20524178846153845 0.45734922355769225 0.20524178846153845 0.43879500000000005
1 0.20354248076923076 0.3977497139423077 0.19733454326923078 0.3977497139423077 0.19733454326923078 0.4102685432692308 0.20354248076923076 0.4102685432692308 0.20354248076923076 0.3977497139423077
0 0.19979616586538462 0.47416474038461537 0.1939895360576923 0.47416474038461537 0.1939895360576923 0.4902225769230769 0.19979616586538462 0.4902225769230769 0.19979616586538462 0.47416474038461537
1 0.3950716802884615 0.5723601610576923 0.38788144471153846 0.5723601610576923 0.38788144471153846 0.5820993149038461 0.3950716802884615 0.5820993149038461 0.3950716802884615 0.5723601610576923
1 0.3692781370192308 0.5165629182692307 0.3660824759615385 0.5165629182692307 0.3660824759615385 0.5234614879807692 0.3692781370192308 0.5234614879807692 0.3692781370192308 0.5165629182692307
1 0.3217997572115384 0.5025628822115384 0.31837583413461534 0.5025628822115384 0.31837583413461534 0.5102730480769231 0.3217997572115384 0.5102730480769231 0.3217997572115384 0.5025628822115384
1 0.2956638221153846 0.54334559375 0.2916692451923077 0.54334559375 0.2916692451923077 0.5496354663461539 0.2956638221153846 0.5496354663461539 0.2956638221153846 0.54334559375
1 0.2835659639423077 0.5512586586538462 0.2791148677884615 0.5512586586538462 0.2791148677884615 0.5581572259615385 0.2835659639423077 0.5581572259615385 0.2835659639423077 0.5512586586538462
1 0.3555710360576923 0.6054225625 0.3505492860576923 0.6054225625 0.3505492860576923 0.6187327403846153 0.3555710360576923 0.6187327403846153 0.3555710360576923 0.6054225625
1 0.3565753870192308 0.7180721201923077 0.3529232043269231 0.7180721201923077 0.3529232043269231 0.726025764423077 0.3565753870192308 0.726025764423077 0.3565753870192308 0.7180721201923077
1 0.3582188701923077 0.7039503461538461 0.3552058197115385 0.7039503461538461 0.3552058197115385 0.7099561586538462 0.3582188701923077 0.7099561586538462 0.3582188701923077 0.7039503461538461
1 0.26581863942307693 0.7471272644230769 0.2626229783653846 0.7471272644230769 0.2626229783653846 0.7547562716346154 0.26581863942307693 0.7547562716346154 0.26581863942307693 0.7471272644230769
1 0.2680099471153846 0.9776205961538462 0.26317080528846154 0.9776205961538462 0.26317080528846154 0.9883336682692309 0.2680099471153846 0.9883336682692309 0.2680099471153846 0.9776205961538462
1 0.22153591826923075 0.791440420673077 0.21834025721153846 0.791440420673077 0.21834025721153846 0.8032897259615385 0.22153591826923075 0.8032897259615385 0.22153591826923075 0.791440420673077
0 0.15517995913461538 0.9018996201923077 0.14958755528846154 0.9018996201923077 0.14958755528846154 0.9238127187499999 0.15517995913461538 0.9238127187499999 0.15517995913461538 0.9018996201923077
0 0.09138088701923076 0.7608847716346154 0.07677215384615385 0.7608847716346154 0.07677215384615385 0.7763051009615385 0.09138088701923076 0.7763051009615385 0.09138088701923076 0.7608847716346154
0 0.09640263942307693 0.6854063221153847 0.08304934375 0.6854063221153847 0.08304934375 0.7012324495192307 0.09640263942307693 0.7012324495192307 0.09640263942307693 0.6854063221153847
0 0.16933217067307693 0.5902466634615384 0.16533759375 0.5902466634615384 0.16533759375 0.6016090120192308 0.16933217067307693 0.6016090120192308 0.16933217067307693 0.5902466634615384
0 0.19672354326923078 0.6034351033653846 0.19341375240384615 0.6034351033653846 0.19341375240384615 0.6158119447115384 0.19672354326923078 0.6158119447115384 0.19672354326923078 0.6034351033653846
1 0.9892206514423076 0.29313528365384617 0.985910860576923 0.29313528365384617 0.985910860576923 0.3002367524038462 0.9892206514423076 0.3002367524038462 0.9892206514423076 0.29313528365384617
1 0.9873945600961539 0.30713531971153846 0.9831717235576923 0.30713531971153846 0.9831717235576923 0.31443968509615383 0.9873945600961539 0.31443968509615383 0.9873945600961539 0.30713531971153846
1 0.9764380120192307 0.28958455048076925 0.9734420793269231 0.28958455048076925 0.9734420793269231 0.29414978125 0.9764380120192307 0.29414978125 0.9764380120192307 0.28958455048076925
1 0.9660235817307693 0.33016436298076923 0.9617436802884616 0.33016436298076923 0.9617436802884616 0.33802670192307693 0.9660235817307693 0.33802670192307693 0.9660235817307693 0.33016436298076923
1 0.9634556418269231 0.30404111057692307 0.9597463918269231 0.30404111057692307 0.9597463918269231 0.3101280817307692 0.9634556418269231 0.3101280817307692 0.9634556418269231 0.30404111057692307
1 0.9558944807692308 0.3045483557692308 0.9530412139423077 0.3045483557692308 0.9530412139423077 0.30885996153846157 0.9558944807692308 0.30885996153846157 0.9558944807692308 0.3045483557692308
1 0.9658809182692308 0.28197583653846153 0.9630276514423077 0.28197583653846153 0.9630276514423077 0.2870483125 0.9658809182692308 0.2870483125 0.9658809182692308 0.28197583653846153
1 0.9710168004807692 0.2880628076923077 0.9683061971153847 0.2880628076923077 0.9683061971153847 0.2928816610576923 0.9710168004807692 0.2928816610576923 0.9710168004807692 0.2880628076923077
1 0.9586050865384615 0.2786787259615385 0.9563224711538462 0.2786787259615385 0.9563224711538462 0.2834975793269231 0.9586050865384615 0.2834975793269231 0.9586050865384615 0.2786787259615385
1 0.9538971947115384 0.27741060576923077 0.9513292524038461 0.27741060576923077 0.9513292524038461 0.2822294591346154 0.9538971947115384 0.2822294591346154 0.9538971947115384 0.27741060576923077
1 0.9477626682692308 0.2971932644230769 0.945337389423077 0.2971932644230769 0.945337389423077 0.3017584951923077 0.9477626682692308 0.3017584951923077 0.9477626682692308 0.2971932644230769
1 0.9317843653846154 0.29465702884615386 0.9290737620192308 0.29465702884615386 0.9290737620192308 0.3002367524038462 0.9317843653846154 0.3002367524038462 0.9317843653846154 0.29465702884615386
1 0.9317843653846154 0.2766497355769231 0.9285031081730769 0.2766497355769231 0.9285031081730769 0.28248308413461537 0.9317843653846154 0.28248308413461537 0.9317843653846154 0.2766497355769231
1 0.9227965721153846 0.30125124759615385 0.9176606899038462 0.30125124759615385 0.9176606899038462 0.30733821875 0.9227965721153846 0.30733821875 0.9227965721153846 0.30125124759615385
1 0.93007240625 0.3103817043269231 0.9260778293269231 0.3103817043269231 0.9260778293269231 0.3154541826923077 0.93007240625 0.3154541826923077 0.93007240625 0.3103817043269231
1 0.9226539086538461 0.33371509615384615 0.9195153125 0.33371509615384615 0.9195153125 0.33878757451923075 0.9226539086538461 0.33878757451923075 0.9226539086538461 0.33371509615384615
1 0.8761456394230769 0.31367881490384614 0.8728643822115385 0.31367881490384614 0.8728643822115385 0.3190049158653846 0.8761456394230769 0.3190049158653846 0.8761456394230769 0.31367881490384614
1 0.9130631033653847 0.2972243509615385 0.9086048725961539 0.2972243509615385 0.9086048725961539 0.30515009374999996 0.9130631033653847 0.30515009374999996 0.9130631033653847 0.2972243509615385
1 0.9023633485576923 0.2984132115384615 0.8970134711538461 0.2984132115384615 0.8970134711538461 0.3031686586538461 0.9023633485576923 0.3031686586538461 0.9023633485576923 0.2984132115384615
1 0.9471685721153846 0.31505727403846157 0.9429332524038462 0.31505727403846157 0.9429332524038462 0.31941643509615386 0.9471685721153846 0.31941643509615386 0.9471685721153846 0.31505727403846157
1 0.7250371995192307 0.08350169471153847 0.7184195120192308 0.08350169471153847 0.7184195120192308 0.09402807451923077 0.7250371995192307 0.09402807451923077 0.7250371995192307 0.08350169471153847
0 0.21729469471153845 0.5339222019230769 0.21284359615384615 0.5339222019230769 0.21284359615384615 0.5430526586538462 0.21729469471153845 0.5430526586538462 0.21729469471153845 0.5339222019230769
1 0.3151047235576923 0.3565884230769231 0.31190906249999995 0.3565884230769231 0.31190906249999995 0.3657188822115385 0.3151047235576923 0.3657188822115385 0.3151047235576923 0.3565884230769231