1 0.9768707475961539 0.04492841826923077 0.8095238100961539 0.04492841826923077 0.8095238100961539 0.15214742548076923 0.9768707475961539 0.15214742548076923 0.9768707475961539 0.04492841826923077
0 0.37074830048076923 0.7247943966346154 0.3306122451923077 0.7247943966346154 0.3306122451923077 0.8259214134615385 0.37074830048076923 0.8259214134615385 0.37074830048076923 0.7247943966346154
0 0.27074830048076926 0.8356685961538461 0.20408163221153847 0.8356685961538461 0.20408163221153847 0.9684739567307693 0.27074830048076926 0.9684739567307693 0.27074830048076926 0.8356685961538461
0 0.2258503389423077 0.6748400841346154 0.15442176923076925 0.6748400841346154 0.15442176923076925 0.8052086490384615 0.2258503389423077 0.8052086490384615 0.2258503389423077 0.6748400841346154
0 0.3088435384615385 0.7016448365384615 0.25646258413461537 0.7016448365384615 0.25646258413461537 0.838105391826923 0.3088435384615385 0.838105391826923 0.3088435384615385 0.7016448365384615
0 0.33809523798076924 0.46405726442307693 0.30408163221153844 0.46405726442307693 0.30408163221153844 0.5664026802884615 0.33809523798076924 0.5664026802884615 0.33809523798076924 0.46405726442307693
0 0.30408163221153844 0.5140115745192307 0.27755101923076925 0.5140115745192307 0.27755101923076925 0.5664026802884615 0.30408163221153844 0.5664026802884615 0.30408163221153844 0.5140115745192307
0 0.19863945673076921 0.4506548894230769 0.15986394471153845 0.4506548894230769 0.15986394471153845 0.5615290889423077 0.19863945673076921 0.5615290889423077 0.19863945673076921 0.4506548894230769
0 0.19251700721153847 0.3982637836538461 0.1537414951923077 0.3982637836538461 0.1537414951923077 0.5103563822115385 0.19251700721153847 0.5103563822115385 0.19251700721153847 0.3982637836538461
0 0.23741496634615386 0.26911361538461537 0.21496598557692306 0.26911361538461537 0.21496598557692306 0.32272312019230764 0.23741496634615386 0.32272312019230764 0.23741496634615386 0.26911361538461537
0 0.1857142860576923 0.11194029807692307 0.15238095192307693 0.11194029807692307 0.15238095192307693 0.22768809134615384 0.1857142860576923 0.22768809134615384 0.1857142860576923 0.11194029807692307
0 0.043537415865384614 0.3726774302884615 0.003401360576923077 0.3726774302884615 0.003401360576923077 0.4335973197115385 0.043537415865384614 0.4335973197115385 0.043537415865384614 0.3726774302884615
1 0.02585033894230769 0 0.02585033894230769 0.04858361298076923 0.07142857211538461 0.04858361298076923 0.07142857211538461 0 0.02585033894230769 0
1 0.2639455793269231 0 0.2639455793269231 0.03761803365384615 0.3027210889423077 0.03761803365384615 0.3027210889423077 0 0.2639455793269231 0
1 0.5952380961538462 0 0.5952380961538462 0.047365213942307687 0.6258503389423077 0.047365213942307687 0.6258503389423077 0 0.5952380961538462 0
1 0.055003305288461535 0.3440872956730769 0.02968663942307692 0.3440872956730769 0.02968663942307692 0.3689226201923077 0.055003305288461535 0.3689226201923077 0.055003305288461535 0.3440872956730769
0 0.06104563942307692 0.3146792355769231 0.09794389423076924 0.3146792355769231 0.09794389423076924 0.2676426322115385 0.06104563942307692 0.2676426322115385 0.06104563942307692 0.3146792355769231
0 0.10647907692307693 0.25376683653846155 0.08389366826923077 0.25376683653846155 0.08389366826923077 0.29774605769230766 0.10647907692307693 0.29774605769230766 0.10647907692307693 0.25376683653846155
0 0.2616649903846154 0.11827449278846153 0.23121223798076923 0.11827449278846153 0.23121223798076923 0.21233675 0.2616649903846154 0.21233675 0.2616649903846154 0.11827449278846153
0 0.23224969711538462 0.21578493028846155 0.1967386923076923 0.21578493028846155 0.1967386923076923 0.29565695913461537 0.23224969711538462 0.29565695913461537 0.23224969711538462 0.21578493028846155
0 0.16908854326923078 0.2891823701923077 0.20278270673076923 0.2891823701923077 0.20278270673076923 0.19286261778846156 0.16908854326923078 0.19286261778846156 0.16908854326923078 0.2891823701923077