0 0.7210884350961538 0.8374961923076923 0.7074829927884616 0.8374961923076923 0.7074829927884616 0.9093816634615385 0.7210884350961538 0.9093816634615385 0.7210884350961538 0.8374961923076923
0 0.5816326538461538 0.7899786778846154 0.568707483173077 0.7899786778846154 0.568707483173077 0.8594273533653846 0.5816326538461538 0.8594273533653846 0.5816326538461538 0.7899786778846154
0 0.5183673461538462 0.7558635384615384 0.5074829927884615 0.7558635384615384 0.5074829927884615 0.7924154735576923 0.5183673461538462 0.7924154735576923 0.5183673461538462 0.7558635384615384
0 0.5421768701923078 0.7107828197115384 0.531292516826923 0.7107828197115384 0.531292516826923 0.7509899471153846 0.5421768701923078 0.7509899471153846 0.5421768701923078 0.7107828197115384
0 0.5517006802884615 0.6985988413461539 0.5428571418269231 0.6985988413461539 0.5428571418269231 0.7424611634615383 0.5517006802884615 0.7424611634615383 0.5517006802884615 0.6985988413461539
0 0.4531319735576923 0.73470240625 0.4531319735576923 0.6879159302884615 0.44198639423076924 0.6879159302884615 0.44198639423076924 0.73470240625 0.4442451466346154 0.73470240625 0.4531319735576923 0.73470240625
0 0.42004353846153847 0.6698251586538462 0.41238095192307694 0.6698251586538462 0.41238095192307694 0.7109972572115384 0.42004353846153847 0.7109972572115384 0.42004353846153847 0.6698251586538462
0 0.3604843533653846 0.6935303076923076 0.35142857211538464 0.6935303076923076 0.35142857211538464 0.7178592740384615 0.3604843533653846 0.7178592740384615 0.3604843533653846 0.6935303076923076
0 0.33888979567307687 0.697897045673077 0.33227210817307695 0.697897045673077 0.33227210817307695 0.7384453245192308 0.33888979567307687 0.7384453245192308 0.33888979567307687 0.697897045673077
0 0.3532235673076923 0.697081389423077 0.34808768509615384 0.697081389423077 0.34808768509615384 0.7115947283653846 0.3532235673076923 0.7115947283653846 0.3532235673076923 0.697081389423077
0 0.3122175360576923 0.68861540625 0.3042066514423077 0.68861540625 0.3042066514423077 0.7060823581730769 0.3122175360576923 0.7060823581730769 0.3122175360576923 0.68861540625
0 0.3212733173076923 0.6723960961538461 0.31152093750000004 0.6723960961538461 0.31152093750000004 0.7079538173076922 0.3212733173076923 0.7079538173076922 0.3212733173076923 0.6723960961538461
0 0.31848692307692306 0.6524338653846153 0.30943114182692305 0.6524338653846153 0.30943114182692305 0.6936059639423077 0.31848692307692306 0.6936059639423077 0.31848692307692306 0.6524338653846153
0 0.291667875 0.7160634735576923 0.2864433870192308 0.7160634735576923 0.2864433870192308 0.744135358173077 0.291667875 0.744135358173077 0.291667875 0.7160634735576923
0 0.2550964471153846 0.7054585384615385 0.24464746875 0.7054585384615385 0.24464746875 0.7360257019230769 0.2550964471153846 0.7360257019230769 0.2550964471153846 0.7054585384615385
0 0.22482660096153848 0.7547383245192307 0.21662345673076924 0.7547383245192307 0.21662345673076924 0.7790123966346154 0.22482660096153848 0.7790123966346154 0.22482660096153848 0.7547383245192307
0 0.19468895673076922 0.7374909591346154 0.18666414182692306 0.7374909591346154 0.18666414182692306 0.787636079326923 0.19468895673076922 0.787636079326923 0.19468895673076922 0.7374909591346154
0 0.16348133894230768 0.725353923076923 0.15206826682692307 0.725353923076923 0.15206826682692307 0.7774154182692308 0.16348133894230768 0.7774154182692308 0.16348133894230768 0.725353923076923
0 0.15402988942307694 0.7416431009615384 0.14618340144230768 0.7416431009615384 0.14618340144230768 0.7748602524038462 0.15402988942307694 0.7748602524038462 0.15402988942307694 0.7416431009615384
0 0.18979047596153847 0.8095645889423077 0.18003809615384617 0.8095645889423077 0.18003809615384617 0.8800562115384616 0.18979047596153847 0.8800562115384616 0.18979047596153847 0.8095645889423077
0 0.1271609543269231 0.8166201586538461 0.11935904807692309 0.8166201586538461 0.11935904807692309 0.8773053365384615 0.1271609543269231 0.8773053365384615 0.1271609543269231 0.8166201586538461
0 0.11400917067307693 0.8170194038461538 0.106876 0.8170194038461538 0.106876 0.8804992932692308 0.11400917067307693 0.8804992932692308 0.11400917067307693 0.8170194038461538
0 0.06407698076923077 0.8545483966346155 0.05092519711538462 0.8545483966346155 0.05092519711538462 0.8808985384615385 0.06407698076923077 0.8808985384615385 0.06407698076923077 0.8545483966346155
0 0.07187888461538462 0.8505559495192307 0.059841661057692314 0.8505559495192307 0.059841661057692314 0.8693204447115386 0.07187888461538462 0.8693204447115386 0.07187888461538462 0.8505559495192307
0 0.052931401442307686 0.8625332884615384 0.04602114423076923 0.8625332884615384 0.04602114423076923 0.8860887187500001 0.052931401442307686 0.8860887187500001 0.052931401442307686 0.8625332884615384
0 0.04468367548076923 0.8812977836538463 0.02930277644230769 0.8812977836538463 0.02930277644230769 0.9080471706730768 0.04468367548076923 0.9080471706730768 0.04468367548076923 0.8812977836538463
0 0.04602114423076923 0.8377801225961539 0.028411129807692306 0.8377801225961539 0.028411129807692306 0.8769060913461538 0.04602114423076923 0.8769060913461538 0.04602114423076923 0.8377801225961539
0 0.02751948317307692 0.8369816322115384 0.01459061298076923 0.8369816322115384 0.01459061298076923 0.8996630336538461 0.02751948317307692 0.8996630336538461 0.02751948317307692 0.8369816322115384
0 0.010578204326923078 0.8305937187500001 0.0003242740384615384 0.8305937187500001 0.0003242740384615384 0.9044539687500001 0.010578204326923078 0.9044539687500001 0.010578204326923078 0.8305937187500001
0 0.06429989182692307 0.7339765288461538 0.05783545673076924 0.7339765288461538 0.05783545673076924 0.7874753028846153 0.06429989182692307 0.7874753028846153 0.06429989182692307 0.7339765288461538
0 0.09483877644230769 0.7723040072115384 0.09483877644230769 0.7503455552884616 0.08124117067307692 0.7503455552884616 0.08124117067307692 0.7894715264423078 0.09483877644230769 0.7894715264423078 0.09483877644230769 0.7723040072115384
0 0.10345528846153845 0.7720459375 0.09377700480769231 0.7720459375 0.09377700480769231 0.7977202379807693 0.10345528846153845 0.7977202379807693 0.10345528846153845 0.7720459375
0 0.11674153124999999 0.7110957788461539 0.10354516826923077 0.7110957788461539 0.10354516826923077 0.7564499639423077 0.11674153124999999 0.7564499639423077 0.11674153124999999 0.7110957788461539
0 0.012294338942307692 0.6547972499999999 0.002280735576923077 0.6547972499999999 0.002280735576923077 0.7070421490384615 0.012294338942307692 0.7070421490384615 0.012294338942307692 0.6547972499999999
0 0.06192699278846154 0.6602556730769231 0.050171889423076925 0.6602556730769231 0.050171889423076925 0.6891073317307692 0.06192699278846154 0.6891073317307692 0.06192699278846154 0.6602556730769231
0 0.0906616875 0.6547972499999999 0.07847121153846154 0.6547972499999999 0.07847121153846154 0.6930062043269231 0.0906616875 0.6930062043269231 0.0906616875 0.6547972499999999
1 0.009494451923076923 0.72169146875 0.0019711875 0.72169146875 0.0019711875 0.7486404783653846 0.009494451923076923 0.7486404783653846 0.009494451923076923 0.72169146875
1 0.06773009855769231 0.8274912860576923 0.05853499759615385 0.8274912860576923 0.05853499759615385 0.8454572908653847 0.06773009855769231 0.8454572908653847 0.06773009855769231 0.8274912860576923
1 0.4529526298076923 0.7418595576923077 0.4442451466346154 0.7418595576923077 0.4442451466346154 0.7722707668269231 0.4529526298076923 0.7722707668269231 0.4529526298076923 0.7418595576923077
0 0.34367371874999997 0.5921428365384616 0.33583698317307686 0.5921428365384616 0.33583698317307686 0.6225540456730769 0.34367371874999997 0.6225540456730769 0.34367371874999997 0.5921428365384616
0 0.32712949999999996 0.5625114014423077 0.3227757596153846 0.5625114014423077 0.3227757596153846 0.5820057668269231 0.32712949999999996 0.5820057668269231 0.32712949999999996 0.5625114014423077
0 0.3227757596153846 0.5703091466346154 0.3188573918269231 0.5703091466346154 0.3188573918269231 0.5820057668269231 0.3227757596153846 0.5820057668269231 0.3227757596153846 0.5703091466346154
0 0.28386863461538464 0.5476360456730769 0.28015938701923077 0.5476360456730769 0.28015938701923077 0.5665442716346154 0.28386863461538464 0.5665442716346154 0.28386863461538464 0.5476360456730769
0 0.28386863461538464 0.5417591658653846 0.2804447139423077 0.5417591658653846 0.2804447139423077 0.5527463774038461 0.28386863461538464 0.5527463774038461 0.28386863461538464 0.5417591658653846
0 0.2763074759615385 0.5315385048076923 0.2724555625 0.5315385048076923 0.2724555625 0.5501912115384615 0.2763074759615385 0.5501912115384615 0.2763074759615385 0.5315385048076923
0 0.22780191826923077 0.5445698485576923 0.22423533413461538 0.5445698485576923 0.22423533413461538 0.5591342908653846 0.22780191826923077 0.5591342908653846 0.22780191826923077 0.5445698485576923
0 0.2974216586538462 0.5103306322115384 0.2942830625 0.5103306322115384 0.2942830625 0.5225954254807692 0.2974216586538462 0.5225954254807692 0.2974216586538462 0.5103306322115384
0 0.31996247596153843 0.5072644326923077 0.31696654326923074 0.5072644326923077 0.31696654326923074 0.5208068100961538 0.31996247596153843 0.5208068100961538 0.31996247596153843 0.5072644326923077
0 0.3044121658653846 0.5524908605769231 0.2995616081730769 0.5524908605769231 0.2995616081730769 0.5706325360576924 0.3044121658653846 0.5706325360576924 0.3044121658653846 0.5524908605769231
0 0.18312348076923077 0.5592291081730769 0.17782933173076923 0.5592291081730769 0.17782933173076923 0.5816866177884615 0.18312348076923077 0.5816866177884615 0.18312348076923077 0.5592291081730769
0 0.1722565408653846 0.5697092788461539 0.16696239182692307 0.5697092788461539 0.16696239182692307 0.5836828413461539 0.1722565408653846 0.5836828413461539 0.1722565408653846 0.5697092788461539
0 0.39837970432692305 0.5291150865384615 0.3948131201923077 0.5291150865384615 0.3948131201923077 0.5452126298076924 0.39837970432692305 0.5452126298076924 0.39837970432692305 0.5291150865384615
0 0.3863959783653846 0.526559923076923 0.38311472115384615 0.526559923076923 0.38311472115384615 0.5411243653846154 0.3863959783653846 0.5411243653846154 0.3863959783653846 0.526559923076923
0 0.3778361754807692 0.5303926706730769 0.3752682331730769 0.5303926706730769 0.3752682331730769 0.5424019471153846 0.3778361754807692 0.5424019471153846 0.3778361754807692 0.5303926706730769
0 0.40265960576923077 0.5288595697115385 0.4000916658653846 0.5288595697115385 0.4000916658653846 0.5457236634615384 0.40265960576923077 0.5457236634615384 0.40265960576923077 0.5288595697115385
0 0.40451423076923076 0.5199164927884615 0.4025169423076923 0.5199164927884615 0.4025169423076923 0.5357585168269231 0.40451423076923076 0.5357585168269231 0.40451423076923076 0.5199164927884615
0 0.4115047379807692 0.5217051081730769 0.40950744951923074 0.5217051081730769 0.40950744951923074 0.53499196875 0.4115047379807692 0.53499196875 0.4115047379807692 0.5217051081730769
0 0.4115047379807692 0.5102068629807692 0.40950744951923074 0.5102068629807692 0.40950744951923074 0.5217051081730769 0.4115047379807692 0.5217051081730769 0.4115047379807692 0.5102068629807692
0 0.42163383894230766 0.5148061610576924 0.4192085600961538 0.5148061610576924 0.4192085600961538 0.5278375048076923 0.42163383894230766 0.5278375048076923 0.42163383894230766 0.5148061610576924
0 0.39880769471153843 0.5086737644230769 0.3962397548076923 0.5086737644230769 0.3962397548076923 0.5227271754807693 0.39880769471153843 0.5227271754807693 0.39880769471153843 0.5086737644230769
0 0.3943851298076923 0.5130175456730769 0.3918171875 0.5130175456730769 0.3918171875 0.526559923076923 0.3943851298076923 0.526559923076923 0.3943851298076923 0.5130175456730769
0 0.4296229903846154 0.53933575 0.42791102884615384 0.53933575 0.42791102884615384 0.552878125 0.4296229903846154 0.552878125 0.4296229903846154 0.53933575
0 0.43675615865384615 0.5513450264423077 0.4324762572115385 0.5513450264423077 0.4324762572115385 0.5592660384615384 0.43675615865384615 0.5592660384615384 0.43675615865384615 0.5513450264423077
0 0.4280536923076923 0.5508339927884616 0.42534308653846153 0.5508339927884616 0.42534308653846153 0.5590105216346154 0.4280536923076923 0.5590105216346154 0.4280536923076923 0.5508339927884616
0 0.4166406201923077 0.54367953125 0.41321669951923073 0.54367953125 0.41321669951923073 0.552878125 0.4166406201923077 0.552878125 0.4166406201923077 0.54367953125
0 0.5000987091346154 0.5756190985576923 0.5000987091346154 0.5679536009615385 0.4953908173076923 0.5679536009615385 0.4953908173076923 0.5866063076923077 0.5000987091346154 0.5866063076923077 0.5000987091346154 0.5756190985576923
1 0.49453483653846153 0.5751080649038461 0.49268021153846153 0.5751080649038461 0.49268021153846153 0.5883949254807692 0.49453483653846153 0.5883949254807692 0.49453483653846153 0.5751080649038461
0 0.4654315024038462 0.5153171947115385 0.4628635625 0.5153171947115385 0.4628635625 0.5283485384615385 0.4654315024038462 0.5283485384615385 0.4654315024038462 0.5153171947115385
0 0.44655428125 0.5158977283653846 0.44465514663461536 0.5158977283653846 0.44465514663461536 0.5301575961538462 0.44655428125 0.5301575961538462 0.44655428125 0.5158977283653846
0 0.44655428125 0.5296342980769231 0.4488186346153846 0.5296342980769231 0.4488186346153846 0.5158977283653846 0.44655428125 0.5158977283653846 0.44655428125 0.5296342980769231
1 0.44233715144230773 0.5132323581730769 0.44233715144230773 0.5081220288461539 0.43805725 0.5081220288461539 0.43805725 0.5234530216346154 0.44233715144230773 0.5234530216346154 0.44233715144230773 0.5132323581730769
0 0.4862774783653846 0.5239640552884615 0.4808562692307692 0.5239640552884615 0.4808562692307692 0.5321405841346154 0.4862774783653846 0.5321405841346154 0.4862774783653846 0.5239640552884615
0 0.49312532211538457 0.539806079326923 0.49312532211538457 0.5331626490384616 0.4902720552884615 0.5331626490384616 0.4902720552884615 0.5518153581730769 0.49312532211538457 0.5518153581730769 0.49312532211538457 0.539806079326923
0 0.49726256249999995 0.539806079326923 0.49312532211538457 0.539806079326923 0.49312532211538457 0.5579477548076923 0.49726256249999995 0.5579477548076923 0.49726256249999995 0.539806079326923
0 0.5092462860576923 0.54389434375 0.5042530673076923 0.54389434375 0.5042530673076923 0.5658687668269231 0.5092462860576923 0.5658687668269231 0.5092462860576923 0.54389434375
0 0.5063930192307692 0.5377619471153846 0.5029690985576922 0.5377619471153846 0.5029690985576922 0.5530929399038461 0.5063930192307692 0.5530929399038461 0.5063930192307692 0.5377619471153846
0 0.5183767451923077 0.5405726298076924 0.5155234759615385 0.5405726298076924 0.5155234759615385 0.5582032716346154 0.5183767451923077 0.5582032716346154 0.5183767451923077 0.5405726298076924
0 0.51038759375 0.5152764927884615 0.5083903052884615 0.5152764927884615 0.5083903052884615 0.5298409350961538 0.51038759375 0.5298409350961538 0.51038759375 0.5152764927884615
0 0.5374936394230769 0.517320625 0.5347830360576923 0.517320625 0.5347830360576923 0.5329071322115385 0.5374936394230769 0.5329071322115385 0.5374936394230769 0.517320625
0 0.5374936394230769 0.5334181658653846 0.5412028894230769 0.5334181658653846 0.5412028894230769 0.5214088894230768 0.5374936394230769 0.5214088894230768 0.5374936394230769 0.5334181658653846
0 0.574586125 0.5893762884615384 0.5704488870192308 0.5893762884615384 0.5704488870192308 0.6187606899038461 0.574586125 0.6187606899038461 0.574586125 0.5893762884615384
0 0.8641839447115385 0.5861455985576923 0.8594470745192309 0.5861455985576923 0.8594470745192309 0.608603108173077 0.8641839447115385 0.608603108173077 0.8641839447115385 0.5861455985576923
0 0.7460408173076923 0.5397334134615385 0.7418612235576922 0.5397334134615385 0.7418612235576922 0.5562022548076923 0.7460408173076923 0.5562022548076923 0.7460408173076923 0.5397334134615385
0 0.7566291153846154 0.5347428581730769 0.7541213605769231 0.5347428581730769 0.7541213605769231 0.5512116971153846 0.7566291153846154 0.5512116971153846 0.7566291153846154 0.5347428581730769
0 0.6953284350961538 0.5352419134615385 0.69114884375 0.5352419134615385 0.69114884375 0.5537069759615385 0.6953284350961538 0.5537069759615385 0.6953284350961538 0.5352419134615385
0 0.6953284350961538 0.5547050865384615 0.7000653052884616 0.5547050865384615 0.7000653052884616 0.5422286923076923 0.6953284350961538 0.5422286923076923 0.6953284350961538 0.5547050865384615
0 0.6418296610576923 0.5317485216346154 0.6387646250000001 0.5317485216346154 0.6387646250000001 0.5457220841346154 0.6418296610576923 0.5457220841346154 0.6418296610576923 0.5317485216346154
0 0.639321903846154 0.5482173629807693 0.6362568701923077 0.5482173629807693 0.6362568701923077 0.5586975336538461 0.639321903846154 0.5586975336538461 0.639321903846154 0.5482173629807693
0 0.6362568701923077 0.5462211394230769 0.6323559182692308 0.5462211394230769 0.6323559182692308 0.5586975336538461 0.6362568701923077 0.5586975336538461 0.6362568701923077 0.5462211394230769
0 0.5926123269230769 0.5159949759615384 0.5898731899038462 0.5159949759615384 0.5898731899038462 0.5253979855769231 0.5926123269230769 0.5253979855769231 0.5926123269230769 0.5159949759615384
0 0.5943242884615384 0.5031169423076923 0.5923840673076923 0.5031169423076923 0.5923840673076923 0.5127243653846154 0.5943242884615384 0.5127243653846154 0.5943242884615384 0.5031169423076923
0 0.6291341586538461 0.51395084375 0.6257102379807692 0.51395084375 0.6257102379807692 0.5280553581730769 0.6291341586538461 0.5280553581730769 0.6291341586538461 0.51395084375
1 0.5880470985576923 0.5070007956730769 0.5848514375 0.5070007956730769 0.5848514375 0.514359670673077 0.5880470985576923 0.514359670673077 0.5880470985576923 0.5070007956730769
1 0.5443350336538462 0.5053654879807692 0.5417100264423077 0.5053654879807692 0.5417100264423077 0.5110890576923077 0.5443350336538462 0.5110890576923077 0.5443350336538462 0.5053654879807692
1 0.5534654903846155 0.5082272740384616 0.5516393990384615 0.5082272740384616 0.5516393990384615 0.512111125 0.5534654903846155 0.512111125 0.5534654903846155 0.5082272740384616
0 0.5943242884615384 0.5166082163461538 0.5968351634615384 0.5166082163461538 0.5968351634615384 0.504343423076923 0.5943242884615384 0.504343423076923 0.5943242884615384 0.5166082163461538
0 0.6243406682692307 0.5020948774038462 0.6217156610576923 0.5020948774038462 0.6217156610576923 0.5164038028846154 0.6243406682692307 0.5164038028846154 0.6243406682692307 0.5020948774038462
0 0.6274221971153846 0.4992330913461539 0.6251395841346153 0.4992330913461539 0.6251395841346153 0.5104758197115384 0.6274221971153846 0.5104758197115384 0.6274221971153846 0.4992330913461539
0 0.7898138389423077 0.5352309639423077 0.7861045889423077 0.5352309639423077 0.7861045889423077 0.5513285072115385 0.7898138389423077 0.5513285072115385 0.7898138389423077 0.5352309639423077
0 0.7965190192307693 0.5339533822115384 0.7929524326923078 0.5339533822115384 0.7929524326923078 0.5503064399038462 0.7965190192307693 0.5503064399038462 0.7965190192307693 0.5339533822115384
0 0.7980883149038461 0.5513285072115385 0.8006562572115385 0.5513285072115385 0.8006562572115385 0.5324202836538462 0.7980883149038461 0.5324202836538462 0.7980883149038461 0.5513285072115385
0 0.8006562572115385 0.5492843749999999 0.8020828918269232 0.5492843749999999 0.8020828918269232 0.5324202836538462 0.8006562572115385 0.5324202836538462 0.8006562572115385 0.5492843749999999
0 0.7989442956730769 0.5145341250000001 0.7966616826923077 0.5145341250000001 0.7966616826923077 0.5296096009615385 0.7989442956730769 0.5296096009615385 0.7989442956730769 0.5145341250000001
0 0.8425992956730769 0.5306316658653846 0.8396033653846153 0.5306316658653846 0.8396033653846153 0.5503064399038462 0.8425992956730769 0.5503064399038462 0.8425992956730769 0.5306316658653846
0 0.8423139711538461 0.5500509254807693 0.8464512091346154 0.5500509254807693 0.8464512091346154 0.5288430504807692 0.8423139711538461 0.5288430504807692 0.8423139711538461 0.5500509254807693
0 0.8464512091346154 0.5666595 0.8513017644230769 0.5666595 0.8513017644230769 0.5487733413461539 0.8464512091346154 0.5487733413461539 0.8464512091346154 0.5666595
0 0.8550110120192307 0.5183668725961538 0.8518724182692308 0.5183668725961538 0.8518724182692308 0.5367640649038461 0.8550110120192307 0.5367640649038461 0.8550110120192307 0.5183668725961538
0 0.8772665048076923 0.5298651177884616 0.8746985625 0.5298651177884616 0.8746985625 0.5418743942307692 0.8772665048076923 0.5418743942307692 0.8772665048076923 0.5298651177884616
0 0.8796917812499999 0.5513285072115385 0.877551829326923 0.5513285072115385 0.877551829326923 0.5722808629807692 0.8796917812499999 0.5722808629807692 0.8796917812499999 0.5513285072115385
0 0.8796917812499999 0.5730474134615384 0.8824023870192307 0.5730474134615384 0.8824023870192307 0.5513285072115385 0.8796917812499999 0.5513285072115385 0.8796917812499999 0.5730474134615384
0 0.8868249519230769 0.5482623076923077 0.8829730384615384 0.5482623076923077 0.8829730384615384 0.5556722884615385 0.8868249519230769 0.5556722884615385 0.8868249519230769 0.5482623076923077
0 0.9140736610576923 0.5244992716346154 0.91150571875 0.5244992716346154 0.91150571875 0.5385526802884615 0.9140736610576923 0.5385526802884615 0.9140736610576923 0.5244992716346154
0 0.9276266826923076 0.5298651177884616 0.9256293966346154 0.5298651177884616 0.9256293966346154 0.5446850769230769 0.9276266826923076 0.5446850769230769 0.9276266826923076 0.5298651177884616
0 0.9394677451923077 0.5853122067307692 0.9344745264423077 0.5853122067307692 0.9344745264423077 0.6136745432692308 0.9394677451923077 0.6136745432692308 0.9394677451923077 0.5853122067307692
0 0.9411797067307692 0.6116304110576923 0.9441756394230769 0.6116304110576923 0.9441756394230769 0.5917001201923078 0.9411797067307692 0.5917001201923078 0.9411797067307692 0.6116304110576923
0 0.9543047403846153 0.5853122067307692 0.947314233173077 0.5853122067307692 0.947314233173077 0.6162297091346154 0.9543047403846153 0.6162297091346154 0.9543047403846153 0.5853122067307692
1 0.9678496201923077 0.05432991346153847 0.8218381826923077 0.05432991346153847 0.8218381826923077 0.1541440408653846 0.9678496201923077 0.1541440408653846 0.9678496201923077 0.05432991346153847
1 0.11455702884615385 0.6797212716346154 0.09690447836538461 0.6797212716346154 0.09690447836538461 0.7004863509615386 0.11455702884615385 0.7004863509615386 0.11455702884615385 0.6797212716346154
0 0.21578951923076922 0.7763109038461539 0.20696324278846154 0.7763109038461539 0.20696324278846154 0.7950664591346153 0.21578951923076922 0.7950664591346153 0.21578951923076922 0.7763109038461539
0 0.27127047115384617 0.5421834495192308 0.2682186730769231 0.5421834495192308 0.2682186730769231 0.5485067524038462 0.27127047115384617 0.5485067524038462 0.27127047115384617 0.5421834495192308
1 0.32048789182692305 0.5205900360576923 0.3234798509615385 0.5205900360576923 0.3234798509615385 0.5125519399038462 0.32048789182692305 0.5125519399038462 0.32048789182692305 0.5205900360576923
0 0.40366431730769226 0.5121232427884616 0.4016297860576923 0.5121232427884616 0.4016297860576923 0.5189824158653846 0.40366431730769226 0.5189824158653846 0.40366431730769226 0.5121232427884616
0 0.44923990144230774 0.5137458365384615 0.44923990144230774 0.5068866634615385 0.44722930528846155 0.5068866634615385 0.44722930528846155 0.5172611634615385 0.44923990144230774 0.5172611634615385 0.44923990144230774 0.5137458365384615
0 0.4520164375 0.5072296201923077 0.45034094230769234 0.5072296201923077 0.45034094230769234 0.5172611634615385 0.4520164375 0.5172611634615385 0.4520164375 0.5072296201923077
0 0.6310279495192308 0.5070583004807692 0.6291284158653846 0.5070583004807692 0.6291284158653846 0.5191304471153846 0.6310279495192308 0.5191304471153846 0.6310279495192308 0.5070583004807692
0 0.6291341586538461 0.50766190625 0.6266161298076922 0.50766190625 0.6266161298076922 0.5196243076923077 0.6291341586538461 0.5196243076923077 0.6291341586538461 0.50766190625
0 0.6369136322115385 0.5028938629807692 0.6345948653846154 0.5028938629807692 0.6345948653846154 0.5137452908653846 0.6369136322115385 0.5137452908653846 0.6369136322115385 0.5028938629807692
0 0.633921673076923 0.5040995745192307 0.6319769014423078 0.5040995745192307 0.6319769014423078 0.5136113221153846 0.633921673076923 0.5136113221153846 0.633921673076923 0.5040995745192307
0 0.6196517716346153 0.50274534375 0.6178901057692308 0.50274534375 0.6178901057692308 0.5089186009615385 0.6196517716346153 0.5089186009615385 0.6196517716346153 0.50274534375
0 0.6586943894230769 0.5112027307692307 0.656274014423077 0.5112027307692307 0.656274014423077 0.5175131706730769 0.6586943894230769 0.5175131706730769 0.6586943894230769 0.5112027307692307
0 0.8518213798076922 0.4987889038461538 0.8499663653846153 0.4987889038461538 0.8499663653846153 0.5113283341346154 0.8518213798076922 0.5113283341346154 0.8518213798076922 0.4987889038461538
0 0.856129798076923 0.5029687139423077 0.8543346225961539 0.5029687139423077 0.8543346225961539 0.5106852860576923 0.856129798076923 0.5106852860576923 0.856129798076923 0.5029687139423077
0 0.9944352451923077 0.5402693245192307 0.9889188245192309 0.5402693245192307 0.9889188245192309 0.5521590072115384 0.9944352451923077 0.5521590072115384 0.9944352451923077 0.5402693245192307
0 0.8441653389423076 0.6195513197115384 0.8366854447115385 0.6195513197115384 0.8366854447115385 0.6446703677884614 0.8441653389423076 0.6446703677884614 0.8441653389423076 0.6195513197115384
0 0.9329890841346155 0.6800044951923077 0.922143235576923 0.6800044951923077 0.922143235576923 0.7270608461538461 0.9329890841346155 0.7270608461538461 0.9329890841346155 0.6800044951923077
0 0.9475671105769231 0.753086670673077 0.9336545048076924 0.753086670673077 0.9336545048076924 0.8078796874999999 0.9475671105769231 0.8078796874999999 0.9475671105769231 0.753086670673077
0 0.5964337331730769 0.8223812548076922 0.5737895216346154 0.8223812548076922 0.5737895216346154 0.8959068028846153 0.5964337331730769 0.8959068028846153 0.5964337331730769 0.8223812548076922
0 0.5523865048076924 0.7642788052884615 0.54612209375 0.7642788052884615 0.54612209375 0.7981057884615385 0.5523865048076924 0.7981057884615385 0.5523865048076924 0.7642788052884615