1 0.9748299326923077 0.04614681730769231 0.8142857139423078 0.04614681730769231 0.8142857139423078 0.15092902884615383 0.9748299326923077 0.15092902884615383 0.9748299326923077 0.04614681730769231
0 0.8651005240384616 0.6647321081730768 0.8533450576923076 0.6647321081730768 0.8533450576923076 0.6998911826923078 0.8651005240384616 0.6998911826923078 0.8651005240384616 0.6647321081730768
0 0.892377766826923 0.6610526682692307 0.8835896995192307 0.6610526682692307 0.8835896995192307 0.6964161586538461 0.892377766826923 0.6964161586538461 0.892377766826923 0.6610526682692307
0 0.9125789038461539 0.66432328125 0.9056169302884616 0.66432328125 0.9056169302884616 0.6833337115384615 0.9125789038461539 0.6833337115384615 0.9125789038461539 0.66432328125
0 0.9191984855769231 0.6747483557692308 0.9109810721153846 0.6747483557692308 0.9109810721153846 0.6908970000000001 0.9191984855769231 0.6908970000000001 0.9191984855769231 0.6747483557692308
0 0.7276402932692307 0.6322234543269231 0.7213987692307692 0.6322234543269231 0.7213987692307692 0.6619272524038462 0.7276402932692307 0.6619272524038462 0.7276402932692307 0.6322234543269231
0 0.671109920673077 0.5827171250000001 0.6632634326923077 0.5827171250000001 0.6632634326923077 0.6079493822115385 0.671109920673077 0.6079493822115385 0.671109920673077 0.5827171250000001
0 0.5579307067307693 0.5550322475961539 0.554789829326923 0.5550322475961539 0.554789829326923 0.5688996418269231 0.5579307067307693 0.5688996418269231 0.5579307067307693 0.5550322475961539
0 0.5570541826923077 0.5483601995192308 0.5528176514423077 0.5483601995192308 0.5528176514423077 0.5618351201923077 0.5570541826923077 0.5618351201923077 0.5570541826923077 0.5483601995192308
0 0.5488732932692307 0.5477060793269231 0.5456593725961538 0.5477060793269231 0.5456593725961538 0.5617042956730769 0.5488732932692307 0.5617042956730769 0.5488732932692307 0.5477060793269231
0 0.5458054591346154 0.5460053605769231 0.5416419711538462 0.5460053605769231 0.5416419711538462 0.5628817163461538 0.5458054591346154 0.5628817163461538 0.5458054591346154 0.5460053605769231
0 0.5157845144230769 0.5423422740384616 0.5111097211538461 0.5423422740384616 0.5111097211538461 0.54993009375 0.5157845144230769 0.54993009375 0.5157845144230769 0.5423422740384616
0 0.687694375 0.5460559254807692 0.6835571346153846 0.5460559254807692 0.6835571346153846 0.5606203677884616 0.687694375 0.5606203677884616 0.687694375 0.5460559254807692
0 0.6547391274038462 0.5386459447115385 0.6503165625 0.5386459447115385 0.6503165625 0.5514217716346154 0.6547391274038462 0.5514217716346154 0.6547391274038462 0.5386459447115385
0 0.6390461538461539 0.5363462956730769 0.6334822812500001 0.5363462956730769 0.6334822812500001 0.5516772884615384 0.6390461538461539 0.5516772884615384 0.6390461538461539 0.5363462956730769
0 0.6444673629807693 0.5253590841346154 0.640615451923077 0.5253590841346154 0.640615451923077 0.5376238798076923 0.6444673629807693 0.5376238798076923 0.6444673629807693 0.5253590841346154
0 0.6175744951923078 0.5184982115384615 0.6144359014423076 0.5184982115384615 0.6144359014423076 0.5302519711538461 0.6175744951923078 0.5302519711538461 0.6175744951923078 0.5184982115384615
0 0.5186976875 0.5067711923076923 0.5167985528846154 0.5067711923076923 0.5167985528846154 0.5148823100961539 0.5186976875 0.5148823100961539 0.5186976875 0.5067711923076923
0 0.521546389423077 0.5074253149038461 0.5186976875 0.5074253149038461 0.5186976875 0.5148823100961539 0.521546389423077 0.5148823100961539 0.521546389423077 0.5074253149038461
0 0.36763276201923073 0.5284788100961538 0.3646011634615384 0.5284788100961538 0.3646011634615384 0.5399770552884615 0.36763276201923073 0.5399770552884615 0.36763276201923073 0.5284788100961538
0 0.017890742788461537 0.5251091706730769 0.013075853365384617 0.5251091706730769 0.013075853365384617 0.5449117019230769 0.017890742788461537 0.5449117019230769 0.017890742788461537 0.5251091706730769
0 0.24371932932692308 0.5298207836538462 0.23881170673076924 0.5298207836538462 0.23881170673076924 0.5416767524038462 0.24371932932692308 0.5416767524038462 0.24371932932692308 0.5298207836538462
0 0.2480562956730769 0.5259369326923077 0.24269215144230769 0.5259369326923077 0.24269215144230769 0.5371796610576923 0.2480562956730769 0.5371796610576923 0.2480562956730769 0.5259369326923077
0 0.4204841658653846 0.5149048461538461 0.4172118076923077 0.5149048461538461 0.4172118076923077 0.5225449951923077 0.4204841658653846 0.5225449951923077 0.4204841658653846 0.5149048461538461
0 0.4336320240384615 0.5090439110576923 0.4302427980769231 0.5090439110576923 0.4302427980769231 0.5163700793269231 0.4336320240384615 0.5163700793269231 0.4336320240384615 0.5090439110576923
0 0.3890461730769231 0.5198238461538461 0.3856569471153846 0.5198238461538461 0.3856569471153846 0.5264173990384615 0.3890461730769231 0.5264173990384615 0.3890461730769231 0.5198238461538461
0 0.3944806201923077 0.5163700793269231 0.39231852884615387 0.5163700793269231 0.39231852884615387 0.5265220576923076 0.3944806201923077 0.5265220576923076 0.3944806201923077 0.5163700793269231
0 0.3967595841346154 0.5176259951923077 0.39377940144230766 0.5176259951923077 0.39377940144230766 0.5283012716346154 0.3967595841346154 0.5283012716346154 0.3967595841346154 0.5176259951923077
0 0.40038255048076926 0.5200331658653846 0.3955324495192307 0.5200331658653846 0.3955324495192307 0.5265220576923076 0.40038255048076926 0.5265220576923076 0.40038255048076926 0.5200331658653846
0 0.03031548317307692 0.49695664903846154 0.027948951923076924 0.49695664903846154 0.027948951923076924 0.5048172548076922 0.03031548317307692 0.5048172548076922 0.03031548317307692 0.49695664903846154
0 0.06654491586538461 0.49657132451923075 0.06374810576923076 0.49657132451923075 0.06374810576923076 0.5058190961538462 0.06654491586538461 0.5058190961538462 0.06654491586538461 0.49657132451923075
0 0.09898453605769232 0.5048781057692308 0.09591880288461539 0.5048781057692308 0.09591880288461539 0.5100799783653847 0.09898453605769232 0.5100799783653847 0.09898453605769232 0.5048781057692308
1 0.11259208653846153 0.49254774278846153 0.10689089903846154 0.49254774278846153 0.10689089903846154 0.4988092548076923 0.11259208653846153 0.4988092548076923 0.11259208653846153 0.49254774278846153
0 0.11576538942307693 0.5059377475961538 0.1130223653846154 0.5059377475961538 0.1130223653846154 0.5111396177884615 0.11576538942307693 0.5111396177884615 0.11576538942307693 0.5059377475961538
0 0.1246398798076923 0.5118139350961538 0.12732911778846154 0.5118139350961538 0.12732911778846154 0.5059377475961538 0.1246398798076923 0.5059377475961538 0.1246398798076923 0.5067939471153846 0.1246398798076923 0.5098288004807693 0.1246398798076923 0.5118139350961538
0 0.11626021153846154 0.48346467548076927 0.11626021153846154 0.4788522331730769 0.11364411778846154 0.4788522331730769 0.11364411778846154 0.4856955841346154 0.11626021153846154 0.4856955841346154 0.11626021153846154 0.48346467548076927
1 0.1398975480769231 0.48802321634615387 0.1354656826923077 0.48802321634615387 0.1354656826923077 0.4937260072115385 0.1398975480769231 0.4937260072115385 0.1398975480769231 0.48802321634615387
1 0.15568876201923076 0.4843241081730769 0.1494927548076923 0.4843241081730769 0.1494927548076923 0.49334068509615386 0.15568876201923076 0.49334068509615386 0.15568876201923076 0.4843241081730769
0 0.16227201923076923 0.4844011706730769 0.16059393269230768 0.4844011706730769 0.16059393269230768 0.4885626682692308 0.16227201923076923 0.4885626682692308 0.16227201923076923 0.4844011706730769
0 0.16851105528846155 0.47823599038461534 0.1665748028846154 0.47823599038461534 0.1665748028846154 0.4836305240384616 0.16851105528846155 0.4836305240384616 0.16851105528846155 0.47823599038461534
0 0.17995645673076924 0.49189512980769234 0.17995645673076924 0.4892562524038461 0.1781492884615385 0.4892562524038461 0.1781492884615385 0.4932636201923077 0.17995645673076924 0.4932636201923077 0.17995645673076924 0.49189512980769234
0 0.19214408894230767 0.49159227884615386 0.19214408894230767 0.48612068028846156 0.19076719951923077 0.48612068028846156 0.19076719951923077 0.48829745673076924 0.19076719951923077 0.49159227884615386 0.19214408894230767 0.49159227884615386
0 0.2589962259615385 0.504814045673077 0.2589962259615385 0.501219954326923 0.25619941586538464 0.501219954326923 0.25619941586538464 0.5069227475961539 0.2589962259615385 0.5069227475961539 0.2589962259615385 0.504814045673077
1 0.2551753533653846 0.4875464639423077 0.24804994471153846 0.4875464639423077 0.24804994471153846 0.4929718245192308 0.2551753533653846 0.4929718245192308 0.2551753533653846 0.4875464639423077
0 0.23756675240384617 0.5044869855769231 0.23756675240384617 0.5023219807692307 0.23563050000000002 0.5023219807692307 0.23563050000000002 0.5070229326923077 0.23756675240384617 0.5070229326923077 0.23756675240384617 0.5044869855769231
0 0.2317579951923077 0.4922221923076923 0.2317579951923077 0.48922097115384616 0.22999385576923076 0.48922097115384616 0.22999385576923076 0.49484669951923077 0.2317579951923077 0.49484669951923077 0.2317579951923077 0.4922221923076923
1 0.26736890384615386 0.4969563461538461 0.27167168509615386 0.4969563461538461 0.27167168509615386 0.4915618125 0.26736890384615386 0.4915618125 0.26736890384615386 0.4969563461538461
1 0.28173364423076924 0.49177976201923074 0.2783774735576923 0.49177976201923074 0.2783774735576923 0.49532474278846156 0.28173364423076924 0.49532474278846156 0.28173364423076924 0.49177976201923074
1 0.30537365384615384 0.5157879639423076 0.3137640793269231 0.5157879639423076 0.3137640793269231 0.5021089663461539 0.30537365384615384 0.5021089663461539 0.30537365384615384 0.5157879639423076
0 0.2962873870192308 0.5162692740384616 0.29826666586538464 0.5162692740384616 0.29826666586538464 0.5077921490384616 0.2962873870192308 0.5077921490384616 0.2962873870192308 0.5162692740384616
1 0.37509267548076924 0.5063931634615385 0.3691763485576923 0.5063931634615385 0.3691763485576923 0.5162189230769231 0.37509267548076924 0.5162189230769231 0.37509267548076924 0.5063931634615385
1 0.36014050480769233 0.5175675552884615 0.3662181875 0.5175675552884615 0.3662181875 0.5091867620192307 0.36014050480769233 0.5091867620192307 0.36014050480769233 0.5175675552884615
0 0.4671408245192307 0.48540923557692306 0.46461293750000004 0.48540923557692306 0.46461293750000004 0.4891661442307692 0.4671408245192307 0.4891661442307692 0.4671408245192307 0.48540923557692306
0 0.48415859375000003 0.5471626754807692 0.48763524038461536 0.5471626754807692 0.48763524038461536 0.5344624014423076 0.48415859375000003 0.5344624014423076 0.48415859375000003 0.5471626754807692
0 0.055589834134615386 0.4977616081730769 0.05376666346153846 0.4977616081730769 0.05376666346153846 0.5041249110576923 0.055589834134615386 0.5041249110576923 0.055589834134615386 0.4977616081730769
0 0.05759999519230769 0.4977616081730769 0.056104060096153846 0.4977616081730769 0.056104060096153846 0.50437609375 0.05759999519230769 0.50437609375 0.05759999519230769 0.4977616081730769
0 0.059984139423076926 0.49918497836538467 0.05759999519230769 0.49918497836538467 0.05759999519230769 0.50437609375 0.059984139423076926 0.50437609375 0.059984139423076926 0.49918497836538467
0 0.32081729567307693 0.5091160360576923 0.3196953461538462 0.5091160360576923 0.3196953461538462 0.5154793389423077 0.32081729567307693 0.5154793389423077 0.32081729567307693 0.5091160360576923
0 0.3243701394230769 0.5093169831730769 0.32246282451923075 0.5093169831730769 0.32246282451923075 0.5156133028846154 0.3243701394230769 0.5156133028846154 0.3243701394230769 0.5093169831730769