1 0.9627432355769231 0.04753994471153847 0.8749406730769231 0.04753994471153847 0.8749406730769231 0.13402415384615385 0.9627432355769231 0.13402415384615385 0.9627432355769231 0.04753994471153847
1 0.5486473653846153 0.8469915096153847 0.5486473653846153 0.8090228341346154 0.5225439014423077 0.8090228341346154 0.5225439014423077 0.86808521875 0.5486473653846153 0.86808521875 0.5486473653846153 0.8469915096153847
1 0.6661129567307692 0.6297263100961538 0.6376364495192307 0.6297263100961538 0.6376364495192307 0.6824605817307692 0.6661129567307692 0.6824605817307692 0.6661129567307692 0.6297263100961538
1 0.6791646899038462 0.5917576322115384 0.6518747043269231 0.5917576322115384 0.6518747043269231 0.6318356802884615 0.6791646899038462 0.6318356802884615 0.6791646899038462 0.5917576322115384
1 0.6979952548076922 0.5549094567307692 0.6804992884615384 0.5549094567307692 0.6804992884615384 0.57996540625 0.6979952548076922 0.57996540625 0.6979952548076922 0.5549094567307692
1 0.725211201923077 0.5168935288461538 0.7009112475961538 0.5168935288461538 0.7009112475961538 0.5454054735576923 0.725211201923077 0.5454054735576923 0.725211201923077 0.5168935288461538
1 0.7072292355769231 0.49615756971153846 0.6955652596153846 0.49615756971153846 0.6955652596153846 0.5168935288461538 0.7072292355769231 0.5168935288461538 0.7072292355769231 0.49615756971153846
1 0.7222952067307692 0.4927015769230769 0.7116032283653847 0.4927015769230769 0.7116032283653847 0.5065255504807692 0.7222952067307692 0.5065255504807692 0.7222952067307692 0.4927015769230769
1 0.7286131947115385 0.4659176298076923 0.71597721875 0.4659176298076923 0.71597721875 0.4883815841346154 0.7286131947115385 0.4883815841346154 0.7286131947115385 0.4659176298076923
1 0.7116032283653847 0.45641364663461537 0.7009112475961538 0.45641364663461537 0.7009112475961538 0.4927015769230769 0.7116032283653847 0.4927015769230769 0.7116032283653847 0.45641364663461537
1 0.7587451346153846 0.4192617211538462 0.7359031802884615 0.4192617211538462 0.7359031802884615 0.44345367307692307 0.7587451346153846 0.44345367307692307 0.7587451346153846 0.4192617211538462
1 0.8408789759615385 0.35532584375 0.8228970096153846 0.35532584375 0.8228970096153846 0.38729378125 0.8408789759615385 0.38729378125 0.8408789759615385 0.35532584375
1 0.7602031322115385 0.3674218197115385 0.7446511634615385 0.3674218197115385 0.7446511634615385 0.3967977644230769 0.7602031322115385 0.3967977644230769 0.7602031322115385 0.3674218197115385
1 0.7174352163461539 0.34150187259615383 0.6931352644230769 0.34150187259615383 0.6931352644230769 0.3743338076923077 0.7174352163461539 0.3743338076923077 0.7174352163461539 0.34150187259615383
1 0.6892472716346153 0.37087781490384614 0.6717513052884615 0.37087781490384614 0.6717513052884615 0.39766176201923076 0.6892472716346153 0.39766176201923076 0.6892472716346153 0.37087781490384614
1 0.6741813004807693 0.42012571875 0.6639753197115384 0.42012571875 0.6639753197115384 0.4425896754807692 0.6741813004807693 0.4425896754807692 0.6741813004807693 0.42012571875
1 0.6698073076923077 0.40802974278846155 0.6571713341346155 0.40802974278846155 0.6571713341346155 0.42962969951923075 0.6698073076923077 0.42962969951923075 0.6698073076923077 0.40802974278846155
1 0.6532833413461538 0.4088937403846154 0.6382173701923077 0.4088937403846154 0.6382173701923077 0.4399976802884616 0.6532833413461538 0.4399976802884616 0.6532833413461538 0.4088937403846154
1 0.6299553870192308 0.4549483076923077 0.6299553870192308 0.4330856923076923 0.6173194110576923 0.4330856923076923 0.6173194110576923 0.46937362259615384 0.6299553870192308 0.46937362259615384 0.6299553870192308 0.4549483076923077
1 0.6441260384615385 0.4564229110576923 0.6286339879807692 0.4564229110576923 0.6286339879807692 0.4810652379807693 0.6441260384615385 0.4810652379807693 0.6441260384615385 0.4564229110576923
1 0.6287970625000001 0.4833845144230769 0.614201920673077 0.4833845144230769 0.614201920673077 0.5062873822115385 0.6287970625000001 0.5062873822115385 0.6287970625000001 0.4833845144230769
1 0.6581609639423077 0.2520051899038461 0.62185146875 0.2520051899038461 0.62185146875 0.2851296394230769 0.6581609639423077 0.2851296394230769 0.6581609639423077 0.2520051899038461
1 0.641439485576923 0.28824390384615384 0.6293363221153846 0.28824390384615384 0.6293363221153846 0.3089112980769231 0.641439485576923 0.3089112980769231 0.641439485576923 0.28824390384615384
1 0.6753601995192308 0.28965947836538464 0.6626200240384615 0.28965947836538464 0.6626200240384615 0.30777883653846155 0.6753601995192308 0.30777883653846155 0.6753601995192308 0.28965947836538464
1 0.6425741490384616 0.3377890240384615 0.6474910697115385 0.3377890240384615 0.6474910697115385 0.31966966586538464 0.6352634086538462 0.31966966586538464 0.6277438004807692 0.31966966586538464 0.6277438004807692 0.3377890240384615 0.6411809519230769 0.3377890240384615 0.6425741490384616 0.3377890240384615
1 0.5590743269230769 0.27656809615384614 0.5474103485576923 0.27656809615384614 0.5474103485576923 0.30335204326923076 0.5590743269230769 0.30335204326923076 0.5590743269230769 0.27656809615384614
1 0.07180636057692308 0.24816980528846155 0.063544375 0.24816980528846155 0.063544375 0.26544977163461536 0.07180636057692308 0.26544977163461536 0.07180636057692308 0.24816980528846155
1 0.052366396634615384 0.28532173076923073 0.044104413461538455 0.28532173076923073 0.044104413461538455 0.30173769951923074 0.052366396634615384 0.30173769951923074 0.052366396634615384 0.28532173076923073
1 0.14810821153846154 0.3924575216346154 0.14810821153846154 0.3717215625 0.140746375 0.3717215625 0.1345002379807692 0.3717215625 0.1345002379807692 0.3901645673076923 0.1345002379807692 0.3924575216346154 0.14810821153846154 0.3924575216346154
1 0.10322656490384616 0.4113981899038462 0.09456324519230769 0.4113981899038462 0.09456324519230769 0.42725262980769235 0.10322656490384616 0.42725262980769235 0.10322656490384616 0.4113981899038462
1 0.34986654567307696 0.922928860576923 0.34986654567307696 0.9077713052884615 0.3118450913461538 0.9077713052884615 0.3118450913461538 0.9491768677884616 0.34986654567307696 0.9491768677884616 0.34986654567307696 0.922928860576923
1 0.34469085096153845 0.8589339711538462 0.3210020913461538 0.8589339711538462 0.3210020913461538 0.8936155552884616 0.34469085096153845 0.8936155552884616 0.34469085096153845 0.8589339711538462
1 0.30010024278846154 0.9159108605769231 0.2923588028846154 0.9159108605769231 0.25391711298076924 0.9159108605769231 0.25391711298076924 0.9594397860576923 0.30010024278846154 0.9594397860576923 0.30010024278846154 0.9159108605769231
1 0.23009402403846155 0.9053980745192308 0.20214907932692305 0.9053980745192308 0.20214907932692305 0.9399580072115385 0.23009402403846155 0.9399580072115385 0.23009402403846155 0.9053980745192308
1 0.24163650240384615 0.8786320745192308 0.24163650240384615 0.8567981682692308 0.2051865721153846 0.8567981682692308 0.2051865721153846 0.8967580913461538 0.24163650240384615 0.8967580913461538 0.24163650240384615 0.8786320745192308
1 0.19430991346153847 0.8798202692307692 0.16046882692307693 0.8798202692307692 0.16046882692307693 0.9222875120192308 0.19430991346153847 0.9222875120192308 0.19430991346153847 0.8798202692307692
1 0.15026673557692308 0.9815647091346154 0.12886722596153846 0.9815647091346154 0.12886722596153846 0.9997017620192307 0.15026673557692308 0.9997017620192307 0.15026673557692308 0.9815647091346154
1 0.14454361057692308 0.9376944567307692 0.14454361057692308 0.9174214759615384 0.11667448076923076 0.9174214759615384 0.11667448076923076 0.959003985576923 0.14454361057692308 0.959003985576923 0.14454361057692308 0.9376944567307692
1 0.18609847355769232 0.8343352836538462 0.18609847355769232 0.8156770336538461 0.1584781754807692 0.8156770336538461 0.1584781754807692 0.8572595432692308 0.18609847355769232 0.8572595432692308 0.18609847355769232 0.8343352836538462
1 0.2617432548076923 0.7979823461538461 0.22839983173076922 0.7979823461538461 0.22839983173076922 0.8346988197115385 0.2617432548076923 0.8346988197115385 0.2617432548076923 0.7979823461538461
1 0.19530524038461536 0.7940010432692308 0.19530524038461536 0.7581693052884616 0.16793377403846155 0.7581693052884616 0.16793377403846155 0.7940010432692308 0.18675842307692306 0.7940010432692308 0.19530524038461536 0.7940010432692308
1 0.13658100240384616 0.7479948605769231 0.13658100240384616 0.7099512884615385 0.10174459134615385 0.7099512884615385 0.10174459134615385 0.7479948605769231 0.12031324038461538 0.7479948605769231 0.13658100240384616 0.7479948605769231
1 0.10721888461538462 0.6758890192307692 0.07586611298076923 0.6758890192307692 0.07586611298076923 0.7099512884615385 0.10721888461538462 0.7099512884615385 0.10721888461538462 0.6758890192307692
1 0.15947350240384614 0.6542130288461538 0.1370786658653846 0.6542130288461538 0.1370786658653846 0.6856210937499999 0.15947350240384614 0.6856210937499999 0.15947350240384614 0.6542130288461538
1 0.20774681490384614 0.6511164591346154 0.1938775504807692 0.6511164591346154 0.18037534855769233 0.6511164591346154 0.18037534855769233 0.6878329302884616 0.20774681490384614 0.6878329302884616 0.20774681490384614 0.6511164591346154
1 0.05222712019230769 0.7942572379807692 0.05222712019230769 0.7785181923076923 0.013658235576923076 0.7785181923076923 0.013658235576923076 0.8099262596153847 0.05222712019230769 0.8099262596153847 0.05222712019230769 0.7942572379807692
1 0.04426451201923077 0.8267362115384616 0.03488372115384615 0.8267362115384616 0.012165245192307692 0.8267362115384616 0.012165245192307692 0.851951139423077 0.04426451201923077 0.851951139423077 0.04426451201923077 0.8267362115384616
1 0.042273858173076925 0.8802626346153846 0.03251067788461538 0.8802626346153846 0.014902391826923076 0.8802626346153846 0.014902391826923076 0.9023809927884615 0.042273858173076925 0.9023809927884615 0.042273858173076925 0.8802626346153846
1 0.03238790865384615 0.91532109375 0.007815798076923076 0.91532109375 0.007815798076923076 0.9468397524038461 0.03238790865384615 0.9468397524038461 0.03238790865384615 0.91532109375
1 0.07064575480769231 0.9180858894230769 0.03923077644230769 0.9180858894230769 0.03923077644230769 0.9590048485576923 0.07064575480769231 0.9590048485576923 0.07064575480769231 0.9180858894230769
1 0.05273912019230769 0.5320150673076923 0.03603290144230769 0.5320150673076923 0.03603290144230769 0.5644150048076922 0.05273912019230769 0.5644150048076922 0.05273912019230769 0.5320150673076923
1 0.8637323221153845 0.17848293990384614 0.8549843389423077 0.17848293990384614 0.8549843389423077 0.19576290625 0.8637323221153845 0.19576290625 0.8637323221153845 0.17848293990384614
1 0.1928979591346154 0.16957464663461538 0.1928979591346154 0.15229468028846155 0.1796787860576923 0.15229468028846155 0.1796787860576923 0.16957464663461538 0.18667717067307693 0.16957464663461538 0.1928979591346154 0.16957464663461538
1 0.2002851442307692 0.17441303605769232 0.18823236778846153 0.17441303605769232 0.18823236778846153 0.1854722139423077 0.2002851442307692 0.1854722139423077 0.2002851442307692 0.17441303605769232
1 0.26365942067307696 0.20551697596153848 0.2473298533653846 0.20551697596153848 0.2473298533653846 0.2241793389423077 0.26365942067307696 0.2241793389423077 0.26365942067307696 0.20551697596153848
1 0.2543282379807692 0.23247372115384615 0.24188666346153848 0.23247372115384615 0.24188666346153848 0.24906249038461536 0.2543282379807692 0.24906249038461536 0.2543282379807692 0.23247372115384615
1 0.3103153293269231 0.22694413221153847 0.29592975721153847 0.22694413221153847 0.29592975721153847 0.24906249038461536 0.3103153293269231 0.24906249038461536 0.3103153293269231 0.22694413221153847
1 0.36747080769230767 0.28100327403846154 0.3535840192307692 0.28100327403846154 0.3535840192307692 0.2998021081730769 0.36747080769230767 0.2998021081730769 0.36747080769230767 0.28100327403846154
1 0.33600257932692307 0.28417416346153845 0.3137072764423077 0.28417416346153845 0.3137072764423077 0.3018405360576923 0.33600257932692307 0.3018405360576923 0.33600257932692307 0.28417416346153845
1 0.3056809663461538 0.2796443221153846 0.2905201610576923 0.2796443221153846 0.2905201610576923 0.30116106009615384 0.3056809663461538 0.30116106009615384 0.3056809663461538 0.2796443221153846
1 0.17808532932692306 0.27585893028846153 0.16253336057692308 0.27585893028846153 0.16253336057692308 0.29832288461538464 0.17808532932692306 0.29832288461538464 0.17808532932692306 0.27585893028846153
1 0.22376924038461538 0.4054586754807692 0.19946928846153847 0.4054586754807692 0.19946928846153847 0.42187464423076926 0.22376924038461538 0.42187464423076926 0.22376924038461538 0.4054586754807692
1 0.2789561826923077 0.3395762740384616 0.2579348966346154 0.3395762740384616 0.2579348966346154 0.36086651923076923 0.2789561826923077 0.36086651923076923 0.2789561826923077 0.3395762740384616
1 0.31301474759615383 0.3270316274038461 0.29901797596153845 0.3270316274038461 0.29901797596153845 0.3491499855769231 0.31301474759615383 0.3491499855769231 0.31301474759615383 0.3270316274038461
1 0.32129890625 0.3167717884615385 0.31053600721153846 0.3167717884615385 0.31053600721153846 0.3322819591346154 0.32129890625 0.3322819591346154 0.32129890625 0.3167717884615385
1 0.31538001201923077 0.4874048125 0.31538001201923077 0.4614848629807692 0.2922950552884615 0.4614848629807692 0.2922950552884615 0.4874048125 0.2977372235576923 0.4874048125 0.31538001201923077 0.4874048125
1 0.316164610576923 0.48494022836538464 0.3064616947115385 0.48494022836538464 0.3064616947115385 0.5013201274038461 0.316164610576923 0.5013201274038461 0.316164610576923 0.48494022836538464
1 0.3057278605769231 0.48870905528846154 0.2961880192307692 0.48870905528846154 0.2961880192307692 0.5026247211538462 0.3057278605769231 0.5026247211538462 0.3057278605769231 0.48870905528846154
1 0.2371501610576923 0.2285304951923077 0.22491959375 0.2285304951923077 0.22491959375 0.24664985336538464 0.2371501610576923 0.24664985336538464 0.2371501610576923 0.2285304951923077
1 0.02759489903846154 0.44071848557692306 0.020250545673076922 0.44071848557692306 0.01154228125 0.44071848557692306 0.01154228125 0.46404715865384616 0.02759489903846154 0.46404715865384616 0.02759489903846154 0.44071848557692306
1 0.06861825961538462 0.44388937259615385 0.05588321634615385 0.44388937259615385 0.05320264903846154 0.44388937259615385 0.05320264903846154 0.46200873076923077 0.06861825961538462 0.46200873076923077 0.06861825961538462 0.44388937259615385
1 0.06199336778846154 0.45702590625000006 0.04645035576923077 0.45702590625000006 0.04645035576923077 0.4828459927884615 0.06199336778846154 0.4828459927884615 0.06199336778846154 0.45702590625000006
1 0.23967579326923077 0.5215209158653846 0.21454381009615384 0.5215209158653846 0.21454381009615384 0.5551408173076923 0.23967579326923077 0.5551408173076923 0.23967579326923077 0.5215209158653846
1 0.2436570985576923 0.6290161298076923 0.217032125 0.6290161298076923 0.217032125 0.654673423076923 0.2436570985576923 0.654673423076923 0.2436570985576923 0.6290161298076923
1 0.25815668990384616 0.6353617259615384 0.23809856009615385 0.6353617259615384 0.23809856009615385 0.6537709951923076 0.25815668990384616 0.6537709951923076 0.25815668990384616 0.6353617259615384
1 0.2707949399038462 0.6488425288461539 0.24519228846153848 0.6488425288461539 0.24519228846153848 0.6740646754807693 0.2707949399038462 0.6740646754807693 0.2707949399038462 0.6488425288461539
1 0.33794167548076925 0.6621716802884615 0.2971177572115385 0.6621716802884615 0.2971177572115385 0.6950036177884615 0.33794167548076925 0.6950036177884615 0.33794167548076925 0.6621716802884615
1 0.3092677331730769 0.7269715552884615 0.2762197956730769 0.7269715552884615 0.2762197956730769 0.7537555024038463 0.3092677331730769 0.7537555024038463 0.3092677331730769 0.7269715552884615
1 0.3287076947115385 0.7537555024038463 0.3092677331730769 0.7537555024038463 0.3092677331730769 0.7874514350961538 0.3287076947115385 0.7874514350961538 0.3287076947115385 0.7537555024038463
1 0.30683773557692307 0.8073233966346154 0.2762197956730769 0.8073233966346154 0.2762197956730769 0.841883329326923 0.30683773557692307 0.841883329326923 0.30683773557692307 0.8073233966346154
1 0.3714756105769231 0.7814034471153846 0.3578676370192308 0.7814034471153846 0.3578676370192308 0.8073233966346154 0.3714756105769231 0.8073233966346154 0.3714756105769231 0.7814034471153846
1 0.38654158173076925 0.8159633798076923 0.3520356490384616 0.8159633798076923 0.3520356490384616 0.8513873100961539 0.38654158173076925 0.8513873100961539 0.38654158173076925 0.8159633798076923
1 0.3792515961538462 0.7502995072115385 0.3413436706730769 0.7502995072115385 0.3413436706730769 0.7762194591346153 0.3792515961538462 0.7762194591346153 0.3792515961538462 0.7502995072115385
1 0.39091557211538464 0.7019156033653846 0.3539796442307692 0.7019156033653846 0.3539796442307692 0.7364755336538462 0.39091557211538464 0.7364755336538462 0.39091557211538464 0.7019156033653846
1 0.5026953557692307 0.8004114110576922 0.4667314254807692 0.8004114110576922 0.4667314254807692 0.8505233125 0.5026953557692307 0.8505233125 0.5026953557692307 0.8004114110576922
1 0.4949193701923077 0.7373395336538462 0.4749934086538462 0.7373395336538462 0.4749934086538462 0.7744914615384615 0.4949193701923077 0.7744914615384615 0.4949193701923077 0.7373395336538462
1 0.4749934086538462 0.731291545673077 0.4550674471153846 0.731291545673077 0.4550674471153846 0.7554834975961539 0.4749934086538462 0.7554834975961539 0.4749934086538462 0.731291545673077
1 0.47104631971153843 0.712240451923077 0.4538470841346154 0.712240451923077 0.4538470841346154 0.731291545673077 0.47104631971153843 0.731291545673077 0.47104631971153843 0.712240451923077
1 0.47263884134615386 0.7037470024038461 0.4579876418269231 0.7037470024038461 0.4579876418269231 0.7162040600961539 0.47263884134615386 0.7162040600961539 0.47263884134615386 0.7037470024038461
1 0.48681228365384616 0.6760017355769231 0.46849828365384616 0.6760017355769231 0.46849828365384616 0.7017651995192308 0.48681228365384616 0.7017651995192308 0.48681228365384616 0.6760017355769231
1 0.4576691370192308 0.6989340480769232 0.4576691370192308 0.6793991153846155 0.44620298076923076 0.6793991153846155 0.42008562499999996 0.6793991153846155 0.42008562499999996 0.6989340480769232 0.4492287716346154 0.6989340480769232 0.4576691370192308 0.6989340480769232
1 0.4480752259615385 0.7018260793269231 0.42600149759615386 0.7018260793269231 0.42600149759615386 0.7217718677884615 0.4480752259615385 0.7217718677884615 0.4480752259615385 0.7018260793269231
1 0.4053877091346154 0.659287766826923 0.380753391826923 0.659287766826923 0.380753391826923 0.6906958341346154 0.4053877091346154 0.6906958341346154 0.4053877091346154 0.659287766826923
1 0.3929461346153846 0.6243407620192307 0.3620910264423077 0.6243407620192307 0.3620910264423077 0.659287766826923 0.3929461346153846 0.659287766826923 0.3929461346153846 0.6243407620192307
1 0.42380124278846154 0.6508827908653847 0.42380124278846154 0.6230136610576923 0.4006599110576923 0.6230136610576923 0.4006599110576923 0.6508827908653847 0.4213129278846154 0.6508827908653847 0.42380124278846154 0.6508827908653847
1 0.4375339543269231 0.6479051298076922 0.4204111610576923 0.6479051298076922 0.4204111610576923 0.6721850697115385 0.4375339543269231 0.6721850697115385 0.4375339543269231 0.6479051298076922
1 0.3134178701923077 0.5803659975961538 0.27878052403846154 0.5803659975961538 0.27878052403846154 0.60938528125 0.3134178701923077 0.60938528125 0.3134178701923077 0.5803659975961538
1 0.33810195673076926 0.5817815697115385 0.33810195673076926 0.5711647596153846 0.31620478365384613 0.5711647596153846 0.31620478365384613 0.5962912139423077 0.33810195673076926 0.5962912139423077 0.33810195673076926 0.5817815697115385
1 0.34433986538461536 0.5822515408653847 0.3358600048076923 0.5822515408653847 0.3358600048076923 0.5996461274038462 0.34433986538461536 0.5996461274038462 0.34433986538461536 0.5822515408653847
1 0.34078023798076923 0.6099490408653846 0.32027652163461534 0.6099490408653846 0.32027652163461534 0.6325982379807692 0.34078023798076923 0.6325982379807692 0.34078023798076923 0.6099490408653846
1 0.5131085168269232 0.6823713317307691 0.4964368076923077 0.6823713317307691 0.4964368076923077 0.7151065 0.5131085168269232 0.7151065 0.5131085168269232 0.6823713317307691
1 0.5315740048076922 0.7010475480769232 0.5083000528846153 0.7010475480769232 0.5083000528846153 0.7267451466346154 0.5315740048076922 0.7267451466346154 0.5315740048076922 0.7010475480769232
1 0.5697030480769231 0.6695342211538461 0.5485523677884616 0.6695342211538461 0.5485523677884616 0.6966292091346153 0.5697030480769231 0.6966292091346153 0.5697030480769231 0.6695342211538461
1 0.5958303557692308 0.6833581947115385 0.5647264158653846 0.6833581947115385 0.5647264158653846 0.7187475649038462 0.5958303557692308 0.7187475649038462 0.5958303557692308 0.6833581947115385
1 0.6134955096153847 0.5579713365384615 0.5897650865384615 0.5579713365384615 0.5897650865384615 0.60184625 0.6134955096153847 0.60184625 0.6134955096153847 0.5579713365384615
1 0.5897284350961539 0.6212468629807693 0.5621431298076923 0.6212468629807693 0.5621431298076923 0.6351169158653847 0.5897284350961539 0.6351169158653847 0.5897284350961539 0.6212468629807693
1 0.5813692524038461 0.5984603461538461 0.5615858509615385 0.5984603461538461 0.5615858509615385 0.6157979134615386 0.5813692524038461 0.6157979134615386 0.5813692524038461 0.5984603461538461
1 0.5202023197115385 0.5986783052884616 0.5052226610576923 0.5986783052884616 0.5052226610576923 0.6186511826923078 0.5202023197115385 0.6186511826923078 0.5202023197115385 0.5986783052884616
1 0.49487956490384616 0.6021656322115384 0.47258840865384616 0.6021656322115384 0.47258840865384616 0.6208703894230769 0.49487956490384616 0.6208703894230769 0.49487956490384616 0.6021656322115384
1 0.4882813822115385 0.6259428677884615 0.4731233966346154 0.6259428677884615 0.4731233966346154 0.6490860408653846 0.4882813822115385 0.6490860408653846 0.4882813822115385 0.6259428677884615
1 0.47526334615384613 0.5647561201923077 0.45992703125 0.5647561201923077 0.45992703125 0.5831438461538462 0.47526334615384613 0.5831438461538462 0.47526334615384613 0.5647561201923077
1 0.4784732740384615 0.5381256177884615 0.4633152860576923 0.5381256177884615 0.4633152860576923 0.5558792836538461 0.4784732740384615 0.5558792836538461 0.4784732740384615 0.5381256177884615
1 0.4494056057692308 0.5416129447115384 0.4324643269230769 0.5416129447115384 0.4324643269230769 0.5600006730769231 0.4494056057692308 0.5600006730769231 0.4494056057692308 0.5416129447115384
1 0.5399968653846154 0.5596836442307692 0.5202023197115385 0.5596836442307692 0.5202023197115385 0.5783883990384615 0.5399968653846154 0.5783883990384615 0.5399968653846154 0.5596836442307692
1 0.5437417788461538 0.5463683918269231 0.5314370600961539 0.5463683918269231 0.5314370600961539 0.5615858197115384 0.5437417788461538 0.5615858197115384 0.5437417788461538 0.5463683918269231
1 0.5403535240384616 0.5336871995192308 0.5250172067307692 0.5336871995192308 0.5250172067307692 0.5463683918269231 0.5403535240384616 0.5463683918269231 0.5403535240384616 0.5336871995192308
1 0.5171707211538462 0.5527089879807693 0.5030827091346154 0.5527089879807693 0.5030827091346154 0.5691945360576923 0.5171707211538462 0.5691945360576923 0.5171707211538462 0.5527089879807693
1 0.5119991730769231 0.5387596778846153 0.4968411875 0.5387596778846153 0.4968411875 0.5527089879807693 0.5119991730769231 0.5527089879807693 0.5119991730769231 0.5387596778846153
1 0.5726311177884615 0.5200549182692308 0.5556898389423077 0.5200549182692308 0.5556898389423077 0.5485876009615385 0.5726311177884615 0.5485876009615385 0.5726311177884615 0.5200549182692308
1 0.553906545673077 0.5095929375 0.5410668413461539 0.5095929375 0.5410668413461539 0.5286147235576923 0.553906545673077 0.5286147235576923 0.553906545673077 0.5095929375
1 0.538926889423077 0.5140313533653846 0.5260871826923077 0.5140313533653846 0.5260871826923077 0.5282976947115384 0.538926889423077 0.5282976947115384 0.538926889423077 0.5140313533653846
1 0.5221639399038461 0.4965947163461539 0.5125341610576923 0.4965947163461539 0.5125341610576923 0.5121291754807692 0.5221639399038461 0.5121291754807692 0.5221639399038461 0.4965947163461539
1 0.5103942091346154 0.5172016514423077 0.49862447836538465 0.5172016514423077 0.49862447836538465 0.5295658149038461 0.5103942091346154 0.5295658149038461 0.5103942091346154 0.5172016514423077
1 0.5011210889423077 0.5019842211538461 0.49487956490384616 0.5019842211538461 0.49487956490384616 0.513080264423077 0.5011210889423077 0.513080264423077 0.5011210889423077 0.5019842211538461
1 0.49487956490384616 0.48930303125 0.48025656490384616 0.48930303125 0.48025656490384616 0.5070566995192307 0.49487956490384616 0.5070566995192307 0.49487956490384616 0.48930303125
1 0.4857847716346154 0.5035693701923077 0.4747283605769231 0.5035693701923077 0.4747283605769231 0.5222741298076923 0.4857847716346154 0.5222741298076923 0.4857847716346154 0.5035693701923077
1 0.47276673798076924 0.47979213701923074 0.4563604471153846 0.47979213701923074 0.4563604471153846 0.4975458052884615 0.47276673798076924 0.4975458052884615 0.47276673798076924 0.47979213701923074
1 0.4445907163461538 0.4984968942307692 0.4296110576923077 0.4984968942307692 0.4296110576923077 0.5222741298076923 0.4445907163461538 0.5222741298076923 0.4445907163461538 0.4984968942307692
1 0.44815730048076924 0.4671109471153846 0.43299931490384613 0.4671109471153846 0.43299931490384613 0.48423055528846154 0.44815730048076924 0.48423055528846154 0.44815730048076924 0.4671109471153846
1 0.68299271875 0.4911806394230769 0.6687263774038462 0.4911806394230769 0.6687263774038462 0.5109950024038462 0.68299271875 0.5109950024038462 0.68299271875 0.4911806394230769
1 0.6682805552884615 0.5113912884615385 0.6551287716346154 0.5113912884615385 0.6551287716346154 0.5304130745192308 0.6682805552884615 0.5304130745192308 0.6682805552884615 0.5113912884615385
1 0.654905860576923 0.5201096081730769 0.6348438197115385 0.5201096081730769 0.6348438197115385 0.5423016923076923 0.654905860576923 0.5423016923076923 0.654905860576923 0.5201096081730769
1 0.6009612620192308 0.4907843533653846 0.5786701057692307 0.4907843533653846 0.5786701057692307 0.5125801490384615 0.6009612620192308 0.5125801490384615 0.6009612620192308 0.4907843533653846
1 0.5936051802884615 0.4357004302884615 0.5777784591346153 0.4357004302884615 0.5777784591346153 0.4559110769230769 0.5936051802884615 0.4559110769230769 0.5936051802884615 0.4357004302884615
1 0.5717598485576922 0.4495704807692308 0.5586080649038462 0.4495704807692308 0.5586080649038462 0.47334771634615386 0.5717598485576922 0.47334771634615386 0.5717598485576922 0.4495704807692308
1 0.5657412355769231 0.47849944951923074 0.5503603365384616 0.47849944951923074 0.5503603365384616 0.50267296875 0.5657412355769231 0.50267296875 0.5657412355769231 0.47849944951923074
1 0.5452333701923077 0.46106281009615385 0.5347565288461539 0.46106281009615385 0.5347565288461539 0.47731058653846153 0.5452333701923077 0.47731058653846153 0.5452333701923077 0.46106281009615385
1 0.5650725 0.4372855769230769 0.5514748942307692 0.4372855769230769 0.5514748942307692 0.45432592788461534 0.5650725 0.45432592788461534 0.5650725 0.4372855769230769
1 0.5487999567307692 0.42896354567307693 0.5336419711538462 0.42896354567307693 0.5336419711538462 0.4495704807692308 0.5487999567307692 0.4495704807692308 0.5487999567307692 0.42896354567307693
1 0.5336419711538462 0.4317375576923077 0.5233880384615385 0.4317375576923077 0.5233880384615385 0.4495704807692308 0.5336419711538462 0.4495704807692308 0.5336419711538462 0.4317375576923077
1 0.5233880384615385 0.4345115673076923 0.5113508125 0.4345115673076923 0.5113508125 0.4495704807692308 0.5233880384615385 0.4495704807692308 0.5233880384615385 0.4345115673076923
1 0.48995130288461536 0.45947766346153845 0.47323293509615383 0.45947766346153845 0.47323293509615383 0.47136627884615384 0.48995130288461536 0.47136627884615384 0.48995130288461536 0.45947766346153845
1 0.4995365 0.43966330048076924 0.4781369903846154 0.43966330048076924 0.4781369903846154 0.4586850865384615 0.4995365 0.4586850865384615 0.4995365 0.43966330048076924
1 0.42597568509615386 0.5240724807692307 0.40992605048076924 0.5240724807692307 0.40992605048076924 0.5375462451923076 0.42597568509615386 0.5375462451923076 0.42597568509615386 0.5240724807692307
1 0.42352365625000005 0.5759861057692308 0.3974430048076923 0.5759861057692308 0.3974430048076923 0.5902524471153846 0.42352365625000005 0.5902524471153846 0.42352365625000005 0.5759861057692308
1 0.4005637668269231 0.5526051586538462 0.3876348942307692 0.5526051586538462 0.3876348942307692 0.5712306586538461 0.4005637668269231 0.5712306586538461 0.4005637668269231 0.5526051586538462
1 0.3902791826923077 0.593204985576923 0.36780969711538464 0.593204985576923 0.36780969711538464 0.6096905336538462 0.3902791826923077 0.6096905336538462 0.3902791826923077 0.593204985576923
1 0.3697713197115385 0.586864389423077 0.35532664903846156 0.586864389423077 0.35532664903846156 0.6033499375 0.3697713197115385 0.6033499375 0.3697713197115385 0.586864389423077
1 0.37565618509615384 0.5621360673076923 0.35782325961538464 0.5621360673076923 0.35782325961538464 0.5776705240384615 0.37565618509615384 0.5776705240384615 0.37565618509615384 0.5621360673076923
1 0.3658480769230769 0.5469186370192308 0.34837181009615387 0.5469186370192308 0.34837181009615387 0.5621360673076923 0.3658480769230769 0.5621360673076923 0.3658480769230769 0.5469186370192308
1 0.34837181009615387 0.5364566538461538 0.33143053125 0.5364566538461538 0.33143053125 0.5526251730769232 0.34837181009615387 0.5526251730769232 0.34837181009615387 0.5364566538461538
1 0.35532664903846156 0.5133134807692308 0.34551854086538464 0.5133134807692308 0.34551854086538464 0.5297990288461538 0.35532664903846156 0.5297990288461538 0.35532664903846156 0.5133134807692308
1 0.34783682211538464 0.5034855576923077 0.33232217548076926 0.5034855576923077 0.33232217548076926 0.5215562548076923 0.34783682211538464 0.5215562548076923 0.34783682211538464 0.5034855576923077
1 0.40151392548076925 0.5126794206730769 0.3856426225961539 0.5126794206730769 0.3856426225961539 0.5282138798076923 0.40151392548076925 0.5282138798076923 0.40151392548076925 0.5126794206730769
1 0.4123920120192308 0.5250435817307693 0.3934891105769231 0.5250435817307693 0.3934891105769231 0.54279725 0.4123920120192308 0.54279725 0.4123920120192308 0.5250435817307693
1 0.4040105360576923 0.4901703052884615 0.38903087980769235 0.4901703052884615 0.38903087980769235 0.5085580336538462 0.4040105360576923 0.5085580336538462 0.4040105360576923 0.4901703052884615
1 0.41222036778846155 0.4347305144230769 0.3991243149038462 0.4347305144230769 0.3991243149038462 0.4560309543269231 0.41222036778846155 0.4560309543269231 0.41222036778846155 0.4347305144230769
1 0.6606857139423077 0.35173671875 0.644245985576923 0.35173671875 0.644245985576923 0.38096290384615383 0.6606857139423077 0.38096290384615383 0.6606857139423077 0.35173671875
1 0.6527429302884615 0.3427853822115384 0.6429276875000001 0.3427853822115384 0.6429276875000001 0.35173671875 0.6527429302884615 0.35173671875 0.6527429302884615 0.3427853822115384
1 0.7350550865384615 0.30638157451923076 0.7037081466346155 0.30638157451923076 0.7037081466346155 0.3396635096153846 0.7350550865384615 0.3396635096153846 0.7350550865384615 0.30638157451923076
1 0.6071581826923077 0.35493666826923076 0.5905735625 0.35493666826923076 0.5905735625 0.36856894951923075 0.6071581826923077 0.36856894951923075 0.6071581826923077 0.35493666826923076
1 0.6239211322115386 0.38505449759615384 0.6117947427884615 0.38505449759615384 0.6117947427884615 0.39963786778846155 0.6239211322115386 0.39963786778846155 0.6239211322115386 0.38505449759615384
1 0.6089414759615385 0.3888588533653846 0.5957451105769231 0.3888588533653846 0.5957451105769231 0.4034422235576923 0.6089414759615385 0.4034422235576923 0.6089414759615385 0.3888588533653846
1 0.5959234399038462 0.3898099423076923 0.5766638822115385 0.3898099423076923 0.5766638822115385 0.40692955048076923 0.5959234399038462 0.40692955048076923 0.5959234399038462 0.3898099423076923
1 0.5796954783653846 0.35461963701923077 0.5670341009615385 0.35461963701923077 0.5670341009615385 0.36317944230769234 0.5796954783653846 0.36317944230769234 0.5796954783653846 0.35461963701923077
1 0.57826884375 0.37015409615384615 0.5627541995192308 0.37015409615384615 0.5627541995192308 0.3812501394230769 0.57826884375 0.3812501394230769 0.57826884375 0.37015409615384615
1 0.5638241754807692 0.4037592548076923 0.5638241754807692 0.39107806250000005 0.5475962139423077 0.39107806250000005 0.5475962139423077 0.4037592548076923 0.5511627980769231 0.4037592548076923 0.5638241754807692 0.4037592548076923
1 0.5722056490384616 0.4088317307692308 0.5493795048076924 0.4088317307692308 0.5493795048076924 0.41992777163461537 0.5722056490384616 0.41992777163461537 0.5722056490384616 0.4088317307692308
1 0.5381447620192308 0.41485529567307694 0.5147836298076923 0.41485529567307694 0.5147836298076923 0.4237321298076923 0.5381447620192308 0.4237321298076923 0.5381447620192308 0.41485529567307694
1 0.5110387163461538 0.4142212355769231 0.5003389615384616 0.4142212355769231 0.5003389615384616 0.4291216370192308 0.5110387163461538 0.4291216370192308 0.5110387163461538 0.4142212355769231
1 0.4924924735576923 0.4173915336538461 0.47555119471153845 0.4173915336538461 0.47555119471153845 0.4291216370192308 0.4924924735576923 0.4291216370192308 0.4924924735576923 0.4173915336538461
1 0.4743028918269231 0.43165787499999997 0.45807492788461535 0.43165787499999997 0.45807492788461535 0.4490945120192308 0.4743028918269231 0.4490945120192308 0.4743028918269231 0.43165787499999997
1 0.4466618581730769 0.4173915336538461 0.42793728605769227 0.4173915336538461 0.42793728605769227 0.43134084375000004 0.4466618581730769 0.43134084375000004 0.4466618581730769 0.4173915336538461
1 0.4500501129807692 0.4395836201923077 0.4291855889423077 0.4395836201923077 0.4291855889423077 0.45860540625 0.4500501129807692 0.45860540625 0.4500501129807692 0.4395836201923077
1 0.4614631850961538 0.3577899350961538 0.4436302596153846 0.3577899350961538 0.4436302596153846 0.3673008293269231 0.4614631850961538 0.3673008293269231 0.4614631850961538 0.3577899350961538
1 0.4798310985576923 0.3216485408653846 0.45486500240384614 0.3216485408653846 0.45486500240384614 0.33654893990384616 0.4798310985576923 0.33654893990384616 0.4798310985576923 0.3216485408653846
1 0.4336438221153846 0.38029905048076923 0.41260096874999996 0.38029905048076923 0.41260096874999996 0.39044400240384614 0.4336438221153846 0.39044400240384614 0.4336438221153846 0.38029905048076923
1 0.5246345120192308 0.6210355649038461 0.4998467451923077 0.6210355649038461 0.4998467451923077 0.6473490360576922 0.5246345120192308 0.6473490360576922 0.5246345120192308 0.6210355649038461
1 0.4080315649038461 0.4101523197115385 0.3875237019230769 0.4101523197115385 0.3875237019230769 0.4347305144230769 0.4080315649038461 0.4347305144230769 0.4080315649038461 0.4101523197115385
1 0.3815050889423077 0.39430083173076924 0.3634492524038461 0.39430083173076924 0.3634492524038461 0.42124836298076923 0.3815050889423077 0.42124836298076923 0.3815050889423077 0.39430083173076924
1 0.40914612259615385 0.3633904278846154 0.3879695240384615 0.3633904278846154 0.3879695240384615 0.3911305336538462 0.40914612259615385 0.3911305336538462 0.40914612259615385 0.3633904278846154
1 0.3857404086538461 0.3106842259615385 0.36701583653846154 0.3106842259615385 0.36701583653846154 0.33208373798076923 0.3857404086538461 0.33208373798076923 0.3857404086538461 0.3106842259615385
1 0.35631608173076923 0.4113411826923077 0.3288979591346154 0.4113411826923077 0.3288979591346154 0.4359109903846154 0.35631608173076923 0.4359109903846154 0.35631608173076923 0.4113411826923077
1 0.13057240865384617 0.37923649759615385 0.12232468028846154 0.37923649759615385 0.12232468028846154 0.39112511538461536 0.13057240865384617 0.39112511538461536 0.13057240865384617 0.37923649759615385
1 0.4839164519230769 0.2169713533653846 0.46572686778846156 0.2169713533653846 0.46572686778846156 0.22775036778846153 0.4839164519230769 0.22775036778846153 0.4839164519230769 0.2169713533653846
1 0.44183074759615387 0.25691710576923077 0.42096622596153843 0.25691710576923077 0.42096622596153843 0.26769611778846153 0.44183074759615387 0.26769611778846153 0.44183074759615387 0.25691710576923077
1 0.37885933173076924 0.21460654326923076 0.36324381250000004 0.21460654326923076 0.36324381250000004 0.23737050240384613 0.37885933173076924 0.23737050240384613 0.37885933173076924 0.21460654326923076