1 0.9843537403846153 0.01625094471153846 0.8829931971153846 0.01625094471153846 0.8829931971153846 0.10332577403846153 0.9843537403846153 0.10332577403846153 0.9843537403846153 0.01625094471153846
1 0.9418318365384616 0.96975903125 0.9368163269230769 0.96975903125 0.9368163269230769 0.9846198052884615 0.9418318365384616 0.9846198052884615 0.9418318365384616 0.96975903125
1 0.9490764615384616 0.9806569302884616 0.9462900673076924 0.9806569302884616 0.9462900673076924 0.9920501899038462 0.9490764615384616 0.9920501899038462 0.9490764615384616 0.9806569302884616
1 0.9652375504807692 0.9241860024038462 0.9593861225961539 0.9241860024038462 0.9593861225961539 0.9326071057692308 0.9652375504807692 0.9326071057692308 0.9652375504807692 0.9241860024038462
1 0.9618938774038461 0.8251141947115385 0.9577142860576923 0.8251141947115385 0.9577142860576923 0.8384888894230769 0.9618938774038461 0.8384888894230769 0.9618938774038461 0.8251141947115385
1 0.9418318365384616 0.7547732115384616 0.9320794543269231 0.7547732115384616 0.9320794543269231 0.7646803942307692 0.9418318365384616 0.7646803942307692 0.9418318365384616 0.7547732115384616
1 0.9041156466346153 0.8810073365384615 0.8994362860576923 0.8810073365384615 0.8994362860576923 0.8935870793269232 0.9041156466346153 0.8935870793269232 0.9041156466346153 0.8810073365384615
1 0.8982949783653846 0.8781667524038461 0.8948710576923078 0.8781667524038461 0.8948710576923078 0.88526821875 0.8982949783653846 0.88526821875 0.8982949783653846 0.8781667524038461
1 0.8667948990384615 0.8621377259615385 0.8616590168269231 0.8621377259615385 0.8616590168269231 0.8704565865384615 0.8667948990384615 0.8704565865384615 0.8667948990384615 0.8621377259615385
1 0.8640557620192308 0.8538188629807693 0.8585774879807692 0.8538188629807693 0.8585774879807692 0.8621377259615385 0.8640557620192308 0.8621377259615385 0.8640557620192308 0.8538188629807693
1 0.7928381923076924 0.8808044399038462 0.7843925192307692 0.8808044399038462 0.7843925192307692 0.8998769495192308 0.7928381923076924 0.8998769495192308 0.7928381923076924 0.8808044399038462
1 0.8517227980769231 0.9603713052884615 0.846729579326923 0.9603713052884615 0.846729579326923 0.9674727716346154 0.8517227980769231 0.9674727716346154 0.8517227980769231 0.9603713052884615
1 0.8615665721153847 0.9908061634615385 0.8565733533653846 0.9908061634615385 0.8565733533653846 0.9996829975961539 0.8615665721153847 0.9996829975961539 0.8615665721153847 0.9908061634615385
1 0.9002283533653846 0.9629075432692308 0.8958057884615385 0.9629075432692308 0.8958057884615385 0.9750814879807692 0.9002283533653846 0.9750814879807692 0.9002283533653846 0.9629075432692308
1 0.811234923076923 0.9437335817307692 0.784984858173077 0.9437335817307692 0.784984858173077 0.974777139423077 0.811234923076923 0.974777139423077 0.811234923076923 0.9437335817307692
1 0.2242229110576923 0.5893527067307692 0.21196277644230768 0.5893527067307692 0.21196277644230768 0.6048079086538461 0.2242229110576923 0.6048079086538461 0.2242229110576923 0.5893527067307692
1 0.28081677884615386 0.9399477692307693 0.26994984134615385 0.9399477692307693 0.26994984134615385 0.9602574879807692 0.28081677884615386 0.9602574879807692 0.28081677884615386 0.9399477692307693
1 0.3304146033653846 0.7953029302884616 0.3145321538461538 0.7953029302884616 0.3145321538461538 0.8275012692307692 0.3304146033653846 0.8275012692307692 0.3304146033653846 0.7953029302884616
1 0.06710031730769231 0.9424245649038461 0.04285868509615384 0.9424245649038461 0.04285868509615384 0.9741275408653846 0.06710031730769231 0.9741275408653846 0.06710031730769231 0.9424245649038461
1 0.02836943269230769 0.76508603125 0.01666657451923077 0.76508603125 0.01666657451923077 0.7799468004807693 0.02836943269230769 0.7799468004807693 0.02836943269230769 0.76508603125
0 0.7254040817307692 0.8787290697115384 0.7187167331730768 0.8787290697115384 0.7187167331730768 0.8935898413461539 0.7254040817307692 0.8935898413461539 0.7254040817307692 0.8787290697115384
0 0.6646606802884616 0.9555097211538462 0.6599238100961539 0.9555097211538462 0.6599238100961539 0.9678936947115384 0.6646606802884616 0.9678936947115384 0.6646606802884616 0.9555097211538462
0 0.6624346850961539 0.9532596009615385 0.6584401105769231 0.9532596009615385 0.6584401105769231 0.9597523701923076 0.6624346850961539 0.9597523701923076 0.6624346850961539 0.9532596009615385
0 0.5787543822115384 0.9108667283653846 0.5742961514423077 0.9108667283653846 0.5742961514423077 0.9192878317307692 0.5787543822115384 0.9192878317307692 0.5787543822115384 0.9108667283653846
0 0.5670515264423077 0.9192878317307692 0.56231465625 0.9192878317307692 0.56231465625 0.9291950120192307 0.5670515264423077 0.9291950120192307 0.5670515264423077 0.9192878317307692
0 0.7076969807692308 0.8515764302884615 0.7032387475961539 0.8515764302884615 0.7032387475961539 0.8614836105769231 0.7076969807692308 0.8614836105769231 0.7076969807692308 0.8515764302884615
0 0.7137155913461538 0.8341397908653847 0.7094802716346155 0.8341397908653847 0.7094802716346155 0.8420655360576923 0.7137155913461538 0.8420655360576923 0.7137155913461538 0.8341397908653847
0 0.6154115913461538 0.7465603149038462 0.6127366538461538 0.7465603149038462 0.6127366538461538 0.7529009086538461 0.6154115913461538 0.7529009086538461 0.6154115913461538 0.7465603149038462
0 0.6044889254807692 0.8083811225961538 0.600476516826923 0.8083811225961538 0.600476516826923 0.8170994399038461 0.6044889254807692 0.8170994399038461 0.6044889254807692 0.8083811225961538
0 0.64171515625 0.6673028701923077 0.6397089519230769 0.6673028701923077 0.6397089519230769 0.6740397524038462 0.64171515625 0.6740397524038462 0.64171515625 0.6673028701923077
0 0.6372569254807693 0.6676991562500001 0.6350278100961538 0.6676991562500001 0.6350278100961538 0.6752286129807692 0.6372569254807693 0.6752286129807692 0.6372569254807693 0.6676991562500001
0 0.6501857956730769 0.6506588052884615 0.6459504759615384 0.6506588052884615 0.6459504759615384 0.6589808365384615 0.6501857956730769 0.6589808365384615 0.6501857956730769 0.6506588052884615
1 0.7819809519230769 0.7498563870192307 0.7638693870192307 0.7498563870192307 0.7638693870192307 0.7808163269230769 0.7819809519230769 0.7808163269230769 0.7819809519230769 0.7498563870192307
1 0.8363156466346153 0.7498563870192307 0.8014857139423076 0.7498563870192307 0.8014857139423076 0.787627514423077 0.8363156466346153 0.787627514423077 0.8363156466346153 0.7498563870192307
1 0.8930884350961539 0.5071304615384615 0.8714938774038461 0.5071304615384615 0.8714938774038461 0.5529511730769231 0.8930884350961539 0.5529511730769231 0.8930884350961539 0.5071304615384615
1 0.8147210889423077 0.5913414975961538 0.786857141826923 0.5913414975961538 0.786857141826923 0.6538805745192308 0.8147210889423077 0.6538805745192308 0.8147210889423077 0.5913414975961538
1 0.7833741490384616 0.684840514423077 0.7715319735576922 0.684840514423077 0.7715319735576922 0.7083700673076923 0.7833741490384616 0.7083700673076923 0.7833741490384616 0.684840514423077
1 0.90214421875 0.3870058966346154 0.8418884350961539 0.3870058966346154 0.8418884350961539 0.46069055048076923 0.90214421875 0.46069055048076923 0.90214421875 0.3870058966346154
1 0.933142858173077 0.5517127740384615 0.9087619038461539 0.5517127740384615 0.9087619038461539 0.6359238100961538 0.933142858173077 0.6359238100961538 0.933142858173077 0.5517127740384615
1 0.1996532235576923 0.6681395600961538 0.1934117019230769 0.6681395600961538 0.1934117019230769 0.6772541682692308 0.1996532235576923 0.6772541682692308 0.1996532235576923 0.6681395600961538
1 0.16777687019230772 0.6978611033653846 0.16175825961538462 0.6978611033653846 0.16175825961538462 0.7097497211538462 0.16777687019230772 0.7097497211538462 0.16777687019230772 0.6978611033653846
1 0.1766933341346154 0.704597985576923 0.17178927884615386 0.704597985576923 0.17178927884615386 0.7133163052884615 0.1766933341346154 0.7133163052884615 0.1766933341346154 0.704597985576923
1 0.14994394471153846 0.7164866033653846 0.14481698076923077 0.7164866033653846 0.14481698076923077 0.72837521875 0.14994394471153846 0.72837521875 0.14994394471153846 0.7164866033653846
1 0.1559625576923077 0.7434341346153845 0.15172723798076923 0.7434341346153845 0.15172723798076923 0.7509635913461538 0.1559625576923077 0.7509635913461538 0.1559625576923077 0.7434341346153845
1 0.21325082932692307 0.743830423076923 0.20723221875 0.743830423076923 0.20723221875 0.7517561658653846 0.21325082932692307 0.7517561658653846 0.21325082932692307 0.743830423076923
1 0.13723798557692307 0.7442267091346154 0.13166519711538463 0.7442267091346154 0.13166519711538463 0.7533413149038461 0.13723798557692307 0.7533413149038461 0.13723798557692307 0.7442267091346154
1 0.26630378125000004 0.7363009639423077 0.25939352403846155 0.7363009639423077 0.25939352403846155 0.74898215625 0.26630378125000004 0.74898215625 0.26630378125000004 0.7363009639423077