0 0.24467857211538463 0.6804812019230769 0.23704806730769232 0.6804812019230769 0.23704806730769232 0.7065119951923078 0.24467857211538463 0.7065119951923078 0.24467857211538463 0.6804812019230769
0 0.4061565528846154 0.6064217692307692 0.4007945745192308 0.6064217692307692 0.4007945745192308 0.6276863581730769 0.4061565528846154 0.6276863581730769 0.4061565528846154 0.6064217692307692
0 0.4016805384615385 0.5909323485576923 0.3968234134615385 0.5909323485576923 0.3968234134615385 0.6143967235576923 0.4016805384615385 0.6143967235576923 0.4016805384615385 0.5909323485576923
0 0.39997394471153846 0.5273421322115385 0.3928783197115384 0.5273421322115385 0.3928783197115384 0.5542229182692308 0.39997394471153846 0.5542229182692308 0.39997394471153846 0.5273421322115385
0 0.3918646586538461 0.5220861105769231 0.3835019543269231 0.5220861105769231 0.3835019543269231 0.5462638028846154 0.3918646586538461 0.5462638028846154 0.3918646586538461 0.5220861105769231
0 0.44464795192307693 0.6786357307692307 0.4346169326923077 0.6786357307692307 0.4346169326923077 0.7016308173076923 0.44464795192307693 0.7016308173076923 0.44464795192307693 0.6786357307692307
1 0.4611205625 0.8155008629807692 0.43643897355769234 0.8155008629807692 0.43643897355769234 0.8535131514423077 0.4611205625 0.8535131514423077 0.4611205625 0.8155008629807692
0 0.6495362884615384 0.6099566033653846 0.6421450096153846 0.6099566033653846 0.6421450096153846 0.6320131177884616 0.6495362884615384 0.6320131177884616 0.6495362884615384 0.6099566033653846
0 0.6621318173076923 0.605611 0.6554585504807692 0.605611 0.6554585504807692 0.6303893822115385 0.6621318173076923 0.6303893822115385 0.6621318173076923 0.605611
0 0.8019763221153846 0.6198771947115385 0.8095787812499999 0.6198771947115385 0.8095787812499999 0.59179503125 0.8019763221153846 0.59179503125 0.8019763221153846 0.6198771947115385
0 0.8359339663461539 0.5443406778846154 0.8315414350961539 0.5443406778846154 0.8315414350961539 0.5668664783653846 0.8359339663461539 0.5668664783653846 0.8359339663461539 0.5443406778846154
0 0.8358494951923077 0.5658152740384615 0.8407488557692309 0.5658152740384615 0.8407488557692309 0.5422382692307692 0.8358494951923077 0.5422382692307692 0.8358494951923077 0.5658152740384615
1 1 0.8238646538461538 0.8930299399038462 0.8238646538461538 0.8930299399038462 0.9934314278846154 1 0.9934314278846154 1 0.8238646538461538
0 0.9441801129807692 0.43036058413461536 0.9508438942307692 0.43036058413461536 0.9508438942307692 0.41292124759615384 0.9441801129807692 0.41292124759615384 0.9441801129807692 0.43036058413461536
0 0.9452625552884615 0.42530918990384614 0.9511821586538461 0.42530918990384614 0.9511821586538461 0.4090124302884615 0.9452625552884615 0.4090124302884615 0.9452625552884615 0.42530918990384614
0 0.5080565384615384 0.6756060504807693 0.5152974783653846 0.6756060504807693 0.5152974783653846 0.6520216057692308 0.5080565384615384 0.6520216057692308 0.5080565384615384 0.6756060504807693
0 0.11848920432692307 0.86577715625 0.12800285096153846 0.86577715625 0.12800285096153846 0.8367429182692308 0.11848920432692307 0.8367429182692308 0.11848920432692307 0.86577715625