0 0.18305876682692307 0.7233696682692308 0.1501106466346154 0.7233696682692308 0.1501106466346154 0.8475124975961539 0.18305876682692307 0.8475124975961539 0.18305876682692307 0.7233696682692308
0 0 0.6114662740384615 0.03405458653846154 0.6114662740384615 0.03405458653846154 0.5301614615384616 0 0.5301614615384616 0 0.6114662740384615
0 0.17961642548076923 0.34045023557692305 0.16142119471153846 0.34045023557692305 0.16142119471153846 0.3876594807692308 0.17961642548076923 0.3876594807692308 0.17961642548076923 0.34045023557692305
0 0.35615933173076925 0.8903505192307691 0.3335382355769231 0.8903505192307691 0.3335382355769231 0.9463022163461539 0.35615933173076925 0.9463022163461539 0.35615933173076925 0.8903505192307691
1 0.8970985985576923 0.8230336298076922 0.6590853221153845 0.8230336298076922 0.6590853221153845 0.9069611778846153 0.8970985985576923 0.9069611778846153 0.8970985985576923 0.8230336298076922
0 0.5400786826923076 0.7758243870192308 0.5145070072115385 0.7758243870192308 0.5145070072115385 0.9034641971153847 0.5400786826923076 0.9034641971153847 0.5400786826923076 0.7758243870192308
1 0.6261372019230769 0.48120372596153843 0.608433735576923 0.48120372596153843 0.608433735576923 0.5441493870192308 0.6261372019230769 0.5441493870192308 0.6261372019230769 0.48120372596153843
0 0.5808950096153846 0.44623391586538463 0.5661421201923077 0.44623391586538463 0.5661421201923077 0.5013113677884615 0.5808950096153846 0.5013113677884615 0.5808950096153846 0.44623391586538463
0 0.6003032283653846 0.443848048076923 0.5923003293269231 0.443848048076923 0.5923003293269231 0.46247564903846156 0.6003032283653846 0.46247564903846156 0.6003032283653846 0.443848048076923
0 0.5978281057692307 0.4274205576923077 0.5889176586538462 0.4274205576923077 0.5889176586538462 0.443848048076923 0.5978281057692307 0.443848048076923 0.5978281057692307 0.4274205576923077
0 0.5947754519230769 0.4084996081730769 0.5867725504807693 0.4084996081730769 0.5867725504807693 0.42566046875 0.5947754519230769 0.42566046875 0.5947754519230769 0.4084996081730769
1 0.9669289399038461 1 0.9669289399038461 0.9497991971153846 0.9349643461538462 0.9497991971153846 0.9349643461538462 1 0.9669289399038461 1
0 0.5972427836538462 0.3341109086538462 0.5875743293269231 0.3341109086538462 0.5875743293269231 0.36562290625 0.5972427836538462 0.36562290625 0.5972427836538462 0.3341109086538462
1 0.623025326923077 0.35523826923076923 0.6212206754807692 0.35523826923076923 0.615773985576923 0.35523826923076923 0.615773985576923 0.3681295408653846 0.623025326923077 0.3681295408653846 0.623025326923077 0.35523826923076923
0 0.1703824543269231 0.2778895240384615 0.1640979591346154 0.2778895240384615 0.1640979591346154 0.2904943221153846 0.1703824543269231 0.2904943221153846 0.1703824543269231 0.2778895240384615
0 0.3962864038461538 0.23151088221153845 0.39125075 0.23151088221153845 0.39125075 0.24905733413461537 0.3962864038461538 0.24905733413461537 0.3962864038461538 0.23151088221153845
0 0.38963934134615386 0.23580797115384614 0.3844022620192308 0.23580797115384614 0.3844022620192308 0.24941542548076923 0.38963934134615386 0.24941542548076923 0.38963934134615386 0.23580797115384614
0 0.3406927956730769 0.2361660625 0.33545571634615384 0.2361660625 0.33545571634615384 0.2529963341346154 0.3406927956730769 0.2529963341346154 0.3406927956730769 0.2361660625
0 0.37614379086538463 0.23151088221153845 0.3725181201923077 0.23151088221153845 0.3725181201923077 0.24117933413461537 0.37614379086538463 0.24117933413461537 0.37614379086538463 0.23151088221153845
1 0.3447213173076923 0.20751879326923076 0.3282043774038461 0.20751879326923076 0.3282043774038461 0.22649761057692308 0.3447213173076923 0.22649761057692308 0.3447213173076923 0.20751879326923076
0 0.6068618245192308 0.2960738245192308 0.6028333028846153 0.2960738245192308 0.6028333028846153 0.3086786225961538 0.6068618245192308 0.3086786225961538 0.6068618245192308 0.2960738245192308
0 0.5957261682692307 0.22544583173076924 0.5925157668269231 0.22544583173076924 0.5925157668269231 0.23821233653846155 0.5957261682692307 0.23821233653846155 0.5957261682692307 0.22544583173076924
0 0.5997814134615385 0.2272481610576923 0.5966977379807692 0.2272481610576923 0.5966977379807692 0.2394138894230769 0.5997814134615385 0.2394138894230769 0.5997814134615385 0.2272481610576923
0 0.6026116346153846 0.22311781971153846 0.5999503798076924 0.22311781971153846 0.5999503798076924 0.23558393990384616 0.6026116346153846 0.23558393990384616 0.6026116346153846 0.22311781971153846
0 0.6089901947115385 0.2349831610576923 0.6056108245192308 0.2349831610576923 0.6056108245192308 0.2458722403846154 0.6089901947115385 0.2458722403846154 0.6089901947115385 0.2349831610576923
0 0.6230145769230769 0.22859990865384613 0.6192127860576923 0.22859990865384613 0.6192127860576923 0.24008976442307692 0.6230145769230769 0.24008976442307692 0.6230145769230769 0.22859990865384613
1 0.6688707283653846 0.23759529326923076 0.6652611706730769 0.23759529326923076 0.6652611706730769 0.24469981490384615 0.6688707283653846 0.24469981490384615 0.6688707283653846 0.23759529326923076
0 0.6129226105769231 0.23255337259615386 0.6095708798076923 0.23255337259615386 0.6095708798076923 0.2387411826923077 0.6129226105769231 0.2387411826923077 0.6129226105769231 0.23255337259615386
0 0.5843039879807692 0.20665624278846154 0.5809522572115384 0.20665624278846154 0.5809522572115384 0.2137607644230769 0.5843039879807692 0.2137607644230769 0.5843039879807692 0.20665624278846154
0 0.5941013557692307 0.20803131009615386 0.5907496225961538 0.20803131009615386 0.5907496225961538 0.21582336778846153 0.5941013557692307 0.21582336778846153 0.5941013557692307 0.20803131009615386
1 0.62632953125 0.20138514423076923 0.6022228557692307 0.20138514423076923 0.6022228557692307 0.22132364423076922 0.62632953125 0.22132364423076922 0.62632953125 0.20138514423076923
1 0.7837116153846153 0.14863203846153847 0.9739652860576923 0.14863203846153847 0.9739652860576923 0.05284294471153846 0.7837116153846153 0.05284294471153846 0.7837116153846153 0.14863203846153847
0 0.5299636899038462 0.23734349278846154 0.5258384831730769 0.23734349278846154 0.5258384831730769 0.24849071875 0.5299636899038462 0.24849071875 0.5299636899038462 0.23734349278846154
0 0.5722883100961538 0.20140835817307692 0.5687406346153846 0.20140835817307692 0.5687406346153846 0.21138219230769228 0.5722883100961538 0.21138219230769228 0.5722883100961538 0.20140835817307692
0 0.6213205192307693 0.2543926610576923 0.6194618653846155 0.2543926610576923 0.6194618653846155 0.26370470192307693 0.6213205192307693 0.26370470192307693 0.6213205192307693 0.2543926610576923
0 0.18070402403846153 0.6515095264423076 0.15789204807692309 0.6515095264423076 0.15789204807692309 0.7323410096153846 0.18070402403846153 0.7323410096153846 0.18070402403846153 0.6515095264423076
0 0.3930415528846154 0.5161110961538461 0.4048785817307692 0.5161110961538461 0.4048785817307692 0.49548934615384616 0.3930415528846154 0.49548934615384616 0.3930415528846154 0.5161110961538461
1 0.8030358197115385 0.6220649423076924 0.8153792860576924 0.6220649423076924 0.8153792860576924 0.56567734375 0.8030358197115385 0.56567734375 0.8030358197115385 0.6220649423076924
1 0.6416215336538461 0.48356708173076923 0.6516693052884615 0.48356708173076923 0.6516693052884615 0.4691176322115385 0.6416215336538461 0.4691176322115385 0.6416215336538461 0.48356708173076923
1 0.7746121442307692 0.3741937379807692 0.7788520480769231 0.3741937379807692 0.7788520480769231 0.3517231394230769 0.7746121442307692 0.3517231394230769 0.7746121442307692 0.3741937379807692
1 0.7054042091346153 0.39778693990384617 0.7015130985576923 0.39778693990384617 0.7015130985576923 0.40557826442307693 0.7054042091346153 0.40557826442307693 0.7054042091346153 0.39778693990384617
1 0.6270298028846154 0.40664462259615386 0.6315762596153847 0.40664462259615386 0.6315762596153847 0.38552794951923075 0.6270298028846154 0.38552794951923075 0.6270298028846154 0.40664462259615386
1 0.6400138269230768 0.38101335096153843 0.6371057331730768 0.38101335096153843 0.6371057331730768 0.3866201923076923 0.6400138269230768 0.3866201923076923 0.6400138269230768 0.38101335096153843
1 0.642389451923077 0.37904731490384613 0.6482875552884615 0.37904731490384613 0.6482875552884615 0.35960541346153846 0.642389451923077 0.35960541346153846 0.642389451923077 0.37904731490384613
0 0.1754947451923077 0.24362502884615383 0.18081942307692306 0.24362502884615383 0.18081942307692306 0.23037249759615383 0.1754947451923077 0.23037249759615383 0.1754947451923077 0.24362502884615383
0 0.013265399038461538 0.27102397115384613 0.01945840865384615 0.27102397115384613 0.01945840865384615 0.2565190024038462 0.013265399038461538 0.2565190024038462 0.013265399038461538 0.27102397115384613
0 0.4125608125 0.28936316826923075 0.41957505288461533 0.28936316826923075 0.41957505288461533 0.2766203485576923 0.4125608125 0.2766203485576923 0.4125608125 0.28936316826923075
0 0.5545184615384615 0.24671901442307692 0.5579996538461539 0.24671901442307692 0.5579996538461539 0.23430415865384616 0.5545184615384615 0.23430415865384616 0.5545184615384615 0.24671901442307692
0 0.5418100120192307 0.23959818269230768 0.544410420673077 0.23959818269230768 0.544410420673077 0.2337449326923077 0.5418100120192307 0.2337449326923077 0.5418100120192307 0.23959818269230768
0 0.5450395504807692 0.2388525456730769 0.5473673365384616 0.2388525456730769 0.5473673365384616 0.23262647596153846 0.5450395504807692 0.23262647596153846 0.5450395504807692 0.2388525456730769
1 0.6355894903846154 0.27947787259615386 0.6383073365384615 0.27947787259615386 0.6383073365384615 0.2649230384615385 0.6355894903846154 0.2649230384615385 0.6355894903846154 0.27947787259615386
1 0.6479443822115385 0.24225835336538462 0.6521631658653846 0.24225835336538462 0.6521631658653846 0.23446703125 0.6479443822115385 0.23446703125 0.6479443822115385 0.24225835336538462
1 0.6244338798076924 0.24364186057692308 0.6271371778846154 0.24364186057692308 0.6271371778846154 0.2349039278846154 0.6244338798076924 0.2349039278846154 0.6244338798076924 0.24364186057692308
1 0.6280382788461538 0.24342341346153845 0.6300862307692309 0.24342341346153845 0.6300862307692309 0.23475829567307693 0.6280382788461538 0.23475829567307693 0.6280382788461538 0.24342341346153845
1 0.6350013197115385 0.2425496201923077 0.6374998221153846 0.2425496201923077 0.6374998221153846 0.2356320889423077 0.6350013197115385 0.2356320889423077 0.6350013197115385 0.2425496201923077
0 0.5973962259615384 0.27388236778846153 0.6007241490384615 0.27388236778846153 0.6007241490384615 0.2584089423076923 0.5973962259615384 0.2584089423076923 0.5973962259615384 0.27388236778846153
0 0.5959242596153846 0.33680003846153844 0.6003401586538462 0.33680003846153844 0.6003401586538462 0.3148414302884615 0.5959242596153846 0.3148414302884615 0.5959242596153846 0.33680003846153844
0 0.5660369423076923 0.3406683942307692 0.5720528052884615 0.3406683942307692 0.5720528052884615 0.31029042307692306 0.5660369423076923 0.31029042307692306 0.5660369423076923 0.3406683942307692
0 0.5737167668269231 0.32758424759615384 0.5787086538461538 0.32758424759615384 0.5787086538461538 0.3042603389423077 0.5737167668269231 0.3042603389423077 0.5737167668269231 0.32758424759615384
0 0.5727567884615385 0.33907554086538466 0.5754447283653846 0.33907554086538466 0.5754447283653846 0.3262189471153846 0.5727567884615385 0.3262189471153846 0.5727567884615385 0.33907554086538466
0 0.56219703125 0.3256500697115384 0.5660369423076923 0.3256500697115384 0.5660369423076923 0.3109730745192308 0.56219703125 0.3109730745192308 0.56219703125 0.3256500697115384
0 0.4968626129807693 0.4241108076923077 0.5058326466346154 0.4241108076923077 0.5058326466346154 0.3872658557692308 0.4968626129807693 0.3872658557692308 0.4968626129807693 0.4241108076923077
0 0.27636849038461536 0.9420709086538461 0.3021171081730769 0.9420709086538461 0.3021171081730769 0.8174603173076923 0.27636849038461536 0.8174603173076923 0.27636849038461536 0.9420709086538461
0 0.3175069543269231 0.3807795552884615 0.32619027403846157 0.3807795552884615 0.32619027403846157 0.34276954326923076 0.3175069543269231 0.34276954326923076 0.3175069543269231 0.3807795552884615
0 0.3813581802884615 0.5185005649038461 0.39102195913461535 0.5185005649038461 0.39102195913461535 0.4973383822115384 0.3813581802884615 0.4973383822115384 0.3813581802884615 0.5185005649038461