1 0.5877796899038461 0.827404858173077 0.03307106009615385 0.827404858173077 0.03307106009615385 0.9882659879807693 0.5877796899038461 0.9882659879807693 0.5877796899038461 0.827404858173077
0 0.24027400961538461 0.7391438509615385 0.2324183918269231 0.7391438509615385 0.2324183918269231 0.7663587572115385 0.24027400961538461 0.7663587572115385 0.24027400961538461 0.7391438509615385
0 0.3002989927884615 0.7892765721153846 0.2886162764423077 0.7892765721153846 0.2886162764423077 0.81004584375 0.3002989927884615 0.81004584375 0.3002989927884615 0.7892765721153846
0 0.30251468028846157 0.8046744807692308 0.2934505048076923 0.8046744807692308 0.2934505048076923 0.8189981153846154 0.30251468028846157 0.8189981153846154 0.30251468028846157 0.8046744807692308
0 0.38006373317307696 0.8003773894230769 0.3667696081730769 0.8003773894230769 0.3667696081730769 0.8204304783653846 0.38006373317307696 0.8204304783653846 0.38006373317307696 0.8003773894230769
0 0.37865375 0.5880295048076923 0.3728123918269231 0.5880295048076923 0.3728123918269231 0.6181091394230769 0.37865375 0.6181091394230769 0.37865375 0.5880295048076923
0 0.4179703317307692 0.5906235384615385 0.41023556971153846 0.5906235384615385 0.41023556971153846 0.6224793028846154 0.4179703317307692 0.6224793028846154 0.4179703317307692 0.5906235384615385
0 0.5177487716346154 0.7586111249999999 0.5065333653846154 0.7586111249999999 0.5065333653846154 0.7822164759615385 0.5177487716346154 0.7822164759615385 0.5177487716346154 0.7586111249999999
0 0.5314135192307693 0.7476105745192307 0.5186511610576923 0.7476105745192307 0.5186511610576923 0.7771745552884616 0.5314135192307693 0.7771745552884616 0.5314135192307693 0.7476105745192307
0 0.6105659254807693 0.71804659375 0.6019287740384616 0.71804659375 0.6019287740384616 0.739130983173077 0.6105659254807693 0.739130983173077 0.6105659254807693 0.71804659375
0 0.6190741634615384 0.7336307067307692 0.6126285288461538 0.7336307067307692 0.6126285288461538 0.7769453798076923 0.6190741634615384 0.7769453798076923 0.6190741634615384 0.7336307067307692
0 0.6233282836538462 0.7336307067307692 0.6233282836538462 0.7155256322115384 0.6153356947115385 0.7155256322115384 0.6153356947115385 0.7260678269230769 0.6153356947115385 0.7336307067307692 0.6233282836538462 0.7336307067307692
0 0.6153356947115385 0.7764870216346154 0.6260354495192307 0.7764870216346154 0.6260354495192307 0.7228593341346153 0.6153356947115385 0.7228593341346153 0.6153356947115385 0.7764870216346154
0 0.8241572620192308 0.6822971274038461 0.8096159086538461 0.6822971274038461 0.8096159086538461 0.7105318774038462 0.8241572620192308 0.7105318774038462 0.8241572620192308 0.6822971274038461
0 0.884004170673077 0.7707716682692307 0.8625724326923077 0.7707716682692307 0.8625724326923077 0.8022836634615385 0.884004170673077 0.8022836634615385 0.884004170673077 0.7707716682692307
0 0.8788476610576923 0.7538697788461538 0.857738204326923 0.7538697788461538 0.857738204326923 0.7942624278846153 0.8788476610576923 0.7942624278846153 0.8788476610576923 0.7538697788461538
0 0.8743357163461538 0.7467079615384615 0.8545153870192308 0.7467079615384615 0.8545153870192308 0.7873870841346153 0.8743357163461538 0.7873870841346153 0.8743357163461538 0.7467079615384615
0 0.8649895456730768 0.6599067355769231 0.8554822331730769 0.6599067355769231 0.8554822331730769 0.7063153125 0.8649895456730768 0.7063153125 0.8649895456730768 0.6599067355769231
0 0.8329225072115385 0.6152169951923077 0.8248654639423076 0.6152169951923077 0.8248654639423076 0.6604796802884615 0.8329225072115385 0.6604796802884615 0.8329225072115385 0.6152169951923077
0 0.8266380120192308 0.6123522692307692 0.8176141225961538 0.6123522692307692 0.8176141225961538 0.65417728125 0.8266380120192308 0.65417728125 0.8266380120192308 0.6123522692307692
0 0.6387477355769231 0.6000339423076924 0.627306733173077 0.6000339423076924 0.627306733173077 0.6369889206730769 0.6387477355769231 0.6369889206730769 0.6387477355769231 0.6000339423076924
0 0.6423793846153847 0.5634387235576923 0.637532266826923 0.5634387235576923 0.637532266826923 0.5731558774038461 0.6423793846153847 0.5731558774038461 0.6423793846153847 0.5634387235576923
0 0.6516611009615385 0.5579384471153847 0.6445451177884615 0.5579384471153847 0.6445451177884615 0.5729725336538461 0.6516611009615385 0.5729725336538461 0.6516611009615385 0.5579384471153847
0 0.743138485576923 0.5494109711538462 0.7378530649038461 0.5494109711538462 0.7378530649038461 0.567516045673077 0.743138485576923 0.567516045673077 0.743138485576923 0.5494109711538462
0 0.7079964350961538 0.51701390625 0.6975184110576923 0.51701390625 0.6975184110576923 0.5419484903846153 0.7079964350961538 0.5419484903846153 0.7079964350961538 0.51701390625
0 0.4064514471153846 0.49479392307692305 0.4010886778846154 0.49479392307692305 0.4010886778846154 0.513861545673077 0.4064514471153846 0.513861545673077 0.4064514471153846 0.49479392307692305
0 0.41150482451923076 0.49277715624999996 0.4061420576923077 0.49277715624999996 0.4061420576923077 0.5145949158653846 0.41150482451923076 0.5145949158653846 0.41150482451923076 0.49277715624999996
0 0.4529631538461538 0.4537251971153846 0.44914733653846156 0.4537251971153846 0.44914733653846156 0.473892875 0.4529631538461538 0.473892875 0.4529631538461538 0.4537251971153846
0 0.4641012115384615 0.45647533653846156 0.45822279326923077 0.45647533653846156 0.45822279326923077 0.4696759975961538 0.4641012115384615 0.4696759975961538 0.4641012115384615 0.45647533653846156
0 0.4721453653846154 0.4458414711538462 0.46595755528846156 0.4458414711538462 0.46595755528846156 0.46435906490384615 0.4721453653846154 0.46435906490384615 0.4721453653846154 0.4458414711538462
0 0.47699248317307696 0.4319074375 0.4728672764423077 0.4319074375 0.4728672764423077 0.45024168990384617 0.47699248317307696 0.45024168990384617 0.47699248317307696 0.4319074375
0 0.5376908389423076 0.47767345432692304 0.5323731899038461 0.47767345432692304 0.5323731899038461 0.5000183245192308 0.5376908389423076 0.5000183245192308 0.5376908389423076 0.47767345432692304
0 0.5571888870192307 0.48053818028846157 0.5513878149038461 0.48053818028846157 0.5513878149038461 0.49514828846153847 0.5571888870192307 0.49514828846153847 0.5571888870192307 0.48053818028846157
0 0.5554163365384616 0.4306919326923077 0.54977640625 0.4306919326923077 0.54977640625 0.4421508389423077 0.5554163365384616 0.4421508389423077 0.5554163365384616 0.4306919326923077
0 0.5651503197115384 0.41336124278846154 0.5619821610576923 0.41336124278846154 0.5619821610576923 0.4290846995192308 0.5651503197115384 0.4290846995192308 0.5651503197115384 0.41336124278846154
0 0.5685164879807693 0.4153560096153846 0.56561234375 0.4153560096153846 0.56561234375 0.42885001923076926 0.5685164879807693 0.42885001923076926 0.5685164879807693 0.4153560096153846
0 0.5723446802884615 0.4125398701923077 0.5683184783653846 0.4125398701923077 0.5683184783653846 0.43002341346153844 0.5723446802884615 0.43002341346153844 0.5723446802884615 0.4125398701923077
0 0.549705545673077 0.40010191346153845 0.5442932740384616 0.40010191346153845 0.5442932740384616 0.4096063894230769 0.549705545673077 0.4096063894230769 0.549705545673077 0.40010191346153845
0 0.5149218004807692 0.4098410673076923 0.510433576923077 0.4098410673076923 0.510433576923077 0.4192282043269231 0.5149218004807692 0.4192282043269231 0.5149218004807692 0.4098410673076923
0 0.48918051201923074 0.402683375 0.48667238461538465 0.402683375 0.48667238461538465 0.40995840625 0.48918051201923074 0.40995840625 0.48918051201923074 0.402683375
0 0.49399875240384616 0.39939787740384614 0.48957653125 0.39939787740384614 0.48957653125 0.4097237283653846 0.49399875240384616 0.4097237283653846 0.49399875240384616 0.39939787740384614
0 0.5310266081730769 0.37968488942307693 0.5278584495192308 0.37968488942307693 0.5278584495192308 0.3901280793269231 0.5310266081730769 0.3901280793269231 0.5310266081730769 0.37968488942307693
0 0.5330067091346155 0.3864905649038462 0.5299045528846154 0.3864905649038462 0.5299045528846154 0.3983418245192307 0.5330067091346155 0.3983418245192307 0.5330067091346155 0.3864905649038462
0 0.5850173149038461 0.39798980528846156 0.582179173076923 0.39798980528846156 0.582179173076923 0.41383060096153845 0.5850173149038461 0.41383060096153845 0.5850173149038461 0.39798980528846156
0 0.58805346875 0.3968164158653846 0.5858093557692308 0.3968164158653846 0.5858093557692308 0.41124913701923077 0.58805346875 0.41124913701923077 0.58805346875 0.3968164158653846
0 0.5908916105769231 0.3982244855769231 0.5887135 0.3982244855769231 0.5887135 0.41371326201923075 0.5908916105769231 0.41371326201923075 0.5908916105769231 0.3982244855769231
0 0.40900839663461536 0.39565857932692305 0.40579799519230775 0.39565857932692305 0.40579799519230775 0.40384416346153845 0.40900839663461536 0.40384416346153845 0.40900839663461536 0.39565857932692305
0 0.43507178365384613 0.3811648389423077 0.4313122355769231 0.3811648389423077 0.4313122355769231 0.39746090865384615 0.43507178365384613 0.39746090865384615 0.43507178365384613 0.3811648389423077
0 0.4533203798076923 0.3799632860576923 0.4500254927884615 0.3799632860576923 0.4500254927884615 0.39483251201923075 0.4533203798076923 0.39483251201923075 0.4533203798076923 0.3799632860576923
0 0.450659125 0.35450537019230766 0.4476599350961538 0.35450537019230766 0.4476599350961538 0.36133920673076925 0.450659125 0.36133920673076925 0.450659125 0.35450537019230766
0 0.4544609158653846 0.3701255649038462 0.44892719951923077 0.3701255649038462 0.44892719951923077 0.37673411057692313 0.4544609158653846 0.37673411057692313 0.4544609158653846 0.3701255649038462
0 0.5196694615384615 0.3531814038461538 0.5166069086538462 0.3531814038461538 0.5166069086538462 0.3646337115384615 0.5196694615384615 0.3646337115384615 0.5196694615384615 0.3531814038461538
0 0.5394704543269231 0.3310277620192308 0.5373583485576924 0.3310277620192308 0.5373583485576924 0.3393823125 0.5394704543269231 0.3393823125 0.5394704543269231 0.3310277620192308
0 0.5499253798076923 0.33112163221153845 0.5479188774038461 0.33112163221153845 0.5479188774038461 0.3400394134615385 0.5499253798076923 0.3400394134615385 0.5499253798076923 0.33112163221153845
0 0.42898349038461536 0.3312669831730769 0.4265957620192308 0.3312669831730769 0.4265957620192308 0.33972592067307694 0.42898349038461536 0.33972592067307694 0.42898349038461536 0.3312669831730769
0 0.4264400408653846 0.3309901442307692 0.42462329326923076 0.3309901442307692 0.42462329326923076 0.3400642788461538 0.4264400408653846 0.3400642788461538 0.4264400408653846 0.3309901442307692
0 0.42500394471153846 0.3317283798076923 0.4230660793269231 0.3317283798076923 0.4230660793269231 0.34080251201923073 0.42500394471153846 0.34080251201923073 0.42500394471153846 0.3317283798076923
0 0.4236370576923077 0.3321897764423077 0.42143965624999996 0.3321897764423077 0.42143965624999996 0.3412023894230769 0.4236370576923077 0.3412023894230769 0.4236370576923077 0.3321897764423077
0 0.4216299831730769 0.3318821778846154 0.41932876682692305 0.3318821778846154 0.41932876682692305 0.3412023894230769 0.4216299831730769 0.3412023894230769 0.4216299831730769 0.3318821778846154
0 0.41849825240384614 0.332497375 0.41581638701923074 0.332497375 0.41581638701923074 0.3413254278846154 0.41849825240384614 0.3413254278846154 0.41849825240384614 0.332497375
0 0.41581638701923074 0.332497375 0.4135151706730769 0.332497375 0.4135151706730769 0.34077175240384616 0.41581638701923074 0.34077175240384616 0.41581638701923074 0.332497375
0 0.4132556346153846 0.3325281346153846 0.4106429759615385 0.3325281346153846 0.4106429759615385 0.3406487139423077 0.4132556346153846 0.3406487139423077 0.4132556346153846 0.3325281346153846
0 0.4108852091346154 0.3324358557692308 0.4080130168269231 0.3324358557692308 0.4080130168269231 0.3410793509615385 0.4108852091346154 0.3410793509615385 0.4108852091346154 0.3324358557692308
0 0.4289810576923077 0.3484317331730769 0.4267633485576923 0.3484317331730769 0.4267633485576923 0.35819435576923075 0.4289810576923077 0.35819435576923075 0.4289810576923077 0.3484317331730769
0 0.43505336298076924 0.3379181394230769 0.43315246875 0.3379181394230769 0.43315246875 0.3462726923076923 0.43505336298076924 0.3462726923076923 0.43505336298076924 0.3379181394230769
0 0.3902239158653846 0.3493704471153846 0.3878477980769231 0.3493704471153846 0.3878477980769231 0.35856984134615383 0.3902239158653846 0.35856984134615383 0.3902239158653846 0.3493704471153846
0 0.3934976802884615 0.35528434374999995 0.39112156009615384 0.35528434374999995 0.39112156009615384 0.3596024278846154 0.3934976802884615 0.3596024278846154 0.3934976802884615 0.35528434374999995
0 0.3792224615384615 0.36340835817307693 0.37700559615384616 0.36340835817307693 0.37700559615384616 0.37427040144230767 0.3792224615384615 0.37427040144230767 0.3792224615384615 0.36340835817307693
0 0.37851955288461536 0.35581453846153843 0.37500500721153845 0.35581453846153843 0.37500500721153845 0.36634014903846157 0.37851955288461536 0.36634014903846157 0.37851955288461536 0.35581453846153843
0 0.4701038605769231 0.35401143990384615 0.46804125721153844 0.35401143990384615 0.46804125721153844 0.3639852740384616 0.4701038605769231 0.3639852740384616 0.4701038605769231 0.35401143990384615
0 0.4753016225961538 0.35181132932692305 0.4723314735576923 0.35181132932692305 0.4723314735576923 0.3581183125 0.4753016225961538 0.3581183125 0.4753016225961538 0.35181132932692305
0 0.48751223317307696 0.3563582235576923 0.48454208413461536 0.3563582235576923 0.48454208413461536 0.3676521225961539 0.48751223317307696 0.3676521225961539 0.48751223317307696 0.3563582235576923
0 0.4842945721153846 0.36149181490384613 0.47645668028846155 0.36149181490384613 0.47645668028846155 0.3787993485576923 0.4842945721153846 0.3787993485576923 0.4842945721153846 0.36149181490384613
0 0.49922781971153846 0.34917119711538464 0.49551513461538466 0.34917119711538464 0.49551513461538466 0.3573849423076923 0.49922781971153846 0.3573849423076923 0.49922781971153846 0.34917119711538464
0 0.4950201105769231 0.33362375 0.4922974735576923 0.33362375 0.4922974735576923 0.3456510192307692 0.4950201105769231 0.3456510192307692 0.4950201105769231 0.33362375
0 0.48899730769230765 0.33641055769230765 0.4869347043269231 0.33641055769230765 0.4869347043269231 0.3456510192307692 0.48899730769230765 0.3456510192307692 0.48899730769230765 0.33641055769230765
0 0.4830570096153846 0.33699725480769227 0.4808293990384615 0.33699725480769227 0.4808293990384615 0.34477097596153844 0.4830570096153846 0.34477097596153844 0.4830570096153846 0.33699725480769227
0 0.4799218533653846 0.34301088701923077 0.4779417548076923 0.34301088701923077 0.4779417548076923 0.34785112980769234 0.4799218533653846 0.34785112980769234 0.4799218533653846 0.34301088701923077
0 0.4771992163461538 0.3397840600961538 0.47398155528846153 0.3397840600961538 0.47398155528846153 0.3484378269230769 0.4771992163461538 0.3484378269230769 0.4771992163461538 0.3397840600961538
0 0.47101140625 0.3387573413461539 0.46804125721153844 0.3387573413461539 0.46804125721153844 0.34535767307692306 0.47101140625 0.34535767307692306 0.47101140625 0.3387573413461539
0 0.4677112403846154 0.3409574519230769 0.4644110745192308 0.3409574519230769 0.4644110745192308 0.3490245240384615 0.4677112403846154 0.3490245240384615 0.4677112403846154 0.3409574519230769
0 0.22968809375 0.3154728461538462 0.22741715865384615 0.3154728461538462 0.22741715865384615 0.32128836778846154 0.22968809375 0.32128836778846154 0.22968809375 0.3154728461538462
0 0.23395961778846155 0.31720308413461534 0.23206717067307692 0.31720308413461534 0.23206717067307692 0.3250372139423077 0.23395961778846155 0.3250372139423077 0.23395961778846155 0.31720308413461534
0 0.23555468028846155 0.3137906730769231 0.23355409375 0.3137906730769231 0.23355409375 0.32133642788461536 0.23555468028846155 0.32133642788461536 0.23555468028846155 0.3137906730769231
0 0.23774451201923077 0.31561703365384614 0.23582502884615383 0.31561703365384614 0.23582502884615383 0.3239798461538462 0.23774451201923077 0.3239798461538462 0.23774451201923077 0.31561703365384614
0 0.24623348798076924 0.3203751850961538 0.2400154471153846 0.3203751850961538 0.2400154471153846 0.32494108894230767 0.24623348798076924 0.32494108894230767 0.24623348798076924 0.3203751850961538
0 0.2478555841346154 0.3122526826923077 0.24523319471153845 0.3122526826923077 0.24523319471153845 0.3220092980769231 0.2478555841346154 0.3220092980769231 0.2478555841346154 0.3122526826923077
0 0.2551279879807692 0.3226821682692308 0.2530462956730769 0.3226821682692308 0.2530462956730769 0.33056436057692307 0.2551279879807692 0.33056436057692307 0.2551279879807692 0.3226821682692308
0 0.25672305048076927 0.3245565913461539 0.25545240625 0.3245565913461539 0.25545240625 0.3283535 0.25672305048076927 0.3283535 0.25672305048076927 0.3245565913461539
0 0.26751867067307694 0.31624475 0.26529106009615383 0.31624475 0.26529106009615383 0.32269840625 0.26751867067307694 0.32269840625 0.26751867067307694 0.31624475
0 0.28385449038461535 0.3072976346153846 0.2821219038461539 0.3072976346153846 0.2821219038461539 0.31463133653846154 0.28385449038461535 0.31463133653846154 0.28385449038461535 0.3072976346153846
0 0.2721747091346154 0.32576976201923075 0.26997812019230766 0.32576976201923075 0.26997812019230766 0.3292993245192308 0.2721747091346154 0.3292993245192308 0.2721747091346154 0.32576976201923075
0 0.27504717307692306 0.3229911682692308 0.27504717307692306 0.3222401971153846 0.2732730048076923 0.3222401971153846 0.2732730048076923 0.32884874278846155 0.27504717307692306 0.32884874278846155 0.27504717307692306 0.3229911682692308
0 0.2818903966346154 0.32133903125 0.2804119230769231 0.32133903125 0.2804119230769231 0.32824796634615383 0.2818903966346154 0.32824796634615383 0.2818903966346154 0.32133903125
0 0.2799895 0.32246548798076924 0.2782575745192308 0.32246548798076924 0.2782575745192308 0.3285483533653846 0.2799895 0.3285483533653846 0.2799895 0.32246548798076924
0 0.28886034615384615 0.3166830120192307 0.28721290384615383 0.3166830120192307 0.28721290384615383 0.32193981009615386 0.28886034615384615 0.32193981009615386 0.28886034615384615 0.3166830120192307
0 0.2920285048076923 0.31758417788461535 0.28995864182692305 0.31758417788461535 0.28995864182692305 0.32178961538461537 0.2920285048076923 0.32178961538461537 0.2920285048076923 0.31758417788461535
0 0.29899845432692307 0.32201490625 0.2974777379807692 0.32201490625 0.2974777379807692 0.32591995673076923 0.29899845432692307 0.32591995673076923 0.29899845432692307 0.32201490625
0 0.3026312764423077 0.32892383894230764 0.3006458966346154 0.32892383894230764 0.3006458966346154 0.3351568990384616 0.3026312764423077 0.3351568990384616 0.3026312764423077 0.32892383894230764
0 0.345998423076923 0.34083345673076926 0.34362230288461537 0.34083345673076926 0.34362230288461537 0.34890639423076925 0.345998423076923 0.34890639423076925 0.345998423076923 0.34083345673076926
0 0.3443087379807693 0.3409273269230769 0.3413517908653846 0.3409273269230769 0.3413517908653846 0.3503144639423077 0.3443087379807693 0.3503144639423077 0.3443087379807693 0.3409273269230769
1 0.9973297740384616 0.8225464639423077 0.9014876971153847 0.8225464639423077 0.9014876971153847 0.9869985384615384 0.9973297740384616 0.9869985384615384 0.9973297740384616 0.8225464639423077
0 0.3074036346153846 0.3181959807692308 0.30512256009615385 0.3181959807692308 0.30512256009615385 0.32495472115384616 0.3074036346153846 0.32495472115384616 0.3074036346153846 0.3181959807692308
0 0.31538915624999997 0.30928829807692304 0.31375227403846156 0.30928829807692304 0.31375227403846156 0.31445122355769234 0.31538915624999997 0.31445122355769234 0.31538915624999997 0.30928829807692304
0 0.3307019254807692 0.31125959615384613 0.32911784615384615 0.31125959615384613 0.32911784615384615 0.3174551081730769 0.3307019254807692 0.3174551081730769 0.3307019254807692 0.31125959615384613
0 0.3182405 0.31839381971153846 0.3162868028846154 0.31839381971153846 0.3162868028846154 0.3250586875 0.3182405 0.3250586875 0.3182405 0.31839381971153846
0 0.3279033846153846 0.3287196730769231 0.3259496875 0.3287196730769231 0.3259496875 0.3362293822115384 0.3279033846153846 0.3362293822115384 0.3279033846153846 0.3287196730769231
0 0.3416320721153846 0.31707962019230773 0.33967837500000003 0.31707962019230773 0.33967837500000003 0.32036512019230773 0.3416320721153846 0.32036512019230773 0.3416320721153846 0.31707962019230773
0 0.34353296875 0.31707962019230773 0.3416320721153846 0.31707962019230773 0.3416320721153846 0.32017737740384616 0.34353296875 0.32017737740384616 0.34353296875 0.31707962019230773
0 0.4046181850961539 0.31360979807692313 0.4027933245192308 0.31360979807692313 0.4027933245192308 0.3174547692307692 0.4046181850961539 0.3174547692307692 0.4046181850961539 0.31360979807692313
0 0.39637252403846157 0.30790241826923076 0.3944800769230769 0.30790241826923076 0.3944800769230769 0.3142105745192308 0.39637252403846157 0.3142105745192308 0.39637252403846157 0.30790241826923076
0 0.40522647115384614 0.3340962860576923 0.4028947067307692 0.3340962860576923 0.4028947067307692 0.34635213221153843 0.40522647115384614 0.34635213221153843 0.40522647115384614 0.3340962860576923
0 0.4233398918269231 0.31889663221153847 0.4212446826923077 0.31889663221153847 0.4212446826923077 0.3233423822115385 0.4233398918269231 0.3233423822115385 0.4233398918269231 0.31889663221153847
0 0.4111065745192307 0.30856327403846157 0.4096872379807692 0.30856327403846157 0.4096872379807692 0.3130690985576923 0.4111065745192307 0.3130690985576923 0.4111065745192307 0.30856327403846157
0 0.22504816826923074 0.8264035480769232 0.23168801442307693 0.8264035480769232 0.23168801442307693 0.806066235576923 0.22504816826923074 0.806066235576923 0.22504816826923074 0.8264035480769232
0 0.22608814423076923 0.8229902932692308 0.23880785096153845 0.8229902932692308 0.23880785096153845 0.7901377115384616 0.22608814423076923 0.7901377115384616 0.22608814423076923 0.8229902932692308
0 0.39647225 0.7773630048076924 0.4047920600961538 0.7773630048076924 0.4047920600961538 0.7604389471153846 0.39647225 0.7604389471153846 0.39647225 0.7773630048076924
0 0.38006373317307696 0.8245797019230768 0.3883124375 0.8245797019230768 0.3883124375 0.8021091033653847 0.38006373317307696 0.8021091033653847 0.38006373317307696 0.8245797019230768
0 0.8378425384615386 0.6056455456730769 0.8291227379807692 0.6056455456730769 0.8291227379807692 0.6197252235576923 0.8378425384615386 0.6197252235576923 0.8378425384615386 0.6056455456730769
0 0.8516547235576923 0.63356490625 0.8604545216346153 0.63356490625 0.8604545216346153 0.6174941634615384 0.8516547235576923 0.6174941634615384 0.8516547235576923 0.63356490625
0 0.7496881682692307 0.5544221466346154 0.7419059447115385 0.5544221466346154 0.7419059447115385 0.576703875 0.7496881682692307 0.576703875 0.7496881682692307 0.5544221466346154
0 0.5968198269230769 0.5723141442307692 0.6007109374999999 0.5723141442307692 0.6007109374999999 0.56275703125 0.5968198269230769 0.56275703125 0.5968198269230769 0.5723141442307692
0 0.5627665625 0.3851855961538462 0.5649783509615385 0.3851855961538462 0.5649783509615385 0.37768553846153846 0.5627665625 0.37768553846153846 0.5627665625 0.3851855961538462
0 0.5334398725961539 0.3711320889423077 0.5356926201923077 0.3711320889423077 0.5356926201923077 0.3654524302884615 0.5334398725961539 0.3654524302884615 0.5334398725961539 0.3711320889423077
0 0.5415088076923077 0.35409311778846153 0.5439253918269231 0.35409311778846153 0.5439253918269231 0.3457192644230769 0.5415088076923077 0.3457192644230769 0.5415088076923077 0.35409311778846153
0 0.5671901394230769 0.34702995673076925 0.5690742572115385 0.34702995673076925 0.5690742572115385 0.3398939759615385 0.5671901394230769 0.3398939759615385 0.5671901394230769 0.34702995673076925
0 0.5680093221153846 0.41125376442307693 0.573006326923077 0.41125376442307693 0.573006326923077 0.4022973822115385 0.5680093221153846 0.4022973822115385 0.5680093221153846 0.41125376442307693
0 0.4340822668269231 0.4028671129807692 0.43727707451923076 0.4028671129807692 0.43727707451923076 0.3967505600961539 0.4340822668269231 0.3967505600961539 0.4340822668269231 0.4028671129807692
0 0.4421921610576923 0.40170205528846153 0.44354381009615385 0.40170205528846153 0.44354381009615385 0.39806125 0.4421921610576923 0.39806125 0.4421921610576923 0.40170205528846153
0 0.44424830528846154 0.3765513701923077 0.44605050480769226 0.3765513701923077 0.44605050480769226 0.37043481730769234 0.44424830528846154 0.37043481730769234 0.44424830528846154 0.3765513701923077
0 0.4442810745192308 0.3612308605769231 0.4460177379807692 0.3612308605769231 0.4460177379807692 0.3526676850961538 0.4442810745192308 0.3526676850961538 0.4442810745192308 0.3612308605769231
0 0.4646537019230769 0.36439690384615386 0.46698673076923075 0.36439690384615386 0.46698673076923075 0.3549366370192307 0.4646537019230769 0.3549366370192307 0.4646537019230769 0.36439690384615386
0 0.4845499759615385 0.3488783341346154 0.4871451418269231 0.3488783341346154 0.4871451418269231 0.3447307307692308 0.4845499759615385 0.3447307307692308 0.4845499759615385 0.3488783341346154
0 0.4083716730769231 0.3996042235576923 0.41111593028846155 0.3996042235576923 0.41111593028846155 0.38846335817307687 0.4083716730769231 0.38846335817307687 0.4083716730769231 0.3996042235576923
0 0.3730649615384615 0.36989524999999995 0.3756453822115385 0.36989524999999995 0.3756453822115385 0.3646524903846154 0.3730649615384615 0.3646524903846154 0.3730649615384615 0.36989524999999995
0 0.15510195192307694 0.32020601923076925 0.15809196394230768 0.32020601923076925 0.15809196394230768 0.3140166490384615 0.15510195192307694 0.3140166490384615 0.15510195192307694 0.32020601923076925
0 0.13675229326923077 0.31947785817307695 0.1387592860576923 0.31947785817307695 0.1387592860576923 0.31350693749999997 0.13675229326923077 0.31350693749999997 0.13675229326923077 0.31947785817307695
0 0.13436931490384615 0.3178616201923077 0.1361677908653846 0.3178616201923077 0.1361677908653846 0.3141155408653846 0.13436931490384615 0.3141155408653846 0.13436931490384615 0.3178616201923077
0 0.3355786778846154 0.31043009134615385 0.3370550384615385 0.31043009134615385 0.3370550384615385 0.30491237740384614 0.3355786778846154 0.30491237740384614 0.3355786778846154 0.31043009134615385
0 0.33721614903846153 0.3100579158653846 0.3383637379807692 0.3100579158653846 0.3383637379807692 0.30546450721153845 0.33721614903846153 0.30546450721153845 0.33721614903846153 0.3100579158653846
0 0.3547542524038461 0.3103617451923077 0.35668358894230767 0.3103617451923077 0.35668358894230767 0.3049036826923077 0.3547542524038461 0.3049036826923077 0.3547542524038461 0.3103617451923077
0 0.3870698197115384 0.31039309134615384 0.3893346923076923 0.31039309134615384 0.3893346923076923 0.3062473509615385 0.3870698197115384 0.3062473509615385 0.3870698197115384 0.31039309134615384
0 0.39750500961538465 0.3269462331730769 0.4000550865384615 0.3269462331730769 0.4000550865384615 0.3228601418269231 0.39750500961538465 0.3228601418269231 0.39750500961538465 0.3269462331730769
0 0.4081643701923077 0.34856628125 0.4097581706730769 0.34856628125 0.4097581706730769 0.3422283677884615 0.4081643701923077 0.3422283677884615 0.4081643701923077 0.34856628125
0 0.4103034182692307 0.34830530769230766 0.4117084759615385 0.34830530769230766 0.4117084759615385 0.3430858509615385 0.4103034182692307 0.3430858509615385 0.4103034182692307 0.34830530769230766
0 0.41284091346153845 0.3484171538461539 0.4144137403846154 0.3484171538461539 0.4144137403846154 0.3406487139423077 0.41284091346153845 0.3406487139423077 0.41284091346153845 0.3484171538461539
0 0.44891743990384614 0.33334393028846154 0.4508310480769231 0.33334393028846154 0.4508310480769231 0.3283574831730769 0.44891743990384614 0.3283574831730769 0.44891743990384614 0.33334393028846154
0 0.4846747163461539 0.34126999038461536 0.4833535408653846 0.34126999038461536 0.4833535408653846 0.3458929399038461 0.4846747163461539 0.3458929399038461 0.4846747163461539 0.34126999038461536
0 0.47639115625 0.3578976947115384 0.4721759759615385 0.3578976947115384 0.4721759759615385 0.3618868533653846 0.47639115625 0.3618868533653846 0.47639115625 0.3578976947115384
0 0.49827273557692303 0.3331132740384615 0.5004327524038461 0.3331132740384615 0.5004327524038461 0.3252840865384616 0.49827273557692303 0.3252840865384616 0.49827273557692303 0.3331132740384615
0 0.5020684951923077 0.3338216298076923 0.5038720048076922 0.3338216298076923 0.5038720048076922 0.3269990528846154 0.5020684951923077 0.3269990528846154 0.5020684951923077 0.3338216298076923
0 0.50412365625 0.3323676370192308 0.5058223100961539 0.3323676370192308 0.5058223100961539 0.32502311298076925 0.50412365625 0.32502311298076925 0.50412365625 0.3323676370192308
0 0.5157625841346154 0.32211512980769236 0.5139800456730769 0.32211512980769236 0.5139800456730769 0.32878858173076925 0.5157625841346154 0.32878858173076925 0.5157625841346154 0.32211512980769236
0 0.5328672692307692 0.3393671778846154 0.5348660697115385 0.3393671778846154 0.5348660697115385 0.33138653125 0.5328672692307692 0.33138653125 0.5328672692307692 0.3393671778846154
0 0.7709842259615385 0.5260824302884616 0.76467653125 0.5260824302884616 0.76467653125 0.5364223197115384 0.7709842259615385 0.5364223197115384 0.7709842259615385 0.5260824302884616