1 0.6870748293269231 0.8543461826923077 0.6795918365384614 0.8543461826923077 0.6795918365384614 0.8712773990384615 0.6870748293269231 0.8712773990384615 0.6870748293269231 0.8543461826923077
1 0.7991925985576922 0.733070139423077 0.7933077331730769 0.733070139423077 0.7933077331730769 0.7467024206730769 0.7991925985576922 0.7467024206730769 0.7991925985576922 0.733070139423077
1 0.41792653125 0.5202005865384616 0.41525159134615386 0.5202005865384616 0.41525159134615386 0.5261448942307692 0.41792653125 0.5261448942307692 0.41792653125 0.5202005865384616
1 0.41525159134615386 0.5198043004807692 0.41302247596153846 0.5198043004807692 0.41302247596153846 0.5261448942307692 0.41525159134615386 0.5261448942307692 0.41525159134615386 0.5198043004807692
1 0.41302247596153846 0.5198043004807692 0.4099017139423077 0.5198043004807692 0.4099017139423077 0.5261448942307692 0.41302247596153846 0.5261448942307692 0.41302247596153846 0.5198043004807692
1 0.6430071298076924 0.9428084062500001 0.6383259855769231 0.9428084062500001 0.6383259855769231 0.9689633629807692 0.6430071298076924 0.9689633629807692 0.6430071298076924 0.9428084062500001
1 0.5837126538461539 0.8179779302884616 0.5797002451923077 0.8179779302884616 0.5797002451923077 0.8318479807692308 0.5837126538461539 0.8318479807692308 0.5837126538461539 0.8179779302884616
1 0.5712296057692308 0.8302628341346154 0.5649880817307692 0.8302628341346154 0.5649880817307692 0.8453217475961539 0.5712296057692308 0.8453217475961539 0.5712296057692308 0.8302628341346154
1 0.5850501225961539 0.8389811514423078 0.581260625 0.8389811514423078 0.581260625 0.8544363533653846 0.5850501225961539 0.8544363533653846 0.5850501225961539 0.8389811514423078
1 0.5915145576923077 0.8405663004807693 0.5868334158653846 0.8405663004807693 0.5868334158653846 0.8536437788461538 0.5915145576923077 0.8536437788461538 0.5915145576923077 0.8405663004807693
1 0.59173746875 0.8651361081730768 0.5868334158653846 0.8651361081730768 0.5868334158653846 0.8861393317307692 0.59173746875 0.8861393317307692 0.59173746875 0.8651361081730768
1 0.5910687355769231 0.8881207692307692 0.5843813870192307 0.8881207692307692 0.5843813870192307 0.9122942884615385 0.5910687355769231 0.9122942884615385 0.5910687355769231 0.8881207692307692
1 0.46981455288461543 0.6438417355769231 0.46944332932692306 0.6438417355769231 0.46606963942307694 0.6438417355769231 0.46606963942307694 0.6558888677884614 0.46981455288461543 0.6558888677884614 0.46981455288461543 0.6438417355769231
0 0.40071053125 0.5120217451923077 0.39669812259615383 0.5120217451923077 0.39669812259615383 0.5167771923076923 0.40071053125 0.5167771923076923 0.40071053125 0.5120217451923077
0 0.3987043269230769 0.5239103605769231 0.3955835649038461 0.5239103605769231 0.3955835649038461 0.5326286802884616 0.3987043269230769 0.5326286802884616 0.3987043269230769 0.5239103605769231
0 0.39669812259615383 0.5599724975961539 0.3940231826923077 0.5599724975961539 0.3940231826923077 0.5690871057692308 0.39669812259615383 0.5690871057692308 0.39669812259615383 0.5599724975961539
0 0.4214413052884615 0.5734462644230769 0.4183205456730769 0.5734462644230769 0.4183205456730769 0.5825608701923077 0.4214413052884615 0.5825608701923077 0.4214413052884615 0.5734462644230769
0 0.42991194471153843 0.6095084038461539 0.4274599182692308 0.6095084038461539 0.4274599182692308 0.6194155841346153 0.42991194471153843 0.6194155841346153 0.42991194471153843 0.6095084038461539
0 0.43414726442307694 0.6095084038461539 0.42991194471153843 0.6095084038461539 0.42991194471153843 0.6186230072115385 0.43414726442307694 0.6186230072115385 0.43414726442307694 0.6095084038461539
0 0.4451883533653846 0.6304001682692307 0.4418446802884616 0.6304001682692307 0.4418446802884616 0.6422887860576924 0.4451883533653846 0.6422887860576924 0.4451883533653846 0.6304001682692307
0 0.4578943125 0.6549699783653846 0.4549964615384615 0.6549699783653846 0.4549964615384615 0.66884003125 0.4578943125 0.66884003125 0.4578943125 0.6549699783653846
0 0.4614095240384615 0.6762104302884615 0.45688163221153844 0.6762104302884615 0.45688163221153844 0.6923096009615384 0.4614095240384615 0.6923096009615384 0.4614095240384615 0.6762104302884615
0 0.4687238100961538 0.6923096009615384 0.4614095240384615 0.6923096009615384 0.4614095240384615 0.7071703701923078 0.4687238100961538 0.7071703701923078 0.4687238100961538 0.6923096009615384
0 0.4833523822115385 0.7282231298076923 0.4777795913461539 0.7282231298076923 0.4777795913461539 0.7424647019230769 0.4833523822115385 0.7424647019230769 0.4833523822115385 0.7282231298076923
0 0.4882285721153846 0.7158391538461538 0.4833523822115385 0.7158391538461538 0.4833523822115385 0.73317671875 0.4882285721153846 0.73317671875 0.4882285721153846 0.7158391538461538
0 0.5310693870192308 0.8254373389423078 0.5268897956730769 0.8254373389423078 0.5268897956730769 0.8502052908653847 0.5310693870192308 0.8502052908653847 0.5310693870192308 0.8254373389423078
0 0.5359455793269231 0.9046947836538461 0.5317659855769231 0.9046947836538461 0.5317659855769231 0.9207939519230769 0.5359455793269231 0.9207939519230769 0.5359455793269231 0.9046947836538461
0 0.5244517019230769 0.8799268341346154 0.5181823125 0.8799268341346154 0.5181823125 0.9084099783653846 0.5244517019230769 0.9084099783653846 0.5244517019230769 0.8799268341346154
0 0.4931047620192308 0.8118149663461539 0.4896217692307693 0.8118149663461539 0.4896217692307693 0.8384405144230769 0.4931047620192308 0.8384405144230769 0.4931047620192308 0.8118149663461539
0 0.5018122451923077 0.7833318221153847 0.4969360552884616 0.7833318221153847 0.4969360552884616 0.8000501899038461 0.5018122451923077 0.8000501899038461 0.5018122451923077 0.7833318221153847
0 0.4614095240384615 0.802526985576923 0.4565333341346154 0.802526985576923 0.4565333341346154 0.8235797427884616 0.4614095240384615 0.8235797427884616 0.4614095240384615 0.802526985576923
0 0.4565333341346154 0.8056229783653847 0.45130884375 0.8056229783653847 0.45130884375 0.8235797427884616 0.4565333341346154 0.8235797427884616 0.4565333341346154 0.8056229783653847
0 0.44434285817307695 0.8235797427884616 0.4394666658653846 0.8235797427884616 0.4394666658653846 0.8483476947115385 0.44434285817307695 0.8483476947115385 0.44434285817307695 0.8235797427884616
0 0.4460843533653846 0.8768308389423077 0.4460843533653846 0.8737348437500001 0.44085986298076923 0.8737348437500001 0.44085986298076923 0.8997411947115384 0.4460843533653846 0.8997411947115384 0.4460843533653846 0.8768308389423077
0 0.4492190480769231 0.8960260024038462 0.45444353846153845 0.8960260024038462 0.45444353846153845 0.8786884350961538 0.4492190480769231 0.8786884350961538 0.4492190480769231 0.8960260024038462
0 0.4373768701923077 0.7536102788461538 0.43250068028846156 0.7536102788461538 0.43250068028846156 0.7752822379807692 0.4373768701923077 0.7752822379807692 0.4373768701923077 0.7536102788461538
0 0.42588299278846153 0.64401209375 0.42205170192307695 0.64401209375 0.42205170192307695 0.6563960697115385 0.42588299278846153 0.6563960697115385 0.42588299278846153 0.64401209375
0 0.4140408173076923 0.6192441418269231 0.4105578245192308 0.6192441418269231 0.4105578245192308 0.6316281177884615 0.4140408173076923 0.6316281177884615 0.4140408173076923 0.6192441418269231
0 0.4105578245192308 0.6229593341346155 0.40672653125 0.6229593341346155 0.40672653125 0.6365817091346154 0.4105578245192308 0.6365817091346154 0.4105578245192308 0.6229593341346155
0 0.4008054423076923 0.6241977307692307 0.39627755048076924 0.6241977307692307 0.39627755048076924 0.6353433100961539 0.4008054423076923 0.6353433100961539 0.4008054423076923 0.6241977307692307
0 0.44260136057692306 0.6638264567307692 0.4387700673076923 0.6638264567307692 0.4387700673076923 0.6768296298076923 0.44260136057692306 0.6768296298076923 0.44260136057692306 0.6638264567307692
0 0.4394666658653846 0.6811640216346154 0.43598367307692304 0.6811640216346154 0.43598367307692304 0.6879752091346153 0.4394666658653846 0.6879752091346153 0.4394666658653846 0.6811640216346154
0 0.43598367307692304 0.6799256225961539 0.42936598557692307 0.6799256225961539 0.42936598557692307 0.6879752091346153 0.43598367307692304 0.6879752091346153 0.43598367307692304 0.6799256225961539
0 0.4161306129807692 0.7988117908653846 0.41160272115384616 0.7988117908653846 0.41160272115384616 0.8173877548076922 0.4161306129807692 0.8173877548076922 0.4161306129807692 0.7988117908653846
0 0.40916462499999995 0.7988117908653846 0.40289523798076926 0.7988117908653846 0.40289523798076926 0.8173877548076922 0.40916462499999995 0.8173877548076922 0.40916462499999995 0.7988117908653846
0 0.3990639447115385 0.806861375 0.3945360552884616 0.806861375 0.3945360552884616 0.8211029471153846 0.3990639447115385 0.8211029471153846 0.3990639447115385 0.806861375
0 0.3795591826923077 0.8632084663461538 0.37259319711538463 0.8632084663461538 0.37259319711538463 0.8867380192307692 0.3795591826923077 0.8867380192307692 0.3795591826923077 0.8632084663461538
0 0.3402013605769231 0.8799268341346154 0.33567346875 0.8799268341346154 0.33567346875 0.9022179879807692 0.3402013605769231 0.9022179879807692 0.3402013605769231 0.8799268341346154
0 0.33671836778846154 0.8632084663461538 0.33358367307692305 0.8632084663461538 0.33358367307692305 0.8755924423076924 0.33671836778846154 0.8755924423076924 0.33671836778846154 0.8632084663461538
0 0.333235375 0.8638276634615385 0.3276625841346154 0.8638276634615385 0.3276625841346154 0.8867380192307692 0.333235375 0.8867380192307692 0.333235375 0.8638276634615385
0 0.2959673461538462 0.8817844302884615 0.2917877548076923 0.8817844302884615 0.2917877548076923 0.8954068028846154 0.2959673461538462 0.8954068028846154 0.2959673461538462 0.8817844302884615
0 0.2928326538461538 0.889834014423077 0.2883047620192308 0.889834014423077 0.2883047620192308 0.9121251682692308 0.2928326538461538 0.9121251682692308 0.2928326538461538 0.889834014423077
0 0.3105959182692307 0.8235797427884616 0.3060680264423077 0.8235797427884616 0.3060680264423077 0.840298110576923 0.3105959182692307 0.840298110576923 0.3105959182692307 0.8235797427884616
0 0.26322721153846157 0.7610406658653847 0.2576544230769231 0.7610406658653847 0.2576544230769231 0.7789974302884615 0.26322721153846157 0.7789974302884615 0.26322721153846157 0.7610406658653847
0 0.28029387740384615 0.6793064254807692 0.2764625841346154 0.6793064254807692 0.2764625841346154 0.6960247908653846 0.28029387740384615 0.6960247908653846 0.28029387740384615 0.6793064254807692
0 0.28482176923076924 0.7034551778846154 0.2883047620192308 0.7034551778846154 0.2883047620192308 0.6879752091346153 0.28482176923076924 0.6879752091346153 0.28482176923076924 0.7034551778846154
0 0.30850612259615384 0.79819259375 0.3029333341346154 0.79819259375 0.3029333341346154 0.8186261538461538 0.30850612259615384 0.8186261538461538 0.30850612259615384 0.79819259375
0 0.2851700673076923 0.7889046105769231 0.27750748317307694 0.7889046105769231 0.27750748317307694 0.8124341658653846 0.2851700673076923 0.8124341658653846 0.2851700673076923 0.7889046105769231
0 0.26566530528846155 0.806861375 0.2600925168269231 0.806861375 0.2600925168269231 0.8229605432692307 0.26566530528846155 0.8229605432692307 0.26566530528846155 0.806861375
0 0.25312653125 0.8272949350961538 0.2590476177884615 0.8272949350961538 0.2590476177884615 0.8124341658653846 0.25312653125 0.8124341658653846 0.25312653125 0.8272949350961538
0 0.25312653125 0.8043845817307692 0.2472054423076923 0.8043845817307692 0.2472054423076923 0.8192453509615384 0.25312653125 0.8192453509615384 0.25312653125 0.8043845817307692
0 0.3008435384615385 0.7529910817307692 0.29666394471153845 0.7529910817307692 0.29666394471153845 0.7641366586538462 0.3008435384615385 0.7641366586538462 0.3008435384615385 0.7529910817307692
0 0.3081578245192308 0.7474182908653847 0.30258503365384615 0.7474182908653847 0.30258503365384615 0.7585638701923076 0.3081578245192308 0.7585638701923076 0.3081578245192308 0.7474182908653847
0 0.35448163221153844 0.6514424783653846 0.3506503389423077 0.6514424783653846 0.3506503389423077 0.664445653846154 0.35448163221153844 0.664445653846154 0.35448163221153844 0.6514424783653846
0 0.3506503389423077 0.6526808774038462 0.34612244951923077 0.6526808774038462 0.34612244951923077 0.664445653846154 0.3506503389423077 0.664445653846154 0.3506503389423077 0.6526808774038462
0 0.3349768701923077 0.6607304615384616 0.33149387740384617 0.6607304615384616 0.33149387740384617 0.6743528341346153 0.3349768701923077 0.6743528341346153 0.3349768701923077 0.6607304615384616
0 0.3837387764423077 0.6898328052884615 0.3774693870192308 0.6898328052884615 0.3774693870192308 0.7053127740384616 0.3837387764423077 0.7053127740384616 0.3837387764423077 0.6898328052884615
0 0.3987156466346154 0.7015975817307692 0.39349115625 0.7015975817307692 0.39349115625 0.7152199543269231 0.3987156466346154 0.7152199543269231 0.3987156466346154 0.7015975817307692
0 0.39349115625 0.7059319711538462 0.38722176923076923 0.7059319711538462 0.38722176923076923 0.7152199543269231 0.39349115625 0.7152199543269231 0.39349115625 0.7059319711538462
0 0.44434285817307695 0.7211808004807693 0.44434285817307695 0.7189351466346154 0.44120816346153846 0.7189351466346154 0.44120816346153846 0.7375111105769231 0.44434285817307695 0.7375111105769231 0.44434285817307695 0.7211808004807693
0 0.3220897956730769 0.7950965985576922 0.3179102043269231 0.7950965985576922 0.3179102043269231 0.8062421754807693 0.3220897956730769 0.8062421754807693 0.3220897956730769 0.7950965985576922
0 0.34229115625 0.8235797427884616 0.3377632668269231 0.8235797427884616 0.3377632668269231 0.83596371875 0.34229115625 0.83596371875 0.34229115625 0.8235797427884616
0 0.32661768750000003 0.8266757379807692 0.33532517067307693 0.8266757379807692 0.33532517067307693 0.8019077836538462 0.32661768750000003 0.8019077836538462 0.32661768750000003 0.8266757379807692
0 0.5949170072115385 0.9273052163461538 0.58934421875 0.9273052163461538 0.58934421875 0.9570267572115385 0.5949170072115385 0.9570267572115385 0.5949170072115385 0.9273052163461538
0 0.5869061225961538 0.924828420673077 0.5830748293269231 0.924828420673077 0.5830748293269231 0.933497201923077 0.5869061225961538 0.933497201923077 0.5869061225961538 0.924828420673077
0 0.5837714278846154 0.9316396057692308 0.575760545673077 0.9316396057692308 0.575760545673077 0.9434043822115386 0.5837714278846154 0.9434043822115386 0.5837714278846154 0.9316396057692308
0 0.5614426129807693 0.9807455552884616 0.5549781754807692 0.9807455552884616 0.5549781754807692 0.9989747668269231 0.5614426129807693 0.9989747668269231 0.5614426129807693 0.9807455552884616
0 0.5505199447115385 0.9589497572115384 0.5445013341346153 0.9589497572115384 0.5445013341346153 0.9771789687500001 0.5505199447115385 0.9771789687500001 0.5505199447115385 0.9589497572115384
0 0.5507428581730769 1 0.5507428581730769 0.9811418413461539 0.5447242451923077 0.9811418413461539 0.5447242451923077 1 0.5507428581730769 1
0 0.44280163221153845 1 0.44280163221153845 0.9727621466346155 0.43639292548076924 0.9727621466346155 0.43639292548076924 1 0.44280163221153845 1
0 0.42664054567307697 0.9648364038461538 0.4193959182692308 0.9648364038461538 0.4193959182692308 0.9787064567307693 0.42664054567307697 0.9787064567307693 0.42664054567307697 0.9648364038461538
0 0.4196745576923077 0.9816786105769231 0.4196745576923077 0.9732575048076922 0.41493768750000004 0.9732575048076922 0.41493768750000004 0.9985208173076923 0.4196745576923077 0.9985208173076923 0.4196745576923077 0.9816786105769231
0 0.4196745576923077 0.9955486634615384 0.43109877644230765 0.9955486634615384 0.43109877644230765 0.9762296586538461 0.4196745576923077 0.9762296586538461 0.4196745576923077 0.9955486634615384
0 0.33664 0.9222355240384614 0.3280021754807692 0.9222355240384614 0.3280021754807692 0.9465081177884614 0.33664 0.9465081177884614 0.33664 0.9222355240384614
0 0.12025330048076924 0.9294645937499999 0.11508175240384616 0.9294645937499999 0.11508175240384616 0.9449990528846153 0.12025330048076924 0.9449990528846153 0.12025330048076924 0.9294645937499999
0 0.16276353846153846 0.9245188197115385 0.15245387740384617 0.9245188197115385 0.15245387740384617 0.9408656682692308 0.16276353846153846 0.9408656682692308 0.16276353846153846 0.9245188197115385
0 0.18226829807692307 0.8799365072115385 0.17948190384615387 0.8799365072115385 0.17948190384615387 0.8977694326923077 0.18226829807692307 0.8977694326923077 0.18226829807692307 0.8799365072115385
0 0.19062748317307693 0.8759736370192308 0.1853333341346154 0.8759736370192308 0.1853333341346154 0.8957879975961538 0.19062748317307693 0.8957879975961538 0.19062748317307693 0.8759736370192308
0 0.21319727884615383 0.8616082235576923 0.20957496634615386 0.8616082235576923 0.20957496634615386 0.8794411490384615 0.21319727884615383 0.8794411490384615 0.21319727884615383 0.8616082235576923
0 0.2251787764423077 0.7377684663461538 0.21904870673076923 0.7377684663461538 0.21904870673076923 0.75510603125 0.2251787764423077 0.75510603125 0.2251787764423077 0.7377684663461538
0 0.2357670745192308 0.733310235576923 0.23158748317307692 0.733310235576923 0.23158748317307692 0.7506478004807692 0.2357670745192308 0.7506478004807692 0.2357670745192308 0.733310235576923
0 0.23158748317307692 0.7298427211538462 0.22573605528846155 0.7298427211538462 0.22573605528846155 0.7456942091346155 0.23158748317307692 0.7456942091346155 0.23158748317307692 0.7298427211538462
0 0.027376675480769233 0.8915489615384615 0.022383454326923076 0.8915489615384615 0.022383454326923076 0.9061323317307692 0.027376675480769233 0.9061323317307692 0.027376675480769233 0.8915489615384615
0 0.03236989423076923 0.8848913365384615 0.03022994230769231 0.8848913365384615 0.03022994230769231 0.8925000504807692 0.03236989423076923 0.8925000504807692 0.03236989423076923 0.8848913365384615
0 0.03611480769230769 0.8766485625 0.03219156490384616 0.8766485625 0.03219156490384616 0.8969384687499999 0.03611480769230769 0.8969384687499999 0.03611480769230769 0.8766485625
0 0.04752787980769231 0.8538224182692308 0.04146468509615385 0.8538224182692308 0.04146468509615385 0.8782337115384615 0.04752787980769231 0.8782337115384615 0.04752787980769231 0.8538224182692308
0 0.09710341346153847 0.8154618149038462 0.09353682692307694 0.8154618149038462 0.09353682692307694 0.8392390480769231 0.09710341346153847 0.8392390480769231 0.09710341346153847 0.8154618149038462
0 0.09996150480769231 0.775556125 0.09596692788461537 0.775556125 0.09596692788461537 0.7933097908653846 0.09996150480769231 0.7933097908653846 0.09996150480769231 0.775556125
0 0.10738 0.7740343822115385 0.10224411778846153 0.7740343822115385 0.10224411778846153 0.7938170408653846 0.10738 0.7938170408653846 0.10738 0.7740343822115385
0 0.11408518028846154 0.7793604807692307 0.10937728846153846 0.7793604807692307 0.10937728846153846 0.7981286442307692 0.11408518028846154 0.7981286442307692 0.11408518028846154 0.7793604807692307
0 0.07175884615384616 0.7294400865384615 0.06819226201923077 0.7294400865384615 0.06819226201923077 0.7430723677884615 0.07175884615384616 0.7430723677884615 0.07175884615384616 0.7294400865384615
0 0.13337926442307693 0.745661610576923 0.1303833341346154 0.745661610576923 0.1303833341346154 0.7555529399038462 0.13337926442307693 0.7555529399038462 0.13337926442307693 0.745661610576923
0 0.10868898076923077 0.9354012403846154 0.09865795913461538 0.9354012403846154 0.09865795913461538 0.9552156009615385 0.10868898076923077 0.9552156009615385 0.10868898076923077 0.9354012403846154
0 0.2858422860576923 0.5887071923076923 0.2809382307692308 0.5887071923076923 0.2809382307692308 0.5962366490384615 0.2858422860576923 0.5962366490384615 0.2858422860576923 0.5887071923076923
0 0.2858422860576923 0.6009920961538462 0.29453583653846155 0.6009920961538462 0.29453583653846155 0.593462639423077 0.2858422860576923 0.593462639423077 0.2858422860576923 0.6009920961538462
0 0.29877115625 0.5827628846153846 0.29542748317307693 0.5827628846153846 0.29542748317307693 0.591481201923077 0.29877115625 0.591481201923077 0.29877115625 0.5827628846153846
0 0.3070188846153846 0.5700816923076923 0.3128145841346154 0.5700816923076923 0.3128145841346154 0.5629485240384615 0.3070188846153846 0.5629485240384615 0.3070188846153846 0.5700816923076923
0 0.1730797283653846 0.6323208461538462 0.1761447620192308 0.6323208461538462 0.1761447620192308 0.6194415120192308 0.1730797283653846 0.6194415120192308 0.1730797283653846 0.6323208461538462
0 0.1730797283653846 0.6174600745192307 0.16862149759615383 0.6174600745192307 0.16862149759615383 0.6323208461538462 0.1730797283653846 0.6323208461538462 0.1730797283653846 0.6174600745192307
0 0.01674492548076923 0.7243473317307692 0.013847074519230769 0.7243473317307692 0.013847074519230769 0.7326693629807692 0.01674492548076923 0.7326693629807692 0.01674492548076923 0.7243473317307692
1 0.9727891153846154 0.03681027884615385 0.7782312932692308 0.03681027884615385 0.7782312932692308 0.1589569158653846 0.9727891153846154 0.1589569158653846 0.9727891153846154 0.03681027884615385
0 0.2636766033653846 0.6063998701923077 0.25957503125000003 0.6063998701923077 0.25957503125000003 0.6162277932692307 0.2636766033653846 0.6162277932692307 0.2636766033653846 0.6063998701923077
0 0.25226353125 0.6304941322115384 0.24548701923076924 0.6304941322115384 0.24548701923076924 0.6434923533653846 0.25226353125 0.6434923533653846 0.25226353125 0.6304941322115384
0 0.22247561778846153 0.6795680432692308 0.21910519471153847 0.6795680432692308 0.21910519471153847 0.6885558389423078 0.22247561778846153 0.6885558389423078 0.22247561778846153 0.6795680432692308
0 0.1974381923076923 0.6701522596153846 0.19430851201923077 0.6701522596153846 0.19430851201923077 0.6804240240384616 0.1974381923076923 0.6804240240384616 0.1974381923076923 0.6701522596153846
0 0.17859687740384617 0.7417956874999999 0.17522645432692308 0.7417956874999999 0.17522645432692308 0.7520674519230769 0.17859687740384617 0.7520674519230769 0.17859687740384617 0.7417956874999999
0 0.12298490144230768 0.7246760817307693 0.1198552235576923 0.7246760817307693 0.1198552235576923 0.7387997572115383 0.12298490144230768 0.7387997572115383 0.12298490144230768 0.7246760817307693
0 0.20002313942307692 0.6972847067307693 0.19761569230769233 0.6972847067307693 0.19761569230769233 0.7101244134615385 0.20002313942307692 0.7101244134615385 0.20002313942307692 0.6972847067307693
0 0.20002313942307692 0.711836372596154 0.20339356009615386 0.711836372596154 0.20339356009615386 0.6972847067307693 0.20002313942307692 0.6972847067307693 0.20002313942307692 0.711836372596154
0 0.20169606009615387 0.6152245649038461 0.19864870673076923 0.6152245649038461 0.19864870673076923 0.6271081538461538 0.20169606009615387 0.6271081538461538 0.20169606009615387 0.6152245649038461
0 0.17452481250000002 0.6110514110576923 0.1775721658653846 0.6110514110576923 0.1775721658653846 0.6036532932692308 0.17452481250000002 0.6036532932692308 0.17452481250000002 0.6110514110576923
0 0.25206643509615384 0.9734911274038461 0.2428666466346154 0.9734911274038461 0.2428666466346154 0.9905574038461539 0.25206643509615384 0.9905574038461539 0.25206643509615384 0.9734911274038461
0 0.2070674639423077 0.8606048197115383 0.19946763942307694 0.8606048197115383 0.19946763942307694 0.8822932139423076 0.2070674639423077 0.8822932139423076 0.2070674639423077 0.8606048197115383
0 0.5504163557692308 0.8809630216346154 0.5545762620192307 0.8809630216346154 0.5545762620192307 0.8604834903846155 0.5504163557692308 0.8604834903846155 0.5504163557692308 0.8809630216346154
0 0.5268897956730769 0.8354529519230769 0.5244329519230769 0.8354529519230769 0.5244329519230769 0.8456927187500001 0.5268897956730769 0.8456927187500001 0.5268897956730769 0.8354529519230769
1 0.4683558341346154 0.6861354807692308 0.47101817307692306 0.6861354807692308 0.47101817307692306 0.6727373173076923 0.4683558341346154 0.6727373173076923 0.4683558341346154 0.6861354807692308
1 0.4541574086538462 0.6456051802884615 0.4566804855769231 0.6456051802884615 0.4566804855769231 0.6393138677884616 0.4541574086538462 0.6393138677884616 0.4541574086538462 0.6456051802884615
1 0.4554025625 0.6375080288461539 0.4583188485576923 0.6375080288461539 0.4583188485576923 0.6326730384615384 0.4554025625 0.6326730384615384 0.4554025625 0.6375080288461539
1 0.040766396634615384 0.8731103677884615 0.03611480769230769 0.8731103677884615 0.03611480769230769 0.8845231995192309 0.040766396634615384 0.8845231995192309 0.040766396634615384 0.8731103677884615
0 0.46417953125 0.7357783990384615 0.45974514182692305 0.7357783990384615 0.45974514182692305 0.7528166298076923 0.46417953125 0.7528166298076923 0.46417953125 0.7357783990384615
0 0.4027861322115385 0.8043745673076923 0.39866643990384615 0.8043745673076923 0.39866643990384615 0.8214636586538462 0.4027861322115385 0.8214636586538462 0.4027861322115385 0.8043745673076923
0 0.5048821298076923 0.7819458245192308 0.5023187668269231 0.7819458245192308 0.5023187668269231 0.7967563701923077 0.5048821298076923 0.7967563701923077 0.5048821298076923 0.7819458245192308
1 0.5099813942307693 0.7270898389423077 0.4956997956730769 0.7270898389423077 0.4956997956730769 0.7565156274038463 0.5099813942307693 0.7565156274038463 0.5099813942307693 0.7270898389423077
0 0.49833639903846155 0.7656298100961538 0.4956997956730769 0.7656298100961538 0.4956997956730769 0.7753950048076923 0.49833639903846155 0.7753950048076923 0.49833639903846155 0.7656298100961538
0 0.49833639903846155 0.7599008966346154 0.49386882211538463 0.7599008966346154 0.49386882211538463 0.7731815600961538 0.49833639903846155 0.7731815600961538 0.49833639903846155 0.7599008966346154
0 0.4785492908653846 0.7823181225961539 0.4742007259615385 0.7823181225961539 0.4742007259615385 0.794117733173077 0.4785492908653846 0.794117733173077 0.4785492908653846 0.7823181225961539
0 0.16898765384615383 0.8345013942307692 0.16681337259615384 0.8345013942307692 0.16681337259615384 0.84772509375 0.16898765384615383 0.84772509375 0.16898765384615383 0.8345013942307692
0 0.17184855048076922 0.8326704182692308 0.1692165264423077 0.8326704182692308 0.1692165264423077 0.8467078870192307 0.17184855048076922 0.8467078870192307 0.17184855048076922 0.8326704182692308
1 0.23982346634615384 0.7706207379807692 0.23043972355769232 0.7706207379807692 0.23043972355769232 0.7820134663461539 0.23982346634615384 0.7820134663461539 0.23982346634615384 0.7706207379807692
0 0.16684652403846154 0.8006489735576923 0.16437470913461538 0.8006489735576923 0.16437470913461538 0.8081356225961538 0.16684652403846154 0.8081356225961538 0.16684652403846154 0.8006489735576923
0 0.1690436923076923 0.8105769230769231 0.15869868990384614 0.8105769230769231 0.15869868990384614 0.8167615456730769 0.1690436923076923 0.8167615456730769 0.1690436923076923 0.8105769230769231
0 0.10228608894230769 0.8158775288461538 0.09828083413461539 0.8158775288461538 0.09828083413461539 0.8347975937500001 0.10228608894230769 0.8347975937500001 0.10228608894230769 0.8158775288461538
0 0.53172028125 0.88478596875 0.5270512980769231 0.88478596875 0.5270512980769231 0.902688826923077 0.53172028125 0.902688826923077 0.53172028125 0.88478596875
0 0.4982549375 0.8147283221153846 0.4945014399038462 0.8147283221153846 0.4945014399038462 0.8318174134615385 0.4982549375 0.8318174134615385 0.4982549375 0.8147283221153846
0 0.5084468822115384 0.7832025072115385 0.5057919711538461 0.7832025072115385 0.5057919711538461 0.7970365336538462 0.5084468822115384 0.7970365336538462 0.5084468822115384 0.7832025072115385
0 0.44434285817307695 0.7353403341346154 0.4485150216346154 0.7353403341346154 0.4485150216346154 0.7211808004807693 0.44434285817307695 0.7211808004807693 0.44434285817307695 0.7353403341346154
0 0.4485150216346154 0.7355030865384615 0.4506206418269231 0.7355030865384615 0.4506206418269231 0.7272026730769231 0.4485150216346154 0.7272026730769231 0.4485150216346154 0.7355030865384615
0 0.41644901442307697 0.7482537884615384 0.4108645432692307 0.7482537884615384 0.4108645432692307 0.75883275 0.41644901442307697 0.75883275 0.41644901442307697 0.7482537884615384
0 0.41351945673076923 0.7127735769230769 0.41058989663461537 0.7127735769230769 0.41058989663461537 0.725142826923077 0.41351945673076923 0.725142826923077 0.41351945673076923 0.7127735769230769
0 0.34416831249999996 0.66102634375 0.33924756971153847 0.66102634375 0.33924756971153847 0.6746569302884615 0.34416831249999996 0.6746569302884615 0.34416831249999996 0.66102634375
0 0.3118396394230769 0.6064691947115385 0.30881853125000003 0.6064691947115385 0.30881853125000003 0.6168854038461539 0.3118396394230769 0.6168854038461539 0.3118396394230769 0.6064691947115385
0 0.3118396394230769 0.6121655600961539 0.3143114543269231 0.6121655600961539 0.3143114543269231 0.6064691947115385 0.3118396394230769 0.6064691947115385 0.3118396394230769 0.6121655600961539
0 0.3166848557692308 0.5531288509615385 0.3131144543269231 0.5531288509615385 0.3131144543269231 0.5575231899038461 0.3166848557692308 0.5575231899038461 0.3166848557692308 0.5531288509615385
0 0.31247361298076926 0.5638705649038461 0.3171425985576923 0.5638705649038461 0.3171425985576923 0.5604527475961538 0.31247361298076926 0.5604527475961538 0.31247361298076926 0.5638705649038461
0 0.32025525480769235 0.5536171105769231 0.3174172451923077 0.5536171105769231 0.3174172451923077 0.5598017331730769 0.32025525480769235 0.5598017331730769 0.32025525480769235 0.5536171105769231
0 0.2385911153846154 0.64950034375 0.23483618990384617 0.64950034375 0.23483618990384617 0.6612618076923076 0.2385911153846154 0.6612618076923076 0.2385911153846154 0.64950034375
0 0.28919323317307694 0.5830639567307693 0.28722636778846156 0.5830639567307693 0.28722636778846156 0.5900572596153846 0.28919323317307694 0.5900572596153846 0.28919323317307694 0.5830639567307693
0 0.29542748317307693 0.5821103245192307 0.2925905480769231 0.5821103245192307 0.2925905480769231 0.591481201923077 0.29542748317307693 0.591481201923077 0.29542748317307693 0.5821103245192307
0 0.16023027403846155 0.85653728125 0.15352504567307693 0.85653728125 0.15352504567307693 0.8664709519230769 0.16023027403846155 0.8664709519230769 0.16023027403846155 0.85653728125
0 0 0.9208655576923076 0.0064858677884615384 0.9208655576923076 0.0064858677884615384 0.9059650528846154 0 0.9059650528846154 0 0.9208655576923076