1 0.9740084831730769 0.04552638942307692 0.8076626995192308 0.04552638942307692 0.8076626995192308 0.14897525961538463 0.9740084831730769 0.14897525961538463 0.9740084831730769 0.04552638942307692
0 0.406123451923077 0.9473401394230769 0.4006968605769231 0.9473401394230769 0.4006968605769231 0.9616876346153845 0.406123451923077 0.9616876346153845 0.406123451923077 0.9473401394230769
0 0.3801533293269231 0.899206608173077 0.37614798798076926 0.899206608173077 0.37614798798076926 0.9133226923076924 0.3801533293269231 0.9133226923076924 0.3801533293269231 0.899206608173077
0 0.4036685649038461 0.8957354399038462 0.4003092451923077 0.8957354399038462 0.4003092451923077 0.9089258798076922 0.4036685649038461 0.9089258798076922 0.4036685649038461 0.8957354399038462
0 0.4456600576923077 0.8165928076923077 0.4430759639423077 0.8165928076923077 0.4430759639423077 0.8293204254807692 0.4456600576923077 0.8293204254807692 0.4456600576923077 0.8165928076923077
0 0.44876096634615387 0.8152043413461538 0.4465644879807692 0.8152043413461538 0.4465644879807692 0.8290890120192308 0.44876096634615387 0.8290890120192308 0.44876096634615387 0.8152043413461538
0 0.4323519855769231 0.8149729302884615 0.42873425480769234 0.8149729302884615 0.42873425480769234 0.8279319567307692 0.4323519855769231 0.8279319567307692 0.4323519855769231 0.8149729302884615
0 0.3284714927884615 0.7781785480769231 0.32511217548076926 0.7781785480769231 0.32511217548076926 0.7892862860576924 0.3284714927884615 0.7892862860576924 0.3284714927884615 0.7781785480769231
0 0.3244661514423077 0.7814183052884616 0.3213652427884615 0.7814183052884616 0.3213652427884615 0.7929888653846154 0.3244661514423077 0.7929888653846154 0.3244661514423077 0.7814183052884616
0 0.3915233341346154 0.7601284735576923 0.3879056057692308 0.7601284735576923 0.3879056057692308 0.7726246802884614 0.3915233341346154 0.7726246802884614 0.3915233341346154 0.7601284735576923
0 0.45573801442307693 0.7455495673076923 0.4517326730769231 0.7455495673076923 0.4517326730769231 0.7573515384615385 0.45573801442307693 0.7573515384615385 0.45573801442307693 0.7455495673076923
0 0.4712425649038462 0.74531815625 0.46736642788461535 0.74531815625 0.46736642788461535 0.7543431923076922 0.4712425649038462 0.7543431923076922 0.4712425649038462 0.74531815625
0 0.4746018846153846 0.7483265024038462 0.47098415625 0.7483265024038462 0.47098415625 0.7605912956730769 0.4746018846153846 0.7605912956730769 0.4746018846153846 0.7483265024038462
0 0.49452561538461537 0.5180364663461539 0.49187950721153845 0.5180364663461539 0.49187950721153845 0.5251454182692308 0.49452561538461537 0.5251454182692308 0.49452561538461537 0.5180364663461539
0 0.48929954807692305 0.5180364663461539 0.4873811201923077 0.5180364663461539 0.4873811201923077 0.5249084543269231 0.48929954807692305 0.5249084543269231 0.48929954807692305 0.5180364663461539
0 0.4775243605769231 0.5214724591346154 0.47520901201923077 0.5214724591346154 0.47520901201923077 0.5297662379807693 0.4775243605769231 0.5297662379807693 0.4775243605769231 0.5214724591346154
0 0.4416695697115385 0.5059512475961538 0.43955268028846156 0.5059512475961538 0.43955268028846156 0.5121123389423077 0.4416695697115385 0.5121123389423077 0.4416695697115385 0.5059512475961538
0 0.4389573052884615 0.5054773173076923 0.4371050288461538 0.5054773173076923 0.4371050288461538 0.5131786826923077 0.4389573052884615 0.5131786826923077 0.4389573052884615 0.5054773173076923
0 0.43730348798076923 0.507965451923077 0.4351204471153846 0.507965451923077 0.4351204471153846 0.5146004735576923 0.43730348798076923 0.5146004735576923 0.43730348798076923 0.507965451923077
0 0.42314679807692307 0.5226572860576923 0.4206991466346154 0.5226572860576923 0.4206991466346154 0.5303586490384615 0.42314679807692307 0.5303586490384615 0.42314679807692307 0.5226572860576923
0 0.4670722259615384 0.49031155288461536 0.46495533653846155 0.49031155288461536 0.46495533653846155 0.4981313990384616 0.4670722259615384 0.4981313990384616 0.4670722259615384 0.49031155288461536
0 0.46958602884615386 0.49244423798076925 0.4682629735576923 0.49244423798076925 0.4682629735576923 0.49943470913461535 0.46958602884615386 0.49943470913461535 0.46958602884615386 0.49244423798076925
0 0.47110754326923077 0.48971913942307693 0.46945372355769227 0.48971913942307693 0.46945372355769227 0.4959987139423077 0.47110754326923077 0.4959987139423077 0.47110754326923077 0.48971913942307693
0 0.5109976514423077 0.44682846153846156 0.5088807620192308 0.44682846153846156 0.5088807620192308 0.45263410576923074 0.5109976514423077 0.45263410576923074 0.5109976514423077 0.44682846153846156
0 0.5088807620192308 0.43971950961538464 0.5068961802884615 0.43971950961538464 0.5068961802884615 0.44682846153846156 0.5088807620192308 0.44682846153846156 0.5088807620192308 0.43971950961538464
0 0.49498868509615385 0.4384162019230769 0.4926733389423077 0.4384162019230769 0.4926733389423077 0.44481425721153844 0.49498868509615385 0.44481425721153844 0.49498868509615385 0.4384162019230769
0 0.49247487980769233 0.4419706778846154 0.4897626177884616 0.4419706778846154 0.4897626177884616 0.44860569951923074 0.49247487980769233 0.44860569951923074 0.49247487980769233 0.4419706778846154
0 0.5050439038461538 0.4252646394230769 0.5038531538461538 0.4252646394230769 0.5038531538461538 0.42988545913461534 0.5050439038461538 0.42988545913461534 0.5050439038461538 0.4252646394230769
0 0.5078884711538462 0.42218409375 0.5056392788461539 0.42218409375 0.5056392788461539 0.4278712548076923 0.5078884711538462 0.4278712548076923 0.5078884711538462 0.42218409375
0 0.5121884014423077 0.41874810096153847 0.5103361225961538 0.41874810096153847 0.5103361225961538 0.42407981490384616 0.5121884014423077 0.42407981490384616 0.5121884014423077 0.41874810096153847
0 0.5085500000000001 0.39813213942307696 0.5072930961538462 0.39813213942307696 0.5072930961538462 0.4046486778846154 0.5085500000000001 0.4046486778846154 0.5085500000000001 0.39813213942307696
0 0.5009424326923078 0.40144964903846153 0.4992886129807692 0.40144964903846153 0.4992886129807692 0.4059519855769231 0.5009424326923078 0.4059519855769231 0.5009424326923078 0.40144964903846153
0 0.4996193774038461 0.40808467067307697 0.49789940624999995 0.40808467067307697 0.49789940624999995 0.4138903173076923 0.4996193774038461 0.4138903173076923 0.4996193774038461 0.40808467067307697
0 0.5051100552884615 0.4143642451923077 0.5032577788461539 0.4143642451923077 0.5032577788461539 0.42016989182692305 0.5051100552884615 0.42016989182692305 0.5051100552884615 0.4143642451923077
0 0.5078884711538462 0.4185111346153846 0.5062346538461538 0.4185111346153846 0.5062346538461538 0.42218409375 0.5078884711538462 0.42218409375 0.5078884711538462 0.4185111346153846
0 0.5105345817307693 0.40784770673076925 0.5086161514423077 0.40784770673076925 0.5086161514423077 0.4149566586538462 0.5105345817307693 0.4149566586538462 0.5105345817307693 0.40784770673076925
0 0.5051100552884615 0.39517007451923075 0.5037208485576923 0.39517007451923075 0.5037208485576923 0.40133116586538464 0.5051100552884615 0.40133116586538464 0.5051100552884615 0.39517007451923075
0 0.5007439735576923 0.38758719230769234 0.4994870721153846 0.38758719230769234 0.4994870721153846 0.39208952884615383 0.5007439735576923 0.39208952884615383 0.5007439735576923 0.38758719230769234
0 0.49379793509615383 0.38735022836538463 0.4923425745192308 0.38735022836538463 0.4923425745192308 0.39078622115384615 0.49379793509615383 0.39078622115384615 0.49379793509615383 0.38735022836538463
0 0.4865211322115384 0.38486209615384614 0.4853303846153846 0.38486209615384614 0.4853303846153846 0.38995684375 0.4865211322115384 0.38995684375 0.4865211322115384 0.38486209615384614
0 0.49763479567307695 0.37277687499999995 0.49611328125000004 0.37277687499999995 0.49611328125000004 0.3795303798076923 0.49763479567307695 0.3795303798076923 0.49763479567307695 0.37277687499999995
0 0.5026624038461539 0.3740801826923077 0.5012070432692307 0.3740801826923077 0.5012070432692307 0.37870100240384613 0.5026624038461539 0.37870100240384613 0.5026624038461539 0.3740801826923077
0 0.5053085144230769 0.3800043100961539 0.5040516129807693 0.3800043100961539 0.5040516129807693 0.38474361298076926 0.5053085144230769 0.38474361298076926 0.5053085144230769 0.3800043100961539
0 0.5076238605769231 0.3758574206730769 0.5064992644230769 0.3758574206730769 0.5064992644230769 0.38142610096153845 0.5076238605769231 0.38142610096153845 0.5076238605769231 0.3758574206730769
0 0.5098069014423077 0.3713550865384615 0.5084838461538461 0.3713550865384615 0.5084838461538461 0.3770422475961538 0.5098069014423077 0.3770422475961538 0.5098069014423077 0.3713550865384615
0 0.5075577067307692 0.3551229783653846 0.5063669591346154 0.3551229783653846 0.5063669591346154 0.3611655865384616 0.5075577067307692 0.3611655865384616 0.5075577067307692 0.3551229783653846
0 0.5137099134615385 0.3394832836538461 0.5122545528846154 0.3394832836538461 0.5122545528846154 0.3452889278846154 0.5137099134615385 0.3452889278846154 0.5137099134615385 0.3394832836538461
0 0.5115268725961538 0.34078659134615386 0.5103361225961538 0.34078659134615386 0.5103361225961538 0.3455258918269231 0.5115268725961538 0.3455258918269231 0.5115268725961538 0.34078659134615386
0 0.5065654158653846 0.3144834663461538 0.5050439038461538 0.3144834663461538 0.5050439038461538 0.31803794471153846 0.5065654158653846 0.31803794471153846 0.5065654158653846 0.3144834663461538
0 0.5084176947115384 0.3240805528846154 0.507028485576923 0.3240805528846154 0.507028485576923 0.32834592548076924 0.5084176947115384 0.32834592548076924 0.5084176947115384 0.3240805528846154
0 0.5054408197115385 0.32455448317307695 0.5031916274038462 0.32455448317307695 0.5031916274038462 0.32834592548076924 0.5054408197115385 0.32834592548076924 0.5054408197115385 0.32455448317307695
0 0.5000824471153846 0.3215924206730769 0.4985609326923077 0.3215924206730769 0.4985609326923077 0.3266871682692308 0.5000824471153846 0.3266871682692308 0.5000824471153846 0.3215924206730769
0 0.49148258894230773 0.3435116899038461 0.48949800721153847 0.3435116899038461 0.48949800721153847 0.3512130552884616 0.49148258894230773 0.3512130552884616 0.49148258894230773 0.3435116899038461
0 0.5054408197115385 0.35524146153846153 0.5041839182692308 0.35524146153846153 0.5041839182692308 0.3604546923076923 0.5054408197115385 0.3604546923076923 0.5054408197115385 0.35524146153846153
0 0.3964292980769231 0.4894881466346154 0.3930699783653846 0.4894881466346154 0.3930699783653846 0.49828177163461534 0.3964292980769231 0.49828177163461534 0.3964292980769231 0.4894881466346154
0 0.3815707692307692 0.4864798004807692 0.38002031490384613 0.4864798004807692 0.38002031490384613 0.49157084615384616 0.3815707692307692 0.49157084615384616 0.3815707692307692 0.4864798004807692
0 0.38002031490384613 0.4864798004807692 0.37834065384615384 0.4864798004807692 0.37834065384615384 0.49157084615384616 0.38002031490384613 0.49157084615384616 0.38002031490384613 0.4864798004807692
0 0.34293859615384614 0.49133943509615385 0.3406129134615385 0.49133943509615385 0.3406129134615385 0.4980503605769231 0.34293859615384614 0.4980503605769231 0.34293859615384614 0.49133943509615385
0 0.3428093918269231 0.4802316971153846 0.34087132451923075 0.4802316971153846 0.34087132451923075 0.4841656875 0.3428093918269231 0.4841656875 0.3428093918269231 0.4802316971153846
0 0.3475899615384615 0.4841656875 0.3428093918269231 0.4841656875 0.3428093918269231 0.49018237980769236 0.3475899615384615 0.49018237980769236 0.3475899615384615 0.4841656875
0 0.4428137451923077 0.45639634375000004 0.44035885817307696 0.45639634375000004 0.44035885817307696 0.46380150240384616 0.4428137451923077 0.46380150240384616 0.4428137451923077 0.45639634375000004
0 0.44307215384615384 0.4311725216346154 0.4408756754807692 0.4311725216346154 0.4408756754807692 0.437420625 0.44307215384615384 0.437420625 0.44307215384615384 0.4311725216346154
0 0.43687033413461535 0.43857768028846156 0.43557828846153845 0.43857768028846156 0.43557828846153845 0.44505719471153843 0.43687033413461535 0.44505719471153843 0.43687033413461535 0.43857768028846156
0 0.4194277139423077 0.4478341298076923 0.41619759855769234 0.4478341298076923 0.41619759855769234 0.45593352163461537 0.4194277139423077 0.45593352163461537 0.4194277139423077 0.4478341298076923
0 0.40830061538461543 0.4361980625 0.40672948557692307 0.4361980625 0.40672948557692307 0.4416778798076923 0.40830061538461543 0.4416778798076923 0.40830061538461543 0.4361980625
0 0.4151639615384616 0.414575 0.41384090625 0.414575 0.41384090625 0.42049912740384615 0.4151639615384616 0.42049912740384615 0.4151639615384616 0.414575
0 0.39705464663461537 0.42316498317307694 0.39482199278846153 0.42316498317307694 0.39482199278846153 0.43116255528846154 0.39705464663461537 0.43116255528846154 0.39705464663461537 0.42316498317307694
0 0.3916797355769231 0.42464601682692305 0.3904393725961538 0.42464601682692305 0.3904393725961538 0.4310144519230769 0.3916797355769231 0.4310144519230769 0.3916797355769231 0.42464601682692305
0 0.38597406009615387 0.4154636201923077 0.3839894783653846 0.4154636201923077 0.3839894783653846 0.42153585096153845 0.38597406009615387 0.42153585096153845 0.38597406009615387 0.4154636201923077
0 0.38969515384615383 0.40672553365384617 0.3869663533653846 0.40672553365384617 0.3869663533653846 0.41235345192307693 0.38969515384615383 0.41235345192307693 0.38969515384615383 0.40672553365384617
1 0.40772177644230767 0.3809555793269231 0.4028430120192308 0.3809555793269231 0.4028430120192308 0.39147090625000003 0.40772177644230767 0.39147090625000003 0.40772177644230767 0.3809555793269231
1 0.3571976153846154 0.42153585096153845 0.3528149951923077 0.42153585096153845 0.3528149951923077 0.43012583413461536 0.3571976153846154 0.43012583413461536 0.3571976153846154 0.42153585096153845
0 0.30005817788461536 0.45382234134615385 0.2984043581730769 0.45382234134615385 0.2984043581730769 0.45959836538461535 0.30005817788461536 0.45959836538461535 0.30005817788461536 0.45382234134615385
0 0.27401053125 0.45500716586538464 0.27202594951923076 0.45500716586538464 0.27202594951923076 0.4628566346153846 0.27401053125 0.4628566346153846 0.27401053125 0.45500716586538464
0 0.1808294735576923 0.4340401538461538 0.17942372836538462 0.4340401538461538 0.17942372836538462 0.4405566923076923 0.1808294735576923 0.4405566923076923 0.1808294735576923 0.4340401538461538
0 0.18091216346153846 0.4190817331730769 0.17925834615384614 0.4190817331730769 0.17925834615384614 0.42470965384615383 0.18091216346153846 0.42470965384615383 0.18091216346153846 0.4190817331730769
0 0.1839717283653846 0.41345381249999996 0.18264867307692306 0.41345381249999996 0.18264867307692306 0.4180450120192308 0.1839717283653846 0.4180450120192308 0.1839717283653846 0.41345381249999996
0 0.18711398557692308 0.4174525985576923 0.18521209375 0.4174525985576923 0.18521209375 0.4235248293269231 0.18711398557692308 0.4235248293269231 0.18711398557692308 0.4174525985576923
0 0.22333261538461538 0.37850146394230766 0.22134803365384614 0.37850146394230766 0.22134803365384614 0.384721798076923 0.22333261538461538 0.384721798076923 0.22333261538461538 0.37850146394230766
0 0.23623240144230767 0.37879767067307696 0.23309014663461539 0.37879767067307696 0.23309014663461539 0.3862028293269231 0.23623240144230767 0.3862028293269231 0.23623240144230767 0.37879767067307696
0 0.2635204110576923 0.35495306009615385 0.26170121153846154 0.35495306009615385 0.26170121153846154 0.3610252908653846 0.2635204110576923 0.3610252908653846 0.2635204110576923 0.35495306009615385
0 0.26947415865384616 0.3540644423076923 0.26674535817307693 0.3540644423076923 0.26674535817307693 0.3613214951923077 0.26947415865384616 0.3613214951923077 0.26947415865384616 0.3540644423076923
0 0.3579534615384615 0.37642802163461536 0.3562169519230769 0.37642802163461536 0.3562169519230769 0.38279645673076923 0.3579534615384615 0.38279645673076923 0.3579534615384615 0.37642802163461536
0 0.3787088870192308 0.3327375841346154 0.37746852403846154 0.3327375841346154 0.37746852403846154 0.33866171153846153 0.3787088870192308 0.33866171153846153 0.3787088870192308 0.3327375841346154
0 0.3304173798076923 0.33762498798076923 0.32868087019230774 0.33762498798076923 0.32868087019230774 0.34488204567307695 0.3304173798076923 0.34488204567307695 0.3304173798076923 0.33762498798076923
0 0.327688579326923 0.3345148221153846 0.32611745192307695 0.3345148221153846 0.32611745192307695 0.3444377355769231 0.327688579326923 0.3444377355769231 0.327688579326923 0.3345148221153846
0 0.32611745192307695 0.33644016346153843 0.3247943966346154 0.33644016346153843 0.3247943966346154 0.34147567067307694 0.32611745192307695 0.34147567067307694 0.32611745192307695 0.33644016346153843
0 0.4175203076923077 0.4166756514423077 0.4163626370192308 0.4166756514423077 0.4163626370192308 0.42259977884615385 0.4175203076923077 0.42259977884615385 0.4175203076923077 0.4166756514423077
0 0.4193395096153846 0.41874909615384615 0.4171895456730769 0.41874909615384615 0.4171895456730769 0.42511753365384614 0.4193395096153846 0.42511753365384614 0.4193395096153846 0.41874909615384615
0 0.43066816826923077 0.38705501682692306 0.4286835865384615 0.38705501682692306 0.4286835865384615 0.3931272475961538 0.43066816826923077 0.3931272475961538 0.43066816826923077 0.38705501682692306
0 0.4486947932692308 0.3830562331730769 0.4469582836538461 0.3830562331730769 0.4469582836538461 0.3901651826923077 0.4486947932692308 0.3901651826923077 0.4486947932692308 0.3830562331730769
0 0.46713487019230765 0.3661724711538462 0.4654810528846154 0.3661724711538462 0.4654810528846154 0.3735776298076923 0.46713487019230765 0.3735776298076923 0.46713487019230765 0.3661724711538462
0 0.4654810528846154 0.3587673125 0.46324839663461537 0.3587673125 0.46324839663461537 0.3661724711538462 0.4654810528846154 0.3661724711538462 0.4654810528846154 0.3587673125
0 0.46109843269230766 0.34099493028846156 0.45861770432692306 0.34099493028846156 0.45861770432692306 0.34825198798076923 0.46109843269230766 0.34825198798076923 0.46109843269230766 0.34099493028846156
0 0.4331488966346154 0.3670610889423077 0.4308335504807692 0.3670610889423077 0.4308335504807692 0.3731333197115384 0.4331488966346154 0.3731333197115384 0.4331488966346154 0.3670610889423077
0 0.4871460793269231 0.31404015384615386 0.4849961129807693 0.31404015384615386 0.4849961129807693 0.32144531249999997 0.4871460793269231 0.32144531249999997 0.4871460793269231 0.31404015384615386
0 0.48921335096153845 0.31715031971153845 0.48921335096153845 0.3146325673076923 0.4871460793269231 0.3146325673076923 0.4871460793269231 0.3207047956730769 0.48921335096153845 0.3207047956730769 0.48921335096153845 0.31715031971153845
0 0.4909498605769231 0.31774273317307694 0.4897094975961539 0.31774273317307694 0.4897094975961539 0.3242592716346154 0.4909498605769231 0.3242592716346154 0.4909498605769231 0.31774273317307694
0 0.49185946153846155 0.2810131466346154 0.49037102403846156 0.2810131466346154 0.49037102403846156 0.2857524471153846 0.49185946153846155 0.2857524471153846 0.49185946153846155 0.2810131466346154
0 0.49037102403846156 0.28116125000000003 0.4888825889423077 0.28116125000000003 0.4888825889423077 0.2857524471153846 0.49037102403846156 0.2857524471153846 0.49037102403846156 0.28116125000000003
0 0.4751558918269231 0.27034971875 0.4727578557692308 0.27034971875 0.4727578557692308 0.2746447091346154 0.4751558918269231 0.2746447091346154 0.4751558918269231 0.27034971875
0 0.4128896177884615 0.3212972091346154 0.4109050336538462 0.3212972091346154 0.4109050336538462 0.3264808197115385 0.4128896177884615 0.3264808197115385 0.4128896177884615 0.3212972091346154
0 0.4158664903846154 0.3227782403846154 0.4143780528846154 0.3227782403846154 0.4143780528846154 0.32751754326923077 0.4158664903846154 0.32751754326923077 0.4158664903846154 0.3227782403846154
0 0.4195875817307692 0.31063378125 0.4180164543269231 0.31063378125 0.4180164543269231 0.31566928846153847 0.4195875817307692 0.31566928846153847 0.4195875817307692 0.31063378125
0 0.42041449278846155 0.2853081394230769 0.4185952908653846 0.2853081394230769 0.4185952908653846 0.29286139903846153 0.42041449278846155 0.29286139903846153 0.42041449278846155 0.2853081394230769
0 0.4179337644230769 0.29715639182692305 0.4165280168269231 0.29715639182692305 0.4165280168269231 0.3023400048076923 0.4179337644230769 0.3023400048076923 0.4179337644230769 0.29715639182692305
0 0.3955245192307692 0.32203772596153846 0.3941187740384615 0.32203772596153846 0.3941187740384615 0.32796185096153846 0.3955245192307692 0.32796185096153846 0.3955245192307692 0.32203772596153846
0 0.3960206658653846 0.3098932644230769 0.3937880096153846 0.3098932644230769 0.3937880096153846 0.3146325673076923 0.3960206658653846 0.3146325673076923 0.3960206658653846 0.3098932644230769
0 0.395028375 0.30470965384615384 0.3936226274038462 0.30470965384615384 0.3936226274038462 0.3082641298076923 0.395028375 0.3082641298076923 0.395028375 0.30470965384615384
0 0.3946976105769231 0.3002665576923077 0.39271302644230766 0.3002665576923077 0.39271302644230766 0.30367293269230766 0.3946976105769231 0.30367293269230766 0.3946976105769231 0.3002665576923077
0 0.38171513221153847 0.3115223990384616 0.3797305504807692 0.3115223990384616 0.3797305504807692 0.3175946298076923 0.38171513221153847 0.3175946298076923 0.38171513221153847 0.3115223990384616
0 0.3914726634615385 0.35980403365384617 0.3900669182692308 0.35980403365384617 0.3900669182692308 0.3664686754807692 0.3914726634615385 0.3664686754807692 0.3914726634615385 0.35980403365384617
0 0.3776632764423077 0.3097451634615384 0.3760921490384615 0.3097451634615384 0.3760921490384615 0.3141882572115385 0.3776632764423077 0.3141882572115385 0.3776632764423077 0.3097451634615384
0 0.48996442788461536 0.9125231129807693 0.48641130048076925 0.9125231129807693 0.48641130048076925 0.9252507283653847 0.48996442788461536 0.9252507283653847 0.48996442788461536 0.9125231129807693
0 0.500300795673077 0.91339090625 0.4975551971153846 0.91339090625 0.4975551971153846 0.9217795625 0.500300795673077 0.9217795625 0.500300795673077 0.91339090625
0 0.5086694014423077 0.279020125 0.5067074759615384 0.279020125 0.5067074759615384 0.2855632403846154 0.5086694014423077 0.2855632403846154 0.5086694014423077 0.279020125
0 0.5131006466346154 0.31458317548076925 0.5103607163461539 0.31458317548076925 0.5103607163461539 0.3208233701923077 0.5131006466346154 0.3208233701923077 0.5131006466346154 0.31458317548076925
0 0.3760921490384615 0.3062064375 0.37374999278846155 0.3062064375 0.37374999278846155 0.3126816995192308 0.3760921490384615 0.3126816995192308 0.3760921490384615 0.3062064375
0 0.4822434110576923 0.3526736177884615 0.4804595480769231 0.3526736177884615 0.4804595480769231 0.3588154254807692 0.4822434110576923 0.3588154254807692 0.4822434110576923 0.3526736177884615
0 0.48054614182692307 0.35335604086538464 0.47890083173076925 0.35335604086538464 0.47890083173076925 0.35949784615384617 0.48054614182692307 0.35949784615384617 0.48054614182692307 0.35335604086538464
0 0.4604399254807693 0.3716059807692308 0.4585140456730769 0.3716059807692308 0.4585140456730769 0.37914985576923077 0.4604399254807693 0.37914985576923077 0.4604399254807693 0.3716059807692308
0 0.46287844951923074 0.3732934254807692 0.46145136057692304 0.3732934254807692 0.46145136057692304 0.3781572403846154 0.46287844951923074 0.3781572403846154 0.46287844951923074 0.3732934254807692
0 0.46814344471153846 0.36490582932692306 0.4668410528846154 0.36490582932692306 0.4668410528846154 0.3700177980769231 0.46814344471153846 0.3700177980769231 0.46814344471153846 0.36490582932692306
0 0.46922415625 0.36654364423076924 0.46786634134615385 0.36654364423076924 0.46786634134615385 0.3708615192307692 0.46922415625 0.3708615192307692 0.46922415625 0.36654364423076924