1 0.9700680264423076 0.04406651442307692 0.788435375 0.04406651442307692 0.788435375 0.1553287980769231 0.9700680264423076 0.1553287980769231 0.9700680264423076 0.04406651442307692
1 0.8999999999999999 0.8241118677884616 0.6619047620192308 0.8241118677884616 0.6619047620192308 0.9148148149038462 0.8999999999999999 0.9148148149038462 0.8999999999999999 0.8241118677884616
0 0.24965986298076923 0.9716553293269231 0.23877550961538463 0.9716553293269231 0.23877550961538463 0.9994708990384615 0.24965986298076923 0.9994708990384615 0.24965986298076923 0.9716553293269231
0 0.24965986298076923 0.9982615264423077 0.2619047620192308 0.9982615264423077 0.2619047620192308 0.9716553293269231 0.24965986298076923 0.9716553293269231 0.24965986298076923 0.9982615264423077
0 0.1667591826923077 0.7639431586538462 0.15909659855769231 0.7639431586538462 0.15909659855769231 0.7967606947115384 0.1667591826923077 0.7967606947115384 0.1667591826923077 0.7639431586538462
0 0.15909659855769231 0.766419954326923 0.15456870673076925 0.766419954326923 0.15456870673076925 0.7918071057692307 0.15909659855769231 0.7918071057692307 0.15909659855769231 0.766419954326923
0 0.16118639423076922 0.5546539687500001 0.15561360576923075 0.5546539687500001 0.15561360576923075 0.5763259254807692 0.16118639423076922 0.5763259254807692 0.16118639423076922 0.5546539687500001
0 0.18939863942307691 0.5497003774038461 0.18452244951923077 0.5497003774038461 0.18452244951923077 0.5670379447115385 0.18939863942307691 0.5670379447115385 0.18939863942307691 0.5497003774038461
0 0.20019591826923078 0.4976876802884615 0.1946231298076923 0.4976876802884615 0.1946231298076923 0.5168828413461538 0.20019591826923078 0.5168828413461538 0.20019591826923078 0.4976876802884615
0 0.03197278846153846 0.7346182908653845 0.01972789182692308 0.7346182908653845 0.01972789182692308 0.7684807259615384 0.03197278846153846 0.7684807259615384 0.03197278846153846 0.7346182908653845
0 0.6 0.5967498100961538 0.5911564615384616 0.5967498100961538 0.5911564615384616 0.6257747548076923 0.6 0.6257747548076923 0.6 0.5967498100961538
0 0.6442176875 0.5894935745192308 0.6394557812499999 0.5894935745192308 0.6394557812499999 0.6221466370192308 0.6442176875 0.6221466370192308 0.6442176875 0.5894935745192308
0 0.642857141826923 0.6475434615384615 0.6346938774038461 0.6475434615384615 0.6346938774038461 0.6801965240384615 0.642857141826923 0.6801965240384615 0.642857141826923 0.6475434615384615
0 0.5952380961538462 0.5072562355769231 0.5870748293269231 0.5072562355769231 0.5870748293269231 0.5290249423076923 0.5952380961538462 0.5290249423076923 0.5952380961538462 0.5072562355769231
0 0.4763374158653846 0.4841136802884615 0.47180952403846155 0.4841136802884615 0.47180952403846155 0.507643235576923 0.4763374158653846 0.507643235576923 0.4763374158653846 0.4841136802884615
0 0.45056326682692305 0.4370545745192308 0.4467319735576923 0.4370545745192308 0.4467319735576923 0.45439213942307694 0.45056326682692305 0.45439213942307694 0.45056326682692305 0.4370545745192308
0 0.3418938774038462 0.48163688701923074 0.33736598557692304 0.48163688701923074 0.33736598557692304 0.49897445192307693 0.3418938774038462 0.49897445192307693 0.3418938774038462 0.48163688701923074
0 0.29905306009615384 0.4562497355769231 0.29905306009615384 0.4413889639423077 0.29758797355769234 0.4413889639423077 0.29452517067307693 0.4413889639423077 0.29452517067307693 0.44200816346153843 0.29452517067307693 0.4562497355769231 0.29905306009615384 0.4562497355769231
0 0.29452517067307693 0.44170971875 0.2916853221153846 0.44170971875 0.2916853221153846 0.4562497355769231 0.29452517067307693 0.4562497355769231 0.29452517067307693 0.44170971875
0 0.5017600120192308 0.44331283653846154 0.5017600120192308 0.4318997644230769 0.49947739663461543 0.4318997644230769 0.49947739663461543 0.43690509615384615 0.49947739663461543 0.44331283653846154 0.5017600120192308 0.44331283653846154
0 0.5781295144230769 0.37536047596153843 0.5755615721153846 0.37536047596153843 0.5755615721153846 0.38956340865384614 0.5781295144230769 0.38956340865384614 0.5781295144230769 0.37536047596153843
0 0.5755615721153846 0.37358510817307694 0.5734216225961538 0.37358510817307694 0.5734216225961538 0.38956340865384614 0.5755615721153846 0.38956340865384614 0.5755615721153846 0.37358510817307694
1 0.19355649038461537 0.4429034230769231 0.18981157692307693 0.4429034230769231 0.18981157692307693 0.45273134615384614 0.19355649038461537 0.45273134615384614 0.19355649038461537 0.4429034230769231
0 0.2151343317307692 0.4479758990384616 0.2128160504807692 0.4479758990384616 0.2128160504807692 0.4568527307692308 0.2151343317307692 0.4568527307692308 0.2151343317307692 0.4479758990384616
1 0.17501025 0.41024935336538465 0.17108700721153847 0.41024935336538465 0.17108700721153847 0.41944321875 0.17501025 0.41944321875 0.17501025 0.41024935336538465
0 0.33271292548076925 0.3738479206730769 0.3278367331730769 0.3738479206730769 0.3278367331730769 0.39304308413461536 0.33271292548076925 0.39304308413461536 0.33271292548076925 0.3738479206730769
1 0.3065306129807692 0.2748148149038462 0.22625850240384615 0.2748148149038462 0.22625850240384615 0.43203325721153846 0.3065306129807692 0.43203325721153846 0.3065306129807692 0.2748148149038462
1 0.4527891153846154 0.27239606971153846 0.4527891153846154 0.22402116346153844 0.31741496634615385 0.22402116346153844 0.31741496634615385 0.3534240360576923 0.4527891153846154 0.3534240360576923 0.4527891153846154 0.27239606971153846
1 0.31741496634615385 0.22402116346153844 0.30244898076923077 0.22402116346153844 0.30244898076923077 0.3534240360576923 0.31741496634615385 0.3534240360576923 0.31741496634615385 0.22402116346153844
1 0.4453061225961538 0.35584278125 0.5330612235576923 0.35584278125 0.5330612235576923 0.22402116346153844 0.4453061225961538 0.22402116346153844 0.4453061225961538 0.35584278125
1 0.13374149759615384 0.2965835216346154 0.12149659855769232 0.2965835216346154 0.12149659855769232 0.3074678774038462 0.13374149759615384 0.3074678774038462 0.13374149759615384 0.2965835216346154
1 0.17115646153846154 0.34495842788461534 0.168435375 0.34495842788461534 0.168435375 0.35705215384615385 0.17115646153846154 0.35705215384615385 0.17115646153846154 0.34495842788461534
1 0.3221768701923077 0.4380801201923077 0.3119727884615384 0.4380801201923077 0.3119727884615384 0.45984882692307694 0.3221768701923077 0.45984882692307694 0.3221768701923077 0.4380801201923077
0 0.5686490024038462 0.2904785576923077 0.5637870697115385 0.2904785576923077 0.5637870697115385 0.3036099254807692 0.5686490024038462 0.3036099254807692 0.5686490024038462 0.2904785576923077
1 0.6194565264423078 0.29883557692307694 0.6146355 0.29883557692307694 0.6146355 0.3105229134615385 0.6194565264423078 0.3105229134615385 0.6194565264423078 0.29883557692307694
0 0.5547189182692308 0.3841117355769231 0.5547189182692308 0.3766057019230769 0.5514318557692308 0.3766057019230769 0.5514318557692308 0.39089022115384614 0.5547189182692308 0.39089022115384614 0.5547189182692308 0.3841117355769231
0 0.5349965408653846 0.45906634134615387 0.5315268629807692 0.45906634134615387 0.5315268629807692 0.47107832451923076 0.5349965408653846 0.47107832451923076 0.5349965408653846 0.45906634134615387
0 0.47144665625000004 0.3957599447115384 0.4696205096153846 0.3957599447115384 0.4696205096153846 0.41069376201923075 0.47144665625000004 0.41069376201923075 0.47144665625000004 0.3957599447115384
1 0.3315013798076923 0.20982391346153847 0.32029949038461536 0.20982391346153847 0.32029949038461536 0.22402116346153844 0.3315013798076923 0.22402116346153844 0.3315013798076923 0.20982391346153847
1 0.6002622860576923 0.2949068341346154 0.5852878870192307 0.2949068341346154 0.5852878870192307 0.32282657692307687 0.6002622860576923 0.32282657692307687 0.6002622860576923 0.2949068341346154
1 0.22625850240384615 0.3975381730769231 0.22238841586538463 0.3975381730769231 0.22238841586538463 0.4093813389423077 0.22625850240384615 0.4093813389423077 0.22625850240384615 0.3975381730769231
1 0.5715662091346154 0.29647203125 0.5679758605769231 0.29647203125 0.5679758605769231 0.3073228653846154 0.5715662091346154 0.3073228653846154 0.5715662091346154 0.29647203125
1 0.580601923076923 0.28998280769230766 0.5772509302884615 0.28998280769230766 0.5772509302884615 0.2997698341346154 0.580601923076923 0.2997698341346154 0.580601923076923 0.28998280769230766
0 0.5445189110576923 0.2944507980769231 0.5414671153846153 0.2944507980769231 0.5414671153846153 0.30423782451923076 0.5445189110576923 0.30423782451923076 0.5445189110576923 0.2944507980769231
0 0.4928859471153846 0.5089428629807693 0.48867850721153844 0.5089428629807693 0.48867850721153844 0.5330447451923077 0.4928859471153846 0.5330447451923077 0.4928859471153846 0.5089428629807693
0 0.43662696875 0.43832406730769236 0.4338220096153846 0.43832406730769236 0.4338220096153846 0.45162165625 0.43662696875 0.45162165625 0.43662696875 0.43832406730769236
0 0.4376554543269231 0.4469675 0.43531798798076926 0.4469675 0.43531798798076926 0.4581042307692308 0.4376554543269231 0.4581042307692308 0.4376554543269231 0.4469675
0 0.37163369951923075 0.37006171875 0.3662283076923077 0.37006171875 0.3662283076923077 0.3864239879807692 0.37163369951923075 0.3864239879807692 0.37163369951923075 0.37006171875
0 0.5158183052884615 0.4939199399038462 0.5120783581730769 0.4939199399038462 0.5120783581730769 0.506419673076923 0.5158183052884615 0.506419673076923 0.5158183052884615 0.4939199399038462