0 0.8087615600961539 0.09509140865384615 0.8037145048076924 0.09509140865384615 0.8037145048076924 0.11842001442307692 0.8087615600961539 0.11842001442307692 0.8087615600961539 0.09509140865384615
0 0.9238343966346154 0.016133048076923076 0.917020875 0.016133048076923076 0.917020875 0.030937740384615386 0.9238343966346154 0.030937740384615386 0.9238343966346154 0.016133048076923076
0 0.9208061634615384 0.00043110096153846155 0.91525440625 0.00043110096153846155 0.91525440625 0.012095403846153846 0.9208061634615384 0.012095403846153846 0.9208061634615384 0.00043110096153846155
0 0.9074314711538461 0.0026742355769230767 0.9008703004807692 0.0026742355769230767 0.9008703004807692 0.014338538461538462 0.9074314711538461 0.014338538461538462 0.9074314711538461 0.0026742355769230767
0 0.9008703004807692 0.002225608173076923 0.8950661875 0.002225608173076923 0.8950661875 0.014338538461538462 0.9008703004807692 0.014338538461538462 0.9008703004807692 0.002225608173076923
0 0.8544172115384616 0.5598855985576923 0.8474724639423077 0.5598855985576923 0.8474724639423077 0.5791227259615385 0.8544172115384616 0.5791227259615385 0.8544172115384616 0.5598855985576923
0 0.8592623822115384 0.573667420673077 0.8529636586538462 0.573667420673077 0.8529636586538462 0.5860136370192308 0.8592623822115384 0.5860136370192308 0.8592623822115384 0.573667420673077
1 0.9979026538461538 0.8398475480769231 0.8855268365384615 0.8398475480769231 0.8855268365384615 0.9861770745192308 0.9979026538461538 0.9861770745192308 0.9979026538461538 0.8398475480769231
0 0.8801051947115385 0.8459811201923078 0.8732049254807692 0.8459811201923078 0.8732049254807692 0.8617531658653846 0.8801051947115385 0.8617531658653846 0.8801051947115385 0.8459811201923078
0 0.87958865625 0.8789462211538462 0.88385240625 0.8789462211538462 0.88385240625 0.8585031826923076 0.87958865625 0.8585031826923076 0.87958865625 0.8789462211538462
0 0.8591743317307692 0.836452266826923 0.8494839855769231 0.836452266826923 0.8494839855769231 0.8601110624999999 0.8591743317307692 0.8601110624999999 0.8591743317307692 0.836452266826923
0 0.8559442163461538 0.8233595336538462 0.8468998942307693 0.8233595336538462 0.8468998942307693 0.8442619663461539 0.8559442163461538 0.8442619663461539 0.8559442163461538 0.8233595336538462
0 0.7273366826923078 0.9468321490384616 0.7202708052884615 0.9468321490384616 0.7202708052884615 0.9724038918269231 0.7273366826923078 0.9724038918269231 0.7273366826923078 0.9468321490384616
0 0.7308696201923077 1 0.7308696201923077 0.9786846706730769 0.7195137475961538 0.9786846706730769 0.7195137475961538 1 0.7308696201923077 1
0 0.8562889182692307 0.7373233197115384 0.8477089278846154 0.7373233197115384 0.8477089278846154 0.77052171875 0.8562889182692307 0.77052171875 0.8562889182692307 0.7373233197115384
0 0.8641118533653847 0.7175837283653846 0.8560365673076924 0.7175837283653846 0.8560365673076924 0.7395664543269231 0.8641118533653847 0.7395664543269231 0.8641118533653847 0.7175837283653846
0 0.8765917524038461 0.6848261778846154 0.8636712932692308 0.6848261778846154 0.8636712932692308 0.7056424735576923 0.8765917524038461 0.7056424735576923 0.8765917524038461 0.6848261778846154
0 0.7766971177884615 0.7479851346153846 0.7640794807692307 0.7479851346153846 0.7640794807692307 0.766491 0.7766971177884615 0.766491 0.7766971177884615 0.7479851346153846
0 0.7473611129807692 0.7429380817307693 0.7274883365384616 0.7429380817307693 0.7274883365384616 0.762565514423077 0.7473611129807692 0.762565514423077 0.7473611129807692 0.7429380817307693
0 0.7233876057692308 0.7143381057692307 0.7142398197115385 0.7143381057692307 0.7142398197115385 0.7334047548076923 0.7233876057692308 0.7334047548076923 0.7233876057692308 0.7143381057692307
0 0.6839574951923078 0.6464832644230769 0.6732325048076924 0.6464832644230769 0.6732325048076924 0.6694754014423077 0.6839574951923078 0.6694754014423077 0.6839574951923078 0.6464832644230769
1 0.7445221466346154 0.6307813197115385 0.7293809831730769 0.6307813197115385 0.7293809831730769 0.6520911033653847 0.7445221466346154 0.6520911033653847 0.7445221466346154 0.6307813197115385
1 0.7915228389423077 0.5584402067307692 0.7703882980769231 0.5584402067307692 0.7703882980769231 0.5864793966346153 0.7915228389423077 0.5864793966346153 0.7915228389423077 0.5584402067307692
0 0.7691265360576923 0.61564015625 0.7606096322115385 0.61564015625 0.7606096322115385 0.6386322908653846 0.7691265360576923 0.6386322908653846 0.7691265360576923 0.61564015625
0 0.7355961538461538 0.4025335456730769 0.7277101322115385 0.4025335456730769 0.7277101322115385 0.4311335192307692 0.7355961538461538 0.4311335192307692 0.7355961538461538 0.4025335456730769
1 0.72424028125 0.26401994471153845 0.6993204519230769 0.26401994471153845 0.6993204519230769 0.2914983509615384 0.72424028125 0.2914983509615384 0.72424028125 0.26401994471153845
0 0.6781859110576923 0.23373761778846153 0.6715616538461538 0.23373761778846153 0.6715616538461538 0.2578513221153846 0.6781859110576923 0.2578513221153846 0.6781859110576923 0.23373761778846153
0 0.6658837163461538 0.3279492980769231 0.6551587259615383 0.3279492980769231 0.6551587259615383 0.3442120288461539 0.6658837163461538 0.3442120288461539 0.6658837163461538 0.3279492980769231
0 0.7106763245192307 0.15074161298076924 0.7027903004807693 0.15074161298076924 0.7027903004807693 0.16868669711538462 0.7106763245192307 0.16868669711538462 0.7106763245192307 0.15074161298076924
0 0.809724764423077 0.14793769471153848 0.8059394735576924 0.14793769471153848 0.8059394735576924 0.16532199278846155 0.809724764423077 0.16532199278846155 0.809724764423077 0.14793769471153848
0 0.8078321177884615 0.13672201923076924 0.8015233004807693 0.13672201923076924 0.8015233004807693 0.15522788461538461 0.8078321177884615 0.15522788461538461 0.8078321177884615 0.13672201923076924
0 0.44128980048076927 0.30103167548076926 0.4340346610576923 0.30103167548076926 0.4340346610576923 0.32346302884615385 0.44128980048076927 0.32346302884615385 0.44128980048076927 0.30103167548076926
1 0.384195 0.4569295745192308 0.3700001586538461 0.4569295745192308 0.3700001586538461 0.4816040625 0.384195 0.4816040625 0.384195 0.4569295745192308
0 0.2407324783653846 0.6646197451923077 0.23023460576923077 0.6646197451923077 0.23023460576923077 0.6926140721153846 0.2407324783653846 0.6926140721153846 0.2407324783653846 0.6646197451923077
0 0.22861954807692308 0.6513403846153847 0.22014049759615384 0.6513403846153847 0.22014049759615384 0.6721566802884615 0.22861954807692308 0.6721566802884615 0.22861954807692308 0.6513403846153847
0 0.2427513004807692 0.6344720072115385 0.2326571923076923 0.6344720072115385 0.2326571923076923 0.6603129254807693 0.2427513004807692 0.6603129254807693 0.2427513004807692 0.6344720072115385
0 0.023997896634615382 0.9065286057692308 0.0110774375 0.9065286057692308 0.0110774375 0.9316517211538462 0.023997896634615382 0.9316517211538462 0.023997896634615382 0.9065286057692308
1 0.8477089278846154 0.7384058485576923 0.8337021754807693 0.7384058485576923 0.8337021754807693 0.77052171875 0.8477089278846154 0.77052171875 0.8477089278846154 0.7384058485576923
1 0.8449309302884616 0.8286055528846153 0.8253845817307692 0.8286055528846153 0.8253845817307692 0.8655726442307692 0.8449309302884616 0.8655726442307692 0.8449309302884616 0.8286055528846153
1 0.8636712932692308 0.6829552115384616 0.8561596850961538 0.6829552115384616 0.8561596850961538 0.7056424735576923 0.8636712932692308 0.7056424735576923 0.8636712932692308 0.6829552115384616
1 0.8560365673076924 0.7154862524038462 0.8436832908653845 0.7154862524038462 0.8436832908653845 0.7339697980769231 0.8560365673076924 0.7339697980769231 0.8560365673076924 0.7154862524038462
1 0.8461785697115385 0.55874578125 0.8416038918269231 0.55874578125 0.8416038918269231 0.5846227451923076 0.8461785697115385 0.5846227451923076 0.8461785697115385 0.55874578125
1 0.7606096322115385 0.6164144447115384 0.751773858173077 0.6164144447115384 0.751773858173077 0.6386322908653846 0.7606096322115385 0.6386322908653846 0.7606096322115385 0.6164144447115384
1 0.7277101322115385 0.40909933653846153 0.7208529399038461 0.40909933653846153 0.7208529399038461 0.42802648798076925 0.7277101322115385 0.42802648798076925 0.7277101322115385 0.40909933653846153
1 0.4363062067307692 0.31031555288461543 0.43178491346153847 0.31031555288461543 0.43178491346153847 0.3206357620192308 0.4363062067307692 0.3206357620192308 0.4363062067307692 0.31031555288461543
1 0.7195137475961538 0.9394522211538461 0.7021941514423078 0.9394522211538461 0.7021941514423078 0.996233673076923 0.7195137475961538 0.996233673076923 0.7195137475961538 0.9394522211538461