0 0.28615805528846155 0.9071720072115385 0.28331821634615384 0.9071720072115385 0.28331821634615384 0.9206583413461539 0.28615805528846155 0.9206583413461539 0.28615805528846155 0.9071720072115385
0 0.2821994927884615 0.8636304134615386 0.27974690625 0.8636304134615386 0.27974690625 0.8767314254807693 0.2821994927884615 0.8767314254807693 0.2821994927884615 0.8636304134615386
0 0.2572863798076923 0.8699497259615385 0.2543604879807692 0.8699497259615385 0.2543604879807692 0.8836672548076923 0.2572863798076923 0.8836672548076923 0.2572863798076923 0.8699497259615385
0 0.26180430288461537 0.8669441995192309 0.2588784110576923 0.8669441995192309 0.2588784110576923 0.8802764038461538 0.26180430288461537 0.8802764038461538 0.26180430288461537 0.8669441995192309
0 0.2030315673076923 0.9294045288461539 0.2030315673076923 0.9269994038461539 0.19984750721153846 0.9269994038461539 0.19984750721153846 0.93563065625 0.2030315673076923 0.93563065625 0.2030315673076923 0.9294045288461539
0 0.25318443990384615 0.740053966346154 0.25094699278846155 0.740053966346154 0.25094699278846155 0.7490551322115385 0.25318443990384615 0.7490551322115385 0.25318443990384615 0.740053966346154
0 0.2563168653846154 0.7413486538461539 0.2542515288461539 0.7413486538461539 0.2542515288461539 0.7498566057692307 0.2563168653846154 0.7498566057692307 0.2563168653846154 0.7413486538461539
0 0.4604044543269231 0.8113469615384615 0.4577332860576923 0.8113469615384615 0.4577332860576923 0.82308546875 0.4604044543269231 0.82308546875 0.4604044543269231 0.8113469615384615
0 0.47937800480769227 0.8056749951923077 0.4768445264423077 0.8056749951923077 0.4768445264423077 0.815342 0.47937800480769227 0.815342 0.47937800480769227 0.8056749951923077
0 0.8692606923076922 0.8240382379807693 0.8668403774038461 0.8240382379807693 0.8668403774038461 0.8357183677884615 0.8692606923076922 0.8357183677884615 0.8692606923076922 0.8240382379807693
0 0.8301152692307692 0.8361905384615385 0.8271033221153845 0.8361905384615385 0.8271033221153845 0.8462089591346154 0.8301152692307692 0.8462089591346154 0.8301152692307692 0.8361905384615385
0 0.8482413725961538 0.8909735048076922 0.8451756394230769 0.8909735048076922 0.8451756394230769 0.9036891899038462 0.8482413725961538 0.9036891899038462 0.8482413725961538 0.8909735048076922
0 0.6062022331730769 0.8074806754807693 0.6039217572115384 0.8074806754807693 0.6039217572115384 0.8187321322115384 0.6062022331730769 0.8187321322115384 0.6062022331730769 0.8074806754807693
0 0.608353625 0.8097155552884616 0.6058580096153846 0.8097155552884616 0.6058580096153846 0.8215064639423078 0.608353625 0.8215064639423078 0.608353625 0.8097155552884616
0 0.6132107211538462 0.8475651562500001 0.6108149326923077 0.8475651562500001 0.6108149326923077 0.8561470889423077 0.6132107211538462 0.8561470889423077 0.6132107211538462 0.8475651562500001
0 0.6153586706730769 0.8461841538461539 0.6131556466346153 0.8461841538461539 0.6131556466346153 0.8560484447115384 0.6153586706730769 0.8560484447115384 0.6153586706730769 0.8461841538461539
0 0.6179747620192307 0.8545688028846155 0.6145876129807692 0.8545688028846155 0.6145876129807692 0.8643344495192308 0.6179747620192307 0.8643344495192308 0.6179747620192307 0.8545688028846155
0 0.6207264735576923 0.8646458870192307 0.6207264735576923 0.8523155240384616 0.6180002307692308 0.8523155240384616 0.6180002307692308 0.8646458870192307 0.6201211682692308 0.8646458870192307 0.6207264735576923 0.8646458870192307
0 0.6192394326923077 0.8517236658653846 0.6192394326923077 0.8625743870192307 0.6219381370192308 0.8625743870192307 0.6219381370192308 0.8610686971153847 0.6219381370192308 0.8517236658653846 0.6192394326923077 0.8517236658653846
0 0.8636589879807691 0.8282060480769231 0.8610773197115384 0.8282060480769231 0.8610773197115384 0.8345253581730769 0.8636589879807691 0.8345253581730769 0.8636589879807691 0.8282060480769231
0 0.2779844567307692 0.8140043076923077 0.2779844567307692 0.8123817331730769 0.2761692211538462 0.8123817331730769 0.2761692211538462 0.8184024182692308 0.2779844567307692 0.8184024182692308 0.2779844567307692 0.8140043076923077
0 0.28232175 0.6446412524038462 0.28232175 0.6423811610576924 0.28090183173076927 0.6423811610576924 0.28090183173076927 0.6483151466346153 0.28232175 0.6483151466346153 0.28232175 0.6446412524038462
0 0.282709 0.6224984495192308 0.2813751370192308 0.6224984495192308 0.2813751370192308 0.6271223365384616 0.282709 0.6271223365384616 0.282709 0.6224984495192308
0 0.27264048798076923 0.6328251298076922 0.2714357091346154 0.6328251298076922 0.2714357091346154 0.6370636923076923 0.27264048798076923 0.6370636923076923 0.27264048798076923 0.6328251298076922
0 0.2745767403846154 0.6322086105769231 0.27302773798076924 0.6322086105769231 0.27302773798076924 0.6377572740384616 0.2745767403846154 0.6377572740384616 0.2745767403846154 0.6322086105769231
0 0.29321251201923076 0.6238818605769231 0.29142806250000003 0.6238818605769231 0.29142806250000003 0.6299582620192308 0.29321251201923076 0.6299582620192308 0.29321251201923076 0.6238818605769231
0 0.29543756730769233 0.6249485576923076 0.29543756730769233 0.6221852019230769 0.2935870264423077 0.6221852019230769 0.2935870264423077 0.6270384326923076 0.29543756730769233 0.6270384326923076 0.29543756730769233 0.6249485576923076
0 0.37485524278846155 0.6022090480769231 0.3735609639423077 0.6022090480769231 0.3735609639423077 0.6072891586538461 0.37485524278846155 0.6072891586538461 0.37485524278846155 0.6022090480769231
0 0.2743515432692308 0.6192339615384616 0.2743515432692308 0.6167851923076924 0.2726552139423077 0.6167851923076924 0.2726552139423077 0.6224275673076923 0.2743515432692308 0.6224275673076923 0.2743515432692308 0.6192339615384616
0 0.2700115841346154 0.6166273629807691 0.27166385096153844 0.6166273629807691 0.27166385096153844 0.61031421875 0.2700115841346154 0.61031421875 0.2700115841346154 0.6132132764423077 0.2700115841346154 0.6150732908653846 0.2700115841346154 0.6166273629807691
0 0.2798789927884615 0.5957706658653846 0.2785093173076923 0.5957706658653846 0.2785093173076923 0.6000198701923076 0.2798789927884615 0.6000198701923076 0.2798789927884615 0.5957706658653846
0 0.28156662740384614 0.5952011826923077 0.2801724927884615 0.5952011826923077 0.2801724927884615 0.6003046129807692 0.28156662740384614 0.6003046129807692 0.28156662740384614 0.5952011826923077
0 0.2836462956730769 0.5923483870192308 0.2836462956730769 0.5879239567307692 0.2821054110576923 0.5879239567307692 0.2821054110576923 0.5887026923076923 0.2821054110576923 0.5923483870192308 0.2836462956730769 0.5923483870192308
0 0.2862388942307692 0.5874420865384615 0.28426998557692307 0.5874420865384615 0.28426998557692307 0.592436 0.2862388942307692 0.592436 0.2862388942307692 0.5874420865384615
0 0.2590362091346154 0.7211193653846154 0.25641461057692305 0.7211193653846154 0.25641461057692305 0.7305890841346153 0.2590362091346154 0.7305890841346153 0.2590362091346154 0.7211193653846154
0 0.2706055889423077 0.5475596995192308 0.26897053365384616 0.5475596995192308 0.26897053365384616 0.5515670673076923 0.2706055889423077 0.5515670673076923 0.2706055889423077 0.5475596995192308
0 0.26003171875000003 0.5253465817307692 0.25846316346153847 0.5253465817307692 0.25846316346153847 0.5297657836538462 0.26003171875000003 0.5297657836538462 0.26003171875000003 0.5253465817307692
0 0.3327408076923077 0.5999813269230769 0.3308747740384615 0.5999813269230769 0.3308747740384615 0.608963360576923 0.3327408076923077 0.608963360576923 0.3327408076923077 0.5999813269230769
0 0.3111912620192308 0.59329628125 0.3096852884615385 0.59329628125 0.3096852884615385 0.5982091610576923 0.3111912620192308 0.5982091610576923 0.3111912620192308 0.59329628125
0 0.5049345264423077 0.6219919086538461 0.5029552451923076 0.6219919086538461 0.5029552451923076 0.6296213197115385 0.5049345264423077 0.6296213197115385 0.5049345264423077 0.6219919086538461
0 0.507817389423077 0.6405319663461538 0.507817389423077 0.6370195384615385 0.5063114158653846 0.6370195384615385 0.5063114158653846 0.6435700432692308 0.507817389423077 0.6435700432692308 0.507817389423077 0.6405319663461538
0 0.5102269495192308 0.6421058125 0.5102269495192308 0.63678834375 0.5088500576923077 0.63678834375 0.5088500576923077 0.6406824831730769 0.5088500576923077 0.6421058125 0.5102269495192308 0.6421058125
0 0.5007713774038461 0.6260823221153846 0.5007713774038461 0.6230013269230769 0.49922237500000005 0.6230013269230769 0.49922237500000005 0.6296288966346153 0.5007713774038461 0.6296288966346153 0.5007713774038461 0.6260823221153846
0 0.2741457067307692 0.5706406370192307 0.2741457067307692 0.5687443317307692 0.27237819711538463 0.5687443317307692 0.27237819711538463 0.57156778125 0.2741457067307692 0.57156778125 0.2741457067307692 0.5706406370192307
0 0.27235431250000003 0.5696854831730769 0.27142491346153846 0.5696854831730769 0.2704912644230769 0.5696854831730769 0.2704912644230769 0.5722950336538462 0.27235431250000003 0.5722950336538462 0.27235431250000003 0.5696854831730769
0 0.4872643870192308 0.6238690961538461 0.4857584134615385 0.6238690961538461 0.4857584134615385 0.6282617884615385 0.4872643870192308 0.6282617884615385 0.4872643870192308 0.6238690961538461
0 0.8275438846153846 0.8330312548076922 0.8243167980769232 0.8330312548076922 0.8243167980769232 0.845053360576923 0.8275438846153846 0.845053360576923 0.8275438846153846 0.8330312548076922