1 0.97162146875 0.05849315625 0.8183064110576923 0.05849315625 0.8183064110576923 0.1439628533653846 0.97162146875 0.1439628533653846 0.97162146875 0.05849315625
0 0 0.5084326610576924 0.007300223557692308 0.5084326610576924 0.007300223557692308 0.4713078413461539 0.007300223557692308 0.4676981658653846 0 0.4676981658653846 0 0.5084326610576924
0 0.011848908653846154 0.4164890889423077 0.0034013509615384617 0.4164890889423077 0.0034013509615384617 0.4420936274038461 0.011848908653846154 0.4420936274038461 0.011848908653846154 0.4164890889423077
0 0.17608159615384616 0.5530601923076923 0.1646365841346154 0.5530601923076923 0.1646365841346154 0.5933217548076923 0.17608159615384616 0.5933217548076923 0.17608159615384616 0.5530601923076923
0 0.16245404807692307 0.5673887331730769 0.15074287259615385 0.5673887331730769 0.15074287259615385 0.5887453389423076 0.16245404807692307 0.5887453389423076 0.16245404807692307 0.5673887331730769
0 0.14648426442307694 0.49874249759615386 0.14648426442307694 0.4743349495192308 0.13945756009615384 0.4743349495192308 0.13945756009615384 0.49874249759615386 0.14113223076923076 0.49874249759615386 0.14648426442307694 0.49874249759615386
0 0.15074287259615385 0.46174980528846155 0.1445678894230769 0.46174980528846155 0.1445678894230769 0.4983611298076923 0.15074287259615385 0.4983611298076923 0.15074287259615385 0.46174980528846155
0 0.1550014831730769 0.46174980528846155 0.15074287259615385 0.46174980528846155 0.15074287259615385 0.4934033461538462 0.1550014831730769 0.4934033461538462 0.1550014831730769 0.46174980528846155
0 0.1550014831730769 0.4945474495192308 0.16245404807692307 0.4945474495192308 0.16245404807692307 0.46174980528846155 0.1550014831730769 0.46174980528846155 0.1550014831730769 0.4945474495192308
0 0.09644560817307692 0.47967410096153845 0.08984476442307693 0.47967410096153845 0.08984476442307693 0.5021748100961538 0.09644560817307692 0.5021748100961538 0.09644560817307692 0.47967410096153845
0 0.03174136778846154 0.43927293028846154 0.024501733173076926 0.43927293028846154 0.024501733173076926 0.46368048076923074 0.03174136778846154 0.46368048076923074 0.03174136778846154 0.43927293028846154
0 0.02045605528846154 0.4427052427884615 0.014706932692307691 0.4427052427884615 0.014706932692307691 0.4610109038461539 0.02045605528846154 0.4610109038461539 0.02045605528846154 0.4427052427884615
0 0.006189713942307691 0.4617736418269231 0.012364697115384616 0.4617736418269231 0.012364697115384616 0.4420936274038461 0.006189713942307691 0.4420936274038461 0.006189713942307691 0.4617736418269231
0 0 0.4705451033653846 0.005550923076923077 0.4705451033653846 0.005550923076923077 0.4419425072115385 0 0.4419425072115385 0 0.4705451033653846
0 0.028257959134615387 0.389063454326923 0.022934697115384615 0.389063454326923 0.022934697115384615 0.39707218028846153 0.028257959134615387 0.39707218028846153 0.028257959134615387 0.389063454326923
0 0.03379415144230769 0.38219882932692306 0.030174334134615385 0.38219882932692306 0.030174334134615385 0.39707218028846153 0.03379415144230769 0.39707218028846153 0.03379415144230769 0.38219882932692306
0 0.039330343749999996 0.3825801995192308 0.03592345432692308 0.3825801995192308 0.03592345432692308 0.39936038942307694 0.039330343749999996 0.39936038942307694 0.039330343749999996 0.3825801995192308
0 0.04529239423076924 0.389063454326923 0.04252430048076923 0.389063454326923 0.04252430048076923 0.3978349158653846 0.04529239423076924 0.3978349158653846 0.04529239423076924 0.389063454326923
0 0.06253976201923077 0.4157592115384615 0.06253976201923077 0.4043181730769231 0.0572165 0.4043181730769231 0.0572165 0.4256747788461538 0.06253976201923077 0.4256747788461538 0.06253976201923077 0.4157592115384615
0 0.05125444711538462 0.4195728918269231 0.046995838942307695 0.4195728918269231 0.046995838942307695 0.4264375144230769 0.05125444711538462 0.4264375144230769 0.05125444711538462 0.4195728918269231
0 0.08106471153846154 0.4081318533653846 0.07680610096153846 0.4081318533653846 0.07680610096153846 0.42605614663461544 0.08106471153846154 0.42605614663461544 0.08106471153846154 0.4081318533653846
0 0.07893540624999999 0.40698774759615386 0.07361214423076923 0.40698774759615386 0.07361214423076923 0.42986982692307696 0.07893540624999999 0.42986982692307696 0.07893540624999999 0.40698774759615386
0 0.07361214423076923 0.41042006009615384 0.06935353605769232 0.41042006009615384 0.06935353605769232 0.42986982692307696 0.07361214423076923 0.42986982692307696 0.07361214423076923 0.41042006009615384
0 0.06935353605769232 0.4172846826923077 0.06424320432692308 0.4172846826923077 0.06424320432692308 0.42986982692307696 0.06935353605769232 0.42986982692307696 0.06935353605769232 0.4172846826923077
0 0.07638875961538462 0.3523998269230769 0.07257304567307693 0.3523998269230769 0.07257304567307693 0.3677765841346154 0.07638875961538462 0.3677765841346154 0.07638875961538462 0.3523998269230769
0 0.06875733173076923 0.3533761298076923 0.06630437259615385 0.3533761298076923 0.06630437259615385 0.36509175480769235 0.06875733173076923 0.36509175480769235 0.06875733173076923 0.3533761298076923
0 0.06521416826923077 0.3523998269230769 0.06303376201923078 0.3523998269230769 0.06303376201923078 0.36557990384615385 0.06521416826923077 0.36557990384615385 0.06521416826923077 0.3523998269230769
0 0.16822378846153846 0.41319998076923076 0.16353931971153848 0.41319998076923076 0.16353931971153848 0.4265478581730769 0.16822378846153846 0.4265478581730769 0.16822378846153846 0.41319998076923076
0 0.18653580769230768 0.412055875 0.18078668509615387 0.412055875 0.18078668509615387 0.42845469951923076 0.18653580769230768 0.42845469951923076 0.18653580769230768 0.412055875
0 0.20974522596153847 0.4139627163461539 0.20101507932692309 0.4139627163461539 0.20101507932692309 0.4322683798076923 0.20974522596153847 0.4322683798076923 0.20974522596153847 0.4139627163461539
0 0.12439471875 0.3586003461538461 0.11996576442307692 0.3586003461538461 0.11996576442307692 0.3750754423076923 0.12439471875 0.3750754423076923 0.12439471875 0.3586003461538461
0 0.1303567716346154 0.36104110096153846 0.12677953846153847 0.36104110096153846 0.12677953846153847 0.3738550649038462 0.1303567716346154 0.3738550649038462 0.1303567716346154 0.36104110096153846
0 0.08589689182692307 0.3653124206730769 0.08266035096153845 0.3653124206730769 0.08266035096153845 0.37477034615384613 0.08589689182692307 0.37477034615384613 0.08589689182692307 0.3653124206730769
0 0.08266035096153845 0.3637869495192308 0.07874243028846153 0.3637869495192308 0.07874243028846153 0.37110921394230767 0.08266035096153845 0.37110921394230767 0.08266035096153845 0.3637869495192308
0 0.19406556009615386 0.35890543990384616 0.19099936298076925 0.35890543990384616 0.19099936298076925 0.3680582716346154 0.19406556009615386 0.3680582716346154 0.19406556009615386 0.35890543990384616
0 0.19099936298076925 0.35646468509615387 0.18759247596153847 0.35646468509615387 0.18759247596153847 0.3680582716346154 0.19099936298076925 0.3680582716346154 0.19099936298076925 0.35646468509615387
0 0.18759247596153847 0.3573799663461538 0.18452627644230768 0.3573799663461538 0.18452627644230768 0.3680582716346154 0.18759247596153847 0.3680582716346154 0.18759247596153847 0.3573799663461538
0 0.2295770360576923 0.4024692379807692 0.2236149831730769 0.4024692379807692 0.2236149831730769 0.42458858173076924 0.2295770360576923 0.42458858173076924 0.2295770360576923 0.4024692379807692
0 0.24852784615384615 0.4020878701923077 0.2427787235576923 0.4020878701923077 0.2427787235576923 0.42725815625 0.24852784615384615 0.42725815625 0.24852784615384615 0.4020878701923077
0 0.3006211971153846 0.4050469375 0.29756862740384615 0.4050469375 0.29756862740384615 0.4245729783653846 0.3006211971153846 0.4245729783653846 0.3006211971153846 0.4050469375
0 0.3006211971153846 0.4262912692307692 0.30498201201923075 0.4262912692307692 0.30498201201923075 0.4050469375 0.3006211971153846 0.4050469375 0.3006211971153846 0.4262912692307692
0 0.3162329182692308 0.39645548076923076 0.3130931298076923 0.39645548076923076 0.3130931298076923 0.41769981250000005 0.3162329182692308 0.41769981250000005 0.3162329182692308 0.39645548076923076
0 0.3162329182692308 0.4183246466346154 0.32024486778846156 0.4183246466346154 0.32024486778846156 0.39645548076923076 0.3162329182692308 0.39645548076923076 0.3162329182692308 0.4183246466346154
0 0.3326295841346154 0.4226984783653846 0.3286176346153846 0.4226984783653846 0.3286176346153846 0.43097751923076927 0.3326295841346154 0.43097751923076927 0.3326295841346154 0.4226984783653846
0 0.3365543173076923 0.41941810336538465 0.3330656658653846 0.41941810336538465 0.3330656658653846 0.43097751923076927 0.3365543173076923 0.43097751923076927 0.3365543173076923 0.41941810336538465
0 0.3411767836538461 0.4066090216346154 0.33568215625 0.4066090216346154 0.33568215625 0.43160235336538466 0.3411767836538461 0.43160235336538466 0.3411767836538461 0.4066090216346154
0 0.3048947980769231 0.4298840625 0.30166779326923077 0.4298840625 0.30166779326923077 0.4398813942307692 0.3048947980769231 0.4398813942307692 0.3048947980769231 0.4298840625
0 0.30166779326923077 0.4291030192307692 0.29870243750000003 0.4291030192307692 0.29870243750000003 0.4398813942307692 0.30166779326923077 0.4398813942307692 0.30166779326923077 0.4291030192307692
0 0.34406337019230765 0.3760567668269231 0.34078403605769225 0.3760567668269231 0.34078403605769225 0.38817853125 0.34406337019230765 0.38817853125 0.34406337019230765 0.3760567668269231
0 0.3394583485576923 0.3758068341346154 0.33701629326923077 0.3758068341346154 0.33701629326923077 0.3879285985576923 0.3394583485576923 0.3879285985576923 0.3394583485576923 0.3758068341346154
0 0.33506264663461544 0.3619355336538461 0.3312949014423077 0.3619355336538461 0.3312949014423077 0.3743072331730769 0.33506264663461544 0.3743072331730769 0.33506264663461544 0.3619355336538461
0 0.4123973341346154 0.3586336490384615 0.40772253846153844 0.3586336490384615 0.40772253846153844 0.37512924999999997 0.4123973341346154 0.37512924999999997 0.4123973341346154 0.3586336490384615
0 0.4159557596153846 0.37213004807692307 0.41337415625 0.37213004807692307 0.41337415625 0.3876259134615384 0.4159557596153846 0.3876259134615384 0.4159557596153846 0.37213004807692307
0 0.4228632908653846 0.3752542163461538 0.4197932764423077 0.3752542163461538 0.4197932764423077 0.3927495480769231 0.4228632908653846 0.3927495480769231 0.4228632908653846 0.3752542163461538
0 0.42202601442307697 0.39249961298076924 0.4267008100961539 0.39249961298076924 0.4267008100961539 0.37612898317307697 0.42202601442307697 0.37612898317307697 0.42202601442307697 0.39249961298076924
0 0.42914286538461544 0.35963338221153845 0.42711944711538463 0.35963338221153845 0.42711944711538463 0.3655068173076923 0.42914286538461544 0.3655068173076923 0.42914286538461544 0.35963338221153845
0 0.4322128798076923 0.36050814903846157 0.43060810096153845 0.36050814903846157 0.43060810096153845 0.36588171634615385 0.4322128798076923 0.36588171634615385 0.4322128798076923 0.36050814903846157
0 0.4322826538461539 0.36575675 0.4343060721153846 0.36575675 0.4343060721153846 0.3586336490384615 0.4322826538461539 0.3586336490384615 0.4322826538461539 0.36575675
0 0.4031872908653846 0.3741295144230769 0.3987915889423077 0.3741295144230769 0.3987915889423077 0.3880008149038462 0.4031872908653846 0.3880008149038462 0.4031872908653846 0.3741295144230769
0 0.45811532211538464 0.4403907091346154 0.4501091370192307 0.4403907091346154 0.4501091370192307 0.4727307115384616 0.45811532211538464 0.4727307115384616 0.45811532211538464 0.4403907091346154
0 0.46952839423076925 0.4464925961538461 0.46305531009615386 0.4464925961538461 0.46305531009615386 0.4669339206730769 0.46952839423076925 0.4669339206730769 0.46952839423076925 0.4464925961538461
0 0.42455748317307695 0.43367863221153846 0.4174030216346154 0.43367863221153846 0.4174030216346154 0.4474078798076923 0.42455748317307695 0.4474078798076923 0.42455748317307695 0.43367863221153846
0 0.4390367548076923 0.46388297596153844 0.4347781442307692 0.46388297596153844 0.4347781442307692 0.4937822259615385 0.4390367548076923 0.4937822259615385 0.4390367548076923 0.46388297596153844
0 0.44585052884615384 0.4586963701923077 0.43784434375000003 0.4586963701923077 0.43784434375000003 0.49225675240384614 0.44585052884615384 0.49225675240384614 0.44585052884615384 0.4586963701923077
0 0.42441109374999997 0.5076830865384616 0.4186193870192308 0.5076830865384616 0.4186193870192308 0.5445995072115385 0.42441109374999997 0.5445995072115385 0.42441109374999997 0.5076830865384616
0 0.4278179807692308 0.4988353509615384 0.4227076514423077 0.4988353509615384 0.4227076514423077 0.5400230913461539 0.4278179807692308 0.5400230913461539 0.4278179807692308 0.4988353509615384
0 0.42441109374999997 0.5534472427884615 0.4351427884615384 0.5534472427884615 0.4351427884615384 0.5076830865384616 0.42441109374999997 0.5076830865384616 0.42441109374999997 0.5534472427884615
0 0.433269 0.49792006730769234 0.4290103918269231 0.49792006730769234 0.4290103918269231 0.5430740336538462 0.433269 0.5430740336538462 0.433269 0.49792006730769234
0 0.33356509134615386 0.49379544471153847 0.3288772139423077 0.49379544471153847 0.3288772139423077 0.5105878365384615 0.33356509134615386 0.5105878365384615 0.33356509134615386 0.49379544471153847
0 0.32974937740384613 0.5117593990384616 0.3384710072115385 0.5117593990384616 0.3384710072115385 0.4969196105769231 0.32974937740384613 0.4969196105769231 0.32974937740384613 0.5117593990384616
0 0.3254975817307692 0.5116355576923077 0.3254975817307692 0.48325138221153846 0.31830223557692305 0.48325138221153846 0.31830223557692305 0.5182029927884615 0.3254975817307692 0.5182029927884615 0.3254975817307692 0.5116355576923077
0 0.6281492379807693 0.5371408701923077 0.6281492379807693 0.4991162331730769 0.620696673076923 0.4991162331730769 0.620696673076923 0.5401132884615385 0.6281492379807693 0.5401132884615385 0.6281492379807693 0.5371408701923077
0 0.6382634350961538 0.5093010072115385 0.6382634350961538 0.47814099278846156 0.6316093581730768 0.47814099278846156 0.6316093581730768 0.5129408197115385 0.6382634350961538 0.5129408197115385 0.6382634350961538 0.5093010072115385
0 0.620696673076923 0.4647931153846154 0.6145749230769231 0.4647931153846154 0.6145749230769231 0.48672177403846156 0.620696673076923 0.48672177403846156 0.620696673076923 0.4647931153846154
0 0.6691383509615385 0.5281955408653846 0.6635489254807693 0.5281955408653846 0.6635489254807693 0.5668090456730769 0.6691383509615385 0.5668090456730769 0.6691383509615385 0.5281955408653846
0 0.6691383509615385 0.5706227259615384 0.6752601009615385 0.5706227259615384 0.6752601009615385 0.5281955408653846 0.6691383509615385 0.5281955408653846 0.6691383509615385 0.5706227259615384
0 0.6925606995192308 0.5544145865384615 0.6811156875000001 0.5544145865384615 0.6811156875000001 0.5730062764423077 0.6925606995192308 0.5730062764423077 0.6925606995192308 0.5544145865384615
0 0.6909956634615385 0.47897183173076924 0.6840115432692309 0.47897183173076924 0.6840115432692309 0.5113118365384616 0.6909956634615385 0.5113118365384616 0.6909956634615385 0.47897183173076924
0 0.6887811850961539 0.43503824278846154 0.6828191322115384 0.43503824278846154 0.6828191322115384 0.4628018293269231 0.6887811850961539 0.4628018293269231 0.6887811850961539 0.43503824278846154
0 0.6961059927884615 0.4420554134615384 0.6925287620192309 0.4420554134615384 0.6925287620192309 0.4701240961538462 0.6961059927884615 0.4701240961538462 0.6961059927884615 0.4420554134615384
0 0.6996832259615384 0.43930956250000003 0.6966170264423077 0.43930956250000003 0.6966170264423077 0.4618865456730769 0.6996832259615384 0.4618865456730769 0.6996832259615384 0.43930956250000003
0 0.6996832259615384 0.4649374903846154 0.7053045889423076 0.4649374903846154 0.7053045889423076 0.4417503173076923 0.6996832259615384 0.4417503173076923 0.6996832259615384 0.4649374903846154
0 0.7034308004807692 0.4332076754807692 0.6995128798076924 0.4332076754807692 0.6995128798076924 0.454869375 0.7034308004807692 0.454869375 0.7034308004807692 0.4332076754807692
0 0.7068376875000001 0.4289363533653846 0.7032604567307692 0.4289363533653846 0.7032604567307692 0.4490725841346154 0.7068376875000001 0.4490725841346154 0.7068376875000001 0.4289363533653846
0 0.7134811177884616 0.4261905048076923 0.7085411322115385 0.4261905048076923 0.7085411322115385 0.4509031490384615 0.7134811177884616 0.4509031490384615 0.7134811177884616 0.4261905048076923
0 0.7415879375000001 0.5003284375 0.7366479519230769 0.5003284375 0.7366479519230769 0.5226003269230769 0.7415879375000001 0.5226003269230769 0.7415879375000001 0.5003284375
0 0.75044584375 0.4615814519230769 0.7470389567307693 0.4615814519230769 0.7470389567307693 0.4737852283653846 0.75044584375 0.4737852283653846 0.75044584375 0.4615814519230769
0 0.7470389567307693 0.48903994471153844 0.7541934206730769 0.48903994471153844 0.7541934206730769 0.4615814519230769 0.7470389567307693 0.4615814519230769 0.7470389567307693 0.48903994471153844
0 0.7630513269230769 0.4743954158653846 0.7557265192307692 0.4743954158653846 0.7557265192307692 0.51497296875 0.7630513269230769 0.51497296875 0.7630513269230769 0.4743954158653846
0 0.7828112716346154 0.4960571177884615 0.7751457764423078 0.4960571177884615 0.7751457764423078 0.5229054206730769 0.7828112716346154 0.5229054206730769 0.7828112716346154 0.4960571177884615
0 0.8059781057692308 0.45547956490384617 0.7995050192307692 0.45547956490384617 0.7995050192307692 0.48659919230769233 0.8059781057692308 0.48659919230769233 0.8059781057692308 0.45547956490384617
0 0.8194353100961538 0.45914069711538463 0.8136436009615384 0.45914069711538463 0.8136436009615384 0.4905654182692307 0.8194353100961538 0.4905654182692307 0.8194353100961538 0.45914069711538463
0 0.7921335408653847 0.42014976923076924 0.7878817451923077 0.42014976923076924 0.7878817451923077 0.4324511754807692 0.7921335408653847 0.4324511754807692 0.7921335408653847 0.42014976923076924
0 0.7878817451923077 0.42093081009615385 0.7837389711538462 0.42093081009615385 0.7837389711538462 0.4324511754807692 0.7878817451923077 0.4324511754807692 0.7878817451923077 0.42093081009615385
0 0.7430743653846155 0.4029668533653846 0.7384955096153847 0.4029668533653846 0.7384955096153847 0.4164398221153846 0.7430743653846155 0.4164398221153846 0.7430743653846155 0.4029668533653846
0 0.7291197572115385 0.3914464903846154 0.7247589399038462 0.3914464903846154 0.7247589399038462 0.41780664423076924 0.7291197572115385 0.41780664423076924 0.7291197572115385 0.3914464903846154
0 0.7884970120192307 0.555355076923077 0.7781166538461538 0.555355076923077 0.7781166538461538 0.6030260745192307 0.7884970120192307 0.6030260745192307 0.7884970120192307 0.555355076923077
0 0.810588548076923 0.5610755961538462 0.7991435360576923 0.5610755961538462 0.7991435360576923 0.6058863341346153 0.810588548076923 0.6058863341346153 0.810588548076923 0.5610755961538462
0 0.86249034375 0.4819417427884615 0.8537069639423076 0.4819417427884615 0.8537069639423076 0.5186484086538461 0.86249034375 0.5186484086538461 0.86249034375 0.4819417427884615
0 0.8606272043269231 0.516264860576923 0.8702090745192308 0.516264860576923 0.8702090745192308 0.4819417427884615 0.8606272043269231 0.4819417427884615 0.8606272043269231 0.516264860576923
0 0.8946960745192307 0.4652568942307692 0.8872435096153846 0.4652568942307692 0.8872435096153846 0.49385949278846153 0.8946960745192307 0.49385949278846153 0.8946960745192307 0.4652568942307692
0 0.9162552836538461 0.447618625 0.9117305120192308 0.447618625 0.9117305120192308 0.4743143822115385 0.9162552836538461 0.4743143822115385 0.9162552836538461 0.447618625
0 0.9162552836538461 0.4743143822115385 0.92104621875 0.4743143822115385 0.92104621875 0.447618625 0.9162552836538461 0.447618625 0.9162552836538461 0.4743143822115385
0 0.9274341322115384 0.4414213966346154 0.9197154038461538 0.4414213966346154 0.9197154038461538 0.47240754326923073 0.9274341322115384 0.47240754326923073 0.9274341322115384 0.4414213966346154
0 0.8398573365384615 0.41656884615384615 0.8347470048076923 0.41656884615384615 0.8347470048076923 0.44021366105769233 0.8398573365384615 0.44021366105769233 0.8398573365384615 0.41656884615384615
0 0.8364504495192308 0.3723301610576923 0.8328306298076923 0.3723301610576923 0.8328306298076923 0.3875848798076923 0.8364504495192308 0.3875848798076923 0.8364504495192308 0.3723301610576923
0 0.8749908605769231 0.381101625 0.8705193197115384 0.381101625 0.8705193197115384 0.3975004471153846 0.8749908605769231 0.3975004471153846 0.8749908605769231 0.381101625
0 0.8809529134615384 0.41885705528846157 0.8809529134615384 0.4161874783653846 0.8766943028846155 0.4161874783653846 0.8766943028846155 0.43563724519230773 0.8809529134615384 0.43563724519230773 0.8809529134615384 0.41885705528846157
0 0.8849985913461539 0.41885705528846157 0.8809529134615384 0.41885705528846157 0.8809529134615384 0.4375440841346154 0.8849985913461539 0.4375440841346154 0.8849985913461539 0.41885705528846157
0 0.9013942355769231 0.44059502884615387 0.9058657740384616 0.44059502884615387 0.9058657740384616 0.41656884615384615 0.9013942355769231 0.41656884615384615 0.9013942355769231 0.44059502884615387
0 0.9013942355769231 0.4169502139423077 0.8979873485576924 0.4169502139423077 0.8979873485576924 0.44059502884615387 0.9013942355769231 0.44059502884615387 0.9013942355769231 0.4169502139423077
0 0.8979873485576924 0.41733158173076923 0.8918123653846154 0.41733158173076923 0.8918123653846154 0.44059502884615387 0.8979873485576924 0.44059502884615387 0.8979873485576924 0.41733158173076923
0 0.8901089206730769 0.4390695552884616 0.8901089206730769 0.41771294951923077 0.8869149639423076 0.41771294951923077 0.8869149639423076 0.43601861298076927 0.8869149639423076 0.4390695552884616 0.8901089206730769 0.4390695552884616
0 0.8832951466346154 0.43601861298076927 0.8869149639423076 0.43601861298076927 0.8869149639423076 0.42686578125 0.8832951466346154 0.42686578125 0.8832951466346154 0.43601861298076927
0 0.9483154567307692 0.4232930096153846 0.9429921947115385 0.4232930096153846 0.9429921947115385 0.4466517980769231 0.9483154567307692 0.4466517980769231 0.9483154567307692 0.4232930096153846
0 0.97357965625 0.4303782836538461 0.9694913918269231 0.4303782836538461 0.9694913918269231 0.44471771875 0.97357965625 0.44471771875 0.97357965625 0.4303782836538461
0 0.9694913918269231 0.42976809374999997 0.9638700264423077 0.42976809374999997 0.9638700264423077 0.44471771875 0.9694913918269231 0.44471771875 0.9694913918269231 0.42976809374999997
0 0.9734093100961538 0.38949563701923073 0.9679582908653847 0.38949563701923073 0.9679582908653847 0.4026146947115385 0.9734093100961538 0.4026146947115385 0.9734093100961538 0.38949563701923073
0 0.969150701923077 0.3608167644230769 0.9662548485576923 0.3608167644230769 0.9662548485576923 0.3730205408653846 0.969150701923077 0.3730205408653846 0.969150701923077 0.3608167644230769
0 0.9374666514423077 0.3739358221153846 0.9338894182692308 0.3739358221153846 0.9338894182692308 0.3876650697115384 0.9374666514423077 0.3876650697115384 0.9374666514423077 0.3739358221153846
0 0.9013536466346154 0.37790205048076925 0.8984577932692308 0.37790205048076925 0.8984577932692308 0.38797016346153845 0.9013536466346154 0.38797016346153845 0.9013536466346154 0.37790205048076925
0 0.44121889663461544 0.3674706033653846 0.43871142788461537 0.3674706033653846 0.43871142788461537 0.38191987259615384 0.44121889663461544 0.38191987259615384 0.44121889663461544 0.3674706033653846
0 0.4419820384615385 0.3817246129807692 0.44459852884615386 0.3817246129807692 0.44459852884615386 0.36844690625 0.4419820384615385 0.36844690625 0.4419820384615385 0.3817246129807692
0 0.44885032451923074 0.3748905 0.44579775240384617 0.3748905 0.44579775240384617 0.3887539879807692 0.44885032451923074 0.3887539879807692 0.44885032451923074 0.3748905
0 0.4597523629807692 0.37352367548076926 0.4568088125 0.37352367548076926 0.4568088125 0.38973028846153845 0.4597523629807692 0.38973028846153845 0.4597523629807692 0.37352367548076926
0 0.45713587259615385 0.39675966346153846 0.4537562403846154 0.39675966346153846 0.4537562403846154 0.40632742307692304 0.45713587259615385 0.40632742307692304 0.45713587259615385 0.39675966346153846
0 0.4633500360576923 0.3942212788461538 0.4605155048076923 0.3942212788461538 0.4605155048076923 0.40710846634615383 0.4633500360576923 0.40710846634615383 0.4633500360576923 0.3942212788461538
0 0.4633500360576923 0.40828002884615383 0.4668386875 0.40828002884615383 0.4668386875 0.39851700721153843 0.4633500360576923 0.39851700721153843 0.4633500360576923 0.40828002884615383
0 0.4752332572115385 0.39461180048076927 0.4717446057692308 0.39461180048076927 0.4717446057692308 0.40710846634615383 0.4752332572115385 0.40710846634615383 0.4752332572115385 0.39461180048076927
0 0.48362782932692305 0.3914876322115385 0.4809023173076923 0.3914876322115385 0.4809023173076923 0.4076942451923077 0.48362782932692305 0.4076942451923077 0.48362782932692305 0.3914876322115385
0 0.48646235817307687 0.3961738822115385 0.48482705288461536 0.3961738822115385 0.48482705288461536 0.4115994543269231 0.48646235817307687 0.4115994543269231 0.48646235817307687 0.3961738822115385
0 0.4803572163461538 0.39344023798076927 0.4782858293269231 0.39344023798076927 0.4782858293269231 0.4092563293269231 0.4803572163461538 0.4092563293269231 0.4803572163461538 0.39344023798076927
0 0.46814693269230767 0.37918622836538457 0.4655304423076923 0.37918622836538457 0.4655304423076923 0.3891445072115385 0.46814693269230767 0.3891445072115385 0.46814693269230767 0.37918622836538457
0 0.4918043581730769 0.37996726923076923 0.4904961129807692 0.37996726923076923 0.4904961129807692 0.38777768509615385 0.4918043581730769 0.38777768509615385 0.4918043581730769 0.37996726923076923
0 0.4918043581730769 0.38777768509615385 0.4951839903846154 0.38777768509615385 0.4951839903846154 0.3821151346153846 0.4918043581730769 0.3821151346153846 0.4918043581730769 0.38777768509615385
0 0.479344875 0.3763811033653846 0.47471150721153843 0.3763811033653846 0.47471150721153843 0.3912697091346154 0.479344875 0.3912697091346154 0.479344875 0.3763811033653846
0 0.5136862980769231 0.3505091009615385 0.511505889423077 0.3505091009615385 0.511505889423077 0.3607602716346153 0.5136862980769231 0.3607602716346153 0.5136862980769231 0.3505091009615385
0 0.5136862980769231 0.3614924975961538 0.5164118076923077 0.3614924975961538 0.5164118076923077 0.3505091009615385 0.5136862980769231 0.3505091009615385 0.5136862980769231 0.3614924975961538
0 0.5196824182692308 0.35099725240384616 0.517365735576923 0.35099725240384616 0.517365735576923 0.3634451033653846 0.5196824182692308 0.3634451033653846 0.5196824182692308 0.35099725240384616
0 0.5256785408653847 0.3758929519230769 0.5226804807692308 0.3758929519230769 0.5226804807692308 0.38370336778846154 0.5256785408653847 0.38370336778846154 0.5256785408653847 0.3758929519230769
0 0.5326285889423077 0.35002094951923074 0.5290854278846153 0.35002094951923074 0.5290854278846153 0.35978397115384614 0.5326285889423077 0.35978397115384614 0.5326285889423077 0.35002094951923074
0 0.5412139447115385 0.3485564951923077 0.5383521610576923 0.3485564951923077 0.5383521610576923 0.3549024591346154 0.5412139447115385 0.3549024591346154 0.5412139447115385 0.3485564951923077
0 0.5465286899038462 0.3461157427884615 0.5447571081730769 0.3461157427884615 0.5447571081730769 0.3541702331730769 0.5465286899038462 0.3541702331730769 0.5465286899038462 0.3461157427884615
0 0.5451659350961539 0.3641773293269231 0.5417590480769231 0.3641773293269231 0.5417590480769231 0.3758929519230769 0.5451659350961539 0.3758929519230769 0.5451659350961539 0.3641773293269231
0 0.5455747620192308 0.37516072596153843 0.5480277211538461 0.37516072596153843 0.5480277211538461 0.36246880048076924 0.5455747620192308 0.36246880048076924 0.5455747620192308 0.37516072596153843
0 0.59313490625 0.3629569519230769 0.5900005697115385 0.3629569519230769 0.5900005697115385 0.3700351418269231 0.59313490625 0.3700351418269231 0.59313490625 0.3629569519230769
0 0.5988584759615384 0.35978397115384614 0.5959966923076924 0.35978397115384614 0.5959966923076924 0.3705232908653846 0.5988584759615384 0.3705232908653846 0.5988584759615384 0.35978397115384614
0 0.6083977620192308 0.3641773293269231 0.6083977620192308 0.35929581971153846 0.6063536298076924 0.35929581971153846 0.6063536298076924 0.3705232908653846 0.6083977620192308 0.3705232908653846 0.6083977620192308 0.3641773293269231
0 0.6180733197115384 0.36393325240384616 0.6158929134615385 0.36393325240384616 0.6158929134615385 0.3697910649038461 0.6180733197115384 0.3697910649038461 0.6180733197115384 0.36393325240384616
0 0.6126223004807693 0.3629569519230769 0.609760516826923 0.3629569519230769 0.609760516826923 0.3700351418269231 0.6126223004807693 0.3700351418269231 0.6126223004807693 0.3629569519230769
0 0.6145301586538461 0.37931000961538464 0.6109869951923077 0.37931000961538464 0.6109869951923077 0.39541899278846154 0.6145301586538461 0.39541899278846154 0.6145301586538461 0.37931000961538464
0 0.6534751370192308 0.3949188557692308 0.6496594254807693 0.3949188557692308 0.6496594254807693 0.41073494951923073 0.6534751370192308 0.41073494951923073 0.6534751370192308 0.3949188557692308
0 0.6496594254807693 0.3943330745192308 0.6451895889423077 0.3943330745192308 0.6451895889423077 0.40995390625000006 0.6496594254807693 0.40995390625000006 0.6496594254807693 0.3943330745192308
0 0.6578359543269231 0.38906104326923074 0.6554375048076923 0.38906104326923074 0.6554375048076923 0.39921458413461536 0.6578359543269231 0.39921458413461536 0.6578359543269231 0.38906104326923074
0 0.6723356658653846 0.3644582331730769 0.6688470120192308 0.3644582331730769 0.6688470120192308 0.3751975552884615 0.6723356658653846 0.3751975552884615 0.6723356658653846 0.3644582331730769
0 0.6762603990384615 0.3675823990384615 0.6740799927884615 0.3675823990384615 0.6740799927884615 0.3769548990384616 0.6762603990384615 0.3769548990384616 0.6762603990384615 0.3675823990384615
0 0.6790949302884616 0.36250562980769235 0.6762603990384615 0.36250562980769235 0.6762603990384615 0.37324495192307694 0.6790949302884616 0.37324495192307694 0.6790949302884616 0.36250562980769235
0 0.6764784399038462 0.38808474278846156 0.6797490528846153 0.38808474278846156 0.6797490528846153 0.37324495192307694 0.6764784399038462 0.37324495192307694 0.6764784399038462 0.38808474278846156
0 0.6722266442307692 0.3484468798076923 0.6687379927884615 0.3484468798076923 0.6687379927884615 0.35840516105769227 0.6722266442307692 0.35840516105769227 0.6722266442307692 0.3484468798076923
0 0.7151177211538461 0.3529257355769231 0.711280201923077 0.3529257355769231 0.711280201923077 0.3619233365384616 0.7151177211538461 0.3619233365384616 0.7151177211538461 0.3529257355769231
0 0.7294211947115384 0.36129850240384614 0.7248161754807693 0.36129850240384614 0.7248161754807693 0.36717193509615387 0.7294211947115384 0.36717193509615387 0.7294211947115384 0.36129850240384614
0 0.8483868990384615 0.37797303846153846 0.8448284735576923 0.37797303846153846 0.8448284735576923 0.3874705048076923 0.8483868990384615 0.3874705048076923 0.8483868990384615 0.37797303846153846
1 0.8189029447115386 0.35299912980769227 0.8051391201923077 0.35299912980769227 0.8051391201923077 0.3630062259615385 0.8189029447115386 0.3630062259615385 0.8189029447115386 0.35299912980769227
1 0.8776440673076924 0.33575203365384615 0.8467691514423077 0.33575203365384615 0.8467691514423077 0.35291359375 0.8776440673076924 0.35291359375 0.8776440673076924 0.33575203365384615
0 0.30068406009615384 0.36128474759615387 0.2972771730769231 0.36128474759615387 0.2972771730769231 0.3715816826923077 0.30068406009615384 0.3715816826923077 0.30068406009615384 0.36128474759615387
0 0.28620479086538464 0.3574710673076923 0.28088152884615386 0.3574710673076923 0.28088152884615386 0.3746326274038462 0.28620479086538464 0.3746326274038462 0.28620479086538464 0.3574710673076923
0 0.28620479086538464 0.3719630504807692 0.2898246081730769 0.3719630504807692 0.2898246081730769 0.36128474759615387 0.28620479086538464 0.36128474759615387 0.28620479086538464 0.3719630504807692
0 0.2898246081730769 0.35289465384615387 0.28705651201923077 0.35289465384615387 0.28705651201923077 0.3673866346153846 0.2898246081730769 0.3673866346153846 0.2898246081730769 0.35289465384615387
0 0.27704878125 0.35823380528846155 0.2725772427884615 0.35823380528846155 0.2725772427884615 0.3715816826923077 0.27704878125 0.3715816826923077 0.27704878125 0.35823380528846155
0 0.26512467548076923 0.3471741322115385 0.2627824423076923 0.3471741322115385 0.2627824423076923 0.3589965408653846 0.26512467548076923 0.3589965408653846 0.26512467548076923 0.3471741322115385
1 0.2725772427884615 0.3471741322115385 0.26512467548076923 0.3471741322115385 0.26512467548076923 0.35823380528846155 0.2725772427884615 0.35823380528846155 0.2725772427884615 0.3471741322115385
0 0.38285179326923074 0.34081019230769233 0.3803988341346154 0.34081019230769233 0.3803988341346154 0.35057321153846155 0.38285179326923074 0.35057321153846155 0.38285179326923074 0.34081019230769233
0 0.38285179326923074 0.35032913701923074 0.38584985336538463 0.35032913701923074 0.38584985336538463 0.34081019230769233 0.38285179326923074 0.34081019230769233 0.38285179326923074 0.35032913701923074
0 0.3520535336538462 0.36497366586538466 0.3471476153846154 0.36497366586538466 0.3471476153846154 0.36985517548076924 0.3520535336538462 0.36985517548076924 0.3520535336538462 0.36497366586538466
0 0.35845848076923076 0.3434950216346154 0.356550625 0.3434950216346154 0.356550625 0.3491087596153846 0.35845848076923076 0.3491087596153846 0.35845848076923076 0.3434950216346154
0 0.4367916754807692 0.33672220432692307 0.4342624038461539 0.33672220432692307 0.4342624038461539 0.34484503846153847 0.4367916754807692 0.34484503846153847 0.4367916754807692 0.33672220432692307
0 0.4367916754807692 0.3440639951923077 0.43905930048076924 0.3440639951923077 0.43905930048076924 0.33750324759615385 0.4367916754807692 0.33750324759615385 0.4367916754807692 0.3440639951923077
1 0.46703665625 0.33467529326923073 0.4465953341346154 0.33467529326923073 0.4465953341346154 0.3461163341346154 0.46703665625 0.3461163341346154 0.46703665625 0.33467529326923073
1 0.41444283653846153 0.3354380288461538 0.39549202403846156 0.3354380288461538 0.39549202403846156 0.34459086057692306 0.41444283653846153 0.34459086057692306 0.41444283653846153 0.3354380288461538
1 0.9740391057692308 0.5673625889423077 0.9430976490384615 0.5673625889423077 0.9430976490384615 0.5816638870192308 0.9740391057692308 0.5816638870192308 0.9740391057692308 0.5673625889423077
1 0.5511922956730769 0.32782241826923075 0.5147279567307692 0.32782241826923075 0.5147279567307692 0.34307713701923076 0.5511922956730769 0.34307713701923076 0.5511922956730769 0.32782241826923075
1 0.6042585576923076 0.3193880576923077 0.5910568701923077 0.3193880576923077 0.5910568701923077 0.3426515024038462 0.6042585576923076 0.3426515024038462 0.6042585576923076 0.3193880576923077
1 0.16535306730769234 0.5899032235576923 0.14874449278846155 0.5899032235576923 0.14874449278846155 0.6162176129807692 0.16535306730769234 0.6162176129807692 0.16535306730769234 0.5899032235576923
1 0.16684358173076924 0.629184125 0.17855475721153846 0.629184125 0.17855475721153846 0.5933217548076923 0.16684358173076924 0.5933217548076923 0.16684358173076924 0.629184125
1 0.16604509134615386 0.4967123846153846 0.13708655048076923 0.4967123846153846 0.13708655048076923 0.5127298389423077 0.16604509134615386 0.5127298389423077 0.16604509134615386 0.4967123846153846
1 0.11050750721153846 0.4830764375 0.09909443509615384 0.4830764375 0.09909443509615384 0.5007719110576923 0.11050750721153846 0.5007719110576923 0.11050750721153846 0.4830764375
1 0.03321554567307693 0.46497089423076926 0.02388339903846154 0.46497089423076926 0.02388339903846154 0.47340614423076927 0.03321554567307693 0.47340614423076927 0.03321554567307693 0.46497089423076926
1 0.08686583894230769 0.4582821802884615 0.06574313942307693 0.4582821802884615 0.06574313942307693 0.47628274759615385 0.08686583894230769 0.47628274759615385 0.08686583894230769 0.4582821802884615
1 0.3254975817307692 0.5305514086538461 0.34542728605769235 0.5305514086538461 0.34542728605769235 0.5116355576923077 0.3254975817307692 0.5116355576923077 0.3254975817307692 0.5305514086538461
1 0.433269 0.5688026177884615 0.4524674230769231 0.5688026177884615 0.4524674230769231 0.5337167644230769 0.433269 0.5337167644230769 0.433269 0.5688026177884615
1 0.4420764158653846 0.5080888365384616 0.45894050721153845 0.5080888365384616 0.45894050721153845 0.49225675240384614 0.4420764158653846 0.49225675240384614 0.4420764158653846 0.5080888365384616
1 0.47867916105769226 0.46629090624999997 0.45994128125 0.46629090624999997 0.45994128125 0.4836812860576923 0.47867916105769226 0.4836812860576923 0.47867916105769226 0.46629090624999997
1 0.42755988221153846 0.45379838221153845 0.40009185576923073 0.45379838221153845 0.40009185576923073 0.47858730048076925 0.42755988221153846 0.47858730048076925 0.42755988221153846 0.45379838221153845
1 0.6591197500000001 0.5100637427884616 0.6408077307692307 0.5100637427884616 0.6408077307692307 0.5264625673076924 0.6591197500000001 0.5264625673076924 0.6591197500000001 0.5100637427884616
1 0.6925606995192308 0.5867187043269231 0.7038351442307692 0.5867187043269231 0.7038351442307692 0.5665062043269231 0.6925606995192308 0.5665062043269231 0.6925606995192308 0.5867187043269231
1 0.65443528125 0.5359967644230769 0.6299482788461539 0.5359967644230769 0.6299482788461539 0.5596415793269232 0.65443528125 0.5596415793269232 0.65443528125 0.5359967644230769
1 0.7208695817307693 0.5035804879807693 0.6951049951923077 0.5035804879807693 0.6951049951923077 0.5298948774038462 0.7208695817307693 0.5298948774038462 0.7208695817307693 0.5035804879807693
1 0.7258564783653847 0.4550871153846154 0.7068782091346153 0.4550871153846154 0.7068782091346153 0.47520674519230766 0.7258564783653847 0.47520674519230766 0.7258564783653847 0.4550871153846154
1 0.70918071875 0.4662091466346154 0.6978077115384616 0.4662091466346154 0.6978077115384616 0.4780809783653846 0.70918071875 0.4780809783653846 0.70918071875 0.4662091466346154
1 0.7311592307692307 0.44783904807692304 0.7214607764423077 0.44783904807692304 0.7214607764423077 0.4607106153846154 0.7311592307692307 0.4607106153846154 0.7311592307692307 0.44783904807692304
1 0.7626189519230769 0.5166800889423077 0.7455845168269231 0.5166800889423077 0.7455845168269231 0.5352908461538461 0.7626189519230769 0.5352908461538461 0.7626189519230769 0.5166800889423077
1 0.8075898629807692 0.5142393341346154 0.7849340649038462 0.5142393341346154 0.7849340649038462 0.5313246201923078 0.8075898629807692 0.5313246201923078 0.8075898629807692 0.5142393341346154
1 0.8106667091346154 0.6044900649038462 0.7754054254807692 0.6044900649038462 0.7754054254807692 0.6435421466346154 0.8106667091346154 0.6435421466346154 0.8106667091346154 0.6044900649038462
1 0.6932169326923077 0.5750893173076923 0.6622754759615385 0.5750893173076923 0.6622754759615385 0.6120343389423077 0.6932169326923077 0.6120343389423077 0.6932169326923077 0.5750893173076923
1 0.849184329326923 0.48235114182692307 0.8225680216346153 0.48235114182692307 0.8225680216346153 0.502849670673077 0.849184329326923 0.502849670673077 0.849184329326923 0.48235114182692307
1 0.907740201923077 0.5085701899038462 0.8731390048076922 0.5085701899038462 0.8731390048076922 0.5324056875 0.907740201923077 0.5324056875 0.907740201923077 0.5085701899038462
1 0.23853175721153846 0.42086274759615383 0.23071717548076925 0.42086274759615383 0.23071717548076925 0.42823578125 0.23853175721153846 0.42823578125 0.23853175721153846 0.42086274759615383
1 0.31148601923076924 0.4238613894230769 0.3064710817307692 0.4238613894230769 0.3064710817307692 0.4351864927884615 0.31148601923076924 0.4351864927884615 0.31148601923076924 0.4238613894230769
1 0.38169515144230765 0.42698555528846155 0.34266585096153845 0.42698555528846155 0.34266585096153845 0.44241112740384614 0.38169515144230765 0.44241112740384614 0.38169515144230765 0.42698555528846155
1 0.3759729447115384 0.38077796634615385 0.3477148605769231 0.38077796634615385 0.3477148605769231 0.39264980048076925 0.3759729447115384 0.39264980048076925 0.3759729447115384 0.38077796634615385
1 0.3726587235576923 0.36593817548076923 0.3551282451923077 0.36593817548076923 0.3551282451923077 0.3754668846153846 0.3726587235576923 0.3754668846153846 0.3726587235576923 0.36593817548076923
1 0.4117409302884615 0.375777545673077 0.4083025144230769 0.375777545673077 0.4083025144230769 0.38625475 0.4117409302884615 0.38625475 0.4117409302884615 0.375777545673077
1 0.5031149855769231 0.37906817548076926 0.4964715576923077 0.37906817548076926 0.4964715576923077 0.39371270432692307 0.5031149855769231 0.39371270432692307 0.5031149855769231 0.37906817548076926
1 0.5325845600961538 0.38700062980769234 0.5247487211538462 0.38700062980769234 0.5247487211538462 0.39371270432692307 0.5325845600961538 0.39371270432692307 0.5325845600961538 0.38700062980769234
1 0.6720391538461539 0.39362642067307696 0.6592633269230769 0.39362642067307696 0.6592633269230769 0.40277925240384616 0.6720391538461539 0.40277925240384616 0.6720391538461539 0.39362642067307696