0 0.5095238100961539 0.7503401370192309 0.4986394543269231 0.7503401370192309 0.4986394543269231 0.7745275889423078 0.5095238100961539 0.7745275889423078 0.5095238100961539 0.7503401370192309
0 0.5863945576923076 0.7152683293269231 0.5761904759615384 0.7152683293269231 0.5761904759615384 0.7382464086538462 0.5863945576923076 0.7382464086538462 0.5863945576923076 0.7152683293269231
0 0.7925170072115384 0.4588813317307692 0.7897959182692307 0.4588813317307692 0.7897959182692307 0.4758125480769231 0.7925170072115384 0.4758125480769231 0.7925170072115384 0.4588813317307692
0 0.7925170072115384 0.45525321153846154 0.7823129254807693 0.45525321153846154 0.7823129254807693 0.4758125480769231 0.7925170072115384 0.4758125480769231 0.7925170072115384 0.45525321153846154
0 0.9482400649038462 0.541442045673077 0.9346870432692308 0.541442045673077 0.9346870432692308 0.5671214591346154 0.9482400649038462 0.5671214591346154 0.9482400649038462 0.541442045673077
0 0.791564625 0.2552229783653846 0.7834013605769231 0.2552229783653846 0.7834013605769231 0.27747543509615386 0.791564625 0.27747543509615386 0.791564625 0.2552229783653846
1 0.4367346947115385 0.2798941802884615 0.42585033894230767 0.2798941802884615 0.42585033894230767 0.2968253966346154 0.4367346947115385 0.2968253966346154 0.4367346947115385 0.2798941802884615
1 0.5346938774038461 0.3403628100961538 0.5292517019230769 0.3403628100961538 0.5292517019230769 0.35245653846153846 0.5346938774038461 0.35245653846153846 0.5346938774038461 0.3403628100961538
1 0.608163266826923 0.10211640384615385 0.5965986394230769 0.10211640384615385 0.5965986394230769 0.11783824519230769 0.608163266826923 0.11783824519230769 0.608163266826923 0.10211640384615385
0 0.5527074831730769 0.6568072548076922 0.5453061225961539 0.6568072548076922 0.5453061225961539 0.67615721875 0.5527074831730769 0.67615721875 0.5527074831730769 0.6568072548076922
0 0.6885488966346155 0.43793394951923076 0.6837340072115385 0.43793394951923076 0.6837340072115385 0.46040343509615383 0.6885488966346155 0.46040343509615383 0.6885488966346155 0.43793394951923076
0 0.6789191177884616 0.44809871634615384 0.6747060889423077 0.44809871634615384 0.6747060889423077 0.4652183245192308 0.6789191177884616 0.4652183245192308 0.6789191177884616 0.44809871634615384
0 0.7081093870192308 0.3737354182692308 0.7044982211538462 0.3737354182692308 0.7044982211538462 0.38604013701923073 0.7081093870192308 0.38604013701923073 0.7081093870192308 0.3737354182692308
0 0.7032944975961539 0.3710604783653846 0.6993823990384616 0.3710604783653846 0.6993823990384616 0.39032003846153845 0.7032944975961539 0.39032003846153845 0.7032944975961539 0.3710604783653846
0 0.69908146875 0.3694555168269231 0.6921600649038461 0.3694555168269231 0.6921600649038461 0.3940649519230769 0.69908146875 0.3940649519230769 0.69908146875 0.3694555168269231
0 0.3710671033653846 0.7720949302884615 0.36384476682692307 0.7720949302884615 0.36384476682692307 0.7929594519230769 0.3710671033653846 0.7929594519230769 0.3710671033653846 0.7720949302884615
0 0.6219977403846154 0.10096624759615384 0.6193495504807692 0.10096624759615384 0.6193495504807692 0.11123801201923077 0.6219977403846154 0.11123801201923077 0.6219977403846154 0.10096624759615384
0 0.9646655 0.6254130745192307 0.9741372836538461 0.6254130745192307 0.9741372836538461 0.6069359855769231 0.9646655 0.6069359855769231 0.9646655 0.6254130745192307
0 0.8983706971153846 0.4438845865384616 0.9048705480769231 0.4438845865384616 0.9048705480769231 0.4154407932692308 0.8983706971153846 0.4154407932692308 0.8983706971153846 0.4438845865384616
0 0.9114703966346155 0.4225517427884615 0.9169702692307692 0.4225517427884615 0.9169702692307692 0.4053076923076923 0.9114703966346155 0.4053076923076923 0.9114703966346155 0.4225517427884615
0 0.8680942692307692 0.30411804326923075 0.8777196490384616 0.30411804326923075 0.8777196490384616 0.2889722908653846 0.8680942692307692 0.2889722908653846 0.8680942692307692 0.30411804326923075
0 0.863734048076923 0.2492294855769231 0.8557470312500001 0.2492294855769231 0.8557470312500001 0.25621983173076923 0.863734048076923 0.25621983173076923 0.863734048076923 0.2492294855769231
0 0.863734048076923 0.24478770192307692 0.8537400384615386 0.24478770192307692 0.8537400384615386 0.2492294855769231 0.863734048076923 0.2492294855769231 0.863734048076923 0.24478770192307692
1 0.9810294855769232 0.03284312980769231 0.8796255576923078 0.03284312980769231 0.8796255576923078 0.07395330048076923 0.9810294855769232 0.07395330048076923 0.9810294855769232 0.03284312980769231
1 0.9971228677884615 0.024787759615384614 0.9908730120192307 0.024787759615384614 0.9908730120192307 0.03395421634615385 0.9971228677884615 0.03395421634615385 0.9971228677884615 0.024787759615384614
0 0.9309743822115385 0.17856201923076925 0.9251745144230769 0.17856201923076925 0.9251745144230769 0.1901173076923077 0.9309743822115385 0.1901173076923077 0.9309743822115385 0.17856201923076925
0 0.8730757067307693 0.1030081923076923 0.8818755072115384 0.1030081923076923 0.8818755072115384 0.08878629326923078 0.8730757067307693 0.08878629326923078 0.8730757067307693 0.1030081923076923
0 0.8112771225961539 0.06407574759615385 0.8193769375000001 0.06407574759615385 0.8193769375000001 0.048787209134615386 0.8112771225961539 0.048787209134615386 0.8112771225961539 0.06407574759615385
0 0.8038772908653846 0.009854769230769231 0.7969774495192308 0.009854769230769231 0.7969774495192308 0.01661016826923077 0.8038772908653846 0.01661016826923077 0.8038772908653846 0.009854769230769231
0 0.8436763798076924 0.12931869951923078 0.8347765841346154 0.12931869951923078 0.8347765841346154 0.14229618028846153 0.8436763798076924 0.14229618028846153 0.8436763798076924 0.12931869951923078
0 0.8388764903846154 0.15065154567307693 0.8444763629807692 0.15065154567307693 0.8444763629807692 0.14371837019230768 0.8388764903846154 0.14371837019230768 0.8388764903846154 0.15065154567307693
0 0.8256971129807693 0.2003266394230769 0.8352405745192308 0.2003266394230769 0.8352405745192308 0.18780226923076923 0.8256971129807693 0.18780226923076923 0.8256971129807693 0.2003266394230769
0 0.8221336730769231 0.18809353365384615 0.8312265865384615 0.18809353365384615 0.8312265865384615 0.17505944951923078 0.8221336730769231 0.17505944951923078 0.8221336730769231 0.18809353365384615
0 0.8320048076923077 0.20709853846153845 0.8415482692307692 0.20709853846153845 0.8415482692307692 0.19552077644230767 0.8320048076923077 0.19552077644230767 0.8320048076923077 0.20709853846153845
0 0.8236995985576924 0.19892421875000002 0.8199108846153845 0.19892421875000002 0.8199108846153845 0.2083903125 0.8236995985576924 0.2083903125 0.8236995985576924 0.19892421875000002
0 0.8310210312499999 0.20538664903846152 0.8229828149038462 0.20538664903846152 0.8229828149038462 0.21485274278846156 0.8310210312499999 0.21485274278846156 0.8310210312499999 0.20538664903846152
1 0.6736516153846155 0.18726380528846154 0.6849313581730769 0.18726380528846154 0.6849313581730769 0.16521986778846154 0.6736516153846155 0.16521986778846154 0.6736516153846155 0.18726380528846154
1 0.67461159375 0.25424893990384617 0.6856513413461538 0.25424893990384617 0.6856513413461538 0.21983194951923077 0.67461159375 0.21983194951923077 0.67461159375 0.25424893990384617
1 0.6352524951923078 0.07633301201923076 0.6497321634615385 0.07633301201923076 0.6497321634615385 0.04305377403846154 0.6352524951923078 0.04305377403846154 0.6352524951923078 0.07633301201923076
0 0.7661678870192308 0.12400568028846154 0.7596400360576923 0.12400568028846154 0.7596400360576923 0.13606584615384615 0.7661678870192308 0.13606584615384615 0.7661678870192308 0.12400568028846154
1 0.4312216274038461 0.4465585408653846 0.4351415360576923 0.4465585408653846 0.4351415360576923 0.44058534615384615 0.4312216274038461 0.44058534615384615 0.4312216274038461 0.4465585408653846
1 0.46115531730769227 0.4246929326923077 0.47345972355769234 0.4246929326923077 0.47345972355769234 0.4139292884615384 0.46115531730769227 0.4139292884615384 0.46115531730769227 0.4246929326923077
1 0.7175947596153847 0.14414379807692307 0.7279460841346155 0.14414379807692307 0.7279460841346155 0.12157487019230769 0.7175947596153847 0.12157487019230769 0.7175947596153847 0.14414379807692307
0 0.7239174278846154 0.17508697836538462 0.7292773052884616 0.17508697836538462 0.7292773052884616 0.16356724278846152 0.7239174278846154 0.16356724278846152 0.7239174278846154 0.17508697836538462
0 0.7315172524038461 0.17252703605769232 0.7363971418269231 0.17252703605769232 0.7363971418269231 0.15915845192307693 0.7315172524038461 0.15915845192307693 0.7315172524038461 0.17252703605769232
0 0.7372771225961539 0.17850023317307692 0.7421570096153847 0.17850023317307692 0.7421570096153847 0.16470499278846157 0.7372771225961539 0.16470499278846157 0.7372771225961539 0.17850023317307692
1 0.20841255769230768 0.47799245673076923 0.21666836778846152 0.47799245673076923 0.21666836778846152 0.4621777091346154 0.20841255769230768 0.4621777091346154 0.20841255769230768 0.47799245673076923
1 0.21532439903846154 0.47423787740384615 0.22178825000000002 0.47423787740384615 0.22178825000000002 0.46069862980769233 0.21532439903846154 0.46069862980769233 0.21532439903846154 0.47423787740384615
0 0.1333574375 0.38616820192307694 0.14455718028846154 0.38616820192307694 0.14455718028846154 0.37436402884615383 0.1333574375 0.37436402884615383 0.1333574375 0.38616820192307694
1 0.12690251923076923 0.22320478365384616 0.13289278365384616 0.22320478365384616 0.13289278365384616 0.21446685096153845 0.12690251923076923 0.21446685096153845 0.12690251923076923 0.22320478365384616
1 0.13734707932692308 0.22502518509615385 0.1419037764423077 0.22502518509615385 0.1419037764423077 0.21728847596153844 0.13734707932692308 0.21728847596153844 0.13734707932692308 0.22502518509615385
1 0.13908784134615385 0.21291950721153846 0.13458234375 0.21291950721153846 0.13458234375 0.2213843798076923 0.13908784134615385 0.2213843798076923 0.13908784134615385 0.21291950721153846
1 0.1413405889423077 0.22011009855769229 0.1454364951923077 0.22011009855769229 0.1454364951923077 0.21319256730769232 0.1413405889423077 0.21319256730769232 0.1413405889423077 0.22011009855769229
1 0.18192950961538462 0.14841371875 0.1746336778846154 0.14841371875 0.1746336778846154 0.16127031249999998 0.18192950961538462 0.16127031249999998 0.18192950961538462 0.14841371875
1 0.3070222716346154 0.08921673798076922 0.3135021225961539 0.08921673798076922 0.3135021225961539 0.07399931009615385 0.3070222716346154 0.07399931009615385 0.3070222716346154 0.08921673798076922
1 0.02549516346153846 0.13091841826923079 0.034594954326923076 0.13091841826923079 0.034594954326923076 0.11811871153846153 0.02549516346153846 0.11811871153846153 0.02549516346153846 0.13091841826923079
1 0.01599537980769231 0.13625162980769231 0.02189524519230769 0.13625162980769231 0.02189524519230769 0.12665185096153847 0.01599537980769231 0.12665185096153847 0.01599537980769231 0.13625162980769231
1 0.04455968509615385 0.040056997596153845 0.04918806009615385 0.040056997596153845 0.04918806009615385 0.03372199519230769 0.04455968509615385 0.03372199519230769 0.04455968509615385 0.040056997596153845
1 0.04988436298076923 0.0439890673076923 0.04742681971153846 0.0439890673076923 0.04742681971153846 0.050615334134615386 0.04988436298076923 0.050615334134615386 0.04988436298076923 0.0439890673076923
1 0.05373451682692308 0.04442596394230769 0.05041683173076923 0.04442596394230769 0.05041683173076923 0.05381924278846154 0.05373451682692308 0.05381924278846154 0.05373451682692308 0.04442596394230769
0 0.022392572115384615 0.6816035192307692 0.03780342067307692 0.6816035192307692 0.03780342067307692 0.6596676658653846 0.022392572115384615 0.6596676658653846 0.022392572115384615 0.6816035192307692
0 0.02986760096153846 0.6357293701923077 0.023723740384615385 0.6357293701923077 0.023723740384615385 0.6451954639423078 0.02986760096153846 0.6451954639423078 0.02986760096153846 0.6357293701923077
0 0.03657464663461538 0.627355516826923 0.0282804375 0.627355516826923 0.0282804375 0.6392791538461539 0.03657464663461538 0.6392791538461539 0.03657464663461538 0.627355516826923
0 0.15631941105769231 0.7519295456730769 0.14767960817307693 0.7519295456730769 0.14767960817307693 0.7611453365384615 0.15631941105769231 0.7611453365384615 0.15631941105769231 0.7519295456730769
0 0.14665563221153846 0.748402516826923 0.1567674014423077 0.748402516826923 0.1567674014423077 0.7406658052884616 0.14665563221153846 0.7406658052884616 0.14665563221153846 0.748402516826923
0 0.18198282451923076 0.6977725649038462 0.17251104086538463 0.6977725649038462 0.17251104086538463 0.7098327307692307 0.18198282451923076 0.7098327307692307 0.18198282451923076 0.6977725649038462
0 0.18511875240384615 0.7116531346153846 0.17878289663461538 0.7116531346153846 0.17878289663461538 0.7180245432692308 0.18511875240384615 0.7180245432692308 0.18511875240384615 0.7116531346153846
0 0.18844667548076924 0.703119997596154 0.18345479086538463 0.703119997596154 0.18345479086538463 0.70949140625 0.18844667548076924 0.70949140625 0.18844667548076924 0.703119997596154
0 0.2359335889423077 0.6801374134615384 0.22812576682692307 0.6801374134615384 0.22812576682692307 0.6931077812499999 0.2359335889423077 0.6931077812499999 0.2359335889423077 0.6801374134615384
0 0.2419494519230769 0.6870776971153846 0.2331816514423077 0.6870776971153846 0.2331816514423077 0.7012995937500001 0.2419494519230769 0.7012995937500001 0.2419494519230769 0.6870776971153846
0 0.3026056033653846 0.7125022740384614 0.29290649759615384 0.7125022740384614 0.29290649759615384 0.731900485576923 0.3026056033653846 0.731900485576923 0.3026056033653846 0.7125022740384614
0 0.2921200841346154 0.714541125 0.2867462548076923 0.714541125 0.2867462548076923 0.7251431514423078 0.2921200841346154 0.7251431514423078 0.2921200841346154 0.714541125
0 0.5688165961538462 0.9781967211538463 0.5713165384615384 0.9781967211538463 0.5713165384615384 0.9694858100961539 0.5688165961538462 0.9694858100961539 0.5688165961538462 0.9781967211538463
0 0.4374196033653846 0.9976000552884615 0.44181950240384615 0.9976000552884615 0.44181950240384615 0.9901335600961538 0.4374196033653846 0.9901335600961538 0.4374196033653846 0.9976000552884615
0 0.45031930769230766 0.9983111490384615 0.4555191875 0.9983111490384615 0.4555191875 0.9896002379807692 0.45031930769230766 0.9896002379807692 0.45031930769230766 0.9983111490384615
0 0.4839185384615385 0.99226684375 0.48071861057692306 0.99226684375 0.48071861057692306 0.9988444711538461 0.4839185384615385 0.9988444711538461 0.4839185384615385 0.99226684375
0 0.5916555600961538 0.9706341322115384 0.5858098822115385 0.9706341322115384 0.5858098822115385 0.9834963701923077 0.5916555600961538 0.9834963701923077 0.5916555600961538 0.9706341322115384
0 0.5902105240384615 0.9557663100961539 0.5861146177884615 0.9557663100961539 0.5861146177884615 0.9647372572115385 0.5902105240384615 0.9647372572115385 0.5902105240384615 0.9557663100961539
0 0.5899811538461539 0.9638634615384615 0.5937821538461538 0.9638634615384615 0.5937821538461538 0.9547177596153846 0.5899811538461539 0.9547177596153846 0.5899811538461539 0.9638634615384615
0 0.6303075649038461 0.9684746730769231 0.63454746875 0.9684746730769231 0.63454746875 0.9589460024038462 0.6303075649038461 0.9589460024038462 0.6303075649038461 0.9684746730769231
0 0.5758384999999999 0.6217505889423076 0.5695186442307693 0.6217505889423076 0.5695186442307693 0.6383902091346154 0.5758384999999999 0.6383902091346154 0.5758384999999999 0.6217505889423076
0 0.5811183798076923 0.626443814903846 0.5746385288461539 0.626443814903846 0.5746385288461539 0.6435100913461539 0.5811183798076923 0.6435100913461539 0.5811183798076923 0.626443814903846
0 0.6415763701923077 0.5695623389423077 0.6370964735576923 0.5695623389423077 0.6370964735576923 0.5843531105769231 0.6415763701923077 0.5843531105769231 0.6415763701923077 0.5695623389423077
0 0.6466162572115385 0.5682823677884615 0.6496561875 0.5682823677884615 0.6496561875 0.5618825144230769 0.6466162572115385 0.5618825144230769 0.6466162572115385 0.5682823677884615
0 0.6470322475961539 0.5535769278846154 0.6497201850961538 0.5535769278846154 0.6497201850961538 0.5490259206730769 0.6470322475961539 0.5490259206730769 0.6470322475961539 0.5535769278846154
0 0.6502961730769231 0.5444749134615384 0.6462642644230769 0.5444749134615384 0.6462642644230769 0.5505049975961538 0.6502961730769231 0.5505049975961538 0.6502961730769231 0.5444749134615384
1 0.2368905745192308 0.26642936298076925 0.2295691418269231 0.26642936298076925 0.2295691418269231 0.2733468942307692 0.2368905745192308 0.2733468942307692 0.2368905745192308 0.26642936298076925
1 0.38940230288461536 0.348154 0.3846920120192308 0.348154 0.3846920120192308 0.35762009375 0.38940230288461536 0.35762009375 0.38940230288461536 0.348154
1 0.3114678725961539 0.06183593028846154 0.31587097115384616 0.06183593028846154 0.31587097115384616 0.049639230769230776 0.3114678725961539 0.049639230769230776 0.3114678725961539 0.06183593028846154
1 0.30629679086538464 0.06766121875 0.31069988942307697 0.06766121875 0.31069988942307697 0.05573758173076923 0.30629679086538464 0.05573758173076923 0.30629679086538464 0.06766121875
1 0.45855835817307694 0.03918668269230769 0.4613108076923077 0.03918668269230769 0.4613108076923077 0.032720610576923076 0.45855835817307694 0.032720610576923076 0.45855835817307694 0.03918668269230769
1 0.4668484735576923 0.03423518509615385 0.4637683509615385 0.03423518509615385 0.4637683509615385 0.03837113942307692 0.4668484735576923 0.03837113942307692 0.4668484735576923 0.03423518509615385
1 0.4713651418269231 0.18522051201923076 0.4750924158653846 0.18522051201923076 0.4750924158653846 0.1791039591346154 0.4713651418269231 0.1791039591346154 0.4713651418269231 0.18522051201923076
1 0.3579930721153846 0.604342951923077 0.3541396418269231 0.604342951923077 0.3541396418269231 0.6106342644230769 0.3579930721153846 0.6106342644230769 0.3579930721153846 0.604342951923077
1 0.3599066778846154 0.5949758870192308 0.3640484591346154 0.5949758870192308 0.3640484591346154 0.5874729158653846 0.3599066778846154 0.5874729158653846 0.3599066778846154 0.5949758870192308
1 0.36543779086538464 0.5806689783653846 0.36163678846153846 0.5806689783653846 0.36163678846153846 0.5870534951923078 0.36543779086538464 0.5870534951923078 0.36543779086538464 0.5806689783653846
1 0.4239085168269231 0.633661639423077 0.41590870192307694 0.633661639423077 0.41590870192307694 0.6453947019230769 0.4239085168269231 0.6453947019230769 0.4239085168269231 0.633661639423077
1 0.40860886778846156 0.6205063846153845 0.41350875721153846 0.6205063846153845 0.41350875721153846 0.6132176634615385 0.40860886778846156 0.6132176634615385 0.40860886778846156 0.6205063846153845
0 0.04683016826923077 0.23652011298076922 0.04004632451923077 0.23652011298076922 0.04004632451923077 0.2472149783653846 0.04683016826923077 0.2472149783653846 0.04683016826923077 0.23652011298076922
0 0.07546291346153847 0.3432842475961539 0.07090621634615385 0.3432842475961539 0.07090621634615385 0.3521131995192308 0.07546291346153847 0.3521131995192308 0.07546291346153847 0.3432842475961539
0 0.0829379423076923 0.35502584375 0.07346615865384615 0.35502584375 0.07346615865384615 0.36039603365384615 0.0829379423076923 0.36039603365384615 0.0829379423076923 0.35502584375
0 0.06174162740384615 0.31670636538461533 0.07080381971153846 0.31670636538461533 0.07080381971153846 0.3067851706730769 0.06174162740384615 0.3067851706730769 0.06174162740384615 0.31670636538461533