1 0.9738136225961539 0.05300947836538462 0.8174329975961538 0.05300947836538462 0.8174329975961538 0.14901335336538463 0.9738136225961539 0.14901335336538463 0.9738136225961539 0.05300947836538462
0 0.45363525 0.05529384375 0.44154968269230765 0.05529384375 0.44154968269230765 0.12051982692307693 0.45363525 0.12051982692307693 0.45363525 0.05529384375
0 0.47248873317307694 0.0564482860576923 0.4587917572115385 0.0564482860576923 0.4587917572115385 0.13004397596153847 0.47248873317307694 0.13004397596153847 0.47248873317307694 0.0564482860576923
0 0.5205087187499999 0.11272734134615384 0.50149409375 0.11272734134615384 0.50149409375 0.15082393509615383 0.5205087187499999 0.15082393509615383 0.5205087187499999 0.11272734134615384
0 0.48853798798076925 0.02260531730769231 0.4807327259615385 0.02260531730769231 0.4807327259615385 0.05687781971153846 0.48853798798076925 0.05687781971153846 0.48853798798076925 0.02260531730769231
0 0.5836497884615385 0.020333951923076923 0.5778744975961538 0.020333951923076923 0.5778744975961538 0.04637816586538461 0.5836497884615385 0.04637816586538461 0.5836497884615385 0.020333951923076923
0 0.5796277115384615 0.02772238221153846 0.5727179903846153 0.02772238221153846 0.5727179903846153 0.043238084134615384 0.5796277115384615 0.043238084134615384 0.5796277115384615 0.02772238221153846
0 0.5506481322115385 0.017378579326923077 0.5450791033653846 0.017378579326923077 0.5450791033653846 0.043238084134615384 0.5506481322115385 0.043238084134615384 0.5506481322115385 0.017378579326923077
0 0.5521950865384615 0.01368436298076923 0.54734796875 0.01368436298076923 0.54734796875 0.034371968749999995 0.5521950865384615 0.034371968749999995 0.5521950865384615 0.01368436298076923
0 0.9900418004807693 0.02482485576923077 0.9811900673076923 0.02482485576923077 0.9811900673076923 0.06445948317307693 0.9900418004807693 0.06445948317307693 0.9900418004807693 0.02482485576923077
0 0.976358514423077 0.015221959134615383 0.976358514423077 0.012075088942307691 0.9717176562500001 0.012075088942307691 0.9717176562500001 0.023388622596153843 0.976358514423077 0.023388622596153843 0.976358514423077 0.015221959134615383
0 0.9907675 0.006217310096153846 0.9857399038461538 0.006217310096153846 0.9857399038461538 0.023533942307692308 0.9907675 0.023533942307692308 0.9907675 0.006217310096153846
0 0.9808637860576923 0.016700502403846153 0.977247860576923 0.016700502403846153 0.977247860576923 0.02341889182692308 0.9808637860576923 0.02341889182692308 0.9808637860576923 0.016700502403846153
0 0.6958279302884616 0.006978576923076922 0.6958279302884616 0.002129920673076923 0.6931207620192308 0.002129920673076923 0.6931207620192308 0.022448103365384615 0.6958279302884616 0.022448103365384615 0.6958279302884616 0.006978576923076922
0 0.7004890865384615 0.020399646634615385 0.7040367644230769 0.020399646634615385 0.7040367644230769 0.0020763413461538462 0.7004890865384615 0.0020763413461538462 0.7004890865384615 0.020399646634615385
0 0.7123696802884615 0.014784439903846154 0.7159173581730769 0.014784439903846154 0.7159173581730769 0.0035540264423076923 0.7123696802884615 0.0035540264423076923 0.7123696802884615 0.014784439903846154
0 0.7174024326923077 0 0.7174024326923077 0.014932209134615385 0.72062009375 0.014932209134615385 0.72062009375 0 0.7174024326923077 0
0 0.7226001947115385 0.014045596153846153 0.7249103100961538 0.014045596153846153 0.7249103100961538 0.0034062572115384614 0.7226001947115385 0.0034062572115384614 0.7226001947115385 0.014045596153846153
0 0.7256528485576923 0 0.7256528485576923 0.013158985576923077 0.7282929807692308 0.013158985576923077 0.7282929807692308 0 0.7256528485576923 0
0 0.7329132115384615 0 0.7329132115384615 0.01271568028846154 0.7361308725961538 0.01271568028846154 0.7361308725961538 0 0.7329132115384615 0
0 0.7391010216346154 0 0.7391010216346154 0.009908076923076924 0.7429787163461538 0.009908076923076924 0.7429787163461538 0 0.7391010216346154 0
0 0.7437212524038461 0 0.7437212524038461 0.010203612980769232 0.7473514350961538 0.010203612980769232 0.7473514350961538 0 0.7437212524038461 0
0 0.759562048076923 0 0.759562048076923 0.011237992788461538 0.7625321947115384 0.011237992788461538 0.7625321947115384 0 0.759562048076923 0
0 0.7688553846153846 0 0.7688553846153846 0.012580620192307693 0.7736896105769231 0.012580620192307693 0.7736896105769231 0 0.7688553846153846 0
0 0.5498950985576923 0.39220595432692307 0.5743086009615385 0.39220595432692307 0.5743086009615385 0.29710260336538463 0.5498950985576923 0.29710260336538463 0.5498950985576923 0.39220595432692307
0 0.8636803966346154 0.004217516826923077 0.8491807283653846 0.004217516826923077 0.8491807283653846 0.05123136778846154 0.8636803966346154 0.05123136778846154 0.8636803966346154 0.004217516826923077
0 0.8774300817307693 0.009590528846153846 0.8665553317307692 0.009590528846153846 0.8665553317307692 0.05123136778846154 0.8774300817307693 0.05123136778846154 0.8774300817307693 0.009590528846153846
0 0.6053128461538462 0.10661973317307692 0.6217292379807693 0.10661973317307692 0.6217292379807693 0.07739330528846153 0.6053128461538462 0.07739330528846153 0.6053128461538462 0.10661973317307692
0 0.3172993052884615 0.11049015625 0.32718067788461536 0.11049015625 0.32718067788461536 0.0930672716346154 0.3172993052884615 0.0930672716346154 0.3172993052884615 0.11049015625
0 0.5284762067307692 0.05259131971153846 0.5350360576923077 0.05259131971153846 0.5350360576923077 0.022502459134615384 0.5284762067307692 0.022502459134615384 0.5284762067307692 0.05259131971153846
0 0.5615954495192308 0.04585714663461538 0.5653553629807692 0.04585714663461538 0.5653553629807692 0.018777170673076923 0.5615954495192308 0.018777170673076923 0.5615954495192308 0.04585714663461538
0 0.5638353990384615 0.04184529807692308 0.5665553365384615 0.04184529807692308 0.5665553365384615 0.017201086538461537 0.5638353990384615 0.017201086538461537 0.5638353990384615 0.04184529807692308
0 0.6958279302884616 0.02085107451923077 0.6989274759615385 0.02085107451923077 0.6989274759615385 0.006978576923076922 0.6958279302884616 0.006978576923076922 0.6958279302884616 0.02085107451923077