1 0.9775510192307693 0.03213524278846154 0.808163264423077 0.03213524278846154 0.808163264423077 0.1515382283653846 0.9775510192307693 0.1515382283653846 0.9775510192307693 0.03213524278846154
0 0.6106122451923077 0.8562595192307693 0.5949659855769232 0.8562595192307693 0.5949659855769232 0.926926591346154 0.6106122451923077 0.926926591346154 0.6106122451923077 0.8562595192307693
0 0.5473469375 0.8647883028846154 0.5330612235576923 0.8647883028846154 0.5330612235576923 0.9062138293269231 0.5473469375 0.9062138293269231 0.5473469375 0.8647883028846154
0 0.5246367355769231 0.833246420673077 0.5145360552884616 0.833246420673077 0.5145360552884616 0.8900140120192308 0.5246367355769231 0.8900140120192308 0.5246367355769231 0.833246420673077
0 0.5145360552884616 0.833246420673077 0.5058285721153847 0.833246420673077 0.5058285721153847 0.8800328966346154 0.5145360552884616 0.8800328966346154 0.5145360552884616 0.833246420673077
0 0.5204571418269232 0.8026792572115385 0.5072217692307692 0.8026792572115385 0.5072217692307692 0.8276320432692308 0.5204571418269232 0.8276320432692308 0.5204571418269232 0.8026792572115385
0 0.4849306129807692 0.8313749615384616 0.47448163221153844 0.8313749615384616 0.47448163221153844 0.8594468461538463 0.4849306129807692 0.8594468461538463 0.4849306129807692 0.8313749615384616
0 0.5120979591346153 0.8544562908653847 0.49433469471153846 0.8544562908653847 0.49433469471153846 0.9137191586538461 0.5120979591346153 0.9137191586538461 0.5120979591346153 0.8544562908653847
0 0.4727401370192308 0.6523387139423077 0.46786394471153847 0.6523387139423077 0.46786394471153847 0.6747962235576923 0.4727401370192308 0.6747962235576923 0.4727401370192308 0.6523387139423077
0 0.615542858173077 0.6822820576923078 0.6064870745192308 0.6822820576923078 0.6064870745192308 0.7016204687500001 0.615542858173077 0.7016204687500001 0.615542858173077 0.6822820576923078
0 0.68032653125 0.5743612548076923 0.6733605432692307 0.5743612548076923 0.6733605432692307 0.594323485576923 0.68032653125 0.594323485576923 0.68032653125 0.5743612548076923
0 0.6977414951923078 0.5805994519230769 0.6946068028846154 0.5805994519230769 0.6946068028846154 0.594323485576923 0.6977414951923078 0.594323485576923 0.6977414951923078 0.5805994519230769
0 0.6928290817307693 0.5802161778846154 0.6885491802884616 0.5802161778846154 0.6885491802884616 0.5889037379807692 0.6928290817307693 0.5889037379807692 0.6928290817307693 0.5802161778846154
0 0.6575912235576923 0.5421442115384616 0.652170014423077 0.5421442115384616 0.652170014423077 0.5538979735576923 0.6575912235576923 0.5538979735576923 0.6575912235576923 0.5421442115384616
0 0.5899687716346154 0.5467435096153846 0.5849755504807692 0.5467435096153846 0.5849755504807692 0.5595193365384615 0.5899687716346154 0.5595193365384615 0.5899687716346154 0.5467435096153846
0 0.3493202716346154 0.8076171802884615 0.3420756466346154 0.8076171802884615 0.3420756466346154 0.8315718557692308 0.3493202716346154 0.8315718557692308 0.3493202716346154 0.8076171802884615
0 0.25931972836538464 0.7537191586538461 0.2531896610576923 0.7537191586538461 0.2531896610576923 0.7941426754807692 0.25931972836538464 0.7941426754807692 0.25931972836538464 0.7537191586538461
0 0.2991038701923077 0.8209519495192308 0.28830659134615383 0.8209519495192308 0.28830659134615383 0.8540143918269231 0.2991038701923077 0.8540143918269231 0.2991038701923077 0.8209519495192308
0 0.29980046875 0.8540143918269231 0.28830659134615383 0.8540143918269231 0.28830659134615383 0.8970579495192308 0.29980046875 0.8970579495192308 0.29980046875 0.8540143918269231
0 0.28099230528846153 0.8409141778846153 0.2660154326923077 0.8409141778846153 0.2660154326923077 0.8958103100961539 0.28099230528846153 0.8958103100961539 0.28099230528846153 0.8409141778846153
0 0.8066103028846154 0.5597532860576924 0.8016170841346154 0.5597532860576924 0.8016170841346154 0.5763618605769231 0.8066103028846154 0.5763618605769231 0.8066103028846154 0.5597532860576924
0 0.8016170841346154 0.5607753509615384 0.7963385384615385 0.5607753509615384 0.7963385384615385 0.5743177283653846 0.8016170841346154 0.5743177283653846 0.8016170841346154 0.5607753509615384
0 0.7931999423076923 0.5260251009615384 0.7906320024038462 0.5260251009615384 0.7906320024038462 0.5370123125 0.7931999423076923 0.5370123125 0.7931999423076923 0.5260251009615384
0 0.7888937908653847 0.5288705336538462 0.78699465625 0.5288705336538462 0.78699465625 0.5348884591346154 0.7888937908653847 0.5348884591346154 0.7888937908653847 0.5288705336538462
0 0.7833424735576924 0.5303096033653846 0.7819546442307692 0.5303096033653846 0.7819546442307692 0.5350192836538462 0.7833424735576924 0.5350192836538462 0.7833424735576924 0.5303096033653846
0 0.7617098509615385 0.5104375697115384 0.7586782548076924 0.5104375697115384 0.7586782548076924 0.5184224615384616 0.7617098509615385 0.5184224615384616 0.7617098509615385 0.5104375697115384
0 0.7479528197115385 0.5141783341346154 0.746035423076923 0.5141783341346154 0.746035423076923 0.5174489447115385 0.7479528197115385 0.5174489447115385 0.7479528197115385 0.5141783341346154
0 0.7443919399038462 0.5131971490384616 0.7426571538461538 0.5131971490384616 0.7426571538461538 0.5221913317307693 0.7443919399038462 0.5221913317307693 0.7443919399038462 0.5131971490384616
0 0.7415614975961538 0.514995985576923 0.739187579326923 0.514995985576923 0.739187579326923 0.5200654326923076 0.7415614975961538 0.5200654326923076 0.7415614975961538 0.514995985576923
0 0.7362658341346153 0.5182665985576923 0.7333440865384616 0.5182665985576923 0.7333440865384616 0.5238266370192307 0.7362658341346153 0.5238266370192307 0.7362658341346153 0.5182665985576923
1 0.7366310504807692 0.5006052956730769 0.7296919038461538 0.5006052956730769 0.7296919038461538 0.5109077211538462 0.7366310504807692 0.5109077211538462 0.7366310504807692 0.5006052956730769
1 0.7169092620192308 0.49308288701923075 0.7133483846153846 0.49308288701923075 0.7133483846153846 0.4991335192307692 0.7169092620192308 0.4991335192307692 0.7169092620192308 0.49308288701923075
1 0.7049483629807691 0.48261693028846153 0.6976439975961538 0.48261693028846153 0.6976439975961538 0.4916111129807692 0.7049483629807691 0.4916111129807692 0.7049483629807691 0.48261693028846153
0 0.6403047235576923 0.5104171298076923 0.6385699350961538 0.5104171298076923 0.6385699350961538 0.5176124759615385 0.6403047235576923 0.5176124759615385 0.6403047235576923 0.5104171298076923
0 0.6385699350961538 0.5102535985576924 0.6364699302884615 0.5102535985576924 0.6364699302884615 0.5176124759615385 0.6385699350961538 0.5176124759615385 0.6385699350961538 0.5102535985576924
1 0.6456442139423076 0.48570438701923074 0.6398474687500001 0.48570438701923074 0.6398474687500001 0.4895558605769231 0.6456442139423076 0.4895558605769231 0.6456442139423076 0.48570438701923074
1 0.5850436105769231 0.47837734375 0.5783235913461539 0.47837734375 0.5783235913461539 0.4855988533653846 0.5850436105769231 0.4855988533653846 0.5850436105769231 0.47837734375
1 0.6039180913461538 0.4813078125 0.5942178942307692 0.4813078125 0.5942178942307692 0.4887386418269231 0.6039180913461538 0.4887386418269231 0.6039180913461538 0.4813078125
0 0.6288698052884616 0.47377232211538456 0.6271751923076923 0.47377232211538456 0.6271751923076923 0.47785404567307693 0.6288698052884616 0.47785404567307693 0.6288698052884616 0.47377232211538456
0 0.4677449783653846 0.5207966370192307 0.4650226802884615 0.5207966370192307 0.4650226802884615 0.5287751466346153 0.4677449783653846 0.5287751466346153 0.4677449783653846 0.5207966370192307
0 0.4510399735576923 0.5037314927884615 0.4478227139423077 0.5037314927884615 0.4478227139423077 0.5108235 0.4510399735576923 0.5108235 0.4510399735576923 0.5037314927884615
0 0.4704672740384615 0.4882177235576923 0.4682399423076923 0.4882177235576923 0.4682399423076923 0.4939799783653846 0.4704672740384615 0.4939799783653846 0.4704672740384615 0.4882177235576923
0 0.4558658629807692 0.4868879711538462 0.45363852884615385 0.4868879711538462 0.45363852884615385 0.4939799783653846 0.4558658629807692 0.4939799783653846 0.4558658629807692 0.4868879711538462
0 0.3882369230769231 0.4999042908653846 0.3865738485576923 0.4999042908653846 0.3865738485576923 0.5047268581730769 0.3882369230769231 0.5047268581730769 0.3882369230769231 0.4999042908653846
0 0.3861778774038462 0.49947877163461535 0.3837228605769231 0.49947877163461535 0.3837228605769231 0.5081310216346154 0.3861778774038462 0.5081310216346154 0.3861778774038462 0.49947877163461535
0 0.1345026153846154 0.5744356514423077 0.13089136538461538 0.5744356514423077 0.13089136538461538 0.5822652283653846 0.1345026153846154 0.5822652283653846 0.1345026153846154 0.5744356514423077
0 0.13038452403846154 0.5692159326923076 0.12575958653846153 0.5692159326923076 0.12575958653846153 0.5880523076923077 0.13038452403846154 0.5880523076923077 0.13038452403846154 0.5692159326923076
0 0.00652471875 0.502633014423077 0.003653932692307692 0.502633014423077 0.003653932692307692 0.5157532307692307 0.00652471875 0.5157532307692307 0.00652471875 0.502633014423077
0 0.015038084134615383 0.5042287163461538 0.011870322115384616 0.5042287163461538 0.011870322115384616 0.5097250240384615 0.015038084134615383 0.5097250240384615 0.015038084134615383 0.5042287163461538
0 0.011870322115384616 0.5068882211538461 0.00989046875 0.5068882211538461 0.00989046875 0.5097250240384615 0.011870322115384616 0.5097250240384615 0.011870322115384616 0.5068882211538461
0 0.040776165865384614 0.5084839230769231 0.036816461538461534 0.5084839230769231 0.036816461538461534 0.51593053125 0.040776165865384614 0.51593053125 0.040776165865384614 0.5084839230769231
0 0.058891817307692315 0.4990870120192307 0.05592203846153846 0.4990870120192307 0.05592203846153846 0.5075974206730769 0.058891817307692315 0.5075974206730769 0.058891817307692315 0.4990870120192307
0 0.06958301923076923 0.49997351201923074 0.06681122596153846 0.49997351201923074 0.06681122596153846 0.5058244182692307 0.06958301923076923 0.5058244182692307 0.06958301923076923 0.49997351201923074
0 0.07243575000000001 0.5158542211538462 0.0695974326923077 0.5158542211538462 0.0695974326923077 0.5244962596153846 0.07243575000000001 0.5244962596153846 0.07243575000000001 0.5158542211538462
0 0.0695974326923077 0.5136029326923077 0.06663747355769231 0.5136029326923077 0.06663747355769231 0.5244962596153846 0.0695974326923077 0.5244962596153846 0.0695974326923077 0.5136029326923077
0 0.10144221875 0.5057162716346154 0.09814774519230769 0.5057162716346154 0.09814774519230769 0.5165188173076923 0.10144221875 0.5165188173076923 0.10144221875 0.5057162716346154
0 0.09637379807692309 0.5020851634615384 0.09277521875 0.5020851634615384 0.09277521875 0.5113444879807691 0.09637379807692309 0.5113444879807691 0.09637379807692309 0.5020851634615384
0 0.10681474759615385 0.4941875 0.10499011538461539 0.4941875 0.10499011538461539 0.50063271875 0.10681474759615385 0.50063271875 0.10681474759615385 0.4941875
0 0.1369139639423077 0.5153216658653846 0.1335561346153846 0.5153216658653846 0.1335561346153846 0.5255341586538461 0.1369139639423077 0.5255341586538461 0.1369139639423077 0.5153216658653846
0 0.14781107211538463 0.5135061129807692 0.1440097548076923 0.5135061129807692 0.1440097548076923 0.5239455480769231 0.14781107211538463 0.5239455480769231 0.14781107211538463 0.5135061129807692
0 0.15319626923076923 0.51293875 0.1490781778846154 0.51293875 0.1490781778846154 0.5279170745192308 0.15319626923076923 0.5279170745192308 0.15319626923076923 0.51293875
0 0.13818106971153846 0.49398890384615385 0.13615370192307694 0.49398890384615385 0.13615370192307694 0.50034334375 0.13818106971153846 0.50034334375 0.13818106971153846 0.49398890384615385
0 0.13342942307692307 0.49398890384615385 0.1308952139423077 0.49398890384615385 0.1308952139423077 0.4989816778846154 0.13342942307692307 0.4989816778846154 0.13342942307692307 0.49398890384615385
0 0.13615370192307694 0.4948966802884615 0.13406297596153846 0.4948966802884615 0.13406297596153846 0.50034334375 0.13615370192307694 0.50034334375 0.13615370192307694 0.4948966802884615
0 0.2756528918269231 0.49445560576923075 0.2739728870192308 0.49445560576923075 0.2739728870192308 0.49759539423076926 0.2756528918269231 0.49759539423076926 0.2756528918269231 0.49445560576923075
0 0.26915375721153845 0.4907889615384615 0.2671085360576923 0.4907889615384615 0.2671085360576923 0.4963359206730769 0.26915375721153845 0.4963359206730769 0.26915375721153845 0.4907889615384615
0 0.25321234375 0.49786787499999996 0.25321234375 0.49284421634615383 0.2501269807692308 0.49284421634615383 0.2501269807692308 0.49786787499999996 0.2515524423076923 0.49786787499999996 0.25321234375 0.49786787499999996
0 0.23931337980769232 0.4977480985576923 0.23731609375 0.4977480985576923 0.23731609375 0.5031139447115385 0.23931337980769232 0.5031139447115385 0.23931337980769232 0.4977480985576923
0 0.3414995793269231 0.47612884375000003 0.3395712283653846 0.47612884375000003 0.3395712283653846 0.48293171634615384 0.3414995793269231 0.48293171634615384 0.3414995793269231 0.47612884375000003
1 0.5899477139423077 0.5595193365384615 0.5849755504807692 0.5595193365384615 0.5849755504807692 0.5741417331730769 0.5899477139423077 0.5741417331730769 0.5899477139423077 0.5595193365384615
1 0.691021360576923 0.4908709182692308 0.68662403125 0.4908709182692308 0.68662403125 0.4954532115384615 0.691021360576923 0.4954532115384615 0.691021360576923 0.4908709182692308
0 0.655583673076923 0.4805824182692308 0.6543556177884615 0.4805824182692308 0.6543556177884615 0.48461483653846155 0.655583673076923 0.48461483653846155 0.655583673076923 0.4805824182692308
0 0.5869843004807692 0.47753406249999997 0.5853914326923078 0.47753406249999997 0.5853914326923078 0.4810251081730769 0.5869843004807692 0.4810251081730769 0.5869843004807692 0.47753406249999997
1 0.5380213100961538 0.49112003365384616 0.5580411586538461 0.49112003365384616 0.5580411586538461 0.4685522427884615 0.5380213100961538 0.4685522427884615 0.5380213100961538 0.49112003365384616
1 0.5245894639423077 0.47450922115384614 0.4952952451923077 0.47450922115384614 0.4952952451923077 0.4841320384615385 0.5245894639423077 0.4841320384615385 0.5245894639423077 0.47450922115384614
1 0.4926088774038462 0.47393643509615385 0.4214200889423077 0.47393643509615385 0.4214200889423077 0.48711052884615386 0.4926088774038462 0.48711052884615386 0.4926088774038462 0.47393643509615385
1 0.4813517091346154 0.4889434447115385 0.47572312740384615 0.4889434447115385 0.47572312740384615 0.4995972764423077 0.4813517091346154 0.4995972764423077 0.4813517091346154 0.4889434447115385
1 0.47297279567307693 0.4640845048076923 0.43472401442307695 0.4640845048076923 0.43472401442307695 0.47393643509615385 0.47297279567307693 0.47393643509615385 0.47297279567307693 0.4640845048076923
1 0.5358466298076923 0.46477185096153845 0.5126926850961538 0.46477185096153845 0.5126926850961538 0.4751965673076923 0.5358466298076923 0.4751965673076923 0.5358466298076923 0.46477185096153845
0 0.535227485576923 0.48023708894230765 0.5333086514423078 0.48023708894230765 0.5333086514423078 0.48516305528846154 0.535227485576923 0.48516305528846154 0.535227485576923 0.48023708894230765
1 0.3135148293269231 0.47290171153846156 0.3016820120192308 0.47290171153846156 0.3016820120192308 0.4920900649038461 0.3135148293269231 0.4920900649038461 0.3135148293269231 0.47290171153846156
0 0.28705089423076924 0.5207293966346154 0.28433254326923074 0.5207293966346154 0.28433254326923074 0.5320419326923077 0.28705089423076924 0.5320419326923077 0.28705089423076924 0.5207293966346154
0 0.19313670192307694 0.5128580552884615 0.18970838221153846 0.5128580552884615 0.18970838221153846 0.5227558076923077 0.19313670192307694 0.5227558076923077 0.19313670192307694 0.5128580552884615
0 0.10190248076923078 0.50011928125 0.09954871153846154 0.50011928125 0.09954871153846154 0.5091005745192307 0.10190248076923078 0.5091005745192307 0.10190248076923078 0.50011928125
0 0.07657385576923077 0.49901953125000004 0.07437359134615384 0.49901953125000004 0.07437359134615384 0.5070843677884616 0.07657385576923077 0.5070843677884616 0.07657385576923077 0.49901953125000004
0 0.031238175480769233 0.5086423461538462 0.03354077884615385 0.5086423461538462 0.03354077884615385 0.49837800961538464 0.031238175480769233 0.49837800961538464 0.031238175480769233 0.5086423461538462
0 0.03164752644230769 0.4984696538461538 0.0296519375 0.4984696538461538 0.0296519375 0.5086423461538462 0.03164752644230769 0.5086423461538462 0.03164752644230769 0.4984696538461538