0 0.046330040865384614 0.9334515745192308 0.04229766105769231 0.9334515745192308 0.04229766105769231 0.9499138822115385 0.046330040865384614 0.9499138822115385 0.046330040865384614 0.9334515745192308
0 0.7857380961538462 0.7573099855769231 0.7831289086538462 0.7573099855769231 0.7831289086538462 0.7675909615384615 0.7857380961538462 0.7675909615384615 0.7857380961538462 0.7573099855769231
0 0.7828442716346153 0.7574799182692308 0.7789067692307692 0.7574799182692308 0.7789067692307692 0.7687804975961539 0.7828442716346153 0.7687804975961539 0.7828442716346153 0.7574799182692308
1 0.5154290216346153 0.6205343918269232 0.5117227884615384 0.6205343918269232 0.5117227884615384 0.6285000264423076 0.5154290216346153 0.6285000264423076 0.5154290216346153 0.6205343918269232
1 0.5418700240384615 0.608622451923077 0.5331411057692308 0.608622451923077 0.5331411057692308 0.6231517668269231 0.5418700240384615 0.6231517668269231 0.5418700240384615 0.608622451923077
0 0.2146178076923077 0.7669364326923076 0.2113444639423077 0.7669364326923076 0.2113444639423077 0.7775572764423077 0.2146178076923077 0.7775572764423077 0.2146178076923077 0.7669364326923076
0 0.3846805504807692 0.6676761322115384 0.38266910576923074 0.6676761322115384 0.38266910576923074 0.6754930721153846 0.3846805504807692 0.6754930721153846 0.3846805504807692 0.6676761322115384
0 0.38657814182692307 0.668695733173077 0.3846805504807692 0.668695733173077 0.3846805504807692 0.6754930721153846 0.38657814182692307 0.6754930721153846 0.38657814182692307 0.668695733173077
0 0.39053575721153844 0.6644868197115384 0.3878396610576923 0.6644868197115384 0.3878396610576923 0.6735789423076923 0.39053575721153844 0.6735789423076923 0.39053575721153844 0.6644868197115384
0 0.39396053125 0.6631382259615385 0.3919931081730769 0.6631382259615385 0.3919931081730769 0.6710557692307693 0.39396053125 0.6710557692307693 0.39396053125 0.6631382259615385
0 0.39694809855769225 0.6617026298076923 0.3953450120192308 0.6617026298076923 0.3953450120192308 0.6687066081730768 0.39694809855769225 0.6687066081730768 0.39694809855769225 0.6617026298076923
0 0.3989883870192308 0.6592664615384615 0.3970209639423077 0.6592664615384615 0.3970209639423077 0.6677495432692309 0.3989883870192308 0.6677495432692309 0.3989883870192308 0.6592664615384615
0 0.40069671874999996 0.6604745721153846 0.39875513701923077 0.6604745721153846 0.39875513701923077 0.667429485576923 0.40069671874999996 0.667429485576923 0.40069671874999996 0.6604745721153846
1 0.37678088701923074 0.6840731802884614 0.3433441514423077 0.6840731802884614 0.3433441514423077 0.703236920673077 0.37678088701923074 0.703236920673077 0.37678088701923074 0.6840731802884614