0 0.7276157836538462 0.8587370120192308 0.7203711562499999 0.8587370120192308 0.7203711562499999 0.9157033004807692 0.7276157836538462 0.9157033004807692 0.7276157836538462 0.8587370120192308
0 0.7777240721153846 0.9022097211538462 0.7687362788461538 0.9022097211538462 0.7687362788461538 0.9330672860576923 0.7777240721153846 0.9330672860576923 0.7777240721153846 0.9022097211538462
0 0.7828599567307692 0.8603617884615384 0.7744428149038461 0.8603617884615384 0.7744428149038461 0.8912193557692307 0.7828599567307692 0.8912193557692307 0.7828599567307692 0.8603617884615384
0 0.70767634375 0.8155549134615385 0.7008285 0.8155549134615385 0.7008285 0.863320733173077 0.70767634375 0.863320733173077 0.70767634375 0.8155549134615385
0 0.6538922403846155 0.9432122379807691 0.648756358173077 0.9432122379807691 0.648756358173077 0.987173701923077 0.6538922403846155 0.987173701923077 0.6538922403846155 0.9432122379807691
0 0.7028257884615384 0.8210500961538462 0.6978325673076923 0.8210500961538462 0.6978325673076923 0.8481033028846153 0.7028257884615384 0.8481033028846153 0.7028257884615384 0.8210500961538462
0 0.6847075360576922 0.79019253125 0.6777170288461538 0.79019253125 0.6777170288461538 0.8202046826923077 0.6847075360576922 0.8202046826923077 0.6847075360576922 0.79019253125
0 0.6718389110576923 0.6973873509615385 0.6662661225961538 0.6973873509615385 0.6662661225961538 0.7304112860576922 0.6718389110576923 0.7304112860576922 0.6718389110576923 0.6973873509615385
0 0.6612506129807693 0.6759217932692307 0.6562351009615385 0.6759217932692307 0.6562351009615385 0.7105969254807692 0.6612506129807693 0.7105969254807692 0.6612506129807693 0.6759217932692307
0 0.6974737403846153 0.6346418749999999 0.691900951923077 0.6346418749999999 0.691900951923077 0.6635378197115384 0.6974737403846153 0.6635378197115384 0.6974737403846153 0.6346418749999999
1 0.8493053822115384 0.6748311009615384 0.8325424326923077 0.6748311009615384 0.8325424326923077 0.7604291418269231 0.8493053822115384 0.7604291418269231 0.8493053822115384 0.6748311009615384
1 0.68794040625 0.5783333557692308 0.6462826923076922 0.5783333557692308 0.6462826923076922 0.6599156850961538 0.68794040625 0.6599156850961538 0.68794040625 0.5783333557692308
0 0.7051078269230769 0.5765258894230769 0.6986879735576923 0.5765258894230769 0.6986879735576923 0.6120332235576923 0.7051078269230769 0.6120332235576923 0.7051078269230769 0.5765258894230769
1 0.5678876658653846 0.6227433269230769 0.5597527163461539 0.6227433269230769 0.5597527163461539 0.6530221706730769 0.5678876658653846 0.6530221706730769 0.5678876658653846 0.6227433269230769
0 0.6786750120192308 0.9641884639423076 0.6739849783653846 0.9641884639423076 0.6739849783653846 0.9944035600961538 0.6786750120192308 0.9944035600961538 0.6786750120192308 0.9641884639423076
0 0.7489642908653846 0.8946996418269231 0.7457802307692307 0.8946996418269231 0.7457802307692307 0.9233848581730769 0.7489642908653846 0.9233848581730769 0.7489642908653846 0.8946996418269231
0 0.8042861442307692 0.8419412475961539 0.7995530841346153 0.8419412475961539 0.7995530841346153 0.8568575600961539 0.8042861442307692 0.8568575600961539 0.8042861442307692 0.8419412475961539
0 0.8756210649038461 0.8422976105769231 0.8716947740384615 0.8422976105769231 0.8716947740384615 0.8706641057692307 0.8756210649038461 0.8706641057692307 0.8756210649038461 0.8422976105769231
1 0.8775019254807692 0.8603359302884616 0.8950572788461538 0.8603359302884616 0.8950572788461538 0.8276985288461538 0.8775019254807692 0.8276985288461538 0.8775019254807692 0.8603359302884616
1 0.9003066730769231 0.9041924447115384 0.8898509110576923 0.9041924447115384 0.8898509110576923 0.9194912307692308 0.9003066730769231 0.9194912307692308 0.9003066730769231 0.9041924447115384
0 0.4891117620192308 0.6879490456730769 0.4849703341346154 0.6879490456730769 0.4849703341346154 0.7080286995192308 0.4891117620192308 0.7080286995192308 0.4891117620192308 0.6879490456730769
0 0.3582966778846154 0.6667063533653846 0.35211142788461536 0.6667063533653846 0.35211142788461536 0.68885771875 0.3582966778846154 0.68885771875 0.3582966778846154 0.6667063533653846
1 0.37323204086538464 0.6255759326923077 0.36742328365384613 0.6255759326923077 0.36742328365384613 0.6402372668269231 0.37323204086538464 0.6402372668269231 0.37323204086538464 0.6255759326923077
0 0.05465822115384615 0.7721738004807693 0.06062833413461539 0.7721738004807693 0.06062833413461539 0.7385483509615385 0.05465822115384615 0.7385483509615385 0.05465822115384615 0.7721738004807693
0 0.03916820432692308 0.7713769879807693 0.044815605769230764 0.7713769879807693 0.044815605769230764 0.7375921754807693 0.03916820432692308 0.7375921754807693 0.03916820432692308 0.7713769879807693
0 0.05132356490384615 0.7395045216346153 0.04411640384615385 0.7395045216346153 0.04411640384615385 0.7718550769230769 0.05132356490384615 0.7718550769230769 0.05132356490384615 0.7395045216346153
1 0.7626991153846153 0.6454614134615385 0.7738325673076923 0.6454614134615385 0.7738325673076923 0.6314375288461539 0.7626991153846153 0.6314375288461539 0.7626991153846153 0.6454614134615385
1 0.750274829326923 0.6392462836538461 0.754039764423077 0.6392462836538461 0.754039764423077 0.6199634399038462 0.750274829326923 0.6199634399038462 0.750274829326923 0.6392462836538461
1 0.7271888293269231 0.6540822764423078 0.7161737067307693 0.6540822764423078 0.7161737067307693 0.6816200865384616 0.7271888293269231 0.6816200865384616 0.7271888293269231 0.6540822764423078
1 0.7256828557692308 0.6660663245192308 0.7337720865384616 0.6660663245192308 0.7337720865384616 0.6496201322115385 0.7256828557692308 0.6496201322115385 0.7256828557692308 0.6660663245192308
0 0.6861346826923077 0.7179172644230769 0.6906095793269231 0.7179172644230769 0.6906095793269231 0.6984113149038461 0.6861346826923077 0.6984113149038461 0.6861346826923077 0.7179172644230769
0 0.7080358485576923 0.6755906298076924 0.7030015913461539 0.6755906298076924 0.7030015913461539 0.6953515576923077 0.7080358485576923 0.6953515576923077 0.7080358485576923 0.6755906298076924
0 0.6981918774038461 0.95687115625 0.6906082235576924 0.95687115625 0.6906082235576924 0.9739229254807692 0.6981918774038461 0.9739229254807692 0.6981918774038461 0.95687115625
0 0.643709548076923 0.9744996201923077 0.6465924110576923 0.9744996201923077 0.6465924110576923 0.9441570336538461 0.643709548076923 0.9441570336538461 0.643709548076923 0.9744996201923077
0 0.8539607331730769 0.7736049110576922 0.8475125961538462 0.7736049110576922 0.8475125961538462 0.8027331105769231 0.8539607331730769 0.8027331105769231 0.8539607331730769 0.7736049110576922