1 0.5501292980769231 0.9310633197115384 0.5404651466346154 0.9310633197115384 0.5404651466346154 0.9594480384615385 0.5501292980769231 0.9594480384615385 0.5501292980769231 0.9310633197115384
0 0.5404651466346154 0.92083459375 0.5357773149038462 0.92083459375 0.5357773149038462 0.942059201923077 0.5404651466346154 0.942059201923077 0.5404651466346154 0.92083459375
0 0.5123381442307692 0.8919384399038462 0.5075781923076923 0.8919384399038462 0.5075781923076923 0.9095829927884616 0.5123381442307692 0.9095829927884616 0.5123381442307692 0.8919384399038462
0 0.5062079014423077 0.8855454831730769 0.5011594639423077 0.8855454831730769 0.5011594639423077 0.906130798076923 0.5062079014423077 0.906130798076923 0.5062079014423077 0.8855454831730769
1 0.5191174735576923 0.8792803870192307 0.5108236153846154 0.8792803870192307 0.5108236153846154 0.8987149711538461 0.5191174735576923 0.8987149711538461 0.5191174735576923 0.8792803870192307
0 0.47704150721153843 0.8677347115384616 0.47190652644230774 0.8677347115384616 0.47190652644230774 0.88430525 0.47704150721153843 0.88430525 0.47704150721153843 0.8677347115384616
0 0.47190652644230774 0.8664049783653845 0.4671177235576923 0.8664049783653845 0.4671177235576923 0.8833846658653847 0.47190652644230774 0.8833846658653847 0.47190652644230774 0.8664049783653845
0 0.4558142067307692 0.7707594134615385 0.45022486778846155 0.7707594134615385 0.45022486778846155 0.7913766923076923 0.4558142067307692 0.7913766923076923 0.4558142067307692 0.7707594134615385
0 0.4578876730769231 0.75573596875 0.45265893509615385 0.75573596875 0.45265893509615385 0.7713987091346154 0.4578876730769231 0.7713987091346154 0.4578876730769231 0.75573596875
0 0.45356044230769227 0.7389544639423077 0.44932336057692307 0.7389544639423077 0.44932336057692307 0.7507814302884616 0.45356044230769227 0.7507814302884616 0.45356044230769227 0.7389544639423077
0 0.4457503653846154 0.7195572307692307 0.4427039951923077 0.7195572307692307 0.4427039951923077 0.7366596610576923 0.4457503653846154 0.7366596610576923 0.4457503653846154 0.7195572307692307
0 0.4457042091346154 0.7328954903846154 0.44967372115384613 0.7328954903846154 0.44967372115384613 0.7188207620192307 0.4457042091346154 0.7188207620192307 0.4457042091346154 0.7328954903846154
0 0.47515245913461535 0.7600629903846153 0.4718291442307692 0.7600629903846153 0.4718291442307692 0.77561065625 0.47515245913461535 0.77561065625 0.47515245913461535 0.7600629903846153
0 0.47436778846153843 0.7445153245192307 0.4706752163461539 0.7445153245192307 0.4706752163461539 0.7600629903846153 0.47436778846153843 0.7600629903846153 0.47436778846153843 0.7445153245192307
1 0.48664558413461534 0.747788516826923 0.47962970192307697 0.747788516826923 0.47962970192307697 0.7679186514423078 0.48664558413461534 0.7679186514423078 0.48664558413461534 0.747788516826923
0 0.5721655817307693 0.8451196971153846 0.5673767788461539 0.8451196971153846 0.5673767788461539 0.8639405576923077 0.5721655817307693 0.8639405576923077 0.5721655817307693 0.8451196971153846
0 0.5846857043269231 0.84225565625 0.5799545961538461 0.84225565625 0.5799545961538461 0.8613833750000001 0.5846857043269231 0.8613833750000001 0.5846857043269231 0.84225565625
1 0.5116600985576923 0.7670869975961538 0.5070443846153846 0.7670869975961538 0.5070443846153846 0.7820209399038462 0.5116600985576923 0.7820209399038462 0.5116600985576923 0.7670869975961538
1 0.5398159495192307 0.76923503125 0.5304691298076923 0.76923503125 0.5304691298076923 0.7898970600961538 0.5398159495192307 0.7898970600961538 0.5398159495192307 0.76923503125
1 0.5622021586538462 0.7512324711538461 0.5432777331730769 0.7512324711538461 0.5432777331730769 0.7927611033653845 0.5622021586538462 0.7927611033653845 0.5622021586538462 0.7512324711538461
1 0.5864613365384616 0.7683323461538462 0.5680561802884616 0.7683323461538462 0.5680561802884616 0.7886875144230768 0.5864613365384616 0.7886875144230768 0.5864613365384616 0.7683323461538462
1 0.5959235480769232 0.7529892548076924 0.589230764423077 0.7529892548076924 0.589230764423077 0.7781519230769232 0.5959235480769232 0.7781519230769232 0.5959235480769232 0.7529892548076924
1 0.6050972788461538 0.7412262187499999 0.5987506730769231 0.7412262187499999 0.5987506730769231 0.756671596153846 0.6050972788461538 0.756671596153846 0.6050972788461538 0.7412262187499999
1 0.6219666298076922 0.770824 0.6038499543269231 0.770824 0.6038499543269231 0.7936340625 0.6219666298076922 0.7936340625 0.6219666298076922 0.770824
1 0.5870137427884615 0.7181278341346153 0.57755153125 0.7181278341346153 0.57755153125 0.7402218846153846 0.5870137427884615 0.7402218846153846 0.5870137427884615 0.7181278341346153
1 0.6155157716346153 0.7218101754807692 0.6008031875 0.7218101754807692 0.6008031875 0.7504506129807692 0.6155157716346153 0.7504506129807692 0.6155157716346153 0.7218101754807692
1 0.4731208918269231 0.7099482043269231 0.4643221875 0.7099482043269231 0.4643221875 0.723629125 0.4731208918269231 0.723629125 0.4731208918269231 0.7099482043269231
0 0.4895643701923077 0.7171083125 0.48617470432692306 0.7171083125 0.48617470432692306 0.7337299951923076 0.4895643701923077 0.7337299951923076 0.4895643701923077 0.7171083125
0 0.5000939663461538 0.7258027307692309 0.495766735576923 0.7258027307692309 0.495766735576923 0.7434472860576923 0.5000939663461538 0.7434472860576923 0.5000939663461538 0.7258027307692309
0 0.5077387403846154 0.7310449543269232 0.5045654375 0.7310449543269232 0.5045654375 0.7421686947115386 0.5077387403846154 0.7421686947115386 0.5077387403846154 0.7310449543269232
1 0.4884248653846154 0.70445665625 0.47786642307692306 0.70445665625 0.47786642307692306 0.7283918774038463 0.4884248653846154 0.7283918774038463 0.4884248653846154 0.70445665625
1 0.5158631586538461 0.6331382067307693 0.44847555048076926 0.6331382067307693 0.44847555048076926 0.6970677524038462 0.5158631586538461 0.6970677524038462 0.5158631586538461 0.6331382067307693
1 0.5088855 0.7008096298076923 0.49741833653846157 0.7008096298076923 0.49741833653846157 0.7238242668269231 0.5088855 0.7238242668269231 0.5088855 0.7008096298076923