0 0.6688838605769232 0.9746464591346153 0.6607152764423077 0.9746464591346153 0.6607152764423077 0.9973369663461539 0.6688838605769232 0.9973369663461539 0.6688838605769232 0.9746464591346153
0 0.6787542331730769 0.9174663750000001 0.67535065625 0.9174663750000001 0.67535065625 0.9378878317307693 0.6787542331730769 0.9378878317307693 0.6787542331730769 0.9174663750000001
0 0.7308289519230768 0.8525715168269231 0.7264043028846154 0.8525715168269231 0.7264043028846154 0.8661858221153846 0.7308289519230768 0.8661858221153846 0.7308289519230768 0.8525715168269231
0 0.6396131033653846 0.693737951923077 0.6362095264423077 0.693737951923077 0.6362095264423077 0.7028141538461538 0.6396131033653846 0.7028141538461538 0.6396131033653846 0.693737951923077
0 0.6450588269230769 0.6696860120192307 0.6426763221153846 0.6696860120192307 0.6426763221153846 0.6801236466346154 0.6450588269230769 0.6801236466346154 0.6450588269230769 0.6696860120192307
0 0.656630985576923 0.7073522572115384 0.6528870528846155 0.7073522572115384 0.6528870528846155 0.7127979783653846 0.656630985576923 0.7127979783653846 0.656630985576923 0.7073522572115384
0 0.5943455384615385 0.5902692283653846 0.5909419615384615 0.5902692283653846 0.5909419615384615 0.5993454326923077 0.5943455384615385 0.5993454326923077 0.5943455384615385 0.5902692283653846
0 0.7897108245192308 0.7491027932692307 0.7856265312499999 0.7491027932692307 0.7856265312499999 0.7586328076923077 0.7897108245192308 0.7586328076923077 0.7897108245192308 0.7491027932692307
0 0.7781386634615385 0.7522794663461538 0.77337365625 0.7522794663461538 0.77337365625 0.760448048076923 0.7781386634615385 0.760448048076923 0.7781386634615385 0.7522794663461538
0 0.7294675216346154 0.7096213076923077 0.7270850168269232 0.7096213076923077 0.7270850168269232 0.7227818028846154 0.7294675216346154 0.7227818028846154 0.7294675216346154 0.7096213076923077
0 0.7475064759615384 0.6737703028846155 0.7434221850961538 0.6737703028846155 0.7434221850961538 0.6842079375 0.7475064759615384 0.6842079375 0.7475064759615384 0.6737703028846155
0 0.7509100528846153 0.6297507139423076 0.7475064759615384 0.6297507139423076 0.7475064759615384 0.64109596875 0.7509100528846153 0.64109596875 0.7509100528846153 0.6297507139423076
0 0.7417203966346153 0.6292969038461538 0.7393378942307692 0.6292969038461538 0.7393378942307692 0.638373108173077 0.7417203966346153 0.638373108173077 0.7417203966346153 0.6292969038461538
0 0.7835843870192308 0.6719550624999999 0.7801808100961539 0.6719550624999999 0.7801808100961539 0.6833003173076923 0.7835843870192308 0.6833003173076923 0.7835843870192308 0.6719550624999999
0 0.7774579495192308 0.6020682932692307 0.7747350865384616 0.6020682932692307 0.7747350865384616 0.6084216370192308 0.7774579495192308 0.6084216370192308 0.7774579495192308 0.6020682932692307
0 0.7628225697115384 0.613413548076923 0.7590786370192307 0.613413548076923 0.7590786370192307 0.6224897524038462 0.7628225697115384 0.6224897524038462 0.7628225697115384 0.613413548076923
0 0.8571016370192308 0.8162667019230769 0.8530173461538462 0.8162667019230769 0.8530173461538462 0.8326038701923076 0.8571016370192308 0.8326038701923076 0.8571016370192308 0.8162667019230769
0 0.8345808557692307 0.6644487019230769 0.8328382235576922 0.6644487019230769 0.8328382235576922 0.6742074350961539 0.8345808557692307 0.6742074350961539 0.8345808557692307 0.6644487019230769
0 0.802690704326923 0.6653781033653845 0.8004252860576924 0.6653781033653845 0.8004252860576924 0.6783897499999999 0.802690704326923 0.6783897499999999 0.802690704326923 0.6653781033653845
0 0.8432940096153847 0.6681663149038461 0.8415513798076923 0.6681663149038461 0.8415513798076923 0.6753691899038461 0.8432940096153847 0.6753691899038461 0.8432940096153847 0.6681663149038461
0 0.16676682451923078 0.9614686057692308 0.16063115625 0.9614686057692308 0.16063115625 0.9759799471153846 0.16676682451923078 0.9759799471153846 0.16676682451923078 0.9614686057692308
0 0.16223811778846153 0.9617607788461539 0.15544505528846153 0.9617607788461539 0.15544505528846153 0.9742268990384615 0.16223811778846153 0.9742268990384615 0.16223811778846153 0.9617607788461539
0 0.17682322355769228 1 0.17682322355769228 0.985593329326923 0.16700615624999998 0.985593329326923 0.16700615624999998 1 0.17682322355769228 1
0 0.49219386538461535 0.9387804639423076 0.4860581971153846 0.9387804639423076 0.4860581971153846 0.9498441442307691 0.49219386538461535 0.9498441442307691 0.49219386538461535 0.9387804639423076
0 0.500141016826923 0.9425203004807692 0.49499874278846157 0.9425203004807692 0.49499874278846157 0.9521036274038461 0.500141016826923 0.9521036274038461 0.500141016826923 0.9425203004807692
0 0.6977745673076924 1 0.6977745673076924 0.9952295192307693 0.6919310745192307 0.9952295192307693 0.6919310745192307 1 0.6977745673076924 1
0 0.7501724038461539 0.90401371875 0.7447963918269231 0.90401371875 0.7447963918269231 0.9245049014423077 0.7501724038461539 0.9245049014423077 0.7501724038461539 0.90401371875
0 0.7463156995192308 0.9036241538461538 0.7397125528846153 0.9036241538461538 0.7397125528846153 0.9194405408653845 0.7463156995192308 0.9194405408653845 0.7463156995192308 0.9036241538461538
0 0.74941275 0.894430391826923 0.7443289110576923 0.894430391826923 0.7443289110576923 0.9148436610576923 0.74941275 0.9148436610576923 0.74941275 0.894430391826923
0 0.711190485576923 0.8713655625 0.7056391682692307 0.8713655625 0.7056391682692307 0.8944278798076923 0.711190485576923 0.8944278798076923 0.711190485576923 0.8713655625
0 0.6929909278846154 0.8522962956730769 0.6872876778846154 0.8522962956730769 0.6872876778846154 0.8694995384615385 0.6929909278846154 0.8694995384615385 0.6929909278846154 0.8522962956730769
0 0.691728733173077 0.8632664807692307 0.6863059711538462 0.8632664807692307 0.6863059711538462 0.8792231105769232 0.691728733173077 0.8792231105769232 0.691728733173077 0.8632664807692307
0 0.6996127740384614 0.8590521538461539 0.6952745649038461 0.8590521538461539 0.6952745649038461 0.8713686778846154 0.6996127740384614 0.8713686778846154 0.6996127740384614 0.8590521538461539
0 0.7045867548076923 0.8604483581730769 0.6984160264423077 0.8604483581730769 0.6984160264423077 0.8766044471153845 0.7045867548076923 0.8766044471153845 0.7045867548076923 0.8604483581730769
0 0.7121412235576923 0.8616451057692308 0.7064566730769232 0.8616451057692308 0.7064566730769232 0.8783497043269232 0.7121412235576923 0.8783497043269232 0.7121412235576923 0.8616451057692308
0 0.7143255048076923 0.7679902211538461 0.7098751009615385 0.7679902211538461 0.7098751009615385 0.7871381802884615 0.7143255048076923 0.7871381802884615 0.7143255048076923 0.7679902211538461
0 0.7219921658653846 0.7727273461538461 0.7174295673076923 0.7727273461538461 0.7174295673076923 0.7875869591346153 0.7219921658653846 0.7875869591346153 0.7219921658653846 0.7727273461538461
0 0.7201596466346154 0.76474903125 0.7151856658653847 0.76474903125 0.7151856658653847 0.7816032235576924 0.7201596466346154 0.7816032235576924 0.7201596466346154 0.76474903125
0 0.7562619158653846 0.7490689927884616 0.7517741129807691 0.7490689927884616 0.7517741129807691 0.7614353798076923 0.7562619158653846 0.7614353798076923 0.7562619158653846 0.7490689927884616
0 0.7497172043269231 0.7439828149038461 0.7451920024038461 0.7439828149038461 0.7451920024038461 0.7588424278846154 0.7497172043269231 0.7588424278846154 0.7497172043269231 0.7439828149038461
0 0.7693139423076923 0.7467253605769231 0.7640781706730769 0.7467253605769231 0.7640781706730769 0.7610863293269231 0.7693139423076923 0.7610863293269231 0.7693139423076923 0.7467253605769231
0 0.725294264423077 0.7072568966346153 0.72089621875 0.7072568966346153 0.72089621875 0.7191844783653847 0.725294264423077 0.7191844783653847 0.725294264423077 0.7072568966346153
0 0.19212591826923076 0.8902531274038462 0.1860019375 0.8902531274038462 0.1860019375 0.91425040625 0.19212591826923076 0.91425040625 0.19212591826923076 0.8902531274038462
0 0.02816828846153846 0.5965638413461538 0.021594358173076922 0.5965638413461538 0.021594358173076922 0.6103934423076923 0.02816828846153846 0.6103934423076923 0.02816828846153846 0.5965638413461538
0 0.20054606490384613 0.4910134951923077 0.19644720432692309 0.4910134951923077 0.19644720432692309 0.5004677980769231 0.20054606490384613 0.5004677980769231 0.20054606490384613 0.4910134951923077
0 0.20192232451923076 0.48830086778846155 0.19887061778846155 0.48830086778846155 0.19887061778846155 0.4972764735576923 0.20192232451923076 0.4972764735576923 0.20192232451923076 0.48830086778846155
0 0.7661549591346154 0.601178375 0.7610419014423078 0.601178375 0.7610419014423078 0.6128653605769231 0.7661549591346154 0.6128653605769231 0.7661549591346154 0.601178375
0 0.1870859783653846 0.8925015865384616 0.18095358173076923 0.8925015865384616 0.18095358173076923 0.91425040625 0.1870859783653846 0.91425040625 0.1870859783653846 0.8925015865384616
0 0.6787542331730769 0.937158016826923 0.6855790937499999 0.937158016826923 0.6855790937499999 0.9200187524038461 0.6787542331730769 0.9200187524038461 0.6787542331730769 0.937158016826923
0 0.7176562475961539 0.6464195024038462 0.7142362572115384 0.6464195024038462 0.7142362572115384 0.6519229375000001 0.7176562475961539 0.6519229375000001 0.7176562475961539 0.6464195024038462
0 0.6875839158653847 0.6413877932692308 0.6840459951923077 0.6413877932692308 0.6840459951923077 0.6450043341346153 0.6875839158653847 0.6450043341346153 0.6875839158653847 0.6413877932692308
0 0.6929202788461539 0.7172467235576924 0.6905248125000001 0.7172467235576924 0.6905248125000001 0.7248630817307693 0.6929202788461539 0.7248630817307693 0.6929202788461539 0.7172467235576924
0 0.6810593990384616 0.6911820697115385 0.6770969278846154 0.6911820697115385 0.6770969278846154 0.6987296370192309 0.6810593990384616 0.6987296370192309 0.6810593990384616 0.6911820697115385
0 0.6625678629807693 0.6750805985576923 0.6584167019230769 0.6750805985576923 0.6584167019230769 0.6853956033653846 0.6625678629807693 0.6853956033653846 0.6625678629807693 0.6750805985576923
0 0.7022869278846154 0.69382371875 0.6980414206730768 0.69382371875 0.6980414206730768 0.7007423197115384 0.7022869278846154 0.7007423197115384 0.7022869278846154 0.69382371875
0 0.9673244062499999 0.82451453125 0.9648183774038461 0.82451453125 0.9648183774038461 0.8374869110576924 0.9673244062499999 0.8374869110576924 0.9673244062499999 0.82451453125
0 0.9845717716346154 0.8260869399038462 0.9763166225961538 0.8260869399038462 0.9763166225961538 0.8333593341346154 0.9845717716346154 0.8333593341346154 0.9845717716346154 0.8260869399038462
0 0.9493399735576923 0.7952284038461539 0.9428537836538461 0.7952284038461539 0.9428537836538461 0.8064318221153847 0.9493399735576923 0.8064318221153847 0.9493399735576923 0.7952284038461539
0 0.22808356971153848 0.5365997499999999 0.2252532331730769 0.5365997499999999 0.2252532331730769 0.5447762788461539 0.22808356971153848 0.5447762788461539 0.22808356971153848 0.5365997499999999