0 0.4850340144230769 0.816641435096154 0.47619047596153846 0.816641435096154 0.47619047596153846 0.8578897427884615 0.4850340144230769 0.8578897427884615 0.4850340144230769 0.816641435096154
0 0.4965986394230769 0.8675952283653847 0.48367346875000006 0.8675952283653847 0.48367346875000006 0.9064171658653847 0.4965986394230769 0.9064171658653847 0.4965986394230769 0.8675952283653847
0 0.6421768701923077 0.8591029278846154 0.6421768701923077 0.83362603125 0.6340136057692308 0.83362603125 0.6340136057692308 0.8591029278846154 0.636435375 0.8591029278846154 0.6421768701923077 0.8591029278846154
0 0.21768707451923078 0.8554633725961539 0.20952381009615387 0.8554633725961539 0.20952381009615387 0.8845798269230769 0.21768707451923078 0.8845798269230769 0.21768707451923078 0.8554633725961539
0 0.19300963221153847 0.8665485889423077 0.18743684375 0.8665485889423077 0.18743684375 0.897953983173077 0.19300963221153847 0.897953983173077 0.19300963221153847 0.8665485889423077
0 0.18743684375 0.8693313461538461 0.18275569951923076 0.8693313461538461 0.18275569951923076 0.8951712283653847 0.18743684375 0.8951712283653847 0.18743684375 0.8693313461538461
0 0.17807455769230768 0.8506471225961539 0.16982682932692306 0.8506471225961539 0.16982682932692306 0.8919909326923077 0.17807455769230768 0.8919909326923077 0.17807455769230768 0.8506471225961539
0 0.17807455769230768 0.8399136322115385 0.17227885576923077 0.8399136322115385 0.17227885576923077 0.8625732235576924 0.17807455769230768 0.8625732235576924 0.17807455769230768 0.8399136322115385
0 0.1633623942307692 0.8621756850961538 0.1557834014423077 0.8621756850961538 0.1557834014423077 0.9047121057692308 0.1633623942307692 0.9047121057692308 0.1633623942307692 0.8621756850961538
0 0.1535542860576923 0.8665485889423077 0.14753567307692309 0.8665485889423077 0.14753567307692309 0.8959663004807693 0.1535542860576923 0.8959663004807693 0.1535542860576923 0.8665485889423077
0 0.21017382211538463 0.8208318750000001 0.20683014903846153 0.8208318750000001 0.20683014903846153 0.8518397331730768 0.21017382211538463 0.8518397331730768 0.21017382211538463 0.8208318750000001
0 0.20705306009615385 0.8204343365384615 0.20326356490384614 0.8204343365384615 0.20326356490384614 0.8558150985576923 0.20705306009615385 0.8558150985576923 0.20705306009615385 0.8204343365384615
0 0.200588625 0.8188441899038461 0.1959074831730769 0.8188441899038461 0.1959074831730769 0.8530323413461538 0.200588625 0.8530323413461538 0.200588625 0.8188441899038461
0 0.1967991298076923 0.8224220216346154 0.19278672115384615 0.8224220216346154 0.19278672115384615 0.8597904663461539 0.1967991298076923 0.8597904663461539 0.1967991298076923 0.8224220216346154
0 0.15756669471153847 0.8299752163461539 0.15043352403846152 0.8299752163461539 0.15043352403846152 0.8621756850961538 0.15756669471153847 0.8621756850961538 0.15756669471153847 0.8299752163461539
0 0.16626024519230767 0.826794923076923 0.16135618990384615 0.826794923076923 0.16135618990384615 0.8478643653846153 0.16626024519230767 0.8478643653846153 0.16626024519230767 0.826794923076923
0 0.1876597548076923 0.8367333413461538 0.18320152403846152 0.8367333413461538 0.18320152403846152 0.8582003173076923 0.1876597548076923 0.8582003173076923 0.1876597548076923 0.8367333413461538
1 0.19055760576923075 0.794594454326923 0.17272468028846152 0.794594454326923 0.17272468028846152 0.8315653629807692 0.19055760576923075 0.8315653629807692 0.19055760576923075 0.794594454326923
1 0.23001295192307694 0.7313861274038461 0.19613039423076922 0.7313861274038461 0.19613039423076922 0.7735250120192307 0.23001295192307694 0.7735250120192307 0.23001295192307694 0.7313861274038461
0 0.24762296634615386 0.6948127572115385 0.24182726442307695 0.6948127572115385 0.24182726442307695 0.7381442524038462 0.24762296634615386 0.7381442524038462 0.24762296634615386 0.6948127572115385
0 0.23959814903846155 0.7015708798076923 0.23201915625 0.7015708798076923 0.23201915625 0.7369516418269231 0.23959814903846155 0.7369516418269231 0.23959814903846155 0.7015708798076923
0 0.3000907764423077 0.6230713677884616 0.2931805168269231 0.6230713677884616 0.2931805168269231 0.6564644471153845 0.3000907764423077 0.6564644471153845 0.3000907764423077 0.6230713677884616
0 0.27913708894230765 0.6632225697115385 0.27311847596153843 0.6632225697115385 0.27311847596153843 0.7021811610576923 0.27913708894230765 0.7021811610576923 0.27913708894230765 0.6632225697115385
0 0.27311847596153843 0.6628250336538462 0.2686602451923077 0.6628250336538462 0.2686602451923077 0.6966156490384615 0.27311847596153843 0.6966156490384615 0.27311847596153843 0.6628250336538462
0 0.2662082163461538 0.6652102524038461 0.26041251682692307 0.6652102524038461 0.26041251682692307 0.7025786971153847 0.2662082163461538 0.7025786971153847 0.2662082163461538 0.6652102524038461
0 0.2662082163461538 0.6357925408653846 0.2590750480769231 0.6357925408653846 0.2590750480769231 0.6652102524038461 0.2662082163461538 0.6652102524038461 0.2662082163461538 0.6357925408653846
0 0.27311847596153843 0.6047846826923077 0.2686602451923077 0.6047846826923077 0.2686602451923077 0.6310221009615385 0.27311847596153843 0.6310221009615385 0.27311847596153843 0.6047846826923077
0 0.24792946875000002 0.6135304879807693 0.24280250240384615 0.6135304879807693 0.24280250240384615 0.6389728341346154 0.24792946875000002 0.6389728341346154 0.24792946875000002 0.6135304879807693
0 0.25706884375 0.6481161754807693 0.25216478846153845 0.6481161754807693 0.25216478846153845 0.6799191081730769 0.25706884375 0.6799191081730769 0.25706884375 0.6481161754807693
0 0.23923591826923077 0.6381777596153846 0.23410895192307693 0.6381777596153846 0.23410895192307693 0.6604398125 0.23923591826923077 0.6604398125 0.23923591826923077 0.6381777596153846
0 0.23566933413461538 0.6584521298076923 0.22987363221153848 0.6584521298076923 0.22987363221153848 0.6759437427884615 0.23566933413461538 0.6759437427884615 0.23566933413461538 0.6584521298076923
0 0.24480870673076924 0.6608373485576924 0.24079630048076922 0.6608373485576924 0.24079630048076922 0.673160985576923 0.24480870673076924 0.673160985576923 0.24480870673076924 0.6608373485576924
0 0.25216478846153845 0.6389728341346154 0.24792946875000002 0.6389728341346154 0.24792946875000002 0.6660053245192308 0.25216478846153845 0.6660053245192308 0.25216478846153845 0.6389728341346154
0 0.2663584206730769 0.5680863028846154 0.26056272115384616 0.5680863028846154 0.26056272115384616 0.5871680625 0.2663584206730769 0.5871680625 0.2663584206730769 0.5680863028846154
0 0.2639063942307692 0.5947212596153846 0.26033981009615387 0.5947212596153846 0.26033981009615387 0.6209586778846153 0.2639063942307692 0.6209586778846153 0.2639063942307692 0.5947212596153846
0 0.28597463942307694 0.5732542788461539 0.28597463942307694 0.5573528149038461 0.28151640865384614 0.5573528149038461 0.28151640865384614 0.5732542788461539 0.28530590384615384 0.5732542788461539 0.28597463942307694 0.5732542788461539
0 0.28597463942307694 0.6014793822115384 0.2893183125 0.6014793822115384 0.2893183125 0.5732542788461539 0.28597463942307694 0.5732542788461539 0.28597463942307694 0.6014793822115384
0 0.2750519735576923 0.5716641346153846 0.2688104495192308 0.5716641346153846 0.2688104495192308 0.5955163317307692 0.2750519735576923 0.5955163317307692 0.2750519735576923 0.5716641346153846
0 0.2639063942307692 0.6114177980769231 0.26702715625 0.6114177980769231 0.26702715625 0.5804099399038462 0.2639063942307692 0.5804099399038462 0.2639063942307692 0.6114177980769231
0 0.2977889519230769 0.5366809086538461 0.29355363221153846 0.5366809086538461 0.29355363221153846 0.5537749831730769 0.2977889519230769 0.5537749831730769 0.2977889519230769 0.5366809086538461
0 0.29355363221153846 0.5478119350961539 0.2886495793269231 0.5478119350961539 0.2886495793269231 0.5772296466346154 0.29355363221153846 0.5772296466346154 0.29355363221153846 0.5478119350961539
0 0.29355363221153846 0.5175991490384615 0.28820375480769234 0.5175991490384615 0.28820375480769234 0.5394636658653846 0.29355363221153846 0.5394636658653846 0.29355363221153846 0.5175991490384615
0 0.2886495793269231 0.5299227860576923 0.28508299278846155 0.5299227860576923 0.28508299278846155 0.5478119350961539 0.2886495793269231 0.5478119350961539 0.2886495793269231 0.5299227860576923
0 0.3499502596153846 0.4619440192307692 0.3448232932692308 0.4619440192307692 0.3448232932692308 0.4873863629807692 0.3499502596153846 0.4873863629807692 0.3499502596153846 0.4619440192307692
0 0.3448232932692308 0.4611489447115385 0.33969632692307694 0.4611489447115385 0.33969632692307694 0.4846036081730769 0.3448232932692308 0.4846036081730769 0.3448232932692308 0.4611489447115385
0 0.3312256875 0.4818208509615385 0.3260987211538462 0.4818208509615385 0.3260987211538462 0.5100459519230769 0.3312256875 0.5100459519230769 0.3312256875 0.4818208509615385
0 0.32052593269230767 0.4846036081730769 0.31629061298076927 0.4846036081730769 0.31629061298076927 0.5009026105769231 0.32052593269230767 0.5009026105769231 0.32052593269230767 0.4846036081730769
0 0.31673643509615385 0.4853986802884615 0.3122782043269231 0.4853986802884615 0.3122782043269231 0.50885334375 0.31673643509615385 0.50885334375 0.31673643509615385 0.4853986802884615
0 0.30826579567307694 0.4961321706730769 0.3038075649038462 0.4961321706730769 0.3038075649038462 0.5092508798076923 0.30826579567307694 0.5092508798076923 0.30826579567307694 0.4961321706730769
0 0.3038075649038462 0.528332639423077 0.3069283269230769 0.528332639423077 0.3069283269230769 0.5092508798076923 0.3038075649038462 0.5092508798076923 0.3038075649038462 0.528332639423077
0 0.32304997115384615 0.4567255745192308 0.31841340865384615 0.4567255745192308 0.31841340865384615 0.47612536298076924 0.32304997115384615 0.47612536298076924 0.32304997115384615 0.4567255745192308
0 0.37119886778846156 0.38516897836538466 0.36888058894230774 0.38516897836538466 0.36888058894230774 0.40743102884615384 0.37119886778846156 0.40743102884615384 0.37119886778846156 0.38516897836538466
1 0.35407925961538467 0.40488679326923077 0.32501159134615387 0.40488679326923077 0.32501159134615387 0.45290922115384613 0.35407925961538467 0.45290922115384613 0.35407925961538467 0.40488679326923077
0 0.37940201442307697 0.3673593341346154 0.3749437836538462 0.3673593341346154 0.3749437836538462 0.38962138701923077 0.37940201442307697 0.38962138701923077 0.37940201442307697 0.3673593341346154
0 0.37940201442307697 0.3536840745192308 0.37547876923076917 0.3536840745192308 0.37547876923076917 0.3673593341346154 0.37940201442307697 0.3673593341346154 0.37940201442307697 0.3536840745192308
0 0.4055684350961538 0.28158389423076924 0.40194612259615387 0.28158389423076924 0.40194612259615387 0.30444225 0.4055684350961538 0.30444225 0.4055684350961538 0.28158389423076924
0 0.40194612259615387 0.2790992884615385 0.3986024495192308 0.2790992884615385 0.3986024495192308 0.30444225 0.40194612259615387 0.30444225 0.40194612259615387 0.2790992884615385
0 0.38968598557692313 0.3118960625 0.3871782307692308 0.3118960625 0.3871782307692308 0.33674210336538457 0.38968598557692313 0.33674210336538457 0.38968598557692313 0.3118960625
1 0.3816054423076923 0.28903770432692305 0.36711618990384615 0.28903770432692305 0.36711618990384615 0.3362451826923077 0.3816054423076923 0.3362451826923077 0.3816054423076923 0.28903770432692305
1 0.41420625961538465 0.23437641586538463 0.39943836778846153 0.23437641586538463 0.39943836778846153 0.26717318990384614 0.41420625961538465 0.26717318990384614 0.41420625961538465 0.23437641586538463
1 0.39581605528846153 0.2572347740384615 0.3841131971153846 0.2572347740384615 0.3841131971153846 0.29500075480769233 0.39581605528846153 0.29500075480769233 0.39581605528846153 0.2572347740384615
0 0.49453605528846156 0.6770280384615385 0.4886149663461538 0.6770280384615385 0.4886149663461538 0.70373753125 0.49453605528846156 0.70373753125 0.49453605528846156 0.6770280384615385
0 0.5192653052884615 0.7080855889423077 0.5116027211538461 0.7080855889423077 0.5116027211538461 0.7403854423076923 0.5192653052884615 0.7403854423076923 0.5192653052884615 0.7080855889423077
0 0.5206585024038461 0.7410065913461538 0.5283210889423077 0.7410065913461538 0.5283210889423077 0.70373753125 0.5206585024038461 0.70373753125 0.5206585024038461 0.7410065913461538
0 0.5527020408653847 0.6751645865384616 0.5474775504807693 0.6751645865384616 0.5474775504807693 0.6888299086538462 0.5527020408653847 0.6888299086538462 0.5527020408653847 0.6751645865384616
0 0.5464326538461538 0.73355278125 0.5527020408653847 0.73355278125 0.5527020408653847 0.7056009855769231 0.5464326538461538 0.7056009855769231 0.5464326538461538 0.73355278125
0 0.5742965985576923 0.7018740793269231 0.5680272115384615 0.7018740793269231 0.5680272115384615 0.7310681778846154 0.5742965985576923 0.7310681778846154 0.5742965985576923 0.7018740793269231
0 0.560364625 0.7751698990384616 0.560364625 0.7596411225961539 0.5547918365384615 0.7596411225961539 0.5547918365384615 0.7906986730769231 0.560364625 0.7906986730769231 0.560364625 0.7751698990384616
0 0.5673306129807693 0.7751698990384616 0.560364625 0.7751698990384616 0.560364625 0.794425579326923 0.5673306129807693 0.794425579326923 0.5673306129807693 0.7751698990384616
0 0.6360544206730769 0.9634368894230769 0.6285714278846153 0.9634368894230769 0.6285714278846153 0.9986192692307692 0.6360544206730769 0.9986192692307692 0.6360544206730769 0.9634368894230769
0 0.6200653052884615 0.8744570048076923 0.6200653052884615 0.8682454951923078 0.6117061225961539 0.8682454951923078 0.6117061225961539 0.9079991610576923 0.6200653052884615 0.9079991610576923 0.6200653052884615 0.8744570048076923
0 0.6200653052884615 0.9036511033653846 0.6294693870192307 0.9036511033653846 0.6294693870192307 0.8682454951923078 0.6200653052884615 0.8682454951923078 0.6200653052884615 0.9036511033653846
0 0.6406149663461539 0.8670031947115385 0.6336489783653847 0.8670031947115385 0.6336489783653847 0.9061357067307692 0.6406149663461539 0.9061357067307692 0.6406149663461539 0.8670031947115385
0 0.6421768701923077 0.9061357067307692 0.6538503389423076 0.9061357067307692 0.6538503389423076 0.8591029278846154 0.6421768701923077 0.8591029278846154 0.6421768701923077 0.9061357067307692
0 0.6538503389423076 0.8173111129807692 0.6465360552884616 0.8173111129807692 0.6465360552884616 0.8496109663461537 0.6538503389423076 0.8496109663461537 0.6538503389423076 0.8173111129807692
0 0.6538503389423076 0.8011611850961539 0.6451428557692308 0.8011611850961539 0.6451428557692308 0.8235226225961539 0.6538503389423076 0.8235226225961539 0.6538503389423076 0.8011611850961539
0 0.6162340144230769 0.7651344278846154 0.6113578221153846 0.7651344278846154 0.6113578221153846 0.7906016201923076 0.6162340144230769 0.7906016201923076 0.6162340144230769 0.7651344278846154
0 0.6204136057692308 0.7464998966346154 0.6134476177884616 0.7464998966346154 0.6134476177884616 0.76761903125 0.6204136057692308 0.76761903125 0.6204136057692308 0.7464998966346154
0 0.6204136057692308 0.7906016201923076 0.6235483004807693 0.7906016201923076 0.6235483004807693 0.7589229158653846 0.6204136057692308 0.7589229158653846 0.6204136057692308 0.7906016201923076
0 0.6388734687500001 0.7614075216346153 0.6322557836538463 0.7614075216346153 0.6322557836538463 0.7899804687499999 0.6388734687500001 0.7899804687499999 0.6388734687500001 0.7614075216346153
0 0.6134476177884616 0.7272442163461539 0.6085714278846154 0.7272442163461539 0.6085714278846154 0.7464998966346154 0.6134476177884616 0.7464998966346154 0.6134476177884616 0.7272442163461539
0 0.6259863942307693 0.7258428052884616 0.6259863942307693 0.7098519879807692 0.6218068028846153 0.7098519879807692 0.6218068028846153 0.7328345745192307 0.6259863942307693 0.7328345745192307 0.6259863942307693 0.7258428052884616
0 0.6305142860576923 0.7250795360576923 0.62437078125 0.7250795360576923 0.62437078125 0.7514691057692308 0.6305142860576923 0.7514691057692308 0.6305142860576923 0.7250795360576923
0 0.6367824975961539 0.7240618413461538 0.6335012403846154 0.7240618413461538 0.6335012403846154 0.7489953413461539 0.6367824975961539 0.7489953413461539 0.6367824975961539 0.7240618413461538
0 0.6469115985576923 0.6490069230769231 0.640919735576923 0.6490069230769231 0.640919735576923 0.6736859975961539 0.6469115985576923 0.6736859975961539 0.6469115985576923 0.6490069230769231
0 0.6403490841346154 0.6759758100961538 0.6363545072115385 0.6759758100961538 0.6363545072115385 0.6945487211538462 0.6403490841346154 0.6945487211538462 0.6403490841346154 0.6759758100961538
0 0.6534741153846154 0.70701546875 0.6481955697115385 0.70701546875 0.6481955697115385 0.7360197427884615 0.6534741153846154 0.7360197427884615 0.6534741153846154 0.70701546875
0 0.6434876778846154 0.7263516538461539 0.6392077764423078 0.7263516538461539 0.6392077764423078 0.7566280432692308 0.6434876778846154 0.7566280432692308 0.6434876778846154 0.7263516538461539
0 0.6426316971153846 0.7031991177884614 0.6489088870192308 0.7031991177884614 0.6489088870192308 0.6736859975961539 0.6426316971153846 0.6736859975961539 0.6426316971153846 0.7031991177884614
0 0.6301958413461539 0.650736358173077 0.6242610456730768 0.650736358173077 0.6242610456730768 0.6812671730769231 0.6301958413461539 0.6812671730769231 0.6301958413461539 0.650736358173077
0 0.6242610456730768 0.6389311105769231 0.6203806009615385 0.6389311105769231 0.6203806009615385 0.6641699182692308 0.6242610456730768 0.6641699182692308 0.6242610456730768 0.6389311105769231
0 0.6301958413461539 0.6328249471153846 0.6248316995192307 0.6328249471153846 0.6248316995192307 0.650736358173077 0.6301958413461539 0.650736358173077 0.6301958413461539 0.6328249471153846
0 0.6419513076923077 0.6071790625 0.6378426009615384 0.6071790625 0.6378426009615384 0.6352674134615385 0.6419513076923077 0.6352674134615385 0.6419513076923077 0.6071790625
0 0.650511110576923 0.5963915096153847 0.6453752283653846 0.5963915096153847 0.6453752283653846 0.6175595408653846 0.650511110576923 0.6175595408653846 0.650511110576923 0.5963915096153847
0 0.6467447980769231 0.6430018870192308 0.6521089423076922 0.6430018870192308 0.6521089423076922 0.6175595408653846 0.6467447980769231 0.6175595408653846 0.6467447980769231 0.6430018870192308
0 0.6303099735576924 0.5972056658653846 0.6266577908653846 0.5972056658653846 0.6266577908653846 0.620205545673077 0.6303099735576924 0.620205545673077 0.6303099735576924 0.5972056658653846
0 0.6303099735576924 0.6362851057692308 0.634875201923077 0.6362851057692308 0.634875201923077 0.60799321875 0.6303099735576924 0.60799321875 0.6303099735576924 0.6362851057692308
0 0.64081 0.5799048701923077 0.6349893317307692 0.5799048701923077 0.6349893317307692 0.6071790625 0.64081 0.6071790625 0.64081 0.5799048701923077
0 0.6247175673076922 0.5680996201923076 0.6193534254807692 0.5680996201923076 0.6193534254807692 0.6000552067307692 0.6247175673076922 0.6000552067307692 0.6247175673076922 0.5680996201923076
0 0.6178697259615386 0.5717633173076924 0.6135327572115384 0.5717633173076924 0.6135327572115384 0.5957808942307692 0.6178697259615386 0.5957808942307692 0.6178697259615386 0.5717633173076924
0 0.643935235576923 0.5554122524038462 0.6393700072115384 0.5554122524038462 0.6393700072115384 0.5806510576923076 0.643935235576923 0.5806510576923076 0.643935235576923 0.5554122524038462
0 0.6349893317307692 0.5576918870192308 0.6309699855769231 0.5576918870192308 0.6309699855769231 0.5799048701923077 0.6349893317307692 0.5799048701923077 0.6349893317307692 0.5576918870192308
0 0.6287786754807693 0.5532954495192308 0.6247612740384615 0.5532954495192308 0.6247612740384615 0.5715325216346154 0.6287786754807693 0.5715325216346154 0.6287786754807693 0.5532954495192308
0 0.6372699999999999 0.53587253125 0.6335265120192308 0.53587253125 0.6335265120192308 0.5581803798076923 0.6372699999999999 0.5581803798076923 0.6372699999999999 0.53587253125
0 0.6457613269230769 0.5379893341346154 0.6405569663461539 0.5379893341346154 0.6405569663461539 0.5575290552884615 0.6457613269230769 0.5575290552884615 0.6457613269230769 0.5379893341346154
0 0.6397352235576924 0.5239858653846153 0.6345308629807692 0.5239858653846153 0.6345308629807692 0.5381521658653846 0.6397352235576924 0.5381521658653846 0.6397352235576924 0.5239858653846153
0 0.6327960769230769 0.5213805697115385 0.6290525889423078 0.5213805697115385 0.6290525889423078 0.5430370961538462 0.6327960769230769 0.5430370961538462 0.6327960769230769 0.5213805697115385
0 0.6358091274038462 0.5002125384615385 0.6312438990384616 0.5002125384615385 0.6312438990384616 0.5173097956730769 0.6358091274038462 0.5173097956730769 0.6358091274038462 0.5002125384615385
0 0.6476787235576923 0.48897719951923074 0.6422004471153847 0.48897719951923074 0.6422004471153847 0.5052603004807692 0.6476787235576923 0.5052603004807692 0.6476787235576923 0.48897719951923074
0 0.6247612740384615 0.5445241995192307 0.6215741730769231 0.5445241995192307 0.6215741730769231 0.5630869350961538 0.6247612740384615 0.5630869350961538 0.6247612740384615 0.5445241995192307
0 0.632156735576923 0.31495911298076923 0.6271412235576924 0.31495911298076923 0.6271412235576924 0.3452712836538462 0.632156735576923 0.3452712836538462 0.632156735576923 0.31495911298076923
0 0.6313208173076923 0.3557066201923077 0.6265839447115386 0.3557066201923077 0.6265839447115386 0.3770742139423077 0.6313208173076923 0.3770742139423077 0.6313208173076923 0.3557066201923077
0 0.6405159182692307 0.3303636586538462 0.6357790480769231 0.3303636586538462 0.6357790480769231 0.3527250961538462 0.6405159182692307 0.3527250961538462 0.6405159182692307 0.3303636586538462
0 0.6455314278846154 0.3681296394230769 0.639958639423077 0.3681296394230769 0.639958639423077 0.39595720673076923 0.6455314278846154 0.39595720673076923 0.6455314278846154 0.3681296394230769
0 0.6477605432692308 0.4053987019230769 0.6427450336538462 0.4053987019230769 0.6427450336538462 0.42776013701923077 0.6477605432692308 0.42776013701923077 0.6477605432692308 0.4053987019230769
0 0.6449741490384615 0.39595720673076923 0.639958639423077 0.39595720673076923 0.639958639423077 0.4053987019230769 0.6449741490384615 0.4053987019230769 0.6449741490384615 0.39595720673076923
0 0.6402372788461539 0.4108648293269231 0.6349431298076923 0.4108648293269231 0.6349431298076923 0.4242816923076923 0.6402372788461539 0.4242816923076923 0.6402372788461539 0.4108648293269231
0 0.6464298413461538 0.5183795889423076 0.6427776586538462 0.5183795889423076 0.6427776586538462 0.5273352956730769 0.6464298413461538 0.5273352956730769 0.6464298413461538 0.5183795889423076
0 0.6281689278846153 0.5234680576923076 0.6231471754807691 0.5234680576923076 0.6231471754807691 0.5430077788461538 0.6281689278846153 0.5430077788461538 0.6281689278846153 0.5234680576923076
0 0.6216634759615385 0.5216362091346154 0.6150438942307692 0.5216362091346154 0.6150438942307692 0.5428042403846154 0.6216634759615385 0.5428042403846154 0.6216634759615385 0.5216362091346154
0 0.6466255576923078 0.4414828822115385 0.6413470120192308 0.4414828822115385 0.6413470120192308 0.4610734879807692 0.6466255576923078 0.4610734879807692 0.6466255576923078 0.4414828822115385
0 0.6354978125 0.4501332788461539 0.6354978125 0.4407196129807692 0.6354978125 0.43308690865384614 0.6302192668269231 0.43308690865384614 0.6302192668269231 0.4608190649038461 0.6354978125 0.4608190649038461 0.6354978125 0.4501332788461539
0 0.6392070625 0.4394474951923077 0.6347844975961539 0.4394474951923077 0.6347844975961539 0.4608190649038461 0.6392070625 0.4608190649038461 0.6392070625 0.4394474951923077
0 0.631742766826923 0.29030841346153846 0.6270862331730769 0.29030841346153846 0.6270862331730769 0.31495911298076923 0.631742766826923 0.31495911298076923 0.631742766826923 0.29030841346153846
0 0.6374036514423077 0.2896570889423077 0.6328384230769231 0.2896570889423077 0.6328384230769231 0.3158728822115385 0.6374036514423077 0.3158728822115385 0.6374036514423077 0.2896570889423077
0 0.6419688798076923 0.27565362259615384 0.6377688701923077 0.27565362259615384 0.6377688701923077 0.29079690625 0.6419688798076923 0.29079690625 0.6419688798076923 0.27565362259615384
0 0.6145318557692308 0.26306729326923073 0.6102519519230769 0.26306729326923073 0.6102519519230769 0.2792867884615385 0.6145318557692308 0.2792867884615385 0.6145318557692308 0.26306729326923073
1 1 0.9045531057692308 0.003996413461538462 0.9045531057692308 0.003996413461538462 0.9769100961538462 1 0.9769100961538462 1 0.9045531057692308
0 0.6315736562500001 0.7623833629807693 0.6262489783653845 0.7623833629807693 0.6262489783653845 0.792405141826923 0.6315736562500001 0.792405141826923 0.6315736562500001 0.7623833629807693
0 0.6297714567307692 0.7493812307692308 0.6235866394230769 0.7493812307692308 0.6235866394230769 0.768373110576923 0.6297714567307692 0.768373110576923 0.6297714567307692 0.7493812307692308
0 0.6432879471153845 0.7897024519230769 0.6493498894230769 0.7897024519230769 0.6493498894230769 0.7609224495192308 0.6432879471153845 0.7609224495192308 0.6432879471153845 0.7897024519230769
0 0.6429193173076923 0.7580736682692308 0.6381680649038461 0.7580736682692308 0.6381680649038461 0.7832744302884616 0.6429193173076923 0.7832744302884616 0.6429193173076923 0.7580736682692308
0 0.6566815600961539 0.7465324495192308 0.6521351057692308 0.7465324495192308 0.6521351057692308 0.7607033125 0.6566815600961539 0.7607033125 0.6566815600961539 0.7465324495192308
0 0.6321996706730769 0.6971130961538462 0.6272077860576922 0.6971130961538462 0.6272077860576922 0.7198257403846154 0.6321996706730769 0.7198257403846154 0.6321996706730769 0.6971130961538462
0 0.6095441899038462 0.4908731634615385 0.6134481009615385 0.4908731634615385 0.6134481009615385 0.47067146634615387 0.6095441899038462 0.47067146634615387 0.6095441899038462 0.4908731634615385
0 0.5781209086538461 0.4930417091346154 0.5825368076923076 0.4930417091346154 0.5825368076923076 0.47797603365384617 0.5781209086538461 0.47797603365384617 0.5781209086538461 0.4930417091346154
0 0.5811288413461538 0.5452008942307692 0.5857367355769231 0.5452008942307692 0.5857367355769231 0.5297928197115385 0.5811288413461538 0.5297928197115385 0.5811288413461538 0.5452008942307692
0 0.60826421875 0.5732778293269231 0.6133841009615385 0.5732778293269231 0.6133841009615385 0.5478259735576922 0.60826421875 0.5478259735576922 0.60826421875 0.5732778293269231
0 0.6099141802884616 0.49806181490384616 0.60559428125 0.49806181490384616 0.60559428125 0.5174645745192308 0.6099141802884616 0.5174645745192308 0.6099141802884616 0.49806181490384616
0 0.6121157307692308 0.4035133052884615 0.6153924567307693 0.4035133052884615 0.6153924567307693 0.38780848076923075 0.6121157307692308 0.38780848076923075 0.6121157307692308 0.4035133052884615
0 0.2549267331730769 0.7111537043269232 0.24967885336538462 0.7111537043269232 0.24967885336538462 0.7290727235576924 0.2549267331730769 0.7290727235576924 0.2549267331730769 0.7111537043269232
0 0.24444767548076923 0.5844224783653846 0.24884757451923076 0.5844224783653846 0.24884757451923076 0.5633790432692307 0.24444767548076923 0.5633790432692307 0.24444767548076923 0.5844224783653846
0 0.2183482716346154 0.6270443509615385 0.21354838221153846 0.6270443509615385 0.21354838221153846 0.648444454326923 0.2183482716346154 0.648444454326923 0.2183482716346154 0.6270443509615385
0 0.30824621394230767 0.46618690625 0.3139460841346154 0.46618690625 0.3139460841346154 0.4438951322115384 0.30824621394230767 0.4438951322115384 0.30824621394230767 0.46618690625
0 0.32204589903846154 0.43176840625 0.31774599759615385 0.43176840625 0.31774599759615385 0.44978015865384613 0.32204589903846154 0.44978015865384613 0.32204589903846154 0.43176840625
0 0.3201638629807692 0.5031791250000001 0.3252837451923077 0.5031791250000001 0.3252837451923077 0.4748373990384615 0.3201638629807692 0.4748373990384615 0.3201638629807692 0.5031791250000001