1 0.25411943509615387 0.9524820913461538 0.2828436081730769 0.9524820913461538 0.2828436081730769 0.8955808677884616 0.25411943509615387 0.8955808677884616 0.25411943509615387 0.9524820913461538
1 0.3847773701923077 0.7951372764423077 0.40379113461538463 0.7951372764423077 0.40379113461538463 0.7432200168269231 0.3847773701923077 0.7432200168269231 0.3847773701923077 0.7951372764423077
1 0.3632424471153846 0.7626423028846154 0.3838319350961538 0.7626423028846154 0.3838319350961538 0.7165143774038462 0.3632424471153846 0.7165143774038462 0.3632424471153846 0.7626423028846154
1 0.36702418990384617 0.6995198798076923 0.3907651298076923 0.6995198798076923 0.3907651298076923 0.6606753100961539 0.36702418990384617 0.6606753100961539 0.36702418990384617 0.6995198798076923
1 0.3809682403846154 0.5971540480769231 0.39643136778846155 0.5971540480769231 0.39643136778846155 0.5663771971153846 0.3809682403846154 0.5663771971153846 0.3809682403846154 0.5971540480769231
1 0.3664295408653846 0.5394848052884615 0.37886727403846154 0.5394848052884615 0.37886727403846154 0.5179708894230769 0.3664295408653846 0.5179708894230769 0.3664295408653846 0.5394848052884615
1 0.4442940480769231 0.47565688942307693 0.4559544230769231 0.47565688942307693 0.4559544230769231 0.45249955048076923 0.4442940480769231 0.45249955048076923 0.4442940480769231 0.47565688942307693
1 0.7991489591346154 0.5114345024038461 0.7896946009615384 0.5114345024038461 0.7896946009615384 0.5372063798076924 0.7991489591346154 0.5372063798076924 0.7991489591346154 0.5114345024038461
1 0.8322392067307691 0.5129285240384616 0.8453702596153847 0.5129285240384616 0.8453702596153847 0.4744574615384615 0.8322392067307691 0.4744574615384615 0.8322392067307691 0.5129285240384616
1 0.5310527091346153 0.36471855528846153 0.5422298605769231 0.36471855528846153 0.5422298605769231 0.34947953365384615 0.5310527091346153 0.34947953365384615 0.5310527091346153 0.36471855528846153
1 0.5497860456730769 0.29886279326923076 0.5405350624999999 0.29886279326923076 0.5405350624999999 0.3113886730769231 0.5497860456730769 0.3113886730769231 0.5497860456730769 0.29886279326923076
1 0.5383298870192308 0.2958986538461538 0.5494095528846153 0.2958986538461538 0.5494095528846153 0.28365962740384615 0.5383298870192308 0.28365962740384615 0.5383298870192308 0.2958986538461538
1 0.5353179375 0.2701775745192308 0.5439772884615385 0.2701775745192308 0.5439772884615385 0.25889472115384615 0.5353179375 0.25889472115384615 0.5353179375 0.2701775745192308
1 0.3303853317307693 0.330808045673077 0.3235546658653846 0.330808045673077 0.3235546658653846 0.34821041105769235 0.3303853317307693 0.34821041105769235 0.3303853317307693 0.330808045673077
1 0.2044140096153846 0.38075549038461537 0.19560675 0.38075549038461537 0.19560675 0.41290683894230773 0.2044140096153846 0.41290683894230773 0.2044140096153846 0.38075549038461537
1 0.22478499759615383 0.38565587980769234 0.21665004807692306 0.38565587980769234 0.21665004807692306 0.4175681875 0.22478499759615383 0.4175681875 0.22478499759615383 0.38565587980769234
1 0.2440448365384615 0.3556806682692307 0.2365821971153846 0.3556806682692307 0.2365821971153846 0.37169658173076925 0.2440448365384615 0.37169658173076925 0.2440448365384615 0.3556806682692307
1 0.2661529038461538 0.32806772836538467 0.2591608822115385 0.32806772836538467 0.2591608822115385 0.35856967788461536 0.2661529038461538 0.35856967788461536 0.2661529038461538 0.32806772836538467
1 0.2959496754807692 0.3492264927884615 0.2892938076923077 0.3492264927884615 0.2892938076923077 0.3670352331730769 0.2959496754807692 0.3670352331730769 0.2959496754807692 0.3492264927884615
1 0.18303026442307693 0.3256198197115384 0.17496254567307692 0.3256198197115384 0.17496254567307692 0.3433090384615385 0.18303026442307693 0.3433090384615385 0.18303026442307693 0.3256198197115384
1 0.2859793341346154 0.20042683173076922 0.28119248798076923 0.20042683173076922 0.28119248798076923 0.2226100673076923 0.2859793341346154 0.2226100673076923 0.2859793341346154 0.20042683173076922
1 0.3160065721153846 0.21262966105769232 0.31024084375 0.21262966105769232 0.31024084375 0.23504237740384618 0.3160065721153846 0.23504237740384618 0.3160065721153846 0.21262966105769232
1 0.5980549903846154 0.24411714423076925 0.5876745264423077 0.24411714423076925 0.5876745264423077 0.25654740625 0.5980549903846154 0.25654740625 0.5980549903846154 0.24411714423076925
1 0.23914867067307694 0.4836148341346154 0.22721517307692307 0.4836148341346154 0.22721517307692307 0.4985550528846154 0.23914867067307694 0.4985550528846154 0.23914867067307694 0.4836148341346154
1 0.28018238701923076 0.46278427884615386 0.27211466826923075 0.46278427884615386 0.27211466826923075 0.4850153245192308 0.28018238701923076 0.4850153245192308 0.28018238701923076 0.46278427884615386
1 0.2855608653846154 0.4645771057692307 0.2788377668269231 0.4645771057692307 0.2788377668269231 0.4841786730769231 0.2855608653846154 0.4841786730769231 0.2855608653846154 0.4645771057692307
1 0.5825527572115384 0.24376812980769233 0.577107048076923 0.24376812980769233 0.577107048076923 0.2514175216346154 0.5825527572115384 0.2514175216346154 0.5825527572115384 0.24376812980769233
1 0.5748144735576923 0.20742263461538463 0.5816989254807692 0.20742263461538463 0.5816989254807692 0.19910392067307692 0.5748144735576923 0.19910392067307692 0.5748144735576923 0.20742263461538463
1 0.4582757139423077 0.2340949639423077 0.45356954567307695 0.2340949639423077 0.45356954567307695 0.25309892307692305 0.4582757139423077 0.25309892307692305 0.4582757139423077 0.2340949639423077
1 0.5362809399038462 0.09864388942307692 0.5329247692307693 0.09864388942307692 0.5329247692307693 0.11050044711538462 0.5362809399038462 0.11050044711538462 0.5362809399038462 0.09864388942307692
1 0.5392498605769231 0.09826142067307692 0.5358936899038461 0.09826142067307692 0.5358936899038461 0.10935303846153846 0.5392498605769231 0.10935303846153846 0.5392498605769231 0.09826142067307692
1 0.46941789903846154 0.04018052644230769 0.4664438173076923 0.04018052644230769 0.4664438173076923 0.04693646875 0.46941789903846154 0.04693646875 0.46941789903846154 0.04018052644230769
1 0.15997527644230772 0.5606165552884615 0.1488401466346154 0.5606165552884615 0.1488401466346154 0.5906837451923077 0.15997527644230772 0.5906837451923077 0.15997527644230772 0.5606165552884615
1 0.3194623413461538 0.12192345673076922 0.3076128798076923 0.12192345673076922 0.3076128798076923 0.13133579326923076 0.3194623413461538 0.13133579326923076 0.3194623413461538 0.12192345673076922
1 0.5632982596153846 0.22936237740384616 0.5586761298076923 0.22936237740384616 0.5586761298076923 0.24101574759615385 0.5632982596153846 0.24101574759615385 0.5632982596153846 0.22936237740384616
1 0.5669959639423077 0.23294803125 0.5620376802884615 0.23294803125 0.5620376802884615 0.24594601923076923 0.5669959639423077 0.24594601923076923 0.5669959639423077 0.23294803125
1 0.578104141826923 0.21853630769230767 0.5740595264423077 0.21853630769230767 0.5740595264423077 0.22756259134615384 0.578104141826923 0.22756259134615384 0.578104141826923 0.21853630769230767
1 0.5771145024038462 0.23046936057692308 0.5832674807692307 0.23046936057692308 0.5832674807692307 0.21953073076923074 0.5771145024038462 0.21953073076923074 0.5771145024038462 0.23046936057692308
1 0.6469663173076923 0.15806099278846153 0.6469663173076923 0.16440998798076922 0.6490227836538461 0.16440998798076922 0.6541089350961538 0.16440998798076922 0.6541089350961538 0.15806099278846153 0.6469663173076923 0.15806099278846153
1 0.6646887427884616 0.10510759374999999 0.6646887427884616 0.09489822115384615 0.6598565144230769 0.09489822115384615 0.6598565144230769 0.10909142788461537 0.6646887427884616 0.10909142788461537 0.6646887427884616 0.10510759374999999
1 0.6679452427884616 0.08014475480769231 0.6631130144230769 0.08014475480769231 0.6631130144230769 0.09340419711538463 0.6679452427884616 0.09340419711538463 0.6679452427884616 0.08014475480769231
1 0.6918962812499999 0.048770295673076926 0.6800258100961538 0.048770295673076926 0.6800258100961538 0.06595154807692308 0.6918962812499999 0.06595154807692308 0.6918962812499999 0.048770295673076926
1 0.7003264134615385 0.03971945913461539 0.710306014423077 0.03971945913461539 0.710306014423077 0.02898117548076923 0.7003264134615385 0.02898117548076923 0.7003264134615385 0.03971945913461539
1 0.6842435048076924 0.07009212259615384 0.6789490649038462 0.07009212259615384 0.6789490649038462 0.0781598389423077 0.6842435048076924 0.0781598389423077 0.6842435048076924 0.07009212259615384
1 0.6685282620192308 0.06456424278846154 0.6637380552884615 0.06456424278846154 0.6637380552884615 0.07412598076923077 0.6685282620192308 0.07412598076923077 0.6685282620192308 0.06456424278846154
1 0.46269938701923075 0.033149302884615386 0.46001014903846155 0.033149302884615386 0.46001014903846155 0.0455496826923077 0.46269938701923075 0.0455496826923077 0.46269938701923075 0.033149302884615386
1 0.622965173076923 0.17478690865384616 0.6345204975961539 0.17478690865384616 0.6345204975961539 0.15461761298076923 0.622965173076923 0.15461761298076923 0.622965173076923 0.17478690865384616
1 0.6539544543269231 0.13986414903846153 0.6375669014423077 0.13986414903846153 0.6375669014423077 0.15555137740384614 0.6539544543269231 0.15555137740384614 0.6539544543269231 0.13986414903846153
1 0.6429766201923077 0.12871323076923077 0.6390898293269232 0.12871323076923077 0.6390898293269232 0.13450256490384616 0.6429766201923077 0.13450256490384616 0.6429766201923077 0.12871323076923077
1 0.6607139038461539 0.14358704326923077 0.6559867259615384 0.14358704326923077 0.6559867259615384 0.15124390625 0.6607139038461539 0.15124390625 0.6607139038461539 0.14358704326923077
1 0.6288523245192308 0.1430763846153846 0.6243478485576923 0.1430763846153846 0.6243478485576923 0.14893294951923078 0.6288523245192308 0.14893294951923078 0.6288523245192308 0.1430763846153846
1 0.7352745288461539 0.23090964423076923 0.728809125 0.23090964423076923 0.728809125 0.26260883653846157 0.7352745288461539 0.26260883653846157 0.7352745288461539 0.23090964423076923
1 0.8330980024038461 0.03524355528846154 0.82976334375 0.03524355528846154 0.82976334375 0.04451844230769231 0.8330980024038461 0.04451844230769231 0.8330980024038461 0.03524355528846154
1 0.6481710192307693 0.023614036057692307 0.6524738004807692 0.023614036057692307 0.6524738004807692 0.014052298076923077 0.6481710192307693 0.014052298076923077 0.6481710192307693 0.023614036057692307
1 0.6715001706730769 0.02146264423076923 0.6678696971153847 0.02146264423076923 0.6678696971153847 0.035685733173076925 0.6715001706730769 0.035685733173076925 0.6715001706730769 0.02146264423076923
1 0.6720380168269231 0.03532716826923077 0.6749289495192308 0.03532716826923077 0.6749289495192308 0.026004471153846152 0.6720380168269231 0.026004471153846152 0.6720380168269231 0.03532716826923077
1 0.4558598701923077 0.040049985576923075 0.4526327836538462 0.040049985576923075 0.4526327836538462 0.04495037740384615 0.4558598701923077 0.04495037740384615 0.4558598701923077 0.040049985576923075