1 0.6946399759615385 0.7427256947115384 0.6792622307692308 0.7427256947115384 0.6792622307692308 0.7833825216346154 0.6946399759615385 0.7833825216346154 0.6946399759615385 0.7427256947115384
1 0.7612768629807692 0.680338497596154 0.7455048197115384 0.680338497596154 0.7455048197115384 0.7357158990384616 0.7612768629807692 0.7357158990384616 0.7612768629807692 0.680338497596154
1 0.13709819711538462 0.8660981346153847 0.09490797596153847 0.8660981346153847 0.09490797596153847 0.9404019879807692 0.13709819711538462 0.9404019879807692 0.13709819711538462 0.8660981346153847
1 0.12881787259615385 0.7644560697115386 0.08505044951923077 0.7644560697115386 0.08505044951923077 0.8331520841346154 0.12881787259615385 0.8331520841346154 0.12881787259615385 0.7644560697115386
1 0.2672175649038462 0.6480934278846154 0.23054756009615385 0.6480934278846154 0.23054756009615385 0.7252012019230769 0.2672175649038462 0.7252012019230769 0.2672175649038462 0.6480934278846154
1 0.04088872355769231 0.6558042067307692 0.02748248557692308 0.6558042067307692 0.02748248557692308 0.6873482932692307 0.04088872355769231 0.6873482932692307 0.04088872355769231 0.6558042067307692
1 0.05508356490384615 0.6466914687499999 0.04088872355769231 0.6466914687499999 0.04088872355769231 0.6768335985576923 0.05508356490384615 0.6768335985576923 0.05508356490384615 0.6466914687499999
1 0.03516359375 0.5052843942307692 0.024060072115384617 0.5052843942307692 0.024060072115384617 0.5290616274038462 0.03516359375 0.5290616274038462 0.03516359375 0.5052843942307692
1 0.10481294230769231 0.4837502932692308 0.09471883413461539 0.4837502932692308 0.09471883413461539 0.50842478125 0.10481294230769231 0.50842478125 0.10481294230769231 0.4837502932692308
1 0.08512943028846154 0.44023347115384615 0.07453061538461539 0.44023347115384615 0.07453061538461539 0.4841989230769231 0.08512943028846154 0.4841989230769231 0.08512943028846154 0.44023347115384615
1 0.16159230288461537 0.44965463942307693 0.14720819711538463 0.44965463942307693 0.14720819711538463 0.4788153966346154 0.16159230288461537 0.4788153966346154 0.16159230288461537 0.44965463942307693
1 0.40687914182692303 0.4850961754807692 0.38971915625 0.4850961754807692 0.38971915625 0.5111165432692307 0.40687914182692303 0.5111165432692307 0.40687914182692303 0.4850961754807692
1 0.43690911538461535 0.40389468028846154 0.4253008894230769 0.40389468028846154 0.4253008894230769 0.4218397620192308 0.43690911538461535 0.4218397620192308 0.43690911538461535 0.40389468028846154
1 0.43186206009615385 0.3832578365384615 0.4232820673076923 0.3832578365384615 0.4232820673076923 0.4074836971153846 0.43186206009615385 0.4074836971153846 0.43186206009615385 0.3832578365384615
1 0.43766617307692307 0.3428814014423077 0.4212632451923077 0.3428814014423077 0.4212632451923077 0.37114490624999996 0.43766617307692307 0.37114490624999996 0.43766617307692307 0.3428814014423077
1 0.504539641826923 0.3231418100961539 0.49242671153846157 0.3231418100961539 0.49242671153846157 0.34781629807692305 0.504539641826923 0.34781629807692305 0.504539641826923 0.3231418100961539
1 0.48712730528846154 0.32000142307692303 0.4775379014423077 0.32000142307692303 0.4775379014423077 0.3379465048076923 0.48712730528846154 0.3379465048076923 0.48712730528846154 0.32000142307692303
1 0.4727431995192308 0.31013162740384614 0.4631537956730769 0.31013162740384614 0.4631537956730769 0.32987121875000003 0.4727431995192308 0.32987121875000003 0.4727431995192308 0.31013162740384614
1 0.4757714326923077 0.29667281490384617 0.4669390865384615 0.29667281490384617 0.4669390865384615 0.3155151514423077 0.4757714326923077 0.3155151514423077 0.4757714326923077 0.29667281490384617
1 0.4997449399038461 0.2908406634615385 0.49192200721153845 0.2908406634615385 0.49192200721153845 0.31102888221153846 0.4997449399038461 0.31102888221153846 0.4997449399038461 0.2908406634615385
1 0.49192200721153845 0.28276537740384616 0.4828373076923077 0.28276537740384616 0.4828373076923077 0.3020563389423077 0.49192200721153845 0.3020563389423077 0.49192200721153845 0.28276537740384616
1 0.6771488990384615 0.3047481033653846 0.6645312620192307 0.3047481033653846 0.6645312620192307 0.33435748798076925 0.6771488990384615 0.33435748798076925 0.6771488990384615 0.3047481033653846
1 0.4926790649038461 0.2580908894230769 0.4737526105769231 0.2580908894230769 0.4737526105769231 0.2773818533653846 0.4926790649038461 0.2773818533653846 0.4926790649038461 0.2580908894230769
1 0.3432862572115385 0.30385084855769234 0.3364727331730769 0.30385084855769234 0.3364727331730769 0.3294225889423077 0.3432862572115385 0.3294225889423077 0.3432862572115385 0.30385084855769234
1 0.18354698798076924 0.27558734375 0.1734528798076923 0.27558734375 0.1734528798076923 0.30609398317307696 0.18354698798076924 0.30609398317307696 0.18354698798076924 0.27558734375
1 0.15604054326923075 0.26347441346153844 0.14746055048076923 0.26347441346153844 0.14746055048076923 0.28949478125 0.15604054326923075 0.28949478125 0.15604054326923075 0.26347441346153844
1 0.5630247475961538 0.21082831730769233 0.552526875 0.21082831730769233 0.552526875 0.2284144951923077 0.5630247475961538 0.2284144951923077 0.5630247475961538 0.21082831730769233
1 0.5694849783653846 0.19539554567307693 0.5630247475961538 0.19539554567307693 0.5630247475961538 0.21692964423076924 0.5694849783653846 0.21692964423076924 0.5694849783653846 0.19539554567307693
1 0.5694849783653846 0.18068057932692308 0.5626209855769231 0.18068057932692308 0.5626209855769231 0.19539554567307693 0.5694849783653846 0.19539554567307693 0.5694849783653846 0.18068057932692308
1 0.5830110841346154 0.19108872596153845 0.5751376778846153 0.19108872596153845 0.5751376778846153 0.201496875 0.5830110841346154 0.201496875 0.5830110841346154 0.19108872596153845
1 0.5884619014423077 0.20508588942307693 0.5787715576923077 0.20508588942307693 0.5787715576923077 0.21298172596153847 0.5884619014423077 0.21298172596153847 0.5884619014423077 0.20508588942307693
1 0.5949221322115384 0.18821751201923076 0.5890675480769231 0.18821751201923076 0.5890675480769231 0.2022146778846154 0.5949221322115384 0.2022146778846154 0.5949221322115384 0.18821751201923076
1 0.5995654230769231 0.18211618509615385 0.5959315432692308 0.18211618509615385 0.5959315432692308 0.19467774278846153 0.5995654230769231 0.19467774278846153 0.5995654230769231 0.18211618509615385
1 0.6112745865384616 0.18139838221153845 0.6040068293269231 0.18139838221153845 0.6040068293269231 0.19395993990384616 0.6112745865384616 0.19395993990384616 0.6112745865384616 0.18139838221153845
1 0.5864430817307692 0.1774504639423077 0.5807903798076923 0.1774504639423077 0.5807903798076923 0.18965312019230768 0.5864430817307692 0.18965312019230768 0.5864430817307692 0.1774504639423077
1 0.7550146947115385 0.07982921875000001 0.7493619927884616 0.07982921875000001 0.7493619927884616 0.09956880769230768 0.7550146947115385 0.09956880769230768 0.7550146947115385 0.07982921875000001
1 0.8178000504807692 0.04645136538461539 0.8083115865384615 0.04645136538461539 0.8083115865384615 0.06511425 0.8178000504807692 0.06511425 0.8178000504807692 0.04645136538461539
1 0.6235893990384616 0.12182070913461539 0.6108708245192308 0.12182070913461539 0.6108708245192308 0.13868908653846154 0.6235893990384616 0.13868908653846154 0.6235893990384616 0.12182070913461539
1 0.6294439831730769 0.09741539903846154 0.6171291706730769 0.09741539903846154 0.6171291706730769 0.12182070913461539 0.6294439831730769 0.12182070913461539 0.6294439831730769 0.09741539903846154
1 0.6342891562499999 0.08234152884615384 0.6262138677884616 0.08234152884615384 0.6262138677884616 0.09777430048076924 0.6342891562499999 0.09777430048076924 0.6342891562499999 0.08234152884615384
1 0.6593225432692308 0.07659910336538461 0.6415569134615384 0.07659910336538461 0.6415569134615384 0.10387562740384615 0.6593225432692308 0.10387562740384615 0.6593225432692308 0.07659910336538461
1 0.6621488942307692 0.06224303846153846 0.6468058509615384 0.06224303846153846 0.6468058509615384 0.07731690625 0.6621488942307692 0.07731690625 0.6621488942307692 0.06224303846153846
1 0.669012889423077 0.04788697115384615 0.6613413653846153 0.04788697115384615 0.6613413653846153 0.06116633413461538 0.669012889423077 0.06116633413461538 0.669012889423077 0.04788697115384615
1 0.6823371129807693 0.03999113701923077 0.6696185360576923 0.03999113701923077 0.6696185360576923 0.059371824519230766 0.6823371129807693 0.059371824519230766 0.6823371129807693 0.03999113701923077