0 0.4445858918269231 0.6327648389423076 0.4397016466346154 0.6327648389423076 0.4397016466346154 0.6579927716346153 0.4445858918269231 0.6579927716346153 0.4445858918269231 0.6327648389423076
0 0.4397016466346154 0.635463641826923 0.43607146634615385 0.635463641826923 0.43607146634615385 0.6563500216346154 0.4397016466346154 0.6563500216346154 0.4397016466346154 0.635463641826923
0 0.4373255288461539 0.6348769447115384 0.43237528125 0.6348769447115384 0.43237528125 0.6578754326923076 0.4373255288461539 0.6578754326923076 0.4373255288461539 0.6348769447115384
0 0.43310131730769236 0.6306527331730769 0.42867909615384614 0.6306527331730769 0.42867909615384614 0.6422693173076923 0.43310131730769236 0.6422693173076923 0.43310131730769236 0.6306527331730769
0 0.42867909615384614 0.6602222163461539 0.43283730288461536 0.6602222163461539 0.43283730288461536 0.637106391826923 0.42867909615384614 0.637106391826923 0.42867909615384614 0.6602222163461539
0 0.42782105288461536 0.637927764423077 0.42432287740384617 0.637927764423077 0.42432287740384617 0.6597528581730769 0.42782105288461536 0.6597528581730769 0.42782105288461536 0.637927764423077
0 0.42782105288461536 0.6329995192307692 0.42432287740384617 0.6329995192307692 0.42432287740384617 0.6466108677884616 0.42782105288461536 0.6466108677884616 0.42782105288461536 0.6329995192307692
0 0.42366284374999996 0.6406265673076923 0.4195706394230769 0.6406265673076923 0.4195706394230769 0.6620996442307692 0.42366284374999996 0.6620996442307692 0.42366284374999996 0.6406265673076923
0 0.5330468557692307 0.7254618317307693 0.5280306057692308 0.7254618317307693 0.5280306057692308 0.7421709375 0.5330468557692307 0.7421709375 0.5330468557692307 0.7254618317307693
1 0.6996019471153846 0.6894955312500001 0.6936397331730769 0.6894955312500001 0.6936397331730769 0.7126998197115384 0.6996019471153846 0.7126998197115384 0.6996019471153846 0.6894955312500001
1 0.6683406153846154 0.7946310096153847 0.6639898100961539 0.7946310096153847 0.6639898100961539 0.8098140625 0.6683406153846154 0.8098140625 0.6683406153846154 0.7946310096153847
0 0.5239408990384615 0.6193803173076924 0.5199806995192308 0.6193803173076924 0.5199806995192308 0.6381545913461538 0.5239408990384615 0.6381545913461538 0.5239408990384615 0.6193803173076924
0 0.5335938822115385 0.6226071442307692 0.5297161874999999 0.6226071442307692 0.5297161874999999 0.6362478293269231 0.5335938822115385 0.6362478293269231 0.5335938822115385 0.6226071442307692
0 0.517505576923077 0.6309675649038462 0.5140404038461539 0.6309675649038462 0.5140404038461539 0.640501375 0.517505576923077 0.640501375 0.517505576923077 0.6309675649038462
0 0.5132153605769231 0.6160068149038461 0.5094201706730769 0.6160068149038461 0.5094201706730769 0.6275940625 0.5132153605769231 0.6275940625 0.5132153605769231 0.6160068149038461
1 0.48534582692307693 0.9817139447115385 0.4767060240384616 0.9817139447115385 0.4767060240384616 0.9992068774038461 0.48534582692307693 0.9992068774038461 0.48534582692307693 0.9817139447115385
1 0.6651647860576924 0.7804068725961538 0.6693246923076923 0.7804068725961538 0.6693246923076923 0.7592162475961538 0.6651647860576924 0.7592162475961538 0.6651647860576924 0.7804068725961538
1 0.7518828028846154 0.7303457956730769 0.7555627163461539 0.7303457956730769 0.7555627163461539 0.7211015649038461 0.7518828028846154 0.7211015649038461 0.7518828028846154 0.7303457956730769
0 0.49602 0.6365696658653845 0.4987396826923077 0.6365696658653845 0.4987396826923077 0.6273657091346153 0.49602 0.6273657091346153 0.49602 0.6365696658653845
0 0.5199806995192308 0.6132080745192308 0.516925795673077 0.6132080745192308 0.516925795673077 0.6312698822115385 0.5199806995192308 0.6312698822115385 0.5199806995192308 0.6132080745192308
0 0.5219381610576923 0.6198325192307692 0.526820483173077 0.6198325192307692 0.526820483173077 0.6102790456730769 0.5219381610576923 0.6102790456730769 0.5219381610576923 0.6198325192307692