1 0.5877202283653846 0.6696450600961538 0.5794038125 0.6696450600961538 0.5794038125 0.6956943653846154 0.5877202283653846 0.6956943653846154 0.5877202283653846 0.6696450600961538
1 0.5856081225961538 0.6397235600961538 0.57630165625 0.6397235600961538 0.57630165625 0.6883019951923077 0.5856081225961538 0.6883019951923077 0.5856081225961538 0.6397235600961538
1 0.49715956490384616 0.5709701129807693 0.4935689831730769 0.5709701129807693 0.4935689831730769 0.5781982091346154 0.49715956490384616 0.5781982091346154 0.49715956490384616 0.5709701129807693
1 0.48411731009615383 0.5706885 0.4799459014423077 0.5706885 0.4799459014423077 0.5795124086538461 0.48411731009615383 0.5795124086538461 0.48411731009615383 0.5706885
1 0.20227324278846154 0.6914192644230769 0.1952108894230769 0.6914192644230769 0.1952108894230769 0.7044439182692308 0.20227324278846154 0.7044439182692308 0.20227324278846154 0.6914192644230769
1 0.12871038461538462 0.6657609663461539 0.12355684615384616 0.6657609663461539 0.12355684615384616 0.6810056778846154 0.12871038461538462 0.6810056778846154 0.12871038461538462 0.6657609663461539
1 0.12140249759615385 0.6690652379807692 0.11607999278846154 0.6690652379807692 0.11607999278846154 0.6813060649038462 0.12140249759615385 0.6813060649038462 0.12140249759615385 0.6690652379807692
1 0.11101093749999999 0.6683893653846155 0.10577291586538462 0.6683893653846155 0.10577291586538462 0.6784523750000001 0.11101093749999999 0.6784523750000001 0.11101093749999999 0.6683893653846155
1 0.02755166346153846 0.7038336875 0.021479360576923075 0.7038336875 0.021479360576923075 0.7176327788461538 0.02755166346153846 0.7176327788461538 0.02755166346153846 0.7038336875
1 0.07882303605769231 0.6700775408653846 0.0740074326923077 0.6700775408653846 0.0740074326923077 0.6871245817307692 0.07882303605769231 0.6871245817307692 0.07882303605769231 0.6700775408653846
1 0.08042823557692308 0.6648207451923077 0.0751902139423077 0.6648207451923077 0.0751902139423077 0.68104171875 0.08042823557692308 0.68104171875 0.08042823557692308 0.6648207451923077
1 0.08904562740384615 0.65933865625 0.0793721826923077 0.65933865625 0.0793721826923077 0.6772868629807692 0.08904562740384615 0.6772868629807692 0.08904562740384615 0.65933865625
1 0.05049416826923077 0.706267045673077 0.043693185096153844 0.706267045673077 0.043693185096153844 0.7214366586538462 0.05049416826923077 0.7214366586538462 0.05049416826923077 0.706267045673077
0 0.47868673076923074 0.49190109375 0.4716903798076923 0.49190109375 0.4716903798076923 0.5158382932692308 0.47868673076923074 0.5158382932692308 0.47868673076923074 0.49190109375
1 0.4209322139423077 0.48995702884615383 0.38016856971153845 0.48995702884615383 0.38016856971153845 0.5257220216346153 0.4209322139423077 0.5257220216346153 0.4209322139423077 0.48995702884615383
1 0.32424853846153845 0.5047407740384615 0.31634926201923075 0.5047407740384615 0.31634926201923075 0.5128512596153846 0.32424853846153845 0.5128512596153846 0.32424853846153845 0.5047407740384615
1 0.4875595360576923 0.5032595072115384 0.4827439350961538 0.5032595072115384 0.4827439350961538 0.5216582956730769 0.4875595360576923 0.5216582956730769 0.4875595360576923 0.5032595072115384
1 0.5197902716346154 0.5043108677884616 0.5011614975961538 0.5043108677884616 0.5011614975961538 0.517452858173077 0.5197902716346154 0.517452858173077 0.5197902716346154 0.5043108677884616
1 0.4454962884615385 0.4907226923076923 0.43886427644230774 0.4907226923076923 0.43886427644230774 0.5128763365384615 0.4454962884615385 0.5128763365384615 0.4454962884615385 0.4907226923076923
0 0.4274099735576923 0.4566070048076923 0.42162280288461534 0.4566070048076923 0.42162280288461534 0.47628244471153847 0.4274099735576923 0.47628244471153847 0.4274099735576923 0.4566070048076923
1 0.4151597596153846 0.4542789951923077 0.38453422355769235 0.4542789951923077 0.38453422355769235 0.47815987019230766 0.4151597596153846 0.47815987019230766 0.4151597596153846 0.4542789951923077