1 0.8630093149038461 0.6611794543269232 0.8402545697115384 0.6611794543269232 0.8402545697115384 0.7496701346153846 0.8630093149038461 0.7496701346153846 0.8630093149038461 0.6611794543269232
1 0.9270070408653847 0.6396888605769231 0.9042522932692307 0.6396888605769231 0.9042522932692307 0.7016323365384616 0.9270070408653847 0.7016323365384616 0.9270070408653847 0.6396888605769231
1 0.9831828197115384 0.6675002163461539 0.9511839567307692 0.6675002163461539 0.9511839567307692 0.7610475072115384 0.9831828197115384 0.7610475072115384 0.9831828197115384 0.6675002163461539
1 0.9746497908653846 0.5524623317307692 0.9483396153846153 0.5524623317307692 0.9483396153846153 0.6270473341346154 0.9746497908653846 0.6270473341346154 0.9746497908653846 0.5524623317307692
1 0.5029919086538461 0.5603600288461539 0.48863857692307694 0.5603600288461539 0.48863857692307694 0.585545670673077 0.5029919086538461 0.585545670673077 0.5029919086538461 0.5603600288461539
1 0.45117079326923076 0.48480310576923075 0.43681746394230764 0.48480310576923075 0.43681746394230764 0.5033609471153846 0.45117079326923076 0.5033609471153846 0.45117079326923076 0.48480310576923075
1 0.45657659375000004 0.4374143341346154 0.43588543028846155 0.4374143341346154 0.43588543028846155 0.4804950360576923 0.45657659375000004 0.4804950360576923 0.45657659375000004 0.4374143341346154
1 0.4266815889423077 0.3777589543269231 0.4092059447115384 0.3777589543269231 0.4092059447115384 0.41659372115384613 0.4266815889423077 0.41659372115384613 0.4266815889423077 0.3777589543269231
1 0.6025302716346154 0.5292145456730769 0.582142016826923 0.5292145456730769 0.582142016826923 0.5913501730769231 0.6025302716346154 0.5913501730769231 0.6025302716346154 0.5292145456730769
1 0.37870980528846154 0.3390426322115384 0.36472928846153846 0.3390426322115384 0.36472928846153846 0.37549553365384614 0.37870980528846154 0.37549553365384614 0.37870980528846154 0.3390426322115384
1 0.35913708413461537 0.3634826442307692 0.3328071105769231 0.3634826442307692 0.3328071105769231 0.3916507956730769 0.35913708413461537 0.3916507956730769 0.35913708413461537 0.3634826442307692
1 0.5119907283653846 0.3928935096153846 0.5036024182692308 0.3928935096153846 0.5036024182692308 0.4094630096153846 0.5119907283653846 0.4094630096153846 0.5119907283653846 0.3928935096153846
1 0.8152549879807692 0.573669423076923 0.7916931586538462 0.573669423076923 0.7916931586538462 0.6346451875000001 0.8152549879807692 0.6346451875000001 0.8152549879807692 0.573669423076923
1 0.7658944471153847 0.5474233341346154 0.7454642524038462 0.5474233341346154 0.7454642524038462 0.5901063677884616 0.7658944471153847 0.5901063677884616 0.7658944471153847 0.5474233341346154
1 0.8300184134615385 0.5381444158653846 0.8030266971153845 0.5381444158653846 0.8030266971153845 0.5938179375 0.8300184134615385 0.5938179375 0.8300184134615385 0.5381444158653846
1 0.900822014423077 0.5714327115384615 0.8735600096153846 0.5714327115384615 0.8735600096153846 0.6323256274038461 0.900822014423077 0.6323256274038461 0.900822014423077 0.5714327115384615
1 0.900822014423077 0.5337370961538461 0.888938576923077 0.5337370961538461 0.888938576923077 0.5726754230769231 0.900822014423077 0.5726754230769231 0.900822014423077 0.5337370961538461
1 0.9038511274038462 0.5026692836538461 0.8821813269230769 0.5026692836538461 0.8821813269230769 0.5527920240384615 0.9038511274038462 0.5527920240384615 0.9038511274038462 0.5026692836538461
1 0.8507251658653847 0.4711872307692308 0.8320844759615385 0.4711872307692308 0.8320844759615385 0.5262808221153846 0.8507251658653847 0.5262808221153846 0.8507251658653847 0.4711872307692308
1 0.8770551370192308 0.4546177307692308 0.8619095793269231 0.4546177307692308 0.8619095793269231 0.5047404711538461 0.8770551370192308 0.5047404711538461 0.8770551370192308 0.4546177307692308
1 0.8584144495192307 0.44674721875 0.8411718125000001 0.44674721875 0.8411718125000001 0.49852690865384613 0.8584144495192307 0.49852690865384613 0.8584144495192307 0.44674721875
1 0.8320844759615385 0.46165976923076923 0.8155408653846153 0.46165976923076923 0.8155408653846153 0.5117825096153846 0.8320844759615385 0.5117825096153846 0.8320844759615385 0.46165976923076923
1 0.8320844759615385 0.44053365625 0.8111137019230769 0.44053365625 0.8111137019230769 0.4931418197115385 0.8320844759615385 0.4931418197115385 0.8320844759615385 0.44053365625
1 0.7812886009615384 0.4707729951923077 0.7631139302884615 0.4707729951923077 0.7631139302884615 0.5204814975961539 0.7812886009615384 0.5204814975961539 0.7812886009615384 0.4707729951923077
1 0.735851923076923 0.4711872307692308 0.7120850456730768 0.4711872307692308 0.7120850456730768 0.5391221850961538 0.735851923076923 0.5391221850961538 0.735851923076923 0.4711872307692308
1 0.6694444711538462 0.4691160432692308 0.6475416634615385 0.4691160432692308 0.6475416634615385 0.5271092980769231 0.6694444711538462 0.5271092980769231 0.6694444711538462 0.4691160432692308
1 0.7288616658653846 0.4368055192307692 0.7106869951923076 0.4368055192307692 0.7106869951923076 0.4885852067307692 0.7288616658653846 0.4885852067307692 0.7288616658653846 0.4368055192307692
1 0.4786836947115385 0.4026458894230769 0.46633423798076923 0.4026458894230769 0.46633423798076923 0.4453123557692308 0.4786836947115385 0.4453123557692308 0.4786836947115385 0.4026458894230769
1 0.45002363701923076 0.3193841490384616 0.43790718990384614 0.3193841490384616 0.43790718990384614 0.35335162500000006 0.45002363701923076 0.35335162500000006 0.45002363701923076 0.3193841490384616
1 0.39549962259615384 0.3334682235576923 0.38454821875 0.3334682235576923 0.38454821875 0.36536451442307694 0.39549962259615384 0.36536451442307694 0.39549962259615384 0.3334682235576923
1 0.39946076923076923 0.31027092307692306 0.38827635576923075 0.31027092307692306 0.38827635576923075 0.3454811129807692 0.39946076923076923 0.3454811129807692 0.39946076923076923 0.31027092307692306
1 0.38827635576923075 0.31027092307692306 0.37662592548076923 0.31027092307692306 0.37662592548076923 0.3421672115384615 0.38827635576923075 0.3421672115384615 0.38827635576923075 0.31027092307692306
1 0.39946076923076923 0.30337289903846154 0.39946076923076923 0.29328718509615387 0.3901404254807692 0.29328718509615387 0.3901404254807692 0.3210410985576923 0.39946076923076923 0.3210410985576923 0.39946076923076923 0.30337289903846154
1 0.3488979014423077 0.32186957451923076 0.3395775576923077 0.32186957451923076 0.3395775576923077 0.3545943389423077 0.3488979014423077 0.3545943389423077 0.3488979014423077 0.32186957451923076
1 0.36472928846153846 0.3106851610576923 0.35821824519230766 0.3106851610576923 0.35821824519230766 0.3390426322115384 0.36472928846153846 0.3390426322115384 0.36472928846153846 0.3106851610576923
1 0.3428396778846154 0.2841739591346154 0.32816013701923075 0.2841739591346154 0.32816013701923075 0.32186957451923076 0.3428396778846154 0.32186957451923076 0.3428396778846154 0.2841739591346154
1 0.3605483317307692 0.2593197091346154 0.3516940048076923 0.2593197091346154 0.3516940048076923 0.2870736225961539 0.3605483317307692 0.2870736225961539 0.3605483317307692 0.2593197091346154
1 0.35472311778846155 0.2916302355769231 0.3463348076923077 0.2916302355769231 0.3463348076923077 0.31607025 0.35472311778846155 0.31607025 0.35472311778846155 0.2916302355769231
1 0.35472311778846155 0.2771319230769231 0.3409756105769231 0.2771319230769231 0.3409756105769231 0.3061285480769231 0.35472311778846155 0.3061285480769231 0.35472311778846155 0.2771319230769231
1 0.38431520913461537 0.2833454855769231 0.37615990865384613 0.2833454855769231 0.37615990865384613 0.31027092307692306 0.38431520913461537 0.31027092307692306 0.38431520913461537 0.2833454855769231
1 0.4018727716346154 0.37213632692307697 0.3927854375 0.37213632692307697 0.3927854375 0.39740481490384616 0.4018727716346154 0.39740481490384616 0.4018727716346154 0.37213632692307697
1 0.4309988485576923 0.4400712788461538 0.41911540865384617 0.4400712788461538 0.41911540865384617 0.4682394302884615 0.4309988485576923 0.4682394302884615 0.4309988485576923 0.4400712788461538
1 0.42028045192307695 0.35225292548076925 0.4083970144230769 0.35225292548076925 0.4083970144230769 0.38373497596153844 0.42028045192307695 0.38373497596153844 0.42028045192307695 0.35225292548076925
1 0.4277367283653846 0.3224278245192308 0.41818337499999997 0.3224278245192308 0.41818337499999997 0.3530814014423077 0.4277367283653846 0.3530814014423077 0.4277367283653846 0.3224278245192308
1 0.43146486538461537 0.3058583221153846 0.42563965144230764 0.3058583221153846 0.42563965144230764 0.33236952403846154 0.43146486538461537 0.33236952403846154 0.43146486538461537 0.3058583221153846
1 0.4554647524038461 0.29177424759615384 0.44451334615384613 0.29177424759615384 0.44451334615384613 0.3236705360576923 0.4554647524038461 0.3236705360576923 0.4554647524038461 0.29177424759615384
1 0.40932904807692305 0.30378713461538465 0.40210578125 0.30378713461538465 0.40210578125 0.3307125745192308 0.40932904807692305 0.3307125745192308 0.40932904807692305 0.30378713461538465
1 0.4172513413461539 0.30337289903846154 0.4104940913461539 0.30337289903846154 0.4104940913461539 0.33444071153846155 0.4172513413461539 0.33444071153846155 0.4172513413461539 0.30337289903846154
1 0.7590713221153845 0.42473235576923074 0.7448723605769231 0.42473235576923074 0.7448723605769231 0.476512045673077 0.7590713221153845 0.476512045673077 0.7590713221153845 0.42473235576923074
1 0.6513048413461539 0.40660946394230774 0.6411107163461539 0.40660946394230774 0.6411107163461539 0.4493277067307692 0.6513048413461539 0.4493277067307692 0.6513048413461539 0.40660946394230774
1 0.5945089951923077 0.4693923365384615 0.5799459567307692 0.4693923365384615 0.5799459567307692 0.5153468125 0.5945089951923077 0.5153468125 0.5945089951923077 0.4693923365384615
1 0.6159894759615384 0.442208 0.5974216033653846 0.442208 0.5974216033653846 0.4959294278846154 0.6159894759615384 0.4959294278846154 0.6159894759615384 0.442208
1 0.6323728942307691 0.48945696875 0.6239991466346153 0.48945696875 0.6239991466346153 0.5056381201923077 0.6323728942307691 0.5056381201923077 0.6323728942307691 0.48945696875
1 0.5428102115384615 0.45515292307692307 0.5206015793269231 0.45515292307692307 0.5206015793269231 0.48880972115384613 0.5428102115384615 0.48880972115384613 0.5428102115384615 0.45515292307692307
1 0.6159894759615384 0.4091984471153846 0.6057953485576923 0.4091984471153846 0.6057953485576923 0.4538584302884615 0.6159894759615384 0.4538584302884615 0.6159894759615384 0.4091984471153846
1 0.5875915528846154 0.41049293990384617 0.5763051971153846 0.41049293990384617 0.5763051971153846 0.4460914783653846 0.5875915528846154 0.4460914783653846 0.5875915528846154 0.41049293990384617
1 0.5664751466346154 0.3858975889423077 0.5522761850961538 0.3858975889423077 0.5522761850961538 0.4260268461538462 0.5664751466346154 0.4260268461538462 0.5664751466346154 0.3858975889423077
1 0.5373490721153846 0.3774833894230769 0.5278830985576923 0.3774833894230769 0.5278830985576923 0.42473235576923074 0.5373490721153846 0.42473235576923074 0.5373490721153846 0.3774833894230769
1 0.5034900096153846 0.33994311298076924 0.4914755024038462 0.33994311298076924 0.4914755024038462 0.37942512740384615 0.5034900096153846 0.37942512740384615 0.5034900096153846 0.33994311298076924
1 0.5206015793269231 0.3263509447115384 0.5100433774038462 0.3263509447115384 0.5100433774038462 0.37424715625 0.5206015793269231 0.37424715625 0.5206015793269231 0.3263509447115384
1 0.41461998076923073 0.2773204326923077 0.40366857692307695 0.2773204326923077 0.40366857692307695 0.30337289903846154 0.41461998076923073 0.30337289903846154 0.41461998076923073 0.2773204326923077
1 0.41951316105769226 0.26655025721153847 0.4073967139423077 0.26655025721153847 0.4073967139423077 0.2914045072115385 0.41951316105769226 0.2914045072115385 0.41951316105769226 0.26655025721153847
1 0.44048393750000003 0.2777346706730769 0.4325616442307692 0.2777346706730769 0.4325616442307692 0.2951326466346154 0.44048393750000003 0.2951326466346154 0.44048393750000003 0.2777346706730769
1 0.41461998076923073 0.25495160576923076 0.40669768990384614 0.25495160576923076 0.40669768990384614 0.27234958173076923 0.41461998076923073 0.27234958173076923 0.41461998076923073 0.25495160576923076
0 0.46727992548076924 0.25785126923076923 0.4602896682692308 0.25785126923076923 0.4602896682692308 0.28270551923076925 0.46727992548076924 0.28270551923076925 0.46727992548076924 0.25785126923076923
0 0.4365227908653846 0.25578008173076927 0.43209562740384616 0.25578008173076927 0.43209562740384616 0.2864336586538462 0.4365227908653846 0.2864336586538462 0.4365227908653846 0.25578008173076927
0 0.5304252572115384 0.23838210576923077 0.5227359735576923 0.23838210576923077 0.5227359735576923 0.26613601923076924 0.5304252572115384 0.26613601923076924 0.5304252572115384 0.23838210576923077
0 0.4779983221153846 0.3125306225961539 0.47077505528846153 0.3125306225961539 0.47077505528846153 0.3473265721153846 0.4779983221153846 0.3473265721153846 0.4779983221153846 0.3125306225961539
0 0.47729929567307694 0.3568540360576923 0.46844496875 0.3568540360576923 0.46844496875 0.3949638870192308 0.47729929567307694 0.3949638870192308 0.47729929567307694 0.3568540360576923
0 0.4914755024038462 0.33075707211538463 0.4849885793269231 0.33075707211538463 0.4849885793269231 0.3560255600961538 0.4914755024038462 0.3560255600961538 0.4914755024038462 0.33075707211538463
0 0.5402116201923077 0.30051773317307695 0.5334543701923077 0.30051773317307695 0.5334543701923077 0.3286858846153846 0.5402116201923077 0.3286858846153846 0.5402116201923077 0.30051773317307695
0 0.5492989543269231 0.2785631442307692 0.5404446274038461 0.2785631442307692 0.5404446274038461 0.30051773317307695 0.5492989543269231 0.30051773317307695 0.5492989543269231 0.2785631442307692
0 0.5975317355769231 0.34276996153846157 0.5917065216346153 0.34276996153846157 0.5917065216346153 0.37880862499999995 0.5975317355769231 0.37880862499999995 0.5975317355769231 0.34276996153846157
0 0.57842503125 0.3721808245192308 0.5712017644230769 0.3721808245192308 0.5712017644230769 0.40324863942307687 0.57842503125 0.40324863942307687 0.57842503125 0.3721808245192308
0 0.567939641826923 0.3527116610576923 0.5597843413461538 0.3527116610576923 0.5597843413461538 0.3775659110576923 0.567939641826923 0.3775659110576923 0.567939641826923 0.3527116610576923
0 0.5574542548076923 0.3576825120192308 0.5476678942307692 0.3576825120192308 0.5476678942307692 0.3858975889423077 0.5574542548076923 0.3858975889423077 0.5574542548076923 0.3576825120192308
0 0.5406776370192308 0.3411130096153846 0.53275534375 0.3411130096153846 0.53275534375 0.3643103125 0.5406776370192308 0.3643103125 0.5406776370192308 0.3411130096153846
0 0.5574542548076923 0.33572792307692306 0.5460368341346153 0.33572792307692306 0.5460368341346153 0.362239125 0.5574542548076923 0.362239125 0.5574542548076923 0.33572792307692306
0 0.5064253725961538 0.2992750216346154 0.5003671490384616 0.2992750216346154 0.5003671490384616 0.3278574086538461 0.5064253725961538 0.3278574086538461 0.5064253725961538 0.2992750216346154
0 0.4914755024038462 0.3137733341346154 0.48289150240384615 0.3137733341346154 0.48289150240384615 0.3377991105769231 0.4914755024038462 0.3377991105769231 0.4914755024038462 0.3137733341346154
0 0.4973380360576923 0.2777346706730769 0.4875516754807692 0.2777346706730769 0.4875516754807692 0.31045943509615387 0.4973380360576923 0.31045943509615387 0.4973380360576923 0.2777346706730769
0 0.5273961466346153 0.28104856971153847 0.5211049134615384 0.28104856971153847 0.5211049134615384 0.3121163846153846 0.5273961466346153 0.3121163846153846 0.5273961466346153 0.28104856971153847
0 0.5201728798076923 0.2860194206730769 0.512017579326923 0.2860194206730769 0.512017579326923 0.32164384615384617 0.5201728798076923 0.32164384615384617 0.5201728798076923 0.2860194206730769
0 0.9299123653846154 0.3558200600961538 0.9124367211538461 0.3558200600961538 0.9124367211538461 0.4063570384615385 0.9299123653846154 0.4063570384615385 0.9299123653846154 0.3558200600961538
0 0.8208643389423076 0.3897875360576923 0.8061847980769231 0.3897875360576923 0.8061847980769231 0.42955433894230766 0.8208643389423076 0.42955433894230766 0.8208643389423076 0.3897875360576923
0 0.79220428125 0.4278973894230769 0.7735635913461538 0.4278973894230769 0.7735635913461538 0.4805055528846154 0.79220428125 0.4805055528846154 0.79220428125 0.4278973894230769
0 0.7770587211538462 0.45482282692307696 0.7642432475961538 0.45482282692307696 0.7642432475961538 0.48879030528846157 0.7770587211538462 0.48879030528846157 0.7770587211538462 0.45482282692307696
0 0.7735635913461538 0.38523092548076926 0.7600490937500001 0.38523092548076926 0.7600490937500001 0.4307970504807692 0.7735635913461538 0.4307970504807692 0.7735635913461538 0.38523092548076926
0 0.7840489807692308 0.36327633653846153 0.7758936778846154 0.36327633653846153 0.7758936778846154 0.3897875360576923 0.7840489807692308 0.3897875360576923 0.7840489807692308 0.36327633653846153
0 0.7840489807692308 0.3322085216346154 0.7765927043269231 0.3322085216346154 0.7765927043269231 0.37487498557692306 0.7840489807692308 0.37487498557692306 0.7840489807692308 0.3322085216346154
0 0.8346118461538462 0.27628645673076924 0.8248254855769231 0.27628645673076924 0.8248254855769231 0.31522478365384615 0.8346118461538462 0.31522478365384615 0.8346118461538462 0.27628645673076924
0 0.8541845697115384 0.2704871322115385 0.8425341394230769 0.2704871322115385 0.8425341394230769 0.31315359615384614 0.8541845697115384 0.31315359615384614 0.8541845697115384 0.2704871322115385
0 0.7453695504807692 0.38564516105769225 0.7358161995192307 0.38564516105769225 0.7358161995192307 0.4162987379807692 0.7453695504807692 0.4162987379807692 0.7453695504807692 0.38564516105769225
0 0.7306900096153846 0.4158845 0.7209036490384615 0.4158845 0.7209036490384615 0.4502662139423077 0.7306900096153846 0.4502662139423077 0.7306900096153846 0.4158845
0 0.695272701923077 0.3968295745192308 0.6857193485576923 0.3968295745192308 0.6857193485576923 0.4357679014423077 0.695272701923077 0.4357679014423077 0.695272701923077 0.3968295745192308
0 0.7423404399038461 0.3330369975961539 0.7306900096153846 0.3330369975961539 0.7306900096153846 0.3740465120192308 0.7423404399038461 0.3740465120192308 0.7423404399038461 0.3330369975961539
0 0.7765927043269231 0.2936844326923077 0.7630782043269231 0.2936844326923077 0.7630782043269231 0.3417359855769231 0.7765927043269231 0.3417359855769231 0.7765927043269231 0.2936844326923077
0 0.7873111009615384 0.2456328798076923 0.7800878341346155 0.2456328798076923 0.7800878341346155 0.2853996826923077 0.7873111009615384 0.2853996826923077 0.7873111009615384 0.2456328798076923
0 0.7630782043269231 0.25308915625 0.7563209567307693 0.25308915625 0.7563209567307693 0.2986552836538462 0.7630782043269231 0.2986552836538462 0.7630782043269231 0.25308915625
0 0.7563209567307693 0.24894678124999997 0.7481656538461539 0.24894678124999997 0.7481656538461539 0.2858139206730769 0.7563209567307693 0.2858139206730769 0.7563209567307693 0.24894678124999997
0 0.7192725889423077 0.2775291682692308 0.7132143629807692 0.2775291682692308 0.7132143629807692 0.30901122115384616 0.7192725889423077 0.30901122115384616 0.7192725889423077 0.2775291682692308
0 0.7169425024038462 0.31646749519230766 0.7080881754807693 0.31646749519230766 0.7080881754807693 0.35084920913461537 0.7169425024038462 0.35084920913461537 0.7169425024038462 0.31646749519230766
0 0.7397773437499999 0.3044546081730769 0.7299909831730769 0.3044546081730769 0.7299909831730769 0.3429786971153846 0.7397773437499999 0.3429786971153846 0.7397773437499999 0.3044546081730769
0 0.7076221586538461 0.3790173605769231 0.6934086322115385 0.3790173605769231 0.6934086322115385 0.4208553509615385 0.7076221586538461 0.4208553509615385 0.7076221586538461 0.3790173605769231
0 0.6621854807692308 0.39517262499999994 0.6510010673076922 0.39517262499999994 0.6510010673076922 0.4341109519230769 0.6621854807692308 0.4341109519230769 0.6621854807692308 0.39517262499999994
0 0.6621854807692308 0.3740465120192308 0.6472729278846153 0.3740465120192308 0.6472729278846153 0.40594280048076925 0.6621854807692308 0.40594280048076925 0.6621854807692308 0.3740465120192308
0 0.6419137307692308 0.34049327163461535 0.6309623269230769 0.34049327163461535 0.6309623269230769 0.3777746490384616 0.6419137307692308 0.3777746490384616 0.6419137307692308 0.34049327163461535
0 0.6388846201923077 0.386887875 0.6309623269230769 0.386887875 0.6309623269230769 0.4216838269230769 0.6388846201923077 0.4216838269230769 0.6388846201923077 0.386887875
0 0.6106881899038462 0.3811355961538462 0.5989445552884616 0.3811355961538462 0.5989445552884616 0.42388490865384615 0.6106881899038462 0.42388490865384615 0.6106881899038462 0.3811355961538462
0 0.6252279254807692 0.3924028557692308 0.6175852427884615 0.3924028557692308 0.6175852427884615 0.4262046370192308 0.6252279254807692 0.4262046370192308 0.6252279254807692 0.3924028557692308
0 0.6190764975961538 0.35429300480769227 0.6088241201923077 0.35429300480769227 0.6088241201923077 0.39571675721153843 0.6190764975961538 0.39571675721153843 0.6190764975961538 0.35429300480769227
0 0.6058416105769231 0.340374625 0.5996901826923077 0.340374625 0.5996901826923077 0.3811355961538462 0.6058416105769231 0.3811355961538462 0.6058416105769231 0.340374625
0 0.5816087139423077 0.3297701442307692 0.5709835216346154 0.3297701442307692 0.5709835216346154 0.3668858245192308 0.5816087139423077 0.3668858245192308 0.5816087139423077 0.3297701442307692
0 0.5857096658653846 0.31386342307692305 0.57359321875 0.31386342307692305 0.57359321875 0.34468269471153845 0.5857096658653846 0.34468269471153845 0.5857096658653846 0.31386342307692305
0 0.6050959831730769 0.2873522211538461 0.5968940793269231 0.2873522211538461 0.5968940793269231 0.31552037259615384 0.6050959831730769 0.31552037259615384 0.6050959831730769 0.2873522211538461
0 0.6371579663461537 0.2913289014423077 0.6315657596153846 0.2913289014423077 0.6315657596153846 0.3244679038461538 0.6371579663461537 0.3244679038461538 0.6371579663461537 0.2913289014423077
0 0.6328706081730769 0.33540377403846156 0.6231774495192308 0.33540377403846156 0.6231774495192308 0.37251945673076925 0.6328706081730769 0.37251945673076925 0.6328706081730769 0.33540377403846156
0 0.67481215625 0.3350723846153846 0.6645597788461538 0.3350723846153846 0.6645597788461538 0.3648974855769231 0.67481215625 0.3648974855769231 0.67481215625 0.3350723846153846
0 0.670711204326923 0.3622463653846154 0.6617636754807692 0.3622463653846154 0.6617636754807692 0.38577505528846157 0.670711204326923 0.38577505528846157 0.670711204326923 0.3622463653846154
0 0.6934086322115385 0.3483279831730769 0.6876742307692307 0.3483279831730769 0.6876742307692307 0.38908895673076926 0.6934086322115385 0.38908895673076926 0.6934086322115385 0.3483279831730769
0 0.7035188173076924 0.3450140841346154 0.6966217620192308 0.3450140841346154 0.6966217620192308 0.3748391850961538 0.7035188173076924 0.3748391850961538 0.7035188173076924 0.3450140841346154
0 0.6917751826923078 0.3069042331730769 0.6850645360576924 0.3069042331730769 0.6850645360576924 0.3483279831730769 0.6917751826923078 0.3483279831730769 0.6917751826923078 0.3069042331730769
0 0.6645597788461538 0.30756701201923076 0.6582219447115385 0.30756701201923076 0.6582219447115385 0.3426943533653847 0.6645597788461538 0.3426943533653847 0.6645597788461538 0.30756701201923076
0 0.6078920865384615 0.3194970528846154 0.6019270649038462 0.3194970528846154 0.6019270649038462 0.340374625 0.6078920865384615 0.340374625 0.6078920865384615 0.3194970528846154
0 0.6166532091346154 0.3380548942307692 0.6088241201923077 0.3380548942307692 0.6088241201923077 0.3599266346153846 0.6166532091346154 0.3599266346153846 0.6166532091346154 0.3380548942307692
0 1 0.414845266826923 0.9901291610576923 0.414845266826923 0.9901291610576923 0.47449546875000004 1 0.47449546875000004 1 0.414845266826923
0 0.9994495048076922 0.32247030048076925 0.9891971274038462 0.32247030048076925 0.9891971274038462 0.3895767764423077 0.9994495048076922 0.3895767764423077 0.9994495048076922 0.32247030048076925
0 0.97178496875 0.27825246634615386 0.9560568870192309 0.27825246634615386 0.9560568870192309 0.33624571875 0.97178496875 0.33624571875 0.97178496875 0.27825246634615386
0 0.9409113269230769 0.33676351682692307 0.9295521586538461 0.33676351682692307 0.9295521586538461 0.39631015865384617 0.9409113269230769 0.39631015865384617 0.9409113269230769 0.33676351682692307
0 0.9237269423076923 0.2798058581730769 0.9106202091346154 0.2798058581730769 0.9106202091346154 0.33158554807692303 0.9237269423076923 0.33158554807692303 0.9237269423076923 0.2798058581730769
0 0.9062512980769231 0.25650499759615386 0.8980959975961539 0.25650499759615386 0.8980959975961539 0.29844654567307694 0.9062512980769231 0.29844654567307694 0.9062512980769231 0.25650499759615386
0 0.931590983173077 0.25546940384615385 0.9208143365384616 0.25546940384615385 0.9208143365384616 0.3036245144230769 0.931590983173077 0.3036245144230769 0.931590983173077 0.25546940384615385
0 0.9499404110576923 0.25391601201923075 0.9377074591346154 0.25391601201923075 0.9377074591346154 0.30051773317307695 0.9499404110576923 0.30051773317307695 0.9499404110576923 0.25391601201923075
0 0.8080964230769231 0.22025921394230769 0.8002323822115385 0.22025921394230769 0.8002323822115385 0.24977363701923078 0.8080964230769231 0.24977363701923078 0.8080964230769231 0.22025921394230769
0 0.7017862475961538 0.2860194206730769 0.6939222067307692 0.2860194206730769 0.6939222067307692 0.32226520432692307 0.7017862475961538 0.32226520432692307 0.7017862475961538 0.2860194206730769
0 0.734407451923077 0.2378643076923077 0.7285822379807693 0.2378643076923077 0.7285822379807693 0.26686093509615383 0.734407451923077 0.26686093509615383 0.734407451923077 0.2378643076923077
0 0.5922121322115385 0.2747508653846154 0.5819597524038461 0.2747508653846154 0.5819597524038461 0.31020959615384613 0.5922121322115385 0.31020959615384613 0.5922121322115385 0.2747508653846154
0 0.6473885673076923 0.2871004831730769 0.6473885673076923 0.2638149951923077 0.6414235480769231 0.2638149951923077 0.6414235480769231 0.30291901682692307 0.6473885673076923 0.30291901682692307 0.6473885673076923 0.2871004831730769
0 0.623155673076923 0.26746028605769234 0.6142081442307693 0.26746028605769234 0.6142081442307693 0.3002678966346154 0.623155673076923 0.3002678966346154 0.623155673076923 0.26746028605769234
0 0.6101071923076924 0.27707059615384616 0.6050959831730769 0.27707059615384616 0.6050959831730769 0.3092154278846154 0.6101071923076924 0.3092154278846154 0.6101071923076924 0.27707059615384616
0 0.5614549951923077 0.24061769471153843 0.5549307548076923 0.24061769471153843 0.5549307548076923 0.2873436850961538 0.5614549951923077 0.2873436850961538 0.5614549951923077 0.24061769471153843
0 0.5778588004807692 0.2658033341346154 0.5676064230769231 0.2658033341346154 0.5676064230769231 0.2966226057692308 0.5778588004807692 0.2966226057692308 0.5778588004807692 0.2658033341346154
0 0.5780452091346153 0.29794816586538464 0.5649967259615385 0.29794816586538464 0.5649967259615385 0.31948851682692303 0.5780452091346153 0.31948851682692303 0.5780452091346153 0.29794816586538464
0 0.5538123125 0.3204826875 0.5485929206730769 0.3204826875 0.5485929206730769 0.33572792307692306 0.5538123125 0.33572792307692306 0.5538123125 0.3204826875
0 0.49440137259615385 0.16451465625 0.4881381009615385 0.16451465625 0.4881381009615385 0.18970029807692307 0.49440137259615385 0.18970029807692307 0.49440137259615385 0.16451465625
0 0.4721816706730769 0.15258461538461537 0.46770790624999997 0.15258461538461537 0.46770790624999997 0.17220290625 0.4721816706730769 0.17220290625 0.4721816706730769 0.15258461538461537
0 0.4769536875 0.17511913701923076 0.4702430408653846 0.17511913701923076 0.4702430408653846 0.20693257932692305 0.4769536875 0.20693257932692305 0.4769536875 0.17511913701923076
0 0.4566726201923077 0.18917007451923076 0.4514532259615385 0.18917007451923076 0.4514532259615385 0.21965795432692306 0.4566726201923077 0.21965795432692306 0.4566726201923077 0.18917007451923076
0 0.4560761177884615 0.15284972836538463 0.4520497283653846 0.15284972836538463 0.4520497283653846 0.17352846634615385 0.4560761177884615 0.17352846634615385 0.4560761177884615 0.15284972836538463
0 0.4608481322115384 0.15417528846153847 0.458163875 0.15417528846153847 0.458163875 0.17352846634615385 0.4608481322115384 0.17352846634615385 0.4608481322115384 0.15417528846153847
0 0.4657692740384615 0.15258461538461537 0.4632341418269231 0.15258461538461537 0.4632341418269231 0.17379357692307693 0.4657692740384615 0.17379357692307693 0.4657692740384615 0.15258461538461537
0 0.48232220673076925 0.19712343509615385 0.4772519399038462 0.19712343509615385 0.4772519399038462 0.22496019471153844 0.48232220673076925 0.22496019471153844 0.48232220673076925 0.19712343509615385
0 0.4911206105769231 0.20613724278846154 0.4850064639423077 0.20613724278846154 0.4850064639423077 0.22442997115384616 0.4911206105769231 0.22442997115384616 0.4911206105769231 0.20613724278846154
0 0.4991733894230769 0.21276504326923076 0.49619087740384615 0.21276504326923076 0.49619087740384615 0.22734620432692307 0.4991733894230769 0.22734620432692307 0.4991733894230769 0.21276504326923076
0 0.5163228221153846 0.18757940144230767 0.5108051778846154 0.18757940144230767 0.5108051778846154 0.20640235576923077 0.5163228221153846 0.20640235576923077 0.5163228221153846 0.18757940144230767
0 0.5058840360576923 0.18413294471153846 0.5021558990384615 0.18413294471153846 0.5021558990384615 0.2016303389423077 0.5058840360576923 0.2016303389423077 0.5058840360576923 0.18413294471153846
0 0.5404811538461538 0.18863985096153846 0.5386916466346153 0.18863985096153846 0.5386916466346153 0.2167417235576923 0.5404811538461538 0.2167417235576923 0.5404811538461538 0.18863985096153846
0 0.546297048076923 0.18598873076923078 0.5404811538461538 0.18598873076923078 0.5404811538461538 0.2167417235576923 0.546297048076923 0.2167417235576923 0.546297048076923 0.18598873076923078
0 0.6068420048076922 0.24139713942307692 0.600578733173077 0.24139713942307692 0.600578733173077 0.27427102884615384 0.6068420048076922 0.27427102884615384 0.6068420048076922 0.24139713942307692
0 0.5729905144230769 0.21806728365384617 0.5652359879807692 0.21806728365384617 0.5652359879807692 0.2512062836538461 0.5729905144230769 0.2512062836538461 0.5729905144230769 0.21806728365384617
0 0.6022191129807692 0.2162115 0.5969997211538461 0.2162115 0.5969997211538461 0.25491785336538464 0.6022191129807692 0.25491785336538464 0.6022191129807692 0.2162115
0 0.6265265721153847 0.21435571394230768 0.6207106754807692 0.21435571394230768 0.6207106754807692 0.24961561298076923 0.6265265721153847 0.24961561298076923 0.6265265721153847 0.21435571394230768
0 0.8755426298076923 0.16702928846153847 0.8694261538461538 0.16702928846153847 0.8694261538461538 0.20586405528846155 0.8755426298076923 0.20586405528846155 0.8755426298076923 0.16702928846153847
0 0.8694261538461538 0.16910047596153846 0.86272715625 0.16910047596153846 0.86272715625 0.1980971033653846 0.8694261538461538 0.1980971033653846 0.8694261538461538 0.16910047596153846
0 0.7928245745192307 0.1980971033653846 0.7852517956730769 0.1980971033653846 0.7852517956730769 0.22916491586538462 0.7928245745192307 0.22916491586538462 0.7928245745192307 0.1980971033653846
0 0.7034075240384615 0.15563775721153844 0.6969997860576923 0.15563775721153844 0.6969997860576923 0.18308099278846154 0.7034075240384615 0.18308099278846154 0.7034075240384615 0.15563775721153844
1 0.36631414182692307 0.39829734375000003 0.3566508076923077 0.39829734375000003 0.3566508076923077 0.4078413774038462 0.36631414182692307 0.4078413774038462 0.36631414182692307 0.39829734375000003
1 0.31036225240384613 0.3043416466346154 0.3006989182692308 0.3043416466346154 0.3006989182692308 0.32788359375 0.31036225240384613 0.32788359375 0.31036225240384613 0.3043416466346154
0 0.6799753221153846 0.24269422115384615 0.6704685721153846 0.24269422115384615 0.6704685721153846 0.28014129326923076 0.6799753221153846 0.28014129326923076 0.6799753221153846 0.24269422115384615
0 0.7021577427884615 0.22479916105769232 0.6945150600961539 0.22479916105769232 0.6945150600961539 0.25926372115384616 0.7021577427884615 0.25926372115384616 0.7021577427884615 0.22479916105769232
0 0.7459633581730769 0.21253773076923077 0.7409303725961538 0.21253773076923077 0.7409303725961538 0.25263592067307694 0.7459633581730769 0.25263592067307694 0.7459633581730769 0.21253773076923077
0 0.6488453725961538 0.31891392548076924 0.6561152403846153 0.31891392548076924 0.6561152403846153 0.28544353365384617 0.6488453725961538 0.28544353365384617 0.6488453725961538 0.31891392548076924
0 0.6807209495192308 0.29405967307692304 0.6714006057692308 0.29405967307692304 0.6714006057692308 0.33349508653846155 0.6807209495192308 0.33349508653846155 0.6807209495192308 0.29405967307692304
0 0.6939222067307692 0.29107716346153845 0.6829578317307692 0.29107716346153845 0.6829578317307692 0.32226520432692307 0.6939222067307692 0.32226520432692307 0.6939222067307692 0.29107716346153845
0 0.7058858798076924 0.3851919278846154 0.717815920673077 0.3851919278846154 0.717815920673077 0.3434367860576923 0.7058858798076924 0.3434367860576923 0.7058858798076924 0.3851919278846154
0 0.7401847451923077 0.21585162980769232 0.7329148774038461 0.21585162980769232 0.7329148774038461 0.2562812115384615 0.7401847451923077 0.2562812115384615 0.7401847451923077 0.21585162980769232
0 0.7679593701923076 0.21187494951923075 0.7618079447115385 0.21187494951923075 0.7618079447115385 0.25097897115384615 0.7679593701923076 0.25097897115384615 0.7679593701923076 0.21187494951923075
0 0.8207125192307692 0.2165144110576923 0.8141882788461537 0.2165144110576923 0.8141882788461537 0.2566126009615385 0.8207125192307692 0.2566126009615385 0.8207125192307692 0.2165144110576923
1 0.8248254855769231 0.3462578076923077 0.8314580384615385 0.3462578076923077 0.8314580384615385 0.31522478365384615 0.8248254855769231 0.31522478365384615 0.8248254855769231 0.3462578076923077
1 0.8375162620192308 0.3557852716346154 0.8487006754807692 0.3557852716346154 0.8487006754807692 0.31436151923076927 0.8375162620192308 0.31436151923076927 0.8375162620192308 0.3557852716346154
1 0.7755359735576923 0.3259601706730769 0.7850893269230769 0.3259601706730769 0.7850893269230769 0.28743608173076923 0.7755359735576923 0.28743608173076923 0.7755359735576923 0.3259601706730769
1 0.7630782043269231 0.30234863221153846 0.7522351129807692 0.30234863221153846 0.7522351129807692 0.3363161081730769 0.7630782043269231 0.3363161081730769 0.7630782043269231 0.30234863221153846
1 0.7354584951923078 0.27997980528846156 0.7263711586538462 0.27997980528846156 0.7263711586538462 0.31311880528846153 0.7354584951923078 0.31311880528846153 0.7354584951923078 0.27997980528846156
1 0.9050887572115385 0.30234863221153846 0.8953023966346154 0.30234863221153846 0.8953023966346154 0.3412869567307692 0.9050887572115385 0.3412869567307692 0.9050887572115385 0.30234863221153846
1 0.9053217668269231 0.3711120600961539 0.9174382139423076 0.3711120600961539 0.9174382139423076 0.33465915625 0.9053217668269231 0.33465915625 0.9053217668269231 0.3711120600961539
1 0.9481953485576924 0.37691138461538465 0.9638069254807693 0.37691138461538465 0.9638069254807693 0.33624571875 0.9481953485576924 0.33624571875 0.9481953485576924 0.37691138461538465
0 0.8270984471153846 0.2311161394230769 0.8201313052884616 0.2311161394230769 0.8201313052884616 0.2566126009615385 0.8270984471153846 0.2566126009615385 0.8270984471153846 0.2311161394230769
0 0.7796049567307691 0.2207343533653846 0.7699654831730769 0.2207343533653846 0.7699654831730769 0.2512752572115385 0.7796049567307691 0.2512752572115385 0.7796049567307691 0.2207343533653846
0 0.4880411538461538 0.28500364903846154 0.48112173076923076 0.28500364903846154 0.48112173076923076 0.3137733341346154 0.4880411538461538 0.3137733341346154 0.4880411538461538 0.28500364903846154
0 0.4625108677884615 0.2495846826923077 0.4560686466346154 0.2495846826923077 0.4560686466346154 0.28270551923076925 0.4625108677884615 0.28270551923076925 0.4625108677884615 0.2495846826923077
0 0.44378070432692307 0.25700781971153847 0.4388893870192308 0.25700781971153847 0.4388893870192308 0.2777346706730769 0.44378070432692307 0.2777346706730769 0.44378070432692307 0.25700781971153847
0 0.49472193990384616 0.19255782451923079 0.48950254807692306 0.19255782451923079 0.48950254807692306 0.2193341370192308 0.49472193990384616 0.2193341370192308 0.49472193990384616 0.19255782451923079
0 0.5251435432692307 0.20740409615384614 0.5199241514423076 0.20740409615384614 0.5199241514423076 0.2259619375 0.5251435432692307 0.2259619375 0.5251435432692307 0.20740409615384614
0 0.5068011081730769 0.20395764182692308 0.5015817139423077 0.20395764182692308 0.5015817139423077 0.22728749759615383 0.5068011081730769 0.22728749759615383 0.5068011081730769 0.20395764182692308
0 0.49979220913461536 0.19070204086538461 0.49472193990384616 0.19070204086538461 0.49472193990384616 0.2132365625 0.49979220913461536 0.2132365625 0.49979220913461536 0.19070204086538461
0 0.49979220913461536 0.18327890384615383 0.4963623221153846 0.18327890384615383 0.4963623221153846 0.19255782451923079 0.49979220913461536 0.19255782451923079 0.49979220913461536 0.18327890384615383
0 0.5327489447115384 0.20263208173076921 0.5269330504807692 0.20263208173076921 0.5269330504807692 0.22622705048076924 0.5327489447115384 0.22622705048076924 0.5327489447115384 0.20263208173076921
0 0.5509422572115384 0.1901718173076923 0.546297048076923 0.1901718173076923 0.546297048076923 0.2167417235576923 0.5509422572115384 0.2167417235576923 0.5509422572115384 0.1901718173076923
0 0.5570564038461538 0.1851346875 0.5522843870192308 0.1851346875 0.5522843870192308 0.2166830192307692 0.5570564038461538 0.2166830192307692 0.5570564038461538 0.1851346875
0 0.5625740456730769 0.18221845673076925 0.55839853125 0.18221845673076925 0.55839853125 0.21641790625 0.5625740456730769 0.21641790625 0.5625740456730769 0.18221845673076925
0 0.5663021850961538 0.18407424038461537 0.5625740456730769 0.18407424038461537 0.5625740456730769 0.21641790625 0.5663021850961538 0.21641790625 0.5663021850961538 0.18407424038461537
0 0.5695829447115385 0.1851346875 0.5663021850961538 0.1851346875 0.5663021850961538 0.21641790625 0.5695829447115385 0.21641790625 0.5695829447115385 0.1851346875
0 0.5734602091346154 0.18486957692307693 0.5695829447115385 0.18486957692307693 0.5695829447115385 0.21376678605769234 0.5734602091346154 0.21376678605769234 0.5734602091346154 0.18486957692307693
0 0.5886710096153845 0.16233505528846154 0.5840481201923077 0.16233505528846154 0.5840481201923077 0.17771155288461538 0.5886710096153845 0.17771155288461538 0.5886710096153845 0.16233505528846154
0 0.6341492836538462 0.09689213461538461 0.6321946658653845 0.09689213461538461 0.6321946658653845 0.11024868990384616 0.6341492836538462 0.11024868990384616 0.6341492836538462 0.09689213461538461
0 0.6313395216346154 0.09406879567307692 0.6288962475961538 0.09406879567307692 0.6288962475961538 0.11035727884615384 0.6313395216346154 0.11035727884615384 0.6313395216346154 0.09406879567307692
0 0.5913309375 0.09320007692307691 0.589009829326923 0.09320007692307691 0.589009829326923 0.10416765625 0.5913309375 0.10416765625 0.5913309375 0.09320007692307691
0 0.37580216826923074 0.09228905769230769 0.3731047956730769 0.09228905769230769 0.3731047956730769 0.10292217788461538 0.37580216826923074 0.10292217788461538 0.37580216826923074 0.09228905769230769
0 0.8141882788461537 0.2049929014423077 0.8083423341346154 0.2049929014423077 0.8083423341346154 0.24189649278846154 0.8141882788461537 0.24189649278846154 0.8141882788461537 0.2049929014423077
0 0.8314866129807693 0.20584125961538463 0.8282655024038461 0.20584125961538463 0.8282655024038461 0.23065574519230767 0.8314866129807693 0.23065574519230767 0.8314866129807693 0.20584125961538463
0 0.8480693701923077 0.20605335096153846 0.8436552548076922 0.20605335096153846 0.8436552548076922 0.24444156971153846 0.8480693701923077 0.24444156971153846 0.8480693701923077 0.20605335096153846
0 0.8547501923076923 0.21559738221153849 0.8490237740384615 0.21559738221153849 0.8490237740384615 0.24783500240384615 0.8547501923076923 0.24783500240384615 0.8547501923076923 0.21559738221153849
0 0.8615503149038461 0.21708200961538462 0.8534378870192308 0.21708200961538462 0.8534378870192308 0.25547022836538463 0.8615503149038461 0.25547022836538463 0.8615503149038461 0.21708200961538462
0 0.8745540600961538 0.21877872596153847 0.8687083389423077 0.21877872596153847 0.8687083389423077 0.25907575240384617 0.8745540600961538 0.25907575240384617 0.8745540600961538 0.21877872596153847
0 0.8656065288461539 0.20626543990384613 0.8631012211538462 0.20626543990384613 0.8631012211538462 0.24168440384615383 0.8656065288461539 0.24168440384615383 0.8656065288461539 0.20626543990384613
0 0.8024966153846154 0.19863021394230768 0.7961736923076923 0.19863021394230768 0.7961736923076923 0.23553380528846152 0.8024966153846154 0.23553380528846152 0.8024966153846154 0.19863021394230768
0 0.9389414663461538 0.16668084375 0.9326781971153846 0.16668084375 0.9326781971153846 0.1992896201923077 0.9389414663461538 0.1992896201923077 0.9389414663461538 0.16668084375
0 0.8980959975961539 0.23401929567307694 0.8898791754807692 0.23401929567307694 0.8898791754807692 0.27908833653846155 0.8980959975961539 0.27908833653846155 0.8980959975961539 0.23401929567307694
0 0.9106202091346154 0.2364053028846154 0.9021074663461538 0.2364053028846154 0.9021074663461538 0.2865114735576923 0.9106202091346154 0.2865114735576923 0.9106202091346154 0.2364053028846154
0 0.8855545360576923 0.22023347115384617 0.8795895168269231 0.22023347115384617 0.8795895168269231 0.2570840408653846 0.8855545360576923 0.2570840408653846 0.8855545360576923 0.22023347115384617
0 0.880186016826923 0.22155903125 0.8758613774038462 0.22155903125 0.8758613774038462 0.26238628125 0.880186016826923 0.26238628125 0.880186016826923 0.22155903125
0 0.9021074663461538 0.21599167788461537 0.8973354519230768 0.21599167788461537 0.8973354519230768 0.25231202403846154 0.9021074663461538 0.25231202403846154 0.9021074663461538 0.21599167788461537
0 0.8933090625000001 0.2157265673076923 0.888537045673077 0.2157265673076923 0.888537045673077 0.25072135096153847 0.8933090625000001 0.25072135096153847 0.8933090625000001 0.2157265673076923
0 0.8402203822115385 0.19133626201923076 0.833509733173077 0.19133626201923076 0.833509733173077 0.2284519423076923 0.8402203822115385 0.2284519423076923 0.8402203822115385 0.19133626201923076
0 0.8048776370192308 0.16641573076923077 0.7993599927884615 0.16641573076923077 0.7993599927884615 0.19213159615384615 0.8048776370192308 0.19213159615384615 0.8048776370192308 0.16641573076923077
0 0.7975704879807692 0.17304353125 0.79190371875 0.17304353125 0.79190371875 0.2014105168269231 0.7975704879807692 0.2014105168269231 0.7975704879807692 0.17304353125
0 0.8582645673076923 0.14706255528846154 0.8531943004807693 0.14706255528846154 0.8531943004807693 0.17675510096153849 0.8582645673076923 0.17675510096153849 0.8582645673076923 0.14706255528846154
0 0.88436153125 0.18152711778846153 0.8767561322115385 0.18152711778846153 0.8767561322115385 0.21201499759615386 0.88436153125 0.21201499759615386 0.88436153125 0.18152711778846153
0 0.9046426009615385 0.18391312499999998 0.8965898245192307 0.18391312499999998 0.8965898245192307 0.21599167788461537 0.9046426009615385 0.21599167788461537 0.9046426009615385 0.18391312499999998
0 0.9158270144230769 0.19372226923076924 0.9091163653846154 0.19372226923076924 0.9091163653846154 0.22155903125 0.9158270144230769 0.22155903125 0.9158270144230769 0.19372226923076924
0 0.9265640504807693 0.20671275721153848 0.9174673942307692 0.20671275721153848 0.9174673942307692 0.24700978365384613 0.9265640504807693 0.24700978365384613 0.9265640504807693 0.20671275721153848
0 0.9335729495192309 0.22924727884615384 0.9243271682692308 0.22924727884615384 0.9243271682692308 0.25546940384615385 0.9335729495192309 0.25546940384615385 0.9335729495192309 0.22924727884615384
0 0.9459503653846154 0.23454951923076922 0.9389414663461538 0.23454951923076922 0.9389414663461538 0.2653025120192308 0.9459503653846154 0.2653025120192308 0.9459503653846154 0.23454951923076922
0 0.9459503653846154 0.20936387740384615 0.9410292235576924 0.20936387740384615 0.9410292235576924 0.2446237764423077 0.9459503653846154 0.2446237764423077 0.9459503653846154 0.20936387740384615
0 0.9377484639423077 0.13539762740384614 0.9307395649038461 0.13539762740384614 0.9307395649038461 0.1605832668269231 0.9377484639423077 0.1605832668269231 0.9377484639423077 0.13539762740384614
0 0.9520645120192307 0.14069986778846155 0.9437134831730769 0.14069986778846155 0.9437134831730769 0.17145286057692305 0.9520645120192307 0.17145286057692305 0.9520645120192307 0.14069986778846155
0 0.8819755240384615 0.14653233173076924 0.874966625 0.14653233173076924 0.874966625 0.17410398076923078 0.8819755240384615 0.17410398076923078 0.8819755240384615 0.14653233173076924
0 0.9116515000000001 0.1457369951923077 0.9052391033653847 0.1457369951923077 0.9052391033653847 0.17012730048076924 0.9116515000000001 0.17012730048076924 0.9116515000000001 0.1457369951923077
0 0.90240571875 0.14547188221153845 0.8964406971153847 0.14547188221153845 0.8964406971153847 0.17357375721153845 0.90240571875 0.17357375721153845 0.90240571875 0.14547188221153845
0 0.8942038149038462 0.14520677163461537 0.8900283004807693 0.14520677163461537 0.8900283004807693 0.17198308413461538 0.8942038149038462 0.17198308413461538 0.8942038149038462 0.14520677163461537
0 0.9285026826923077 0.15050901201923078 0.9200025288461539 0.15050901201923078 0.9200025288461539 0.18550379567307693 0.9285026826923077 0.18550379567307693 0.9285026826923077 0.15050901201923078
0 0.8285885913461539 0.1688017403846154 0.8223253221153846 0.1688017403846154 0.8223253221153846 0.1961082764423077 0.8285885913461539 0.1961082764423077 0.8285885913461539 0.1688017403846154
0 0.838132625 0.16482506009615383 0.833360608173077 0.16482506009615383 0.833360608173077 0.1844433485576923 0.838132625 0.1844433485576923 0.838132625 0.16482506009615383
0 0.8245622043269231 0.1436160985576923 0.8177024302884616 0.1436160985576923 0.8177024302884616 0.16588550721153844 0.8245622043269231 0.16588550721153844 0.8245622043269231 0.1436160985576923
0 0.8357466177884615 0.1457369951923077 0.8273955889423077 0.1457369951923077 0.8273955889423077 0.16482506009615383 0.8357466177884615 0.16482506009615383 0.8357466177884615 0.1457369951923077
0 0.7759472884615385 0.13990453125 0.7710261466346153 0.13990453125 0.7710261466346153 0.16349950000000002 0.7759472884615385 0.16349950000000002 0.7759472884615385 0.13990453125
0 0.5965098774038462 0.16632345432692308 0.5926922644230769 0.16632345432692308 0.5926922644230769 0.18491947115384616 0.5965098774038462 0.18491947115384616 0.5965098774038462 0.16632345432692308
0 0.6113985673076923 0.16781656490384614 0.6085735336538461 0.16781656490384614 0.6085735336538461 0.17948997836538463 0.6113985673076923 0.17948997836538463 0.6113985673076923 0.16781656490384614
0 0.5884928894230769 0.1870912692307692 0.5843698677884616 0.1870912692307692 0.5843698677884616 0.2113882548076923 0.5884928894230769 0.2113882548076923 0.5884928894230769 0.1870912692307692
0 0.5976551610576923 0.19007749038461538 0.5935321394230769 0.19007749038461538 0.5935321394230769 0.21098104326923076 0.5976551610576923 0.21098104326923076 0.5976551610576923 0.19007749038461538
0 0.6040687499999999 0.18654831971153846 0.5997166706730769 0.18654831971153846 0.5997166706730769 0.21301710336538462 0.6040687499999999 0.21301710336538462 0.6040687499999999 0.18654831971153846
0 0.6113985673076923 0.18234046153846156 0.6055194423076923 0.18234046153846156 0.6055194423076923 0.21247415384615384 0.6113985673076923 0.21247415384615384 0.6113985673076923 0.18234046153846156
0 0.6154452355769231 0.18261193509615387 0.6121620889423076 0.18261193509615387 0.6121620889423076 0.21260989182692308 0.6154452355769231 0.21260989182692308 0.6154452355769231 0.18261193509615387
0 0.6243020985576924 0.17406048317307693 0.6201790769230769 0.17406048317307693 0.6201790769230769 0.2012079543269231 0.6243020985576924 0.2012079543269231 0.6243020985576924 0.17406048317307693
0 0.6300285192307692 0.17025983653846152 0.6261345528846154 0.17025983653846152 0.6261345528846154 0.1957784591346154 0.6300285192307692 0.1957784591346154 0.6300285192307692 0.17025983653846152
0 0.6191101442307693 0.22849116105769232 0.6126202043269231 0.22849116105769232 0.6126202043269231 0.26174681009615386 0.6191101442307693 0.26174681009615386 0.6191101442307693 0.22849116105769232
0 0.5908598100961538 0.21423873798076926 0.5841408100961538 0.21423873798076926 0.5841408100961538 0.25170224759615384 0.5908598100961538 0.25170224759615384 0.5908598100961538 0.21423873798076926
0 0.5814684807692307 0.21423873798076926 0.575054891826923 0.21423873798076926 0.575054891826923 0.24654422836538462 0.5814684807692307 0.24654422836538462 0.5814684807692307 0.21423873798076926
0 0.5832245841346154 0.1836978341346154 0.5788725048076923 0.1836978341346154 0.5788725048076923 0.21369578846153844 0.5832245841346154 0.21369578846153844 0.5832245841346154 0.1836978341346154
0 0.5778035721153846 0.18424078365384616 0.5742150168269231 0.18424078365384616 0.5742150168269231 0.21179546634615384 0.5778035721153846 0.21179546634615384 0.5778035721153846 0.18424078365384616
0 0.609947875 0.21749643509615385 0.6029998173076924 0.21749643509615385 0.6029998173076924 0.24315079326923075 0.609947875 0.24315079326923075 0.609947875 0.21749643509615385
0 0.6201027235576924 0.17582506971153847 0.6152161802884616 0.17582506971153847 0.6152161802884616 0.20799481971153846 0.6201027235576924 0.20799481971153846 0.6201027235576924 0.17582506971153847
0 0.6396957644230769 0.24756428846153847 0.6322895961538462 0.24756428846153847 0.6322895961538462 0.28923565384615385 0.6396957644230769 0.28923565384615385 0.6396957644230769 0.24756428846153847
0 0.6486051201923076 0.22735638942307693 0.6416856947115386 0.22735638942307693 0.6416856947115386 0.26553251923076926 0.6486051201923076 0.26553251923076926 0.6486051201923076 0.22735638942307693
0 0.6321416634615384 0.23838505048076924 0.6252222403846154 0.23838505048076924 0.6252222403846154 0.2795304326923077 0.6321416634615384 0.2795304326923077 0.6321416634615384 0.23838505048076924
0 0.5702247524038462 0.24283893028846154 0.5627088269230769 0.24283893028846154 0.5627088269230769 0.27804580528846157 0.5702247524038462 0.27804580528846157 0.5702247524038462 0.24283893028846154
0 0.6936066778846153 0.15619121394230767 0.6878802596153846 0.15619121394230767 0.6878802596153846 0.1874108028846154 0.6936066778846153 0.1874108028846154 0.6936066778846153 0.15619121394230767
0 0.637392326923077 0.17044363461538461 0.6327157524038461 0.17044363461538461 0.6327157524038461 0.20268125480769233 0.637392326923077 0.20268125480769233 0.637392326923077 0.17044363461538461
0 0.6507539735576924 0.17281903846153845 0.6464591586538462 0.17281903846153845 0.6464591586538462 0.1977607764423077 0.6507539735576924 0.1977607764423077 0.6507539735576924 0.17281903846153845
0 0.6589618413461539 0.19470668749999998 0.6514220552884615 0.19470668749999998 0.6514220552884615 0.2121828701923077 0.6589618413461539 0.2121828701923077 0.6589618413461539 0.19470668749999998
0 0.6324294302884615 0.20403862980769233 0.6281346153846153 0.20403862980769233 0.6281346153846153 0.23729428125000002 0.6324294302884615 0.23729428125000002 0.6324294302884615 0.20403862980769233
0 0.6377740889423078 0.2048869879807692 0.6324294302884615 0.2048869879807692 0.6324294302884615 0.22643529326923076 0.6377740889423078 0.22643529326923076 0.6377740889423078 0.2048869879807692
0 0.6672651490384616 0.2221935 0.6627794543269231 0.2221935 0.6627794543269231 0.25188604567307693 0.6672651490384616 0.25188604567307693 0.6672651490384616 0.2221935
0 0.6572439158653847 0.21863039423076921 0.6511357331730768 0.21863039423076921 0.6511357331730768 0.250359 0.6572439158653847 0.250359 0.6572439158653847 0.21863039423076921
0 0.6476044423076923 0.2025115841346154 0.6414962620192307 0.2025115841346154 0.6414962620192307 0.2243992307692308 0.6476044423076923 0.2243992307692308 0.6476044423076923 0.2025115841346154
0 0.7177530817307692 0.20386895673076924 0.7111676971153845 0.20386895673076924 0.7111676971153845 0.23491887740384615 0.7177530817307692 0.23491887740384615 0.7177530817307692 0.20386895673076924
0 0.6842535264423077 0.22524759134615382 0.6797678317307692 0.22524759134615382 0.6797678317307692 0.2549401346153846 0.6842535264423077 0.2549401346153846 0.6842535264423077 0.22524759134615382
0 0.6905525889423078 0.22507791826923076 0.6868304158653846 0.22507791826923076 0.6868304158653846 0.2456081923076923 0.6905525889423078 0.2456081923076923 0.6905525889423078 0.22507791826923076
0 0.6918887524038462 0.2174426923076923 0.688071139423077 0.2174426923076923 0.688071139423077 0.23933034134615383 0.6918887524038462 0.23933034134615383 0.6918887524038462 0.2174426923076923
0 0.6663107451923077 0.2031902716346154 0.6597253629807691 0.2031902716346154 0.6597253629807691 0.2272836514423077 0.6663107451923077 0.2272836514423077 0.6663107451923077 0.2031902716346154
0 0.6574347956730769 0.16942560576923077 0.6528536610576924 0.16942560576923077 0.6528536610576924 0.19470668749999998 0.6574347956730769 0.19470668749999998 0.6574347956730769 0.16942560576923077
0 0.6642110576923077 0.16942560576923077 0.6589618413461539 0.16942560576923077 0.6589618413461539 0.20081486778846153 0.6642110576923077 0.20081486778846153 0.6642110576923077 0.16942560576923077
0 0.6690785144230769 0.16942560576923077 0.6642110576923077 0.16942560576923077 0.6642110576923077 0.19894847836538462 0.6690785144230769 0.19894847836538462 0.6690785144230769 0.16942560576923077
0 0.6794815096153847 0.16925593269230768 0.6758547788461539 0.16925593269230768 0.6758547788461539 0.19945749278846153 0.6794815096153847 0.19945749278846153 0.6794815096153847 0.16925593269230768
0 0.6832036826923077 0.1658625 0.6792906298076923 0.1658625 0.6792906298076923 0.19233128365384616 0.6832036826923077 0.19233128365384616 0.6832036826923077 0.1658625
0 0.711358579326923 0.15941497596153847 0.7058230408653846 0.15941497596153847 0.7058230408653846 0.18588375961538464 0.711358579326923 0.18588375961538464 0.711358579326923 0.15941497596153847
0 0.9800695673076922 0.22910296634615385 0.9752975528846155 0.22910296634615385 0.9752975528846155 0.2698241706730769 0.9800695673076922 0.2698241706730769 0.9800695673076922 0.22910296634615385
0 0.9884205961538461 0.22698206971153848 0.98352928125 0.22698206971153848 0.98352928125 0.27321760336538464 0.9884205961538461 0.27321760336538464 0.9884205961538461 0.22698206971153848
0 1 0.24288879086538462 0.9959365216346154 0.24288879086538462 0.9959365216346154 0.28933641346153843 1 0.28933641346153843 1 0.24288879086538462
0 0.9943856177884616 0.21658967788461536 0.9874661947115384 0.21658967788461536 0.9874661947115384 0.23546565384615384 0.9943856177884616 0.23546565384615384 0.9943856177884616 0.21658967788461536
0 0.9996348341346154 0.2104390793269231 0.9933119134615385 0.2104390793269231 0.9933119134615385 0.23016341346153846 0.9996348341346154 0.23016341346153846 0.9996348341346154 0.2104390793269231
0 0.9624131081730769 0.19691836778846156 0.9560007115384616 0.19691836778846156 0.9560007115384616 0.23005736778846153 0.9624131081730769 0.23005736778846153 0.9624131081730769 0.19691836778846156
0 0.8406539230769231 0.12105361298076923 0.8365003605769231 0.12105361298076923 0.8365003605769231 0.14559492548076924 0.8406539230769231 0.14559492548076924 0.8406539230769231 0.12105361298076923
0 0.8426085408653846 0.1084571875 0.8381495697115385 0.1084571875 0.8381495697115385 0.12192233173076923 0.8426085408653846 0.12192233173076923 0.8426085408653846 0.1084571875
0 0.8148163197115385 0.13212978125 0.8099297740384616 0.13212978125 0.8099297740384616 0.15059006009615386 0.8148163197115385 0.15059006009615386 0.8148163197115385 0.13212978125
0 0.7277181201923076 0.09925834855769232 0.725351201923077 0.09925834855769232 0.725351201923077 0.11649699278846154 0.7277181201923076 0.11649699278846154 0.7277181201923076 0.09925834855769232
0 0.7397817788461538 0.09790097596153848 0.7370330961538462 0.09790097596153848 0.7370330961538462 0.11663273076923077 0.7397817788461538 0.11663273076923077 0.7397817788461538 0.09790097596153848
0 0.7360405168269231 0.09613638942307692 0.7324519615384616 0.09613638942307692 0.7324519615384616 0.11608978125 0.7360405168269231 0.11608978125 0.7360405168269231 0.09613638942307692
0 0.7244349735576924 0.09667933894230768 0.7212281778846154 0.09667933894230768 0.7212281778846154 0.11608978125 0.7244349735576924 0.11608978125 0.7244349735576924 0.09667933894230768
0 0.7468061850961539 0.09952982211538462 0.7449737307692307 0.09952982211538462 0.7449737307692307 0.11758289182692307 0.7468061850961539 0.11758289182692307 0.7468061850961539 0.09952982211538462
0 0.74963121875 0.09654360096153845 0.7472643004807692 0.09654360096153845 0.7472643004807692 0.11921173798076924 0.74963121875 0.11921173798076924 0.74963121875 0.09654360096153845
0 0.7614658197115385 0.09722228846153845 0.7591752524038462 0.09722228846153845 0.7591752524038462 0.1163612548076923 0.7614658197115385 0.1163612548076923 0.7614658197115385 0.09722228846153845
0 0.7789504879807693 0.10075145913461539 0.7760491009615385 0.10075145913461539 0.7760491009615385 0.11907600240384617 0.7789504879807693 0.11907600240384617 0.7789504879807693 0.10075145913461539
0 0.7329148774038461 0.1996036394230769 0.7277808173076923 0.1996036394230769 0.7277808173076923 0.2377797692307692 0.7329148774038461 0.2377797692307692 0.7329148774038461 0.1996036394230769
0 0.7401880576923077 0.1962102043269231 0.7355114831730769 0.1962102043269231 0.7355114831730769 0.21402573317307694 0.7401880576923077 0.21402573317307694 0.7401880576923077 0.1962102043269231
0 0.7589898028846154 0.20079134134615384 0.7531679423076922 0.20079134134615384 0.7531679423076922 0.23642239423076922 0.7589898028846154 0.23642239423076922 0.7589898028846154 0.20079134134615384
0 0.9626797475961539 0.10822244711538462 0.9588024831730769 0.10822244711538462 0.9588024831730769 0.1302267451923077 0.9626797475961539 0.1302267451923077 0.9626797475961539 0.10822244711538462
0 0.9188368485576923 0.10901778365384616 0.9148104591346153 0.10901778365384616 0.9148104591346153 0.13155230528846154 0.9188368485576923 0.13155230528846154 0.9188368485576923 0.10901778365384616
0 0.874966625 0.13073151923076923 0.8718802091346153 0.13073151923076923 0.8718802091346153 0.15326391826923078 0.874966625 0.15326391826923078 0.874966625 0.13073151923076923
0 0.8802789567307693 0.12842398317307693 0.8773775721153847 0.12842398317307693 0.8773775721153847 0.1495990096153846 0.8802789567307693 0.1495990096153846 0.8802789567307693 0.12842398317307693
0 0.8900283004807693 0.12815250721153845 0.8863107860576923 0.12815250721153845 0.8863107860576923 0.15312818028846154 0.8900283004807693 0.15312818028846154 0.8900283004807693 0.12815250721153845
0 0.8853182067307692 0.13127446875 0.8808897740384616 0.13127446875 0.8808897740384616 0.15217801923076923 0.8853182067307692 0.15217801923076923 0.8853182067307692 0.13127446875
0 0.7524864471153846 0.14415213461538462 0.7478098701923077 0.14415213461538462 0.7478098701923077 0.16824551442307692 0.7524864471153846 0.16824551442307692 0.7524864471153846 0.14415213461538462
0 0.7457101850961538 0.14652753846153846 0.7398883245192308 0.14652753846153846 0.7398883245192308 0.17011190384615385 0.7457101850961538 0.17011190384615385 0.7457101850961538 0.14652753846153846
0 0.7299625312500001 0.15212670432692307 0.7258585961538462 0.15212670432692307 0.7258585961538462 0.17554139903846153 0.7299625312500001 0.17554139903846153 0.7299625312500001 0.15212670432692307
0 0.7451375432692308 0.17163894951923078 0.7407472860576922 0.17163894951923078 0.7407472860576922 0.1853823557692308 0.7451375432692308 0.1853823557692308 0.7451375432692308 0.17163894951923078
0 0.7547770144230769 0.17571106971153846 0.7496232379807692 0.17571106971153846 0.7496232379807692 0.19233889423076922 0.7547770144230769 0.19233889423076922 0.7547770144230769 0.17571106971153846
0 0.7606943149038461 0.15942258653846153 0.7583083076923077 0.15942258653846153 0.7583083076923077 0.17299632211538463 0.7606943149038461 0.17299632211538463 0.7606943149038461 0.15942258653846153
0 0.769665704326923 0.15721685576923078 0.7648936899038462 0.15721685576923078 0.7648936899038462 0.18097089182692308 0.769665704326923 0.18097089182692308 0.769665704326923 0.15721685576923078
0 0.7398883245192308 0.13821362740384616 0.7354026298076923 0.13821362740384616 0.7354026298076923 0.16688814182692308 0.7398883245192308 0.16688814182692308 0.7398883245192308 0.13821362740384616
0 0.72156378125 0.16027094711538462 0.7179370504807692 0.16027094711538462 0.7179370504807692 0.18521268509615385 0.72156378125 0.18521268509615385 0.72156378125 0.16027094711538462
0 0.7179370504807692 0.15976193028846156 0.7138331153846154 0.15976193028846156 0.7138331153846154 0.18419465384615386 0.7179370504807692 0.18419465384615386 0.7179370504807692 0.15976193028846156
0 0.7251905144230769 0.15704718509615387 0.7217546634615384 0.15704718509615387 0.7217546634615384 0.18114056490384614 0.7251905144230769 0.18114056490384614 0.7251905144230769 0.15704718509615387
0 0.7620304783653846 0.17605041346153844 0.7572584639423077 0.17605041346153844 0.7572584639423077 0.2028585408653846 0.7620304783653846 0.2028585408653846 0.7620304783653846 0.17605041346153844
0 0.745232983173077 0.18640038701923078 0.7396974423076923 0.18640038701923078 0.7396974423076923 0.20336755528846154 0.745232983173077 0.20336755528846154 0.745232983173077 0.18640038701923078
0 0.7689976225961538 0.19301758173076924 0.7636529639423077 0.19301758173076924 0.7636529639423077 0.21422654326923077 0.7689976225961538 0.21422654326923077 0.7689976225961538 0.19301758173076924
0 0.7908534567307692 0.1477152403846154 0.7858905600961539 0.1477152403846154 0.7858905600961539 0.1626463485576923 0.7908534567307692 0.1626463485576923 0.7908534567307692 0.1477152403846154
0 0.6786928389423077 0.04883340865384615 0.6752722572115384 0.04883340865384615 0.6752722572115384 0.06577343028846154 0.6786928389423077 0.06577343028846154 0.6786928389423077 0.04883340865384615
0 0.681930173076923 0.04861622836538461 0.6789982475961539 0.04861622836538461 0.6789982475961539 0.06707650721153846 0.681930173076923 0.06707650721153846 0.681930173076923 0.04861622836538461
0 0.6848621009615384 0.049159177884615386 0.681930173076923 0.049159177884615386 0.681930173076923 0.06414458173076923 0.6848621009615384 0.06414458173076923 0.6848621009615384 0.049159177884615386
0 0.6742338653846154 0.04991930528846154 0.6722181658653846 0.04991930528846154 0.6722181658653846 0.06447035096153847 0.6742338653846154 0.06447035096153847 0.6742338653846154 0.04991930528846154
0 0.7144256947115385 0.048507639423076926 0.7121656682692308 0.048507639423076926 0.7121656682692308 0.06403599038461538 0.7144256947115385 0.06403599038461538 0.7144256947115385 0.048507639423076926
0 0.7111272788461539 0.048181867788461535 0.7092337427884616 0.048181867788461535 0.7092337427884616 0.06555625 0.7111272788461539 0.06555625 0.7111272788461539 0.048181867788461535
0 0.7041028701923077 0.04905058653846154 0.7016595985576923 0.04905058653846154 0.7016595985576923 0.0647961201923077 0.7041028701923077 0.0647961201923077 0.7041028701923077 0.04905058653846154
0 0.7226717403846153 0.05806354807692308 0.7205338774038462 0.05806354807692308 0.7205338774038462 0.07152869230769231 0.7226717403846153 0.07152869230769231 0.7226717403846153 0.05806354807692308
0 0.7263977307692309 0.06045252403846154 0.7230382307692308 0.06045252403846154 0.7230382307692308 0.07315754086538462 0.7263977307692309 0.07315754086538462 0.7263977307692309 0.06045252403846154
0 0.7377589471153846 0.058389317307692305 0.7359875745192308 0.058389317307692305 0.7359875745192308 0.07413485096153846 0.7377589471153846 0.07413485096153846 0.7377589471153846 0.058389317307692305
0 0.73556 0.05893226682692308 0.7328113197115385 0.05893226682692308 0.7328113197115385 0.07565510817307693 0.73556 0.07565510817307693 0.73556 0.05893226682692308
0 0.9133661586538462 0.17517609615384616 0.9089377259615384 0.17517609615384616 0.9089377259615384 0.19372226923076924 0.9133661586538462 0.19372226923076924 0.9133661586538462 0.17517609615384616
0 0.8464052259615384 0.18888556971153847 0.842816670673077 0.18888556971153847 0.842816670673077 0.20605335096153846 0.8464052259615384 0.20605335096153846 0.8464052259615384 0.18888556971153847
0 0.85503303125 0.1916003173076923 0.8482376802884615 0.1916003173076923 0.8482376802884615 0.21318255528846153 0.85503303125 0.21318255528846153 0.85503303125 0.1916003173076923
0 0.8116169302884615 0.16379059615384614 0.8067494735576923 0.16379059615384614 0.8067494735576923 0.1948405144230769 0.8116169302884615 0.1948405144230769 0.8116169302884615 0.16379059615384614
0 0.8037908221153847 0.2131650576923077 0.8071312355769231 0.2131650576923077 0.8071312355769231 0.1860175865384615 0.8037908221153847 0.1860175865384615 0.8037908221153847 0.2131650576923077
0 0.8166752668269232 0.1936528125 0.8127622139423077 0.1936528125 0.8127622139423077 0.2141830889423077 0.8166752668269232 0.2141830889423077 0.8166752668269232 0.1936528125
0 0.7836665432692308 0.192738125 0.7788945264423077 0.192738125 0.7788945264423077 0.2258241033653846 0.7836665432692308 0.2258241033653846 0.7836665432692308 0.192738125
0 0.7255672451923078 0.2044030528846154 0.7207952307692308 0.2044030528846154 0.7207952307692308 0.23791321153846154 0.7255672451923078 0.23791321153846154 0.7255672451923078 0.2044030528846154
0 0.6879205120192308 0.17123754086538462 0.6851244086538462 0.17123754086538462 0.6851244086538462 0.1927778918269231 0.6879205120192308 0.1927778918269231 0.6879205120192308 0.17123754086538462
0 0.7316491802884616 0.08824899759615384 0.7277552163461538 0.08824899759615384 0.7277552163461538 0.11064566105769232 0.7316491802884616 0.11064566105769232 0.7316491802884616 0.08824899759615384
0 0.7660076971153846 0.08987784615384616 0.762953608173077 0.08987784615384616 0.762953608173077 0.10928828605769231 0.7660076971153846 0.10928828605769231 0.7660076971153846 0.08987784615384616
0 0.7860883413461538 0.08770604807692307 0.7819653197115385 0.08770604807692307 0.7819653197115385 0.10983123557692308 0.7860883413461538 0.10983123557692308 0.7860883413461538 0.08770604807692307
0 0.7725739927884615 0.10060109615384616 0.7693671971153846 0.10060109615384616 0.7693671971153846 0.1181112139423077 0.7725739927884615 0.1181112139423077 0.7725739927884615 0.10060109615384616
0 0.9752975528846155 0.22245589903846152 0.9679928485576923 0.22245589903846152 0.9679928485576923 0.25766277403846155 0.9752975528846155 0.25766277403846155 0.9752975528846155 0.22245589903846152
0 0.9800695673076922 0.21269977884615385 0.9734806658653846 0.21269977884615385 0.9734806658653846 0.23793844230769232 0.9800695673076922 0.23793844230769232 0.9800695673076922 0.21269977884615385
0 0.9745714615384615 0.12187629086538461 0.9697994447115386 0.12187629086538461 0.9697994447115386 0.1469028653846154 0.9745714615384615 0.1469028653846154 0.9745714615384615 0.12187629086538461
0 0.9805364807692307 0.12399718750000001 0.974929360576923 0.12399718750000001 0.974929360576923 0.15029629807692307 0.9805364807692307 0.15029629807692307 0.9805364807692307 0.12399718750000001
0 0.9734806658653846 0.19695601201923077 0.9662204326923077 0.19695601201923077 0.9662204326923077 0.21858915384615385 0.9734806658653846 0.21858915384615385 0.9734806658653846 0.19695601201923077
0 0.97695746875 0.18465481490384614 0.9706345480769231 0.18465481490384614 0.9706345480769231 0.20819676201923076 0.97695746875 0.20819676201923076 0.97695746875 0.18465481490384614
0 0.45861263461538465 0.26327501923076924 0.45328630048076923 0.26327501923076924 0.45328630048076923 0.28777289423076924 0.45861263461538465 0.28777289423076924 0.45861263461538465 0.26327501923076924
0 0.6504615096153846 0.04900136298076923 0.6467966009615385 0.04900136298076923 0.6467966009615385 0.06702728365384615 0.6504615096153846 0.06702728365384615 0.6504615096153846 0.04900136298076923
0 0.6535155985576923 0.04813264423076923 0.6511334086538461 0.04813264423076923 0.6511334086538461 0.06778741346153846 0.6535155985576923 0.06778741346153846 0.6535155985576923 0.04813264423076923
0 0.6604178437499999 0.04889277403846153 0.6576691610576924 0.04889277403846153 0.6576691610576924 0.06702728365384615 0.6604178437499999 0.06702728365384615 0.6604178437499999 0.04889277403846153
0 0.66536546875 0.04802405528846154 0.6626778701923077 0.04802405528846154 0.6626778701923077 0.0663757451923077 0.66536546875 0.0663757451923077 0.66536546875 0.04802405528846154
0 0.6718401418269231 0.04824123557692307 0.6693968701923076 0.04824123557692307 0.6693968701923076 0.06604997596153847 0.6718401418269231 0.06604997596153847 0.6718401418269231 0.04824123557692307
0 0.6373289206730769 0.052802009615384615 0.6353132211538461 0.052802009615384615 0.6353132211538461 0.06615856490384615 0.6373289206730769 0.06615856490384615 0.6373289206730769 0.052802009615384615
0 0.6463690264423078 0.051607521634615384 0.6444754927884616 0.051607521634615384 0.6444754927884616 0.06767882211538462 0.6463690264423078 0.06767882211538462 0.6463690264423078 0.051607521634615384
0 0.7619181298076924 0.05612911057692308 0.7588396057692308 0.05612911057692308 0.7588396057692308 0.07419846634615385 0.7619181298076924 0.07419846634615385 0.7619181298076924 0.05612911057692308
0 0.7725739927884615 0.09287592548076923 0.7694434086538462 0.09287592548076923 0.7694434086538462 0.10573296875 0.7725739927884615 0.10573296875 0.7725739927884615 0.09287592548076923
0 0.7766266298076924 0.09443962019230769 0.7715446225961539 0.09443962019230769 0.7715446225961539 0.11337769471153845 0.7766266298076924 0.11337769471153845 0.7766266298076924 0.09443962019230769
0 0.7934821538461538 0.055021495192307694 0.7906571201923077 0.055021495192307694 0.7906571201923077 0.07226013701923077 0.7934821538461538 0.07226013701923077 0.7934821538461538 0.055021495192307694
0 0.7892064278846154 0.056243129807692305 0.7871449158653847 0.056243129807692305 0.7871449158653847 0.07103850240384615 0.7892064278846154 0.07103850240384615 0.7892064278846154 0.056243129807692305
0 0.7734778605769231 0.05841492788461538 0.7711109423076923 0.05841492788461538 0.7711109423076923 0.07402472355769231 0.7734778605769231 0.07402472355769231 0.7734778605769231 0.05841492788461538
0 0.7477471514423077 0.059636564903846154 0.7448457644230769 0.059636564903846154 0.7448457644230769 0.07524636057692308 0.7477471514423077 0.07524636057692308 0.7477471514423077 0.059636564903846154
0 0.719344110576923 0.09655712259615384 0.7158319062499999 0.09655712259615384 0.7158319062499999 0.11488166586538462 0.719344110576923 0.11488166586538462 0.719344110576923 0.09655712259615384
0 0.7578256490384615 0.09900039663461538 0.7550006153846154 0.09900039663461538 0.7550006153846154 0.11841083653846153 0.7578256490384615 0.11841083653846153 0.7578256490384615 0.09900039663461538
0 0.792413221153846 0.09764302163461538 0.7889773701923077 0.09764302163461538 0.7889773701923077 0.12166853365384614 0.792413221153846 0.12166853365384614 0.792413221153846 0.09764302163461538
0 0.7863050408653846 0.05719329326923077 0.7840908269230769 0.05719329326923077 0.7840908269230769 0.07307456250000001 0.7863050408653846 0.07307456250000001 0.7863050408653846 0.05719329326923077
0 0.700407735576923 0.04822190144230769 0.6984531177884615 0.04822190144230769 0.6984531177884615 0.0654876923076923 0.700407735576923 0.0654876923076923 0.700407735576923 0.04822190144230769
0 0.6888632740384615 0.049850750000000006 0.6861145913461539 0.049850750000000006 0.6861145913461539 0.06733372115384616 0.6888632740384615 0.06733372115384616 0.6888632740384615 0.049850750000000006
0 0.6960098461538462 0.04778754326923077 0.6933222451923077 0.04778754326923077 0.6933222451923077 0.06744231009615384 0.6960098461538462 0.06744231009615384 0.6960098461538462 0.04778754326923077
0 0.7195843701923077 0.055812334134615386 0.7173365576923078 0.055812334134615386 0.7173365576923078 0.0705805576923077 0.7195843701923077 0.0705805576923077 0.7195843701923077 0.055812334134615386
0 0.9817518461538461 0.17184012019230768 0.9774570312499999 0.17184012019230768 0.9774570312499999 0.19627284374999998 0.9817518461538461 0.19627284374999998 0.9817518461538461 0.17184012019230768
0 0.9490158149038461 0.19016466346153849 0.9418577908653846 0.19016466346153849 0.9418577908653846 0.21205231009615386 0.9490158149038461 0.21205231009615386 0.9490158149038461 0.19016466346153849
0 0.9560007115384616 0.17913600480769232 0.9521653461538461 0.17913600480769232 0.9521653461538461 0.2061138028846154 0.9560007115384616 0.2061138028846154 0.9560007115384616 0.17913600480769232
0 0.966385954326923 0.16047211778846154 0.9616139375 0.16047211778846154 0.9616139375 0.19135236538461536 0.966385954326923 0.19135236538461536 0.966385954326923 0.16047211778846154
0 0.984328735576923 0.15232787740384615 0.9798430408653847 0.15232787740384615 0.9798430408653847 0.17336716586538461 0.984328735576923 0.17336716586538461 0.984328735576923 0.15232787740384615
0 0.9780296730769231 0.15707868509615386 0.9746892620192308 0.15707868509615386 0.9746892620192308 0.17184012019230768 0.9780296730769231 0.17184012019230768 0.9780296730769231 0.15707868509615386
0 0.9743075024038461 0.16827701682692306 0.9686765216346154 0.16827701682692306 0.9686765216346154 0.19016466346153849 0.9743075024038461 0.19016466346153849 0.9743075024038461 0.16827701682692306
0 0.9448164423076922 0.17082209134615384 0.9413805889423077 0.17082209134615384 0.9413805889423077 0.19237039423076924 0.9448164423076922 0.19237039423076924 0.9448164423076922 0.17082209134615384
0 0.9208609206730769 0.14180823317307692 0.9150390600961539 0.14180823317307692 0.9150390600961539 0.17150077884615383 0.9208609206730769 0.17150077884615383 0.9208609206730769 0.14180823317307692
0 0.9285026826923077 0.13892381490384614 0.9221970841346153 0.13892381490384614 0.9221970841346153 0.16250817788461538 0.9285026826923077 0.16250817788461538 0.9285026826923077 0.13892381490384614
0 0.8814504230769231 0.1027212235576923 0.8774037524038462 0.1027212235576923 0.8774037524038462 0.12145297836538461 0.8814504230769231 0.12145297836538461 0.8814504230769231 0.1027212235576923
0 0.8580866322115385 0.09987074038461538 0.8546507788461538 0.09987074038461538 0.8546507788461538 0.11955265625 0.8580866322115385 0.11955265625 0.8580866322115385 0.09987074038461538
0 0.8537345528846154 0.10312843749999999 0.850298701923077 0.10312843749999999 0.850298701923077 0.11792380769230769 0.8537345528846154 0.11792380769230769 0.8537345528846154 0.10312843749999999
0 0.8153293653846153 0.10353564903846155 0.81120634375 0.10353564903846155 0.81120634375 0.12376051442307692 0.8153293653846153 0.12376051442307692 0.8153293653846153 0.10353564903846155
0 0.8206740240384616 0.10435007211538462 0.8169327644230768 0.10435007211538462 0.8169327644230768 0.12430346394230771 0.8206740240384616 0.12430346394230771 0.8206740240384616 0.10435007211538462
0 0.8254078653846153 0.10000647836538461 0.8212848413461539 0.10000647836538461 0.8212848413461539 0.12131724278846154 0.8254078653846153 0.12131724278846154 0.8254078653846153 0.10000647836538461
0 0.8027312427884615 0.09254092307692309 0.7975392908653846 0.09254092307692309 0.7975392908653846 0.11344447596153845 0.8027312427884615 0.11344447596153845 0.8027312427884615 0.09254092307692309
0 0.8352573052884615 0.10041368990384615 0.8315923966346154 0.10041368990384615 0.8315923966346154 0.11941691826923077 0.8352573052884615 0.11941691826923077 0.8352573052884615 0.10041368990384615
0 0.8389985673076924 0.09905631730769231 0.8363262379807692 0.09905631730769231 0.8363262379807692 0.11548053605769232 0.8389985673076924 0.11548053605769232 0.8389985673076924 0.09905631730769231
0 0.8697685264423077 0.11887396875 0.8668671418269231 0.11887396875 0.8668671418269231 0.13461950240384615 0.8697685264423077 0.13461950240384615 0.8697685264423077 0.11887396875
0 0.8756476514423077 0.11751659615384616 0.8720590961538461 0.11751659615384616 0.8720590961538461 0.13285491586538462 0.8756476514423077 0.13285491586538462 0.8756476514423077 0.11751659615384616
0 0.8674779591346155 0.10557170913461539 0.8641948125 0.10557170913461539 0.8641948125 0.1198241298076923 0.8674779591346155 0.1198241298076923 0.8674779591346155 0.10557170913461539
0 0.8928269086538462 0.090369125 0.8893147067307693 0.090369125 0.8893147067307693 0.09919205288461538 0.8928269086538462 0.09919205288461538 0.8928269086538462 0.090369125
0 0.8989350913461538 0.08928322596153845 0.8954228870192308 0.08928322596153845 0.8954228870192308 0.10014221394230768 0.8989350913461538 0.10014221394230768 0.8989350913461538 0.08928322596153845
0 0.9007675456730768 0.12077429326923077 0.8979425120192308 0.12077429326923077 0.8979425120192308 0.14547188221153845 0.9007675456730768 0.14547188221153845 0.9007675456730768 0.12077429326923077
0 0.8021204254807692 0.14086342067307692 0.7984555168269231 0.14086342067307692 0.7984555168269231 0.15498010336538462 0.8021204254807692 0.15498010336538462 0.8021204254807692 0.14086342067307692
0 0.8312869879807692 0.12199592788461538 0.828461954326923 0.12199592788461538 0.828461954326923 0.14683586298076923 0.8312869879807692 0.14683586298076923 0.8312869879807692 0.12199592788461538
0 0.8353336586538462 0.12104576682692307 0.8324322716346154 0.12104576682692307 0.8324322716346154 0.14439259134615384 0.8353336586538462 0.14439259134615384 0.8353336586538462 0.12104576682692307
0 0.8551088942307692 0.12131724278846154 0.8522838605769232 0.12131724278846154 0.8522838605769232 0.14208505528846155 0.8551088942307692 0.14208505528846155 0.8551088942307692 0.12131724278846154
0 0.8625914158653847 0.12104576682692307 0.8586210985576923 0.12104576682692307 0.8586210985576923 0.14724307451923077 0.8625914158653847 0.14724307451923077 0.8625914158653847 0.12104576682692307
0 0.8632785841346154 0.10652187019230769 0.8602244951923077 0.10652187019230769 0.8602244951923077 0.12267461538461538 0.8632785841346154 0.12267461538461538 0.8632785841346154 0.10652187019230769
0 0.8774037524038462 0.10339991105769232 0.873586139423077 0.10339991105769232 0.873586139423077 0.12036707932692307 0.8774037524038462 0.12036707932692307 0.8774037524038462 0.10339991105769232
0 0.8697685264423077 0.10136385096153845 0.8669434927884615 0.10136385096153845 0.8669434927884615 0.12009560576923077 0.8697685264423077 0.12009560576923077 0.8697685264423077 0.10136385096153845
0 0.6562041875000001 0.26769914423076924 0.6524629278846154 0.26769914423076924 0.6524629278846154 0.27964403125000004 0.6562041875000001 0.27964403125000004 0.6562041875000001 0.26769914423076924
0 0.3720852211538462 0.09382083173076923 0.36958331009615386 0.09382083173076923 0.36958331009615386 0.10382847596153846 0.3720852211538462 0.10382847596153846 0.3720852211538462 0.09382083173076923
1 0.49872800961538466 0.45757746875 0.4902576826923077 0.45757746875 0.4902576826923077 0.47836225 0.49872800961538466 0.47836225 0.49872800961538466 0.45757746875
1 0.5685187475961538 0.42979372836538465 0.5563501057692307 0.42979372836538465 0.5563501057692307 0.4722116514423077 0.5685187475961538 0.4722116514423077 0.5685187475961538 0.42979372836538465
1 0.5783013798076924 0.47433254807692304 0.5614800240384615 0.47433254807692304 0.5614800240384615 0.5315967427884616 0.5783013798076924 0.5315967427884616 0.5783013798076924 0.47433254807692304
0 0.8337057163461539 0.3632365721153846 0.8141595360576923 0.3632365721153846 0.8141595360576923 0.42350395673076924 0.8337057163461539 0.42350395673076924 0.8337057163461539 0.3632365721153846
0 0.8490525192307692 0.37504572115384616 0.8356908749999999 0.37504572115384616 0.8356908749999999 0.4230967427884615 0.8490525192307692 0.4230967427884615 0.8490525192307692 0.37504572115384616
0 0.4982346658653846 0.30975931971153847 0.4880034639423077 0.30975931971153847 0.4880034639423077 0.3411146466346154 0.4982346658653846 0.3411146466346154 0.4982346658653846 0.30975931971153847
0 0.5990455456730769 0.2773268317307692 0.5922454230769231 0.2773268317307692 0.5922454230769231 0.31932057451923074 0.5990455456730769 0.31932057451923074 0.5990455456730769 0.2773268317307692
0 0.6622747596153846 0.2565420504807692 0.6554746370192308 0.2565420504807692 0.6554746370192308 0.27987190625 0.6622747596153846 0.27987190625 0.6622747596153846 0.2565420504807692
0 0.7169143461538462 0.2525123485576923 0.7109493245192307 0.2525123485576923 0.7109493245192307 0.2900522091346154 0.7169143461538462 0.2900522091346154 0.7169143461538462 0.2525123485576923
0 0.9084914182692307 0.08552253846153847 0.9046738052884616 0.08552253846153847 0.9046738052884616 0.10265937740384616 0.9084914182692307 0.10265937740384616 0.9084914182692307 0.08552253846153847
0 0.9197533774038462 0.08145041826923077 0.9163175264423077 0.08145041826923077 0.9163175264423077 0.10215036298076924 0.9197533774038462 0.10215036298076924 0.9197533774038462 0.08145041826923077
0 0.9135497548076923 0.08280779086538462 0.9103047860576924 0.08280779086538462 0.9103047860576924 0.10181101923076923 0.9135497548076923 0.10181101923076923 0.9135497548076923 0.08280779086538462
0 0.9088731802884615 0.1308248798076923 0.9040057235576923 0.1308248798076923 0.9040057235576923 0.1481313918269231 0.9088731802884615 0.1481313918269231 0.9088731802884615 0.1308248798076923
0 0.9437134831730769 0.11843884615384616 0.9389368822115384 0.11843884615384616 0.9389368822115384 0.1474527043269231 0.9437134831730769 0.1474527043269231 0.9437134831730769 0.11843884615384616
0 0.9572614254807692 0.10571346875 0.9543982139423076 0.10571346875 0.9543982139423076 0.13320028125 0.9572614254807692 0.13320028125 0.9572614254807692 0.10571346875
0 0.8912167211538461 0.11759048798076922 0.8876854278846154 0.11759048798076922 0.8876854278846154 0.13523634375 0.8912167211538461 0.13523634375 0.8912167211538461 0.11759048798076922
0 0.91230903125 0.11267000721153846 0.9093503822115385 0.11267000721153846 0.9093503822115385 0.13472732692307693 0.91230903125 0.13472732692307693 0.91230903125 0.11267000721153846
0 0.9311883197115385 0.08210789423076922 0.9276093076923076 0.08210789423076922 0.9276093076923076 0.10013551201923078 0.9311883197115385 0.10013551201923078 0.9311883197115385 0.08210789423076922
0 0.849245002403846 0.05270182692307693 0.8460954711538461 0.05270182692307693 0.8460954711538461 0.07187472596153846 0.849245002403846 0.07187472596153846 0.849245002403846 0.05270182692307693
0 0.8452365096153845 0.05304116826923077 0.8427550600961538 0.05304116826923077 0.8427550600961538 0.0696689951923077 0.8452365096153845 0.0696689951923077 0.8452365096153845 0.05304116826923077
0 0.8410371346153845 0.05388952884615384 0.8381739254807693 0.05388952884615384 0.8381739254807693 0.07017800961538462 0.8410371346153845 0.07017800961538462 0.8410371346153845 0.05388952884615384
0 0.8520127716346154 0.05371985576923077 0.849245002403846 0.05371985576923077 0.849245002403846 0.07187472596153846 0.8520127716346154 0.07187472596153846 0.8520127716346154 0.05371985576923077
0 0.8953426802884615 0.05066576682692307 0.8920022668269231 0.05066576682692307 0.8920022668269231 0.06899030769230768 0.8953426802884615 0.06899030769230768 0.8953426802884615 0.05066576682692307
0 0.8785451826923077 0.051514125 0.8753956514423076 0.051514125 0.8753956514423076 0.06678457692307692 0.8785451826923077 0.06678457692307692 0.8785451826923077 0.051514125
0 0.8118323966346155 0.05507723076923077 0.8091600673076923 0.05507723076923077 0.8091600673076923 0.06848129326923078 0.8118323966346155 0.06848129326923078 0.8118323966346155 0.05507723076923077
0 0.8573574302884615 0.05134445192307692 0.8555440649038462 0.05134445192307692 0.8555440649038462 0.07187472596153846 0.8573574302884615 0.07187472596153846 0.8573574302884615 0.05134445192307692
0 0.8673786634615385 0.05117478125 0.8651835360576924 0.05117478125 0.8651835360576924 0.07119604086538461 0.8673786634615385 0.07119604086538461 0.8673786634615385 0.05117478125
0 0.9036459879807693 0.04812068990384615 0.9005918966346154 0.04812068990384615 0.9005918966346154 0.06678457692307692 0.9036459879807693 0.06678457692307692 0.9036459879807693 0.04812068990384615
0 0.8212809879807692 0.04404856971153846 0.8170816129807693 0.04404856971153846 0.8170816129807693 0.056264932692307694 0.8212809879807692 0.056264932692307694 0.8212809879807692 0.04404856971153846
0 0.8482905985576923 0.11802542548076923 0.84390034375 0.11802542548076923 0.84390034375 0.14754830048076922 0.8482905985576923 0.14754830048076922 0.8482905985576923 0.11802542548076923
0 0.9226386129807692 0.10394267548076923 0.9196799615384615 0.10394267548076923 0.9196799615384615 0.12616966826923076 0.9226386129807692 0.12616966826923076 0.9226386129807692 0.10394267548076923
0 0.8941973942307692 0.10360333173076922 0.8897116995192308 0.10360333173076922 0.8897116995192308 0.12209754567307693 0.8941973942307692 0.12209754567307693 0.8941973942307692 0.10360333173076922
0 0.8988739711538462 0.10014221394230768 0.8954228870192308 0.10014221394230768 0.8954228870192308 0.12077429326923077 0.8988739711538462 0.12077429326923077 0.8988739711538462 0.10014221394230768
0 0.9205389254807692 0.047102661057692306 0.9164349903846154 0.047102661057692306 0.9164349903846154 0.06729359134615384 0.9205389254807692 0.06729359134615384 0.9205389254807692 0.047102661057692306
0 0.926837985576923 0.04812068990384615 0.9238793365384615 0.04812068990384615 0.9238793365384615 0.06644523317307692 0.926837985576923 0.06644523317307692 0.926837985576923 0.04812068990384615
0 0.8909524230769231 0.05015675 0.8875165721153846 0.05015675 0.8875165721153846 0.06983866586538462 0.8909524230769231 0.06983866586538462 0.8909524230769231 0.05015675
0 0.934961076923077 0.10634167548076924 0.93175428125 0.10634167548076924 0.93175428125 0.1257521153846154 0.934961076923077 0.1257521153846154 0.934961076923077 0.10634167548076924
0 0.9415273701923077 0.07797256971153846 0.9386259855769231 0.07797256971153846 0.9386259855769231 0.09602563701923078 0.9415273701923077 0.09602563701923078 0.9415273701923077 0.07797256971153846
0 0.9454213365384615 0.07742961778846154 0.9433598245192307 0.07742961778846154 0.9433598245192307 0.09697579807692308 0.9454213365384615 0.09697579807692308 0.9454213365384615 0.07742961778846154
0 0.8708534278846154 0.051686350961538466 0.8682635600961538 0.051686350961538466 0.8682635600961538 0.07027693990384615 0.8708534278846154 0.07027693990384615 0.8708534278846154 0.051686350961538466
0 0.9093503822115385 0.10678279326923076 0.9055916298076923 0.10678279326923076 0.9055916298076923 0.12188357451923076 0.9093503822115385 0.12188357451923076 0.9093503822115385 0.10678279326923076
0 0.9092183629807693 0.04654934375 0.904828108173077 0.04654934375 0.904828108173077 0.06623125961538462 0.9092183629807693 0.06623125961538462 0.9092183629807693 0.04654934375
0 0.9309787572115386 0.048924747596153846 0.928210985576923 0.048924747596153846 0.928210985576923 0.06589191826923077 0.9309787572115386 0.06589191826923077 0.9309787572115386 0.048924747596153846
0 0.9506394639423077 0.04451328365384615 0.9479671346153846 0.04451328365384615 0.9479671346153846 0.06402552884615385 0.9506394639423077 0.06402552884615385 0.9506394639423077 0.04451328365384615
0 0.9463446490384615 0.04468295673076923 0.9430042379807693 0.04468295673076923 0.9430042379807693 0.06470421634615385 0.9463446490384615 0.06470421634615385 0.9463446490384615 0.04468295673076923
0 0.9394729447115384 0.046379673076923075 0.9359416538461538 0.046379673076923075 0.9359416538461538 0.06419519951923078 0.9394729447115384 0.06419519951923078 0.9394729447115384 0.046379673076923075
0 0.5366348894230769 0.07008454326923076 0.5345395384615385 0.07008454326923076 0.5345395384615385 0.08037017548076923 0.5366348894230769 0.08037017548076923 0.5366348894230769 0.07008454326923076
0 0.9732420264423076 0.04468889182692308 0.9706521586538461 0.04468889182692308 0.9706521586538461 0.06345322355769231 0.9732420264423076 0.06345322355769231 0.9732420264423076 0.04468889182692308
0 0.9819889423076924 0.04442827644230769 0.9796922668269231 0.04442827644230769 0.9796922668269231 0.06388758173076924 0.9819889423076924 0.06388758173076924 0.9819889423076924 0.04442827644230769
0 0.9763205504807692 0.04416766105769231 0.9739261442307693 0.04416766105769231 0.9739261442307693 0.06423506971153846 0.9763205504807692 0.06423506971153846 0.9763205504807692 0.04416766105769231
0 0.949004766826923 0.07770021634615384 0.9464148966346154 0.07770021634615384 0.9464148966346154 0.09507459615384616 0.949004766826923 0.09507459615384616 0.949004766826923 0.07770021634615384
0 0.9637621298076924 0.07326974759615384 0.9604881466346153 0.07326974759615384 0.9604881466346153 0.09212095192307693 0.9637621298076924 0.09212095192307693 0.9637621298076924 0.07326974759615384
0 0.9865822932692307 0.04460201923076923 0.9843833485576923 0.04460201923076923 0.9843833485576923 0.06406132692307692 0.9865822932692307 0.06406132692307692 0.9865822932692307 0.04460201923076923
0 0.9560444447115385 0.04411879567307692 0.9516160144230769 0.04411879567307692 0.9516160144230769 0.06475087259615385 0.9560444447115385 0.06475087259615385 0.9560444447115385 0.04411879567307692
0 0.9671918749999999 0.041268310096153844 0.9630688533653846 0.041268310096153844 0.9630688533653846 0.06705840625000001 0.9671918749999999 0.06705840625000001 0.9671918749999999 0.041268310096153844
0 0.9955185624999999 0.04235420913461539 0.9904793125 0.04235420913461539 0.9904793125 0.0643436610576923 0.9955185624999999 0.0643436610576923 0.9955185624999999 0.04235420913461539
0 0.989715298076923 0.14186010817307693 0.985012 0.14186010817307693 0.985012 0.16325231490384617 0.989715298076923 0.16325231490384617 0.989715298076923 0.14186010817307693
0 0.9410199399038461 0.1071419423076923 0.93735503125 0.1071419423076923 0.93735503125 0.12408196153846154 0.9410199399038461 0.12408196153846154 0.9410199399038461 0.1071419423076923
0 0.94326775 0.1021033701923077 0.9401403605769231 0.1021033701923077 0.9401403605769231 0.11721908173076923 0.94326775 0.11721908173076923 0.94326775 0.1021033701923077
0 0.9285103846153846 0.10410142548076923 0.9243568221153846 0.10410142548076923 0.9243568221153846 0.12998925240384615 0.9285103846153846 0.12998925240384615 0.9285103846153846 0.10410142548076923
0 0.9823200216346154 0.10853053365384616 0.9787410096153846 0.10853053365384616 0.9787410096153846 0.1316483028846154 0.9823200216346154 0.1316483028846154 0.9823200216346154 0.10853053365384616
0 0.987330639423077 0.09877441346153847 0.983632326923077 0.09877441346153847 0.983632326923077 0.12825486778846154 0.987330639423077 0.12825486778846154 0.987330639423077 0.09877441346153847
0 0.974929360576923 0.1068338173076923 0.9702706802884615 0.1068338173076923 0.9702706802884615 0.12399718750000001 0.974929360576923 0.12399718750000001 0.974929360576923 0.1068338173076923
0 0.9697994447115386 0.10513710096153847 0.9659758653846153 0.10513710096153847 0.9659758653846153 0.1324966610576923 0.9697994447115386 0.1324966610576923 0.9697994447115386 0.10513710096153847
0 0.9502282115384616 0.10725799759615384 0.9455754951923077 0.10725799759615384 0.9455754951923077 0.13313293028846154 0.9502282115384616 0.13313293028846154 0.9502282115384616 0.10725799759615384
0 0.9360314639423077 0.08095888461538461 0.932571752403846 0.08095888461538461 0.932571752403846 0.10089530769230769 0.9360314639423077 0.10089530769230769 0.9360314639423077 0.08095888461538461
0 0.8930833173076922 0.1893366754807692 0.8858059927884615 0.1893366754807692 0.8858059927884615 0.2116060841346154 0.8930833173076922 0.2116060841346154 0.8930833173076922 0.1893366754807692
0 0.8868796971153846 0.21478742788461538 0.8816304783653847 0.21478742788461538 0.8816304783653847 0.22772489423076922 0.8868796971153846 0.22772489423076922 0.8868796971153846 0.21478742788461538
0 0.9355542620192308 0.2094851875 0.9289927403846154 0.2094851875 0.9289927403846154 0.22942161298076924 0.9355542620192308 0.22942161298076924 0.9355542620192308 0.2094851875
0 0.7806529254807693 0.15480408894230768 0.7775511129807692 0.15480408894230768 0.7775511129807692 0.16646901682692306 0.7806529254807693 0.16646901682692306 0.7806529254807693 0.15480408894230768
0 0.7907934591346154 0.1626463485576923 0.7858905600961539 0.1626463485576923 0.7858905600961539 0.1808911105769231 0.7907934591346154 0.1808911105769231 0.7907934591346154 0.1626463485576923
0 0.7993599927884615 0.1497139375 0.7949689735576922 0.1497139375 0.7949689735576922 0.16837782211538463 0.7993599927884615 0.16837782211538463 0.7993599927884615 0.1497139375
0 0.7102656850961538 0.20422096634615386 0.7048971682692307 0.20422096634615386 0.7048971682692307 0.23857948317307692 0.7102656850961538 0.23857948317307692 0.7102656850961538 0.20422096634615386
0 0.7207952307692308 0.19085932211538464 0.7139639975961539 0.19085932211538464 0.7139639975961539 0.20612977403846156 0.7207952307692308 0.20612977403846156 0.7207952307692308 0.19085932211538464
0 0.7788945264423077 0.19679783173076923 0.7737335024038461 0.19679783173076923 0.7737335024038461 0.21970350721153847 0.7788945264423077 0.21970350721153847 0.7788945264423077 0.19679783173076923
0 0.8223253221153846 0.16159095673076923 0.8152500432692308 0.16159095673076923 0.8152500432692308 0.1931923076923077 0.8223253221153846 0.1931923076923077 0.8223253221153846 0.16159095673076923
0 0.7517822259615384 0.2054935048076923 0.7460558076923077 0.2054935048076923 0.7460558076923077 0.24239709615384616 0.7517822259615384 0.24239709615384616 0.7517822259615384 0.2054935048076923
0 0.7836665432692308 0.18301200721153846 0.7775511129807692 0.18301200721153846 0.7775511129807692 0.1984945480769231 0.7836665432692308 0.1984945480769231 0.7836665432692308 0.18301200721153846
1 0.46633423798076923 0.4069561971153846 0.45917514903846157 0.4069561971153846 0.45917514903846157 0.4277409783653846 0.46633423798076923 0.4277409783653846 0.46633423798076923 0.4069561971153846
1 0.45165922355769234 0.37344603846153845 0.4443818990384615 0.37344603846153845 0.4443818990384615 0.3863835048076923 0.45165922355769234 0.3863835048076923 0.45165922355769234 0.37344603846153845
1 0.48577913942307693 0.37726365144230767 0.47993342067307687 0.37726365144230767 0.47993342067307687 0.3874439519230769 0.48577913942307693 0.3874439519230769 0.48577913942307693 0.37726365144230767
1 0.4885590192307693 0.45330366105769226 0.48019081009615383 0.45330366105769226 0.48019081009615383 0.4663344471153846 0.4885590192307693 0.4663344471153846 0.4885590192307693 0.45330366105769226
1 0.5189096298076923 0.3348905504807692 0.5082918942307693 0.3348905504807692 0.5082918942307693 0.37009742548076924 0.5189096298076923 0.37009742548076924 0.5189096298076923 0.3348905504807692
1 0.5389520985576923 0.3573720480769231 0.52451675 0.3573720480769231 0.52451675 0.4006383293269231 0.5389520985576923 0.4006383293269231 0.5389520985576923 0.3573720480769231