1 0.9934841394230769 0.29280386778846157 0.9388984519230769 0.29280386778846157 0.9388984519230769 0.5445865096153846 0.9934841394230769 0.5445865096153846 0.9934841394230769 0.29280386778846157
1 0.7805507740384615 0.7535311322115384 0.6758052620192309 0.7535311322115384 0.6758052620192309 0.8601890552884615 0.7805507740384615 0.8601890552884615 0.7805507740384615 0.7535311322115384
1 0.69547578125 0.6311367908653847 0.6295795432692307 0.6311367908653847 0.6295795432692307 0.67922028125 0.69547578125 0.67922028125 0.69547578125 0.6311367908653847
1 0.8625768389423077 0.5305985841346155 0.8189082860576923 0.5305985841346155 0.8189082860576923 0.58445209375 0.8625768389423077 0.58445209375 0.8625768389423077 0.5305985841346155
1 0.5007868197115385 0.5132885288461538 0.4727563317307692 0.5132885288461538 0.4727563317307692 0.55874928125 0.5007868197115385 0.55874928125 0.5007868197115385 0.5132885288461538
1 0.5629456610576923 0.5146873197115385 0.5373739855769231 0.5146873197115385 0.5373739855769231 0.5643444519230769 0.5629456610576923 0.5643444519230769 0.5629456610576923 0.5146873197115385
1 0.4323334158653846 0.4517416610576923 0.4063683293269231 0.4517416610576923 0.4063683293269231 0.4811163028846154 0.4323334158653846 0.4811163028846154 0.4323334158653846 0.4517416610576923
1 0.3686009350961538 0.4517416610576923 0.34460290144230765 0.4517416610576923 0.34460290144230765 0.48041690625 0.3686009350961538 0.48041690625 0.3686009350961538 0.4517416610576923
1 0.5354698798076923 0.4345085384615385 0.5145719206730769 0.4345085384615385 0.5145719206730769 0.46270819471153846 0.5354698798076923 0.46270819471153846 0.5354698798076923 0.4345085384615385
1 0.27977131009615386 0.49381817788461535 0.26107896634615385 0.49381817788461535 0.26107896634615385 0.5132983197115385 0.27977131009615386 0.5132983197115385 0.27977131009615386 0.49381817788461535
1 0.25221621875 0.46688974278846157 0.23449072115384617 0.46688974278846157 0.23449072115384617 0.48866166826923074 0.25221621875 0.48866166826923074 0.25221621875 0.46688974278846157
1 0.9165819807692308 0.4091876538461538 0.8855623581730769 0.4091876538461538 0.8855623581730769 0.43568637740384614 0.9165819807692308 0.43568637740384614 0.9165819807692308 0.4091876538461538
1 0.8396372043269231 0.3637101129807692 0.8251345240384615 0.3637101129807692 0.8251345240384615 0.38018229326923075 0.8396372043269231 0.38018229326923075 0.8396372043269231 0.3637101129807692
1 0.81284753125 0.3891345649038461 0.7929063461538461 0.3891345649038461 0.7929063461538461 0.4066810168269231 0.81284753125 0.4066810168269231 0.81284753125 0.3891345649038461
1 0.8243288197115385 0.42136274278846153 0.8088190096153846 0.42136274278846153 0.8088190096153846 0.43747683173076923 0.8243288197115385 0.43747683173076923 0.8243288197115385 0.42136274278846153
1 0.8762967572115384 0.42458556009615384 0.8613912259615385 0.42458556009615384 0.8613912259615385 0.4414158317307692 0.8762967572115384 0.4414158317307692 0.8762967572115384 0.42458556009615384
1 0.7502040120192308 0.4120523798076923 0.7224072067307692 0.4120523798076923 0.7224072067307692 0.4371187403846154 0.7502040120192308 0.4371187403846154 0.7502040120192308 0.4120523798076923
1 0.623506985576923 0.46791455528846154 0.5870488605769231 0.46791455528846154 0.5870488605769231 0.49154855288461535 0.623506985576923 0.49154855288461535 0.623506985576923 0.46791455528846154
1 0.6045729302884616 0.4220789230769231 0.5940987740384616 0.4220789230769231 0.5940987740384616 0.443564375 0.6045729302884616 0.443564375 0.6045729302884616 0.4220789230769231
1 0.6531166249999999 0.41276856009615387 0.6216941514423078 0.41276856009615387 0.6216941514423078 0.4417739206730769 0.6531166249999999 0.4417739206730769 0.6531166249999999 0.41276856009615387
1 0.6488866754807692 0.35654829567307694 0.6410310576923077 0.35654829567307694 0.6410310576923077 0.3730204759615384 0.6488866754807692 0.3730204759615384 0.6488866754807692 0.35654829567307694
1 0.6615765216346153 0.36406820432692305 0.6527137716346154 0.36406820432692305 0.6527137716346154 0.3798242019230769 0.6615765216346153 0.3798242019230769 0.6615765216346153 0.36406820432692305
1 0.7147530144230768 0.30068612019230767 0.7010560384615385 0.30068612019230767 0.7010560384615385 0.3651424759615385 0.7147530144230768 0.3651424759615385 0.7147530144230768 0.30068612019230767
1 0.6315856826923076 0.3642580048076923 0.6242593149038461 0.3642580048076923 0.6242593149038461 0.3791600841346154 0.6315856826923076 0.3791600841346154 0.6315856826923076 0.3642580048076923
1 0.6178569951923076 0.36179388221153846 0.610134608173077 0.36179388221153846 0.610134608173077 0.3721197331730769 0.6178569951923076 0.3721197331730769 0.6178569951923076 0.36179388221153846
1 0.5450771322115384 0.3266766850961539 0.5307758774038461 0.3266766850961539 0.5307758774038461 0.36499240624999996 0.5450771322115384 0.36499240624999996 0.5450771322115384 0.3266766850961539
1 0.5676368557692307 0.36320195192307697 0.5567598461538462 0.36320195192307697 0.5567598461538462 0.3800322235576923 0.5676368557692307 0.3800322235576923 0.5676368557692307 0.36320195192307697
1 0.0927426923076923 0.2753040721153846 0.07791773076923077 0.2753040721153846 0.07791773076923077 0.3847366418269231 0.0927426923076923 0.3847366418269231 0.0927426923076923 0.2753040721153846
1 0.12625999759615383 0.31712908653846156 0.10885678125 0.31712908653846156 0.10885678125 0.3709859519230769 0.12625999759615383 0.3709859519230769 0.12625999759615383 0.31712908653846156
1 0.2321295625 0.3073890144230769 0.21069782451923078 0.3073890144230769 0.21069782451923078 0.35150581009615384 0.2321295625 0.35150581009615384 0.2321295625 0.3073890144230769
1 0.20392990625 0.31770203124999996 0.19313346875 0.31770203124999996 0.19313346875 0.34348457451923076 0.20392990625 0.34348457451923076 0.20392990625 0.31770203124999996
1 0.1749245480769231 0.30165956009615386 0.16251669951923078 0.30165956009615386 0.16251669951923078 0.3328850841346154 0.1749245480769231 0.3328850841346154 0.1749245480769231 0.30165956009615386
1 0.15729803846153848 0.31519046875 0.13966195673076923 0.31519046875 0.13966195673076923 0.35724484375 0.15729803846153848 0.35724484375 0.15729803846153848 0.31519046875
1 0.42393720432692306 0.29946251201923074 0.4076942019230769 0.29946251201923074 0.4076942019230769 0.35698622836538463 0.42393720432692306 0.35698622836538463 0.42393720432692306 0.29946251201923074
1 0.43217730528846154 0.33988037019230766 0.4224418173076923 0.33988037019230766 0.4224418173076923 0.35689455769230766 0.43217730528846154 0.35689455769230766 0.43217730528846154 0.33988037019230766
1 0.3047084134615385 0.3004869399038462 0.29266281009615386 0.3004869399038462 0.29266281009615386 0.33187517788461535 0.3047084134615385 0.33187517788461535 0.3047084134615385 0.3004869399038462
1 0.6660565528846154 0.5084515048076923 0.6082472572115385 0.5084515048076923 0.6082472572115385 0.5700431322115385 0.6660565528846154 0.5700431322115385 0.6660565528846154 0.5084515048076923
1 0.6925193028846154 0.5270246971153847 0.6726523076923077 0.5270246971153847 0.6726523076923077 0.5752511129807693 0.6925193028846154 0.5752511129807693 0.6925193028846154 0.5270246971153847
1 0.7398084615384615 0.5281724495192308 0.6955387235576923 0.5281724495192308 0.6955387235576923 0.5693256586538461 0.7398084615384615 0.5693256586538461 0.7398084615384615 0.5281724495192308