1 0.8155800288461539 0.7797995072115385 0.8052008918269231 0.7797995072115385 0.8052008918269231 0.8239141466346154 0.8155800288461539 0.8239141466346154 0.8155800288461539 0.7797995072115385
1 0.7901690408653846 0.6819731754807693 0.7843531466346154 0.6819731754807693 0.7843531466346154 0.7031821370192308 0.7901690408653846 0.7031821370192308 0.7901690408653846 0.6819731754807693
1 0.8643784663461538 0.6150807379807692 0.8608471754807692 0.6150807379807692 0.8608471754807692 0.6293331610576923 0.8643784663461538 0.6293331610576923 0.8643784663461538 0.6150807379807692
1 0.9572639759615384 0.7530425817307692 0.9690397067307692 0.7530425817307692 0.9690397067307692 0.74039078125 0.9572639759615384 0.74039078125 0.9572639759615384 0.7530425817307692
1 0.9842969567307692 0.7544078822115385 0.9925399687500001 0.7544078822115385 0.9925399687500001 0.7471262716346154 0.9842969567307692 0.7471262716346154 0.9842969567307692 0.7544078822115385
1 0.8549104254807692 0.731826766826923 0.85905753125 0.731826766826923 0.85905753125 0.7047937860576923 0.8549104254807692 0.7047937860576923 0.8549104254807692 0.731826766826923
1 0.840261014423077 0.6055718894230769 0.8435377379807693 0.6055718894230769 0.8435377379807693 0.5945584543269231 0.840261014423077 0.5945584543269231 0.840261014423077 0.6055718894230769
1 0.8231606057692308 0.5620642644230769 0.8261813365384616 0.5620642644230769 0.8261813365384616 0.5559659158653847 0.8231606057692308 0.5559659158653847 0.8231606057692308 0.5620642644230769
1 0.7020538870192308 0.5768968846153846 0.7058221201923077 0.5768968846153846 0.7058221201923077 0.5731832620192308 0.7020538870192308 0.5731832620192308 0.7020538870192308 0.5768968846153846
1 0.7038970456730769 0.5565811899038462 0.7055763677884616 0.5565811899038462 0.7055763677884616 0.5536685432692308 0.7038970456730769 0.5536685432692308 0.7038970456730769 0.5565811899038462
1 0.9542105480769231 0.6711449110576923 0.958370451923077 0.6711449110576923 0.958370451923077 0.6655983701923076 0.9542105480769231 0.6655983701923076 0.9542105480769231 0.6711449110576923
1 0.92213128125 0.6334568822115384 0.9278911490384616 0.6334568822115384 0.9278911490384616 0.6289058774038462 0.92213128125 0.6289058774038462 0.92213128125 0.6334568822115384
1 0.8809322259615384 0.60671971875 0.8882920552884616 0.60671971875 0.8882920552884616 0.6013153966346154 0.8809322259615384 0.6013153966346154 0.8809322259615384 0.60671971875