1 0.06374884374999999 0.3565186826923077 0.050238213942307694 0.3565186826923077 0.050238213942307694 0.3805375817307692 0.06374884374999999 0.3805375817307692 0.06374884374999999 0.3565186826923077
1 0.12987982692307692 0.15804672596153846 0.12063571153846153 0.15804672596153846 0.12063571153846153 0.17827316826923076 0.12987982692307692 0.17827316826923076 0.12987982692307692 0.15804672596153846
1 0.6899073870192307 0.051434480769230774 0.6839423677884615 0.051434480769230774 0.6839423677884615 0.07317366586538462 0.6899073870192307 0.07317366586538462 0.6899073870192307 0.051434480769230774
1 0.6274238004807693 0.14581435576923077 0.6207131514423078 0.14581435576923077 0.6207131514423078 0.16331174999999998 0.6274238004807693 0.16331174999999998 0.6274238004807693 0.14581435576923077
1 0.6315993149038461 0.1781580216346154 0.6253360432692308 0.1781580216346154 0.6253360432692308 0.1927391826923077 0.6315993149038461 0.1927391826923077 0.6315993149038461 0.1781580216346154
1 0.6734634182692307 0.3894546995192308 0.6658580192307693 0.3894546995192308 0.6658580192307693 0.4082776514423077 0.6734634182692307 0.4082776514423077 0.6734634182692307 0.3894546995192308
1 0.6712265360576922 0.42471459615384616 0.6658580192307693 0.42471459615384616 0.6658580192307693 0.4408864302884616 0.6712265360576922 0.4408864302884616 0.6712265360576922 0.42471459615384616
1 0.6666036466346154 0.34836233653846155 0.661235127403846 0.34836233653846155 0.661235127403846 0.36294349759615385 0.6666036466346154 0.36294349759615385 0.6666036466346154 0.34836233653846155
1 0.6246993774038461 0.48118345432692305 0.6121728365384616 0.48118345432692305 0.6121728365384616 0.4984157355769231 0.6246993774038461 0.4984157355769231 0.6246993774038461 0.48118345432692305
1 0.5834596899038462 0.7670071610576923 0.5774278605769231 0.7670071610576923 0.5774278605769231 0.7756943509615385 0.5834596899038462 0.7756943509615385 0.5834596899038462 0.7670071610576923
1 0.2939260504807692 0.8671742572115384 0.28552730288461536 0.8671742572115384 0.28552730288461536 0.8783725889423077 0.2939260504807692 0.8783725889423077 0.2939260504807692 0.8671742572115384
1 0.2884859519230769 0.8519038052884615 0.2822823317307692 0.8519038052884615 0.2822823317307692 0.8624234495192307 0.2884859519230769 0.8624234495192307 0.2884859519230769 0.8519038052884615
1 0.056561283653846155 0.5384804735576924 0.04463124519230769 0.5384804735576924 0.04463124519230769 0.5626056658653846 0.056561283653846155 0.5626056658653846 0.056561283653846155 0.5384804735576924
1 0.11964137259615384 0.569498579326923 0.11009734134615384 0.569498579326923 0.11009734134615384 0.5856704110576924 0.11964137259615384 0.5856704110576924 0.11964137259615384 0.569498579326923
1 0.4847034230769231 0.37423683173076927 0.4755172908653846 0.37423683173076927 0.4755172908653846 0.3960820600961539 0.4847034230769231 0.3960820600961539 0.4847034230769231 0.37423683173076927
1 0.3650096274038462 0.3913164927884616 0.35941742067307697 0.3913164927884616 0.35941742067307697 0.40357792548076926 0.3650096274038462 0.40357792548076926 0.3650096274038462 0.3913164927884616