0 0.4687074831730769 0.70801209375 0.4612244903846153 0.70801209375 0.4612244903846153 0.7660619807692307 0.4687074831730769 0.7660619807692307 0.4687074831730769 0.70801209375
1 0.33945578125 0.5471655336538461 0.33945578125 0.5241874519230769 0.32857142788461535 0.5241874519230769 0.32857142788461535 0.5701436129807692 0.33945578125 0.5701436129807692 0.33945578125 0.5471655336538461
1 0.17074829807692307 0.6535903245192307 0.17074829807692307 0.6088435384615385 0.16054421875 0.6088435384615385 0.16054421875 0.6269841274038461 0.16054421875 0.6535903245192307 0.17074829807692307 0.6535903245192307
1 0.18979591826923076 0.4540438389423077 0.17823129326923076 0.4540438389423077 0.17823129326923076 0.4891156466346154 0.18979591826923076 0.4891156466346154 0.18979591826923076 0.4540438389423077
1 0.1972789110576923 0.3597127740384615 0.18843537500000002 0.3597127740384615 0.18843537500000002 0.39115646153846156 0.1972789110576923 0.39115646153846156 0.1972789110576923 0.3597127740384615
1 0.27755101923076925 0.3790627355769231 0.2666666658653846 0.3790627355769231 0.2666666658653846 0.4165532884615385 0.27755101923076925 0.4165532884615385 0.27755101923076925 0.3790627355769231
1 0.26598639423076925 0.30045351442307694 0.2557823125 0.30045351442307694 0.2557823125 0.3367346947115385 0.26598639423076925 0.3367346947115385 0.26598639423076925 0.30045351442307694
0 0.3299319735576923 0.27747543509615386 0.32176870673076924 0.27747543509615386 0.32176870673076924 0.31617535817307696 0.3299319735576923 0.31617535817307696 0.3299319735576923 0.27747543509615386
0 0.5482993197115384 0.5435374158653846 0.5367346947115385 0.5435374158653846 0.5367346947115385 0.5870748293269231 0.5482993197115384 0.5870748293269231 0.5482993197115384 0.5435374158653846
0 0.6040816322115384 0.45767195673076927 0.5972789110576924 0.45767195673076927 0.5972789110576924 0.5012093725961538 0.6040816322115384 0.5012093725961538 0.6040816322115384 0.45767195673076927
0 0.6027210889423077 0.49032501923076927 0.6122448990384616 0.49032501923076927 0.6122448990384616 0.45767195673076927 0.6027210889423077 0.45767195673076927 0.6027210889423077 0.49032501923076927
0 0.6224489807692308 0.32343159374999997 0.612925170673077 0.32343159374999997 0.612925170673077 0.35729402884615385 0.6224489807692308 0.35729402884615385 0.6224489807692308 0.32343159374999997
0 0.6945578221153846 0.35729402884615385 0.6863945576923077 0.35729402884615385 0.6863945576923077 0.39962206971153846 0.6945578221153846 0.39962206971153846 0.6945578221153846 0.35729402884615385
0 0.8299319735576923 0.4891156466346154 0.8190476201923077 0.4891156466346154 0.8190476201923077 0.5350718052884615 0.8299319735576923 0.5350718052884615 0.8299319735576923 0.4891156466346154
0 0.8136054423076923 0.45525321153846154 0.8074829927884615 0.45525321153846154 0.8074829927884615 0.49637188221153844 0.8136054423076923 0.49637188221153844 0.8136054423076923 0.45525321153846154
0 0.7952380961538462 0.4600907019230769 0.7870748293269231 0.4600907019230769 0.7870748293269231 0.4975812548076923 0.7952380961538462 0.4975812548076923 0.7952380961538462 0.4600907019230769
0 0.7435374158653846 0.4298563870192308 0.7367346947115384 0.4298563870192308 0.7367346947115384 0.4613000745192308 0.7435374158653846 0.4613000745192308 0.7435374158653846 0.4298563870192308
0 0.8074829927884615 0.44195011298076925 0.7952380961538462 0.44195011298076925 0.7952380961538462 0.4782312932692308 0.8074829927884615 0.4782312932692308 0.8074829927884615 0.44195011298076925
0 0.7959183677884615 0.37059712740384615 0.788435375 0.37059712740384615 0.788435375 0.4165532884615385 0.7959183677884615 0.4165532884615385 0.7959183677884615 0.37059712740384615
0 0.8013605432692308 0.4165532884615385 0.8102040817307692 0.4165532884615385 0.8102040817307692 0.3790627355769231 0.8013605432692308 0.3790627355769231 0.8013605432692308 0.4165532884615385
0 0.9387755096153847 0.34640967548076923 0.9319727884615384 0.34640967548076923 0.9319727884615384 0.3851095985576923 0.9387755096153847 0.3851095985576923 0.9387755096153847 0.34640967548076923
0 0.9340462596153846 0.34036281249999994 0.9265306129807692 0.34036281249999994 0.9265306129807692 0.3778088581730769 0.9340462596153846 0.3778088581730769 0.9340462596153846 0.34036281249999994
0 0.9499287067307692 0.41099791346153847 0.9437986394230768 0.41099791346153847 0.9437986394230768 0.4278401201923077 0.9499287067307692 0.4278401201923077 0.9499287067307692 0.41099791346153847
0 0.7713208173076923 0.2757648990384615 0.7654693870192308 0.2757648990384615 0.7654693870192308 0.3025142860576923 0.7713208173076923 0.3025142860576923 0.7713208173076923 0.2757648990384615
0 0.7760576874999999 0.26833451201923075 0.7699276201923078 0.26833451201923075 0.7699276201923078 0.2945885408653846 0.7760576874999999 0.2945885408653846 0.7760576874999999 0.26833451201923075
0 0.583195298076923 0.3549319399038462 0.5753585625000001 0.3549319399038462 0.5753585625000001 0.39750185576923075 0.583195298076923 0.39750185576923075 0.583195298076923 0.3549319399038462
0 0.5605558413461538 0.38666587740384617 0.5527191081730769 0.38666587740384617 0.5527191081730769 0.41994781249999996 0.5605558413461538 0.41994781249999996 0.5605558413461538 0.38666587740384617
0 0.47348101201923076 0.48264168990384615 0.46390278124999995 0.48264168990384615 0.46390278124999995 0.5290816009615384 0.47348101201923076 0.5290816009615384 0.47348101201923076 0.48264168990384615
0 0.4599844134615385 0.4470377596153846 0.4512769302884615 0.4470377596153846 0.4512769302884615 0.4841896875 0.4599844134615385 0.4841896875 0.4599844134615385 0.4470377596153846
0 0.43168509374999997 0.4284617956730769 0.42297761057692307 0.4284617956730769 0.42297761057692307 0.46251773076923075 0.43168509374999997 0.46251773076923075 0.43168509374999997 0.4284617956730769
0 0.4547599230769231 0.43310578846153847 0.4460524399038462 0.43310578846153847 0.4460524399038462 0.45864773798076924 0.4547599230769231 0.45864773798076924 0.4547599230769231 0.43310578846153847
0 0.4538891754807692 0.3750559014423077 0.4443109447115384 0.3750559014423077 0.4443109447115384 0.4145298245192308 0.4538891754807692 0.4145298245192308 0.4538891754807692 0.3750559014423077
0 0.48958985576923075 0.40446784375 0.47957625 0.40446784375 0.47957625 0.44239376923076923 0.48958985576923075 0.44239376923076923 0.48958985576923075 0.40446784375
0 0.44866468509615387 0.3611239278846154 0.44082795192307694 0.3611239278846154 0.44082795192307694 0.39672785817307693 0.44866468509615387 0.39672785817307693 0.44866468509615387 0.3611239278846154
0 0.44866468509615387 0.34564395913461543 0.4412633245192307 0.34564395913461543 0.4412633245192307 0.3820218870192308 0.44866468509615387 0.3820218870192308 0.44866468509615387 0.34564395913461543
0 0.4369095841346154 0.3379039735576923 0.4290728485576923 0.3379039735576923 0.4290728485576923 0.3781518942307692 0.4369095841346154 0.3781518942307692 0.4369095841346154 0.3379039735576923
0 0.8322293125000001 0.15214433653846154 0.8256986995192308 0.15214433653846154 0.8256986995192308 0.1831042764423077 0.8322293125000001 0.1831042764423077 0.8322293125000001 0.15214433653846154
0 0.822651079326923 0.14750034615384616 0.8169912163461538 0.14750034615384616 0.8169912163461538 0.1753642908653846 0.822651079326923 0.1753642908653846 0.822651079326923 0.14750034615384616
0 0.9928823725961539 0.19239225721153846 0.984610264423077 0.19239225721153846 0.984610264423077 0.22722218990384618 0.9928823725961539 0.22722218990384618 0.9928823725961539 0.19239225721153846
0 0.7677939375 0.07861448076923076 0.7621340745192308 0.07861448076923076 0.7621340745192308 0.1002864375 0.7677939375 0.1002864375 0.7677939375 0.07861448076923076
0 0.7290456370192308 0.0685525 0.7220796514423077 0.0685525 0.7220796514423077 0.09254645192307692 0.7290456370192308 0.09254645192307692 0.7290456370192308 0.0685525
0 0.6741884951923077 0.19161825961538462 0.6693993798076924 0.19161825961538462 0.6693993798076924 0.2303181826923077 0.6741884951923077 0.2303181826923077 0.6741884951923077 0.19161825961538462
0 0.6371816923076923 0.15911032211538462 0.6310864543269231 0.15911032211538462 0.6310864543269231 0.18000828124999999 0.6371816923076923 0.18000828124999999 0.6371816923076923 0.15911032211538462
0 0.664174889423077 0.11189641586538462 0.6598211490384615 0.11189641586538462 0.6598211490384615 0.13898636298076922 0.664174889423077 0.13898636298076922 0.664174889423077 0.11189641586538462
0 0.6724469975961539 0.11731440384615384 0.6676578822115384 0.11731440384615384 0.6676578822115384 0.14440435096153845 0.6724469975961539 0.14440435096153845 0.6724469975961539 0.11731440384615384
0 0.6833313533653846 0.13356837259615384 0.6785422355769231 0.13356837259615384 0.6785422355769231 0.16065831971153846 0.6833313533653846 0.16065831971153846 0.6833313533653846 0.13356837259615384
0 0.6833313533653846 0.12428039182692308 0.6781068629807692 0.12428039182692308 0.6781068629807692 0.14904834134615383 0.6833313533653846 0.14904834134615383 0.6833313533653846 0.12428039182692308
0 0.6132361153846154 0.07164849278846154 0.608011625 0.07164849278846154 0.608011625 0.09873843990384615 0.6132361153846154 0.09873843990384615 0.6132361153846154 0.07164849278846154
0 0.6267327139423077 0.09641644471153846 0.6202021009615385 0.09641644471153846 0.6202021009615385 0.11808840384615384 0.6267327139423077 0.11808840384615384 0.6267327139423077 0.09641644471153846
0 0.6284742091346154 0.18465227163461537 0.6219435985576923 0.18465227163461537 0.6219435985576923 0.21716020913461537 0.6284742091346154 0.21716020913461537 0.6284742091346154 0.18465227163461537
0 0.6188959783653847 0.18387827403846155 0.6136714879807692 0.18387827403846155 0.6136714879807692 0.21251621874999999 0.6188959783653847 0.21251621874999999 0.6188959783653847 0.18387827403846155
0 0.6136714879807692 0.1738162932692308 0.6101884951923077 0.1738162932692308 0.6101884951923077 0.20477623317307694 0.6136714879807692 0.20477623317307694 0.6136714879807692 0.1738162932692308
0 0.608011625 0.21948220432692309 0.600610264423077 0.21948220432692309 0.600610264423077 0.24966814663461537 0.608011625 0.24966814663461537 0.608011625 0.21948220432692309
0 0.5979980192307692 0.2543121370192308 0.5923381562500001 0.2543121370192308 0.5923381562500001 0.28836806971153844 0.5979980192307692 0.28836806971153844 0.5979980192307692 0.2543121370192308
0 0.5923381562500001 0.2303181826923077 0.5853721682692308 0.2303181826923077 0.5853721682692308 0.2674701105769231 0.5923381562500001 0.2674701105769231 0.5923381562500001 0.2303181826923077
0 0.5653449567307692 0.3595759302884615 0.5553313533653846 0.3595759302884615 0.5553313533653846 0.3843438822115385 0.5653449567307692 0.3843438822115385 0.5653449567307692 0.3595759302884615
0 0.5553313533653846 0.32784199278846154 0.5474946177884615 0.32784199278846154 0.5474946177884615 0.36963791105769234 0.5553313533653846 0.36963791105769234 0.5553313533653846 0.32784199278846154
0 0.5091816923076923 0.3309379879807692 0.503521829326923 0.3309379879807692 0.503521829326923 0.3564799375 0.5091816923076923 0.3564799375 0.5091816923076923 0.3309379879807692
0 0.5165830528846154 0.3139100192307692 0.5065694471153847 0.3139100192307692 0.5065694471153847 0.35106194711538463 0.5165830528846154 0.35106194711538463 0.5165830528846154 0.3139100192307692
0 0.5165830528846154 0.2752100961538461 0.5083109447115385 0.2752100961538461 0.5083109447115385 0.3139100192307692 0.5165830528846154 0.3139100192307692 0.5165830528846154 0.2752100961538461
0 0.4817531201923077 0.2674701105769231 0.4743517596153846 0.2674701105769231 0.4743517596153846 0.2922380625 0.4817531201923077 0.2922380625 0.4817531201923077 0.2674701105769231
0 0.4948143461538462 0.2679733990384615 0.4948143461538462 0.25663413221153847 0.4908959783653846 0.25663413221153847 0.4908959783653846 0.28295008173076924 0.4948143461538462 0.28295008173076924 0.4948143461538462 0.2679733990384615
1 0.01020408173076923 0.23393801923076923 0.002721088942307692 0.23393801923076923 0.002721088942307692 0.2641723365384615 0.01020408173076923 0.2641723365384615 0.01020408173076923 0.23393801923076923
1 0.05483241346153846 0.16561810096153848 0.0494825360576923 0.16561810096153848 0.0494825360576923 0.18622503846153846 0.05483241346153846 0.18622503846153846 0.05483241346153846 0.16561810096153848
1 0.06571049759615386 0.16878839903846155 0.061430596153846155 0.16878839903846155 0.061430596153846155 0.1852739471153846 0.06571049759615386 0.1852739471153846 0.06571049759615386 0.16878839903846155
1 0.07248700961538462 0.15927750721153847 0.06695880288461539 0.15927750721153847 0.06695880288461539 0.1763971153846154 0.07248700961538462 0.1763971153846154 0.07248700961538462 0.15927750721153847
1 0.07088204567307692 0.18559097836538463 0.06785044951923078 0.18559097836538463 0.06785044951923078 0.2033446466346154 0.07088204567307692 0.2033446466346154 0.07088204567307692 0.18559097836538463
1 0.06624548557692309 0.21222148076923078 0.06321388942307692 0.21222148076923078 0.06321388942307692 0.22521969951923076 0.06624548557692309 0.22521969951923076 0.06624548557692309 0.21222148076923078
1 0.10066303125 0.1770311730769231 0.09406484855769232 0.1770311730769231 0.09406484855769232 0.1944678125 0.10066303125 0.1944678125 0.10066303125 0.1770311730769231
1 0.09620480048076924 0.14088977884615386 0.09138991105769231 0.14088977884615386 0.09138991105769231 0.15135176201923078 0.09620480048076924 0.15135176201923078 0.09620480048076924 0.14088977884615386
1 0.1338322716346154 0.17481196634615384 0.12652077403846154 0.17481196634615384 0.12652077403846154 0.19383375240384615 0.1338322716346154 0.19383375240384615 0.1338322716346154 0.17481196634615384
1 0.14899025961538462 0.13106185576923077 0.1418570889423077 0.13106185576923077 0.1418570889423077 0.153888 0.14899025961538462 0.153888 0.14899025961538462 0.13106185576923077
1 0.13311895432692308 0.1976381105769231 0.12741241826923078 0.1976381105769231 0.12741241826923078 0.21824504567307693 0.13311895432692308 0.21824504567307693 0.13311895432692308 0.1976381105769231
1 0.13169232211538462 0.21697692548076922 0.12545079807692308 0.21697692548076922 0.12545079807692308 0.23758386298076922 0.13169232211538462 0.23758386298076922 0.13169232211538462 0.21697692548076922
1 0.11796096874999999 0.22173237259615386 0.11296775 0.22173237259615386 0.11296775 0.2404371298076923 0.11796096874999999 0.2404371298076923 0.11796096874999999 0.22173237259615386
1 0.09245988461538462 0.27245713701923074 0.08657501923076924 0.27245713701923074 0.08657501923076924 0.29211298317307693 0.09245988461538462 0.29211298317307693 0.09245988461538462 0.27245713701923074
1 0.13775551442307693 0.3317417067307692 0.12919571153846154 0.3317417067307692 0.12919571153846154 0.35234864182692305 0.13775551442307693 0.35234864182692305 0.13775551442307693 0.3317417067307692
1 0.13989546634615385 0.30257496634615383 0.13543723557692308 0.30257496634615383 0.13543723557692308 0.32001160576923077 0.13989546634615385 0.32001160576923077 0.13989546634615385 0.30257496634615383
1 0.15416180769230767 0.28165100240384616 0.14970357451923078 0.28165100240384616 0.14970357451923078 0.3013068485576923 0.15416180769230767 0.3013068485576923 0.15416180769230767 0.28165100240384616
1 0.1609383173076923 0.3013068485576923 0.15416180769230767 0.3013068485576923 0.15416180769230767 0.32254784375 0.1609383173076923 0.32254784375 0.1609383173076923 0.3013068485576923
1 0.1821595 0.3574211201923077 0.17306470673076924 0.3574211201923077 0.17306470673076924 0.38373459134615384 0.1821595 0.38373459134615384 0.1821595 0.3574211201923077
1 0.1684281466346154 0.3669320120192308 0.1634349278846154 0.3669320120192308 0.1634349278846154 0.3834175600961538 0.1684281466346154 0.3834175600961538 0.1684281466346154 0.3669320120192308
1 0.15879836778846151 0.3574211201923077 0.15416180769230767 0.3574211201923077 0.15416180769230767 0.3761258774038462 0.15879836778846151 0.3761258774038462 0.15879836778846151 0.3574211201923077
1 0.1937509014423077 0.2740422860576923 0.18733104807692308 0.2740422860576923 0.18733104807692308 0.2943321923076923 0.1937509014423077 0.2943321923076923 0.1937509014423077 0.2740422860576923
1 0.21051385096153846 0.29179595432692307 0.21051385096153846 0.2867234783653846 0.2060556201923077 0.2867234783653846 0.2060556201923077 0.3098666514423077 0.21051385096153846 0.3098666514423077 0.21051385096153846 0.29179595432692307
1 0.2155218485576923 0.2909508798076923 0.20973679086538463 0.2909508798076923 0.20973679086538463 0.3196229519230769 0.2155218485576923 0.3196229519230769 0.2155218485576923 0.2909508798076923
1 0.22300151923076922 0.30653352884615387 0.2137688004807692 0.30653352884615387 0.2137688004807692 0.3341667572115385 0.22300151923076922 0.3341667572115385 0.22300151923076922 0.30653352884615387
1 0.24667283894230768 0.26534446634615383 0.23971799759615384 0.26534446634615383 0.23971799759615384 0.28753655048076926 0.24667283894230768 0.28753655048076926 0.24667283894230768 0.26534446634615383
1 0.18740087740384614 0.1796869807692308 0.18182808894230768 0.1796869807692308 0.18182808894230768 0.20817012499999998 0.18740087740384614 0.20817012499999998 0.18740087740384614 0.1796869807692308
1 0.18914237259615385 0.13015107932692307 0.1832212860576923 0.13015107932692307 0.1832212860576923 0.15306143269230768 0.18914237259615385 0.15306143269230768 0.18914237259615385 0.13015107932692307
1 0.19750155769230768 0.17721018509615385 0.19158046874999998 0.17721018509615385 0.19158046874999998 0.20569333173076923 0.19750155769230768 0.20569333173076923 0.19750155769230768 0.17721018509615385
1 0.2041192451923077 0.1338662716346154 0.19993965144230771 0.1338662716346154 0.19993965144230771 0.15615742788461537 0.2041192451923077 0.15615742788461537 0.2041192451923077 0.1338662716346154
1 0.21038863221153845 0.1190055 0.2041192451923077 0.1190055 0.2041192451923077 0.13881986057692308 0.21038863221153845 0.13881986057692308 0.21038863221153845 0.1190055
1 0.21780700721153845 0.13123207932692307 0.21187221153846153 0.13123207932692307 0.21187221153846153 0.1553770673076923 0.21780700721153845 0.1553770673076923 0.21780700721153845 0.13123207932692307
1 0.25352992307692307 0.11662334615384616 0.24942121874999998 0.11662334615384616 0.24942121874999998 0.13894224278846154 0.25352992307692307 0.13894224278846154 0.25352992307692307 0.11662334615384616
1 0.23835053846153847 0.16044954326923078 0.23321465624999999 0.16044954326923078 0.23321465624999999 0.18215974278846153 0.23835053846153847 0.18215974278846153 0.23835053846153847 0.16044954326923078
1 0.2335570480769231 0.1886525144230769 0.2277363798076923 0.1886525144230769 0.2277363798076923 0.2136090985576923 0.2335570480769231 0.2136090985576923 0.2335570480769231 0.1886525144230769
1 0.2478918653846154 0.14316254326923078 0.24369185576923075 0.14316254326923078 0.24369185576923075 0.16458868509615382 0.2478918653846154 0.16458868509615382 0.2478918653846154 0.14316254326923078
1 0.2415005456730769 0.17984669471153847 0.23538313942307693 0.17984669471153847 0.23538313942307693 0.19916268509615384 0.2415005456730769 0.19916268509615384 0.2415005456730769 0.17984669471153847
1 0.24159185096153848 0.2215627403846154 0.23657009855769232 0.2215627403846154 0.23657009855769232 0.2472091826923077 0.24159185096153848 0.2472091826923077 0.24159185096153848 0.2215627403846154
1 0.25172665865384614 0.22627 0.24716143028846152 0.22627 0.24716143028846152 0.2520787596153846 0.25172665865384614 0.2520787596153846 0.25172665865384614 0.22627
1 0.24633968750000002 0.2136090985576923 0.24323533173076922 0.2136090985576923 0.24323533173076922 0.23828162259615387 0.24633968750000002 0.23828162259615387 0.24633968750000002 0.2136090985576923
1 0.24812537259615386 0.22061552403846155 0.2458216346153846 0.22061552403846155 0.2458216346153846 0.23864651682692306 0.24812537259615386 0.23864651682692306 0.24812537259615386 0.22061552403846155
0 0.2536836466346154 0.19158139423076925 0.2536836466346154 0.18314079326923077 0.25149233653846154 0.18314079326923077 0.25149233653846154 0.21122202403846155 0.2536836466346154 0.21122202403846155 0.2536836466346154 0.19158139423076925
0 0.2724010841346154 0.15441028846153845 0.26820107211538463 0.15441028846153845 0.26820107211538463 0.1800567283653846 0.2724010841346154 0.1800567283653846 0.2724010841346154 0.15441028846153845
0 0.27924892788461536 0.16820742307692307 0.2748663076923077 0.16820742307692307 0.2748663076923077 0.19385386538461538 0.27924892788461536 0.19385386538461538 0.27924892788461536 0.16820742307692307
0 0.2833576322115384 0.15716971394230767 0.2779706634615385 0.15716971394230767 0.2779706634615385 0.1815176009615385 0.2833576322115384 0.1815176009615385 0.2833576322115384 0.15716971394230767
0 0.2917576538461538 0.16090305769230767 0.28728373076923075 0.16090305769230767 0.28728373076923075 0.18265383653846154 0.2917576538461538 0.18265383653846154 0.2917576538461538 0.16090305769230767
0 0.256788 0.19758720673076924 0.256788 0.19125675721153845 0.2526792956730769 0.19125675721153845 0.2526792956730769 0.21966262499999997 0.256788 0.21966262499999997 0.256788 0.19758720673076924
0 0.26555324038461536 0.18963356490384614 0.2591619206730769 0.18963356490384614 0.2591619206730769 0.2108973846153846 0.26555324038461536 0.2108973846153846 0.26555324038461536 0.18963356490384614
0 0.256788 0.2245322019230769 0.26336193028846155 0.2245322019230769 0.26336193028846155 0.19628865384615385 0.256788 0.19628865384615385 0.256788 0.2245322019230769
0 0.32946644471153846 0.19028284134615386 0.32627078365384615 0.19028284134615386 0.32627078365384615 0.21820175240384615 0.32946644471153846 0.21820175240384615 0.32946644471153846 0.19028284134615386
0 0.35174476201923077 0.22875250240384615 0.34754475 0.22875250240384615 0.34754475 0.2582946057692308 0.35174476201923077 0.2582946057692308 0.35174476201923077 0.22875250240384615
0 0.36580566586538465 0.21641624038461538 0.3606013052884615 0.21641624038461538 0.3606013052884615 0.25017864423076924 0.36580566586538465 0.25017864423076924 0.36580566586538465 0.21641624038461538
0 0.38753615625000004 0.25131487740384617 0.3804143990384615 0.25131487740384617 0.3804143990384615 0.28799902884615386 0.38753615625000004 0.28799902884615386 0.38753615625000004 0.25131487740384617
0 0.33005696153846154 0.14491122115384616 0.3275492067307692 0.14491122115384616 0.3275492067307692 0.16670701923076925 0.33005696153846154 0.16670701923076925 0.33005696153846154 0.14491122115384616
0 0.3275492067307692 0.13649011778846154 0.3189113846153846 0.13649011778846154 0.3189113846153846 0.16670701923076925 0.3275492067307692 0.16670701923076925 0.3275492067307692 0.13649011778846154
0 0.3144531514423077 0.13302260576923078 0.30943764182692307 0.13302260576923078 0.30943764182692307 0.1657163004807692 0.3144531514423077 0.1657163004807692 0.3144531514423077 0.13302260576923078
0 0.3069298870192308 0.1409483485576923 0.29968526201923074 0.1409483485576923 0.29968526201923074 0.16819309615384614 0.3069298870192308 0.16819309615384614 0.3069298870192308 0.1409483485576923
0 0.3328433557692308 0.08497277884615384 0.3258773701923077 0.08497277884615384 0.3258773701923077 0.11370360336538463 0.3328433557692308 0.11370360336538463 0.3328433557692308 0.08497277884615384
0 0.35067628125000005 0.10875001201923076 0.34398893509615386 0.10875001201923076 0.34398893509615386 0.13797619471153846 0.35067628125000005 0.13797619471153846 0.35067628125000005 0.10875001201923076
0 0.3448248533653846 0.05475587740384616 0.3392520649038462 0.05475587740384616 0.3392520649038462 0.0750655985576923 0.3448248533653846 0.0750655985576923 0.3448248533653846 0.05475587740384616
0 0.40946920673076925 0.28361175 0.4030605 0.28361175 0.4030605 0.3207636778846154 0.40946920673076925 0.3207636778846154 0.40946920673076925 0.28361175
0 0.425630295673077 0.26676954326923075 0.41754975 0.26676954326923075 0.41754975 0.29599572596153845 0.425630295673077 0.29599572596153845 0.425630295673077 0.26676954326923075
0 0.41671383173076926 0.2766767235576923 0.4083546490384615 0.2766767235576923 0.4083546490384615 0.3168008052884615 0.41671383173076926 0.3168008052884615 0.41671383173076926 0.2766767235576923
1 0.4203361466346154 0.2479459014423077 0.4013886634615385 0.2479459014423077 0.4013886634615385 0.29599572596153845 0.4203361466346154 0.29599572596153845 0.4203361466346154 0.2479459014423077
0 0.4376117908653846 0.2271408197115385 0.4323176418269231 0.2271408197115385 0.4323176418269231 0.25933915865384616 0.4376117908653846 0.25933915865384616 0.4376117908653846 0.2271408197115385
0 0.4376117908653846 0.26627418509615386 0.4442991394230769 0.26627418509615386 0.4442991394230769 0.2315990528846154 0.4376117908653846 0.2315990528846154 0.4376117908653846 0.26627418509615386
0 0.44501397115384617 0.26003773317307693 0.4508574639423077 0.26003773317307693 0.4508574639423077 0.23617680288461537 0.44501397115384617 0.23617680288461537 0.44501397115384617 0.26003773317307693
0 0.4442991394230769 0.2261130096153846 0.4442991394230769 0.21588689663461538 0.4386226514423077 0.21588689663461538 0.4386226514423077 0.2488377043269231 0.4442991394230769 0.2488377043269231 0.4442991394230769 0.2261130096153846
0 0.46154010096153847 0.23585216586538463 0.4547835600961539 0.23585216586538463 0.4547835600961539 0.27464646634615386 0.46154010096153847 0.27464646634615386 0.46154010096153847 0.23585216586538463
0 0.4584357451923077 0.26539426923076925 0.4643705408653846 0.26539426923076925 0.4643705408653846 0.23585216586538463 0.4584357451923077 0.23585216586538463 0.4584357451923077 0.26539426923076925
0 0.46062705528846154 0.22237966826923075 0.4535052980769231 0.22237966826923075 0.4535052980769231 0.25792758173076924 0.46062705528846154 0.25792758173076924 0.46062705528846154 0.22237966826923075
0 0.4442991394230769 0.2501362596153846 0.4480270216346154 0.2501362596153846 0.4480270216346154 0.22465213701923076 0.4442991394230769 0.22465213701923076 0.4442991394230769 0.2501362596153846
0 0.43031393509615384 0.18374768749999998 0.42291826442307695 0.18374768749999998 0.42291826442307695 0.21653617548076923 0.43031393509615384 0.21653617548076923 0.43031393509615384 0.18374768749999998
0 0.4189921682692308 0.1848839206730769 0.415157375 0.1848839206730769 0.415157375 0.2079332548076923 0.4189921682692308 0.2079332548076923 0.4189921682692308 0.1848839206730769
0 0.4100443197115385 0.21994487980769228 0.41451824278846156 0.21994487980769228 0.41451824278846156 0.18780566826923076 0.4100443197115385 0.18780566826923076 0.4100443197115385 0.21994487980769228
0 0.41451824278846156 0.17319693509615386 0.4079443125 0.17319693509615386 0.4079443125 0.19754482211538463 0.41451824278846156 0.19754482211538463 0.41451824278846156 0.17319693509615386
0 0.4063921346153846 0.1842346442307692 0.3979921153846154 0.1842346442307692 0.3979921153846154 0.2181593677884615 0.4063921346153846 0.2181593677884615 0.4063921346153846 0.1842346442307692
0 0.4574955913461538 0.1839403389423077 0.4500057644230769 0.1839403389423077 0.4500057644230769 0.21279005048076924 0.4574955913461538 0.21279005048076924 0.4574955913461538 0.1839403389423077
0 0.45606895913461537 0.21279005048076924 0.46177549519230765 0.21279005048076924 0.46177549519230765 0.1798189519230769 0.45606895913461537 0.1798189519230769 0.45606895913461537 0.21279005048076924
0 0.38906321875 0.14865467788461537 0.3819871153846154 0.14865467788461537 0.3819871153846154 0.18152432451923076 0.38906321875 0.18152432451923076 0.38906321875 0.14865467788461537
0 0.4132589326923077 0.1431764014423077 0.4093784879807692 0.1431764014423077 0.4093784879807692 0.16914748076923078 0.4132589326923077 0.16914748076923078 0.4132589326923077 0.1431764014423077
0 0.3719436105769231 0.1385097235576923 0.36635120432692303 0.1385097235576923 0.36635120432692303 0.16468370192307694 0.3719436105769231 0.16468370192307694 0.3719436105769231 0.1385097235576923
0 0.3782208004807692 0.1279589735576923 0.3722860024038462 0.1279589735576923 0.3722860024038462 0.15778513461538463 0.3782208004807692 0.15778513461538463 0.3782208004807692 0.1279589735576923
0 0.38735125721153846 0.1172053221153846 0.38267189903846155 0.1172053221153846 0.38267189903846155 0.14479959375 0.38735125721153846 0.14479959375 0.38735125721153846 0.1172053221153846
0 0.3669218581730769 0.10421978365384615 0.36201423798076926 0.10421978365384615 0.36201423798076926 0.13566913701923078 0.3669218581730769 0.13566913701923078 0.3669218581730769 0.10421978365384615
0 0.4157698076923077 0.1172053221153846 0.4125741466346154 0.1172053221153846 0.4125741466346154 0.13911842067307692 0.4157698076923077 0.13911842067307692 0.4157698076923077 0.1172053221153846
0 0.4157698076923077 0.10239369230769231 0.41234588701923075 0.10239369230769231 0.41234588701923075 0.12106040625 0.4157698076923077 0.12106040625 0.4157698076923077 0.10239369230769231
0 0.43003614903846155 0.1502778701923077 0.42649809615384615 0.1502778701923077 0.42649809615384615 0.18010403125 0.43003614903846155 0.18010403125 0.43003614903846155 0.1502778701923077
0 0.43003614903846155 0.18213302163461537 0.4340307235576923 0.18213302163461537 0.4340307235576923 0.1502778701923077 0.43003614903846155 0.1502778701923077 0.43003614903846155 0.18213302163461537
0 0.42775353365384616 0.16285761057692308 0.4226176514423077 0.16285761057692308 0.4226176514423077 0.18984318509615386 0.42775353365384616 0.18984318509615386 0.42775353365384616 0.16285761057692308
0 0.44464487980769235 0.17482865625 0.4484111947115385 0.17482865625 0.4484111947115385 0.14581409134615383 0.44464487980769235 0.14581409134615383 0.44464487980769235 0.17482865625
0 0.4504655480769231 0.12410389182692307 0.4463568413461539 0.12410389182692307 0.4463568413461539 0.15433585096153848 0.4504655480769231 0.15433585096153848 0.4504655480769231 0.12410389182692307
1 0.4591394807692308 0.17442285817307693 0.46256340384615385 0.17442285817307693 0.46256340384615385 0.1437850985576923 0.4591394807692308 0.1437850985576923 0.4591394807692308 0.17442285817307693
1 0.36315213461538465 0.054031408653846154 0.35144927884615385 0.054031408653846154 0.35144927884615385 0.08870654086538463 0.36315213461538465 0.08870654086538463 0.36315213461538465 0.054031408653846154
1 0.3726258774038461 0.05650820432692308 0.36649581009615384 0.05650820432692308 0.36649581009615384 0.08424831009615384 0.3726258774038461 0.08424831009615384 0.3726258774038461 0.05650820432692308
1 0.3795918629807692 0.05601284375 0.3748549927884615 0.05601284375 0.3748549927884615 0.08523902644230769 0.3795918629807692 0.08523902644230769 0.3795918629807692 0.05601284375
1 0.3740190745192308 0.09217405288461539 0.36677444951923077 0.09217405288461539 0.36677444951923077 0.12288631490384616 0.3740190745192308 0.12288631490384616 0.3740190745192308 0.09217405288461539
1 0.4013257403846154 0.1377470841346154 0.40801308894230764 0.1377470841346154 0.40801308894230764 0.09217405288461539 0.4013257403846154 0.09217405288461539 0.4013257403846154 0.1377470841346154
1 0.39129472115384617 0.057994281249999995 0.3834928149038461 0.057994281249999995 0.3834928149038461 0.0931647716346154 0.39129472115384617 0.0931647716346154 0.39129472115384617 0.057994281249999995
0 0.3774697451923077 0.11972235576923076 0.3852306346153846 0.11972235576923076 0.3852306346153846 0.07914254567307692 0.3774697451923077 0.07914254567307692 0.3774697451923077 0.11972235576923076
0 0.325197875 0 0.325197875 0.01888152403846154 0.3295348413461538 0.01888152403846154 0.3295348413461538 0 0.325197875 0
0 0.3306761490384615 0 0.3306761490384615 0.022127908653846153 0.3347848557692308 0.022127908653846153 0.3347848557692308 0 0.3306761490384615 0
0 0.32554026682692305 0.010968461538461538 0.32051851442307694 0.010968461538461538 0.32051851442307694 0.030040971153846154 0.32554026682692305 0.030040971153846154 0.32554026682692305 0.010968461538461538
0 0.33923595432692305 0.00630178125 0.3360402932692308 0.00630178125 0.3360402932692308 0.02415689903846154 0.33923595432692305 0.02415689903846154 0.33923595432692305 0.00630178125
0 0.3485946730769231 0.008533670673076922 0.3442577043269231 0.008533670673076922 0.3442577043269231 0.025780091346153847 0.3485946730769231 0.025780091346153847 0.3485946730769231 0.008533670673076922
0 0.3442577043269231 0.009548168269230769 0.3400348677884616 0.009548168269230769 0.3400348677884616 0.02841777884615385 0.3442577043269231 0.02841777884615385 0.3442577043269231 0.009548168269230769
0 0.35452947115384614 0.020504716346153844 0.3500783725961538 0.020504716346153844 0.3500783725961538 0.042620713942307695 0.35452947115384614 0.042620713942307695 0.35452947115384614 0.020504716346153844
0 0.3579533918269231 0.02163259855769231 0.3579533918269231 0.020910514423076922 0.3579533918269231 0.015838038461538462 0.3539588173076923 0.015838038461538462 0.3539588173076923 0.03349025721153846 0.3579533918269231 0.03349025721153846 0.3579533918269231 0.02163259855769231
0 0.3539588173076923 0.044852603365384616 0.35806752163461536 0.044852603365384616 0.35806752163461536 0.02253370673076923 0.3539588173076923 0.02253370673076923 0.3539588173076923 0.044852603365384616
0 0.41364918269230766 0.009953966346153847 0.4104535240384615 0.009953966346153847 0.4104535240384615 0.03409895432692307 0.41364918269230766 0.03409895432692307 0.41364918269230766 0.009953966346153847
0 0.39516000721153843 0.01888152403846154 0.39082303846153843 0.01888152403846154 0.39082303846153843 0.040794622596153844 0.39516000721153843 0.040794622596153844 0.39516000721153843 0.01888152403846154
1 0.3500783725961538 0.025374293269230772 0.3194913389423077 0.025374293269230772 0.3194913389423077 0.04911348317307692 0.3500783725961538 0.04911348317307692 0.3500783725961538 0.025374293269230772
1 0.37689909134615385 0.04285055769230769 0.39047717788461533 0.04285055769230769 0.39047717788461533 0.017055432692307693 0.37689909134615385 0.017055432692307693 0.37689909134615385 0.04285055769230769
1 0.4098221105769231 0.04430565384615385 0.4098221105769231 0.011334555288461539 0.3939864735576923 0.011334555288461539 0.3939864735576923 0.04430565384615385 0.3989440264423077 0.04430565384615385 0.4098221105769231 0.04430565384615385
1 0.4042939038461538 0.059966925480769234 0.3814677596153846 0.059966925480769234 0.3814677596153846 0.1265431778846154 0.4042939038461538 0.1265431778846154 0.4042939038461538 0.059966925480769234
0 0.4854123125 0.00045409374999999996 0.48041909375 0.00045409374999999996 0.48041909375 0.020997622596153846 0.4854123125 0.020997622596153846 0.4854123125 0.00045409374999999996
0 0.47556853846153846 0.0007077187499999999 0.47157396394230766 0.0007077187499999999 0.47157396394230766 0.022012117788461537 0.47556853846153846 0.022012117788461537 0.47556853846153846 0.0007077187499999999
0 0.47043265624999997 0.009330927884615385 0.4668660721153846 0.009330927884615385 0.4668660721153846 0.02733821875 0.47043265624999997 0.02733821875 0.47043265624999997 0.009330927884615385
1 0.4657247644230769 0.006794689903846154 0.4614448629807692 0.006794689903846154 0.4614448629807692 0.029367209134615383 0.4657247644230769 0.029367209134615383 0.4657247644230769 0.006794689903846154
1 0.46087420913461535 0.03215707211538461 0.46087420913461535 0.0070483125 0.43490946875 0.0070483125 0.43490946875 0.03215707211538461 0.44589125721153844 0.03215707211538461 0.46087420913461535 0.03215707211538461
1 0.5665877884615385 0.015925146634615386 0.5665877884615385 0.00045409374999999996 0.4888362355769231 0.00045409374999999996 0.4888362355769231 0.015925146634615386 0.5520398100961539 0.015925146634615386 0.5665877884615385 0.015925146634615386
1 0.9296598629807692 0.19239225721153846 0.984610264423077 0.19239225721153846 0.984610264423077 0.00415721875 0.9296598629807692 0.00415721875 0.9296598629807692 0.19239225721153846
1 0.8019539591346153 0.09134931009615385 0.7903625576923077 0.09134931009615385 0.7903625576923077 0.13097803125 0.8019539591346153 0.13097803125 0.8019539591346153 0.09134931009615385
1 0.776764951923077 0.12899659615384615 0.7596007620192308 0.12899659615384615 0.7596007620192308 0.1575292764423077 0.776764951923077 0.1575292764423077 0.776764951923077 0.12899659615384615
1 0.6314266129807693 0 0.6314266129807693 0.07629039423076923 0.6601220384615385 0.07629039423076923 0.714572625 0.07629039423076923 0.714572625 0 0.6314266129807693 0
1 0.7127893341346153 0.05290944711538462 0.7353034014423077 0.05290944711538462 0.7353034014423077 0.008128992788461537 0.7127893341346153 0.008128992788461537 0.7127893341346153 0.05290944711538462
0 0.7116747764423077 0.08897158653846154 0.7063248990384616 0.08897158653846154 0.7063248990384616 0.11671169230769231 0.7116747764423077 0.11671169230769231 0.7116747764423077 0.08897158653846154
0 0.6717736057692308 0.16188843509615386 0.6657549927884615 0.16188843509615386 0.6657549927884615 0.19161825961538462 0.6717736057692308 0.19161825961538462 0.6717736057692308 0.16188843509615386
0 0.5915254423076923 0.1472258076923077 0.5859526538461538 0.1472258076923077 0.5859526538461538 0.1785325 0.5915254423076923 0.1785325 0.5915254423076923 0.1472258076923077
0 0.5748070745192307 0.2394096129807692 0.5748070745192307 0.21221691346153845 0.5692342860576923 0.21221691346153845 0.5692342860576923 0.2423347427884615 0.5748070745192307 0.2423347427884615 0.5748070745192307 0.2394096129807692
0 0.5413499639423077 0.06899090865384615 0.5380846586538461 0.06899090865384615 0.5380846586538461 0.09027586538461539 0.5413499639423077 0.09027586538461539 0.5413499639423077 0.06899090865384615
0 0.5893543173076923 0.0936365673076923 0.5860106442307692 0.0936365673076923 0.5860106442307692 0.1158286514423077 0.5893543173076923 0.1158286514423077 0.5893543173076923 0.0936365673076923
0 0.5964874879807692 0.11741380048076923 0.592475079326923 0.11741380048076923 0.592475079326923 0.14396504567307694 0.5964874879807692 0.14396504567307694 0.5964874879807692 0.11741380048076923
0 0.608747625 0.11705099519230769 0.608747625 0.11503607692307692 0.608747625 0.11107320673076923 0.6047352163461539 0.11107320673076923 0.6047352163461539 0.1423798966346154 0.608747625 0.1423798966346154 0.608747625 0.11705099519230769
0 0.6194473798076923 0.1364355889423077 0.6149891490384616 0.1364355889423077 0.6149891490384616 0.16774227884615384 0.6194473798076923 0.16774227884615384 0.6194473798076923 0.1364355889423077
0 0.6149891490384616 0.13128385336538462 0.6105309158653847 0.13128385336538462 0.6105309158653847 0.1586276730769231 0.6149891490384616 0.1586276730769231 0.6149891490384616 0.13128385336538462
0 0.6230139639423077 0.12732098076923076 0.6190015576923076 0.12732098076923076 0.6190015576923076 0.15545737499999998 0.6230139639423077 0.15545737499999998 0.6230139639423077 0.12732098076923076
0 0.6007228076923077 0.06232987740384615 0.5953729302884615 0.06232987740384615 0.5953729302884615 0.08848483413461539 0.6007228076923077 0.08848483413461539 0.6007228076923077 0.06232987740384615
0 0.6205619375 0.052640939903846155 0.6205619375 0.04727096153846154 0.6174411754807692 0.04727096153846154 0.6174411754807692 0.08016280288461539 0.6205619375 0.08016280288461539 0.6205619375 0.052640939903846155
0 0.6293348100961539 0.054458915865384615 0.6272165432692307 0.054458915865384615 0.6272165432692307 0.08017028365384617 0.6293348100961539 0.08017028365384617 0.6293348100961539 0.054458915865384615
0 0.62604784375 0.05251108413461539 0.6237104471153846 0.05251108413461539 0.6237104471153846 0.08094941586538461 0.62604784375 0.08094941586538461 0.62604784375 0.05251108413461539
0 0.6205619375 0.0793911514423077 0.6230530552884616 0.0793911514423077 0.6230530552884616 0.051472240384615384 0.6205619375 0.051472240384615384 0.6205619375 0.0793911514423077
0 0.5792285697115385 0.08763544711538462 0.5745920096153846 0.08763544711538462 0.5745920096153846 0.11490000961538462 0.5792285697115385 0.11490000961538462 0.5792285697115385 0.08763544711538462
0 0.5065694471153847 0.29016548317307694 0.5001851995192308 0.29016548317307694 0.5001851995192308 0.32900163221153844 0.5065694471153847 0.32900163221153844 0.5065694471153847 0.29016548317307694
0 0.5016120456730769 0.2686565360576923 0.4959146418269231 0.2686565360576923 0.4959146418269231 0.3087818533653846 0.5016120456730769 0.3087818533653846 0.5016120456730769 0.2686565360576923
0 0.5034381394230769 0.29016548317307694 0.5034381394230769 0.2620339110576923 0.4979598629807693 0.2620339110576923 0.4979598629807693 0.28627706490384613 0.4979598629807693 0.29016548317307694 0.5034381394230769 0.29016548317307694
1 0.5206744735576924 0.23713744711538462 0.49370217307692305 0.23713744711538462 0.49370217307692305 0.2815216177884615 0.5206744735576924 0.2815216177884615 0.5206744735576924 0.23713744711538462
1 0.5623589350961539 0.31124315865384616 0.57551071875 0.31124315865384616 0.57551071875 0.24466690625 0.5623589350961539 0.24466690625 0.5623589350961539 0.31124315865384616
1 0.5712419615384615 0.09146226442307692 0.5319537980769231 0.09146226442307692 0.5319537980769231 0.14545639903846153 0.5712419615384615 0.14545639903846153 0.5712419615384615 0.09146226442307692
1 0.5595391057692308 0.2222370480769231 0.5815516225961539 0.2222370480769231 0.5815516225961539 0.13653993509615384 0.5595391057692308 0.13653993509615384 0.5595391057692308 0.2222370480769231
0 0.5628827788461538 0.05926392548076923 0.5575886298076923 0.05926392548076923 0.5575886298076923 0.0820504423076923 0.5628827788461538 0.0820504423076923 0.5628827788461538 0.05926392548076923
0 0.5745920096153846 0.06174072115384615 0.5701274038461539 0.06174072115384615 0.5701274038461539 0.08763544711538462 0.5745920096153846 0.08763544711538462 0.5745920096153846 0.06174072115384615
0 0.5714009423076922 0.06062968990384616 0.5683878918269231 0.06062968990384616 0.5683878918269231 0.08763544711538462 0.5714009423076922 0.08763544711538462 0.5714009423076922 0.06062968990384616
0 0.5886575072115384 0.05235140865384616 0.5858270649038462 0.05235140865384616 0.5858270649038462 0.07458914663461538 0.5886575072115384 0.07458914663461538 0.5886575072115384 0.05235140865384616
0 0.5945923052884615 0.0471571923076923 0.5911227307692308 0.0471571923076923 0.5911227307692308 0.07296595432692307 0.5945923052884615 0.07296595432692307 0.5945923052884615 0.0471571923076923
0 0.6023531947115385 0.04683255528846154 0.5973314423076923 0.04683255528846154 0.5973314423076923 0.06939493028846154 0.6023531947115385 0.06939493028846154 0.6023531947115385 0.04683255528846154
0 0.6110360769230769 0.014673384615384616 0.6059091105769231 0.014673384615384616 0.6059091105769231 0.03528031971153846 0.6110360769230769 0.03528031971153846 0.6110360769230769 0.014673384615384616
0 0.5827263076923077 0.0019921923076923077 0.5778222548076923 0.0019921923076923077 0.5778222548076923 0.024976853365384615 0.5827263076923077 0.024976853365384615 0.5827263076923077 0.0019921923076923077
0 0.5729181995192307 0.004369915865384615 0.5689057908653846 0.004369915865384615 0.5689057908653846 0.03607289423076923 0.5729181995192307 0.03607289423076923 0.5729181995192307 0.004369915865384615
0 0.5697974375 0.021806555288461538 0.5646704711538462 0.021806555288461538 0.5646704711538462 0.04875408653846154 0.5697974375 0.04875408653846154 0.5697974375 0.021806555288461538
0 0.5646704711538462 0.044394925480769225 0.5646704711538462 0.020617692307692306 0.5606580625 0.020617692307692306 0.5606580625 0.041665033653846155 0.5606580625 0.044394925480769225 0.5646704711538462 0.044394925480769225
0 0.5501812187499999 0.025769427884615385 0.5450542548076923 0.025769427884615385 0.5450542548076923 0.04637636298076923 0.5501812187499999 0.04637636298076923 0.5501812187499999 0.025769427884615385
1 0.7083614951923077 0.1169947451923077 0.7022314278846153 0.1169947451923077 0.7022314278846153 0.14523021153846155 0.7083614951923077 0.14523021153846155 0.7083614951923077 0.1169947451923077
1 0.6378308822115385 0.08094941586538461 0.62604784375 0.08094941586538461 0.62604784375 0.11662818028846153 0.6378308822115385 0.11662818028846153 0.6378308822115385 0.08094941586538461
1 0.6804515745192308 0.08143787499999999 0.6722484278846154 0.08143787499999999 0.6722484278846154 0.11536006009615384 0.6804515745192308 0.11536006009615384 0.6804515745192308 0.08143787499999999
1 0.6913296586538462 0.08080381490384615 0.6847314759615385 0.08080381490384615 0.6847314759615385 0.10458104807692307 0.6913296586538462 0.10458104807692307 0.6913296586538462 0.08080381490384615
1 0.693112951923077 0.11123867307692309 0.6856231225961539 0.11123867307692309 0.6856231225961539 0.1353329375 0.693112951923077 0.1353329375 0.693112951923077 0.11123867307692309
1 0.7343070072115385 0.12360283653846153 0.7134424855769231 0.12360283653846153 0.7134424855769231 0.169255125 0.7343070072115385 0.169255125 0.7343070072115385 0.12360283653846153
1 0.70595265625 0.19556859615384617 0.7228939350961539 0.19556859615384617 0.7228939350961539 0.15055036778846154 0.70595265625 0.15055036778846154 0.70595265625 0.19556859615384617
1 0.693112951923077 0.15467175480769232 0.7009594375 0.15467175480769232 0.7009594375 0.12233471634615384 0.693112951923077 0.12233471634615384 0.693112951923077 0.15467175480769232
1 0.6824131947115385 0.23202701923076924 0.6913296586538462 0.23202701923076924 0.6913296586538462 0.19968998317307693 0.6824131947115385 0.19968998317307693 0.6824131947115385 0.23202701923076924
0 0.6815215504807692 0.1641826466346154 0.6745667091346154 0.1641826466346154 0.6745667091346154 0.19461750721153845 0.6815215504807692 0.19461750721153845 0.6815215504807692 0.1641826466346154
0 0.7432234711538462 0.11599412019230769 0.7384085817307693 0.11599412019230769 0.7384085817307693 0.13691808653846155 0.7432234711538462 0.13691808653846155 0.7432234711538462 0.11599412019230769
0 0.5748070745192307 0.27504715384615386 0.5817209350961539 0.27504715384615386 0.5817209350961539 0.23821282932692306 0.5748070745192307 0.23821282932692306 0.5748070745192307 0.27504715384615386
1 0.6065013245192308 0.1949989375 0.5957489783653845 0.1949989375 0.5957489783653845 0.21693996153846154 0.6065013245192308 0.21693996153846154 0.6065013245192308 0.1949989375
1 0.6509218125 0.15559589423076922 0.6403751610576923 0.15559589423076922 0.6403751610576923 0.18126024278846156 0.6509218125 0.18126024278846156 0.6509218125 0.15559589423076922
1 0.6531828341346154 0.09254923317307692 0.6444223822115384 0.09254923317307692 0.6444223822115384 0.10616596634615384 0.6531828341346154 0.10616596634615384 0.6531828341346154 0.09254923317307692
1 0.6608901177884616 0.10761274278846153 0.6656293774038461 0.10761274278846153 0.6656293774038461 0.07629039423076923 0.6608901177884616 0.07629039423076923 0.6608901177884616 0.10761274278846153
1 0.6727143341346153 0.0966342548076923 0.6574433822115384 0.0966342548076923 0.6574433822115384 0.10999567307692308 0.6727143341346153 0.10999567307692308 0.6727143341346153 0.0966342548076923
1 0.7408419423076923 0.06713676442307692 0.7296520216346154 0.06713676442307692 0.7296520216346154 0.08554062740384616 0.7408419423076923 0.08554062740384616 0.7408419423076923 0.06713676442307692
1 0.7515531514423077 0.10171049759615383 0.7434748653846154 0.10171049759615383 0.7434748653846154 0.11671017788461538 0.7515531514423077 0.11671017788461538 0.7515531514423077 0.10171049759615383
1 0.7618430024038462 0.07459963701923077 0.7491271826923077 0.07459963701923077 0.7491271826923077 0.10501787259615385 0.7618430024038462 0.10501787259615385 0.7618430024038462 0.07459963701923077
0 0.7771401346153847 0.12001223557692307 0.7604809134615385 0.12001223557692307 0.7604809134615385 0.13005457692307693 0.7771401346153847 0.13005457692307693 0.7771401346153847 0.12001223557692307
1 0.7967360528846155 0.027706644230769233 0.78514221875 0.027706644230769233 0.78514221875 0.04233399278846154 0.7967360528846155 0.04233399278846154 0.7967360528846155 0.027706644230769233
0 0.8077269735576924 0.025574411057692308 0.8045854182692308 0.025574411057692308 0.8045854182692308 0.04937709855769231 0.8077269735576924 0.04937709855769231 0.8077269735576924 0.025574411057692308
0 0.8039122259615384 0.022648942307692307 0.7987511009615385 0.022648942307692307 0.7987511009615385 0.04937709855769231 0.8039122259615384 0.04937709855769231 0.8039122259615384 0.022648942307692307
1 0.7686819254807692 0 0.7686819254807692 0.020255375 0.7944875600961538 0.020255375 0.7944875600961538 0 0.7937395697115384 0 0.7686819254807692 0
1 0.7932907764423077 0 0.7932907764423077 0.02384572596153846 0.8089237572115385 0.02384572596153846 0.8089237572115385 0.0007079182692307692 0.8089237572115385 0 0.7932907764423077 0
1 0.8089237572115385 0.04751543509615385 0.8259031153846154 0.04751543509615385 0.8259031153846154 0.0007079182692307692 0.8089237572115385 0.0007079182692307692 0.8089237572115385 0.04751543509615385
1 0.8426580793269232 0.006558858173076923 0.8264267091346155 0.006558858173076923 0.8264267091346155 0.06014814663461539 0.8426580793269232 0.06014814663461539 0.8426580793269232 0.006558858173076923
0 0.8539474182692307 0.03809814903846154 0.8474025120192308 0.03809814903846154 0.8474025120192308 0.0673944014423077 0.8539474182692307 0.0673944014423077 0.8539474182692307 0.03809814903846154
0 0.8573367451923077 0.04578581730769231 0.8573367451923077 0.03996812259615385 0.8519605721153846 0.03996812259615385 0.8519605721153846 0.07134212259615384 0.8573367451923077 0.07134212259615384 0.8573367451923077 0.04578581730769231
0 0.8590898461538461 0.07383542067307693 0.8652841346153846 0.07383542067307693 0.8652841346153846 0.041006995192307695 0.8590898461538461 0.041006995192307695 0.8590898461538461 0.07383542067307693
0 0.8618948076923078 0.045162492788461545 0.855934266826923 0.045162492788461545 0.855934266826923 0.07487429567307692 0.8618948076923078 0.07487429567307692 0.8618948076923078 0.045162492788461545
0 0.8710109278846154 0.05020103365384616 0.8710109278846154 0.04537026923076923 0.86364790625 0.04537026923076923 0.86364790625 0.0781986923076923 0.8710109278846154 0.0781986923076923 0.8710109278846154 0.05020103365384616
1 0.8956200721153846 0.053122867788461536 0.8724280168269231 0.053122867788461536 0.8724280168269231 0.10344333653846155 0.8956200721153846 0.10344333653846155 0.8956200721153846 0.053122867788461536
1 0.9296598629807692 0.062213016826923075 0.8939765408653847 0.062213016826923075 0.8939765408653847 0.1342849158653846 0.9296598629807692 0.1342849158653846 0.9296598629807692 0.062213016826923075
1 0.8939765408653847 0.00117915625 0.8435749086538462 0.00117915625 0.8435749086538462 0.040786235576923076 0.8939765408653847 0.040786235576923076 0.8939765408653847 0.00117915625
1 0.9195425865384615 0.011567899038461539 0.9023768125 0.011567899038461539 0.9023768125 0.062213016826923075 0.9195425865384615 0.062213016826923075 0.9195425865384615 0.011567899038461539
1 0.6169791610576923 0 0.6169791610576923 0.028956007211538463 0.6272512331730768 0.028956007211538463 0.6272512331730768 0 0.6169791610576923 0
1 0.6047097427884616 0.001563814903846154 0.5881602932692307 0.001563814903846154 0.5881602932692307 0.05026104326923077 0.6047097427884616 0.05026104326923077 0.6047097427884616 0.001563814903846154
1 0.6055424639423077 0 0.6055424639423077 0.014471826923076922 0.612905485576923 0.014471826923076922 0.612905485576923 0 0.6055424639423077 0
1 0.5883929375 0.07459854326923077 0.5836656442307693 0.07459854326923077 0.5836656442307693 0.09002374759615385 0.5883929375 0.09002374759615385 0.5883929375 0.07459854326923077
0 0.5521859014423077 0.03724981730769231 0.5551077355769231 0.03724981730769231 0.5551077355769231 0.012316836538461539 0.5521859014423077 0.012316836538461539 0.5521859014423077 0.03724981730769231
0 0.5551077355769231 0.037769254807692304 0.5578834759615384 0.037769254807692304 0.5578834759615384 0.012316836538461539 0.5551077355769231 0.012316836538461539 0.5551077355769231 0.037769254807692304
0 0.5606580625 0.015083733173076923 0.5574401057692308 0.015083733173076923 0.5574401057692308 0.04087041826923077 0.5606580625 0.04087041826923077 0.5606580625 0.015083733173076923
1 0.530628485576923 0.05054026682692307 0.5418483269230769 0.05054026682692307 0.5418483269230769 0.011478596153846153 0.530628485576923 0.011478596153846153 0.530628485576923 0.05054026682692307
0 0.9038492524038462 0.11841339423076923 0.8961356105769231 0.11841339423076923 0.8961356105769231 0.15124181971153847 0.9038492524038462 0.15124181971153847 0.9038492524038462 0.11841339423076923
0 0.9078229447115385 0.12132224278846154 0.9022130240384616 0.12132224278846154 0.9022130240384616 0.15207291826923078 0.9078229447115385 0.15207291826923078 0.9078229447115385 0.12132224278846154
1 0.8286067331730769 0.17928885336538464 0.8169193966346153 0.17928885336538464 0.8169193966346153 0.21668832451923076 0.8286067331730769 0.21668832451923076 0.8286067331730769 0.17928885336538464
0 0.4772113197115385 0.23988060096153846 0.46890863701923075 0.23988060096153846 0.46890863701923075 0.27671492548076926 0.4772113197115385 0.27671492548076926 0.4772113197115385 0.23988060096153846
1 0.5923397475961538 0.11704588461538462 0.579625125 0.11704588461538462 0.579625125 0.14645802644230768 0.5923397475961538 0.14645802644230768 0.5923397475961538 0.11704588461538462
1 0.5703659399038462 0.07909081971153846 0.5664688317307692 0.07909081971153846 0.5664688317307692 0.09146226442307692 0.5703659399038462 0.09146226442307692 0.5703659399038462 0.07909081971153846
0 0.5898815024038462 0.18354145913461536 0.59438140625 0.18354145913461536 0.59438140625 0.15120171875 0.5898815024038462 0.15120171875 0.5898815024038462 0.18354145913461536
0 0.29837777403846155 0.03965353125 0.2937028413461538 0.03965353125 0.2937028413461538 0.053158894230769235 0.29837777403846155 0.053158894230769235 0.29837777403846155 0.03965353125
0 0.3042214423076923 0.035757752403846155 0.2989621418269231 0.035757752403846155 0.2989621418269231 0.05082142788461538 0.3042214423076923 0.05082142788461538 0.3042214423076923 0.035757752403846155
0 0.3080198269230769 0.01472055048076923 0.3018839759615385 0.01472055048076923 0.3018839759615385 0.04069240384615384 0.3080198269230769 0.04069240384615384 0.3080198269230769 0.01472055048076923
0 0.3194913389423077 0.0040720889423076926 0.3129869447115385 0.0040720889423076926 0.3129869447115385 0.02770647596153846 0.3194913389423077 0.02770647596153846 0.3194913389423077 0.0040720889423076926
0 0.3129869447115385 0.004331807692307692 0.30875028605769234 0.004331807692307692 0.30875028605769234 0.02770647596153846 0.3129869447115385 0.02770647596153846 0.3129869447115385 0.004331807692307692
1 0.3188764254807692 0.024692079326923078 0.3071479519230769 0.024692079326923078 0.3071479519230769 0.05107449759615385 0.3188764254807692 0.05107449759615385 0.3188764254807692 0.024692079326923078
0 0.3573982788461538 0.0453555 0.3609886298076923 0.0453555 0.3609886298076923 0.021100694711538463 0.3573982788461538 0.021100694711538463 0.3573982788461538 0.0453555
0 0.3602705600961539 0.04461083413461538 0.3641601033653846 0.04461083413461538 0.3641601033653846 0.021100694711538463 0.3602705600961539 0.021100694711538463 0.3602705600961539 0.04461083413461538
0 0.3636215528846154 0.04397255048076923 0.3674512572115385 0.04397255048076923 0.3674512572115385 0.021100694711538463 0.3636215528846154 0.021100694711538463 0.3636215528846154 0.04397255048076923
0 0.36697254567307697 0.042695980769230764 0.37140064182692306 0.042695980769230764 0.37140064182692306 0.019504985576923078 0.36697254567307697 0.019504985576923078 0.36697254567307697 0.042695980769230764
0 0.3702636971153846 0.04375978846153846 0.37403356490384615 0.04375978846153846 0.37403356490384615 0.019504985576923078 0.3702636971153846 0.019504985576923078 0.3702636971153846 0.04375978846153846
0 0.3725375865384616 0.04407893028846154 0.37714520192307693 0.04407893028846154 0.37714520192307693 0.015143374999999999 0.3725375865384616 0.015143374999999999 0.3725375865384616 0.04407893028846154
0 0.3942932764423077 0.04443518990384616 0.38544665625 0.04443518990384616 0.38544665625 0.059966925480769234 0.3942932764423077 0.059966925480769234 0.3942932764423077 0.04443518990384616
1 0.4364337644230769 0.045788536057692314 0.4364337644230769 0.04185987259615384 0.3964630793269231 0.04185987259615384 0.3964630793269231 0.11728213942307691 0.4364337644230769 0.11728213942307691 0.4364337644230769 0.045788536057692314
0 0.4299075576923077 0.016927223557692307 0.42626110817307694 0.016927223557692307 0.42626110817307694 0.03305055048076923 0.4299075576923077 0.03305055048076923 0.4299075576923077 0.016927223557692307
0 0.43000105528846155 0.033549209134615385 0.43374100240384617 0.033549209134615385 0.43374100240384617 0.014267704326923076 0.43000105528846155 0.014267704326923076 0.43000105528846155 0.033549209134615385
0 0.41840722115384615 0.0008038942307692307 0.41401278125 0.0008038942307692307 0.41401278125 0.022246259615384616 0.41840722115384615 0.022246259615384616 0.41840722115384615 0.0008038942307692307
1 0.42420413701923076 0.03604250721153846 0.42420413701923076 0.00894866826923077 0.4159762548076923 0.00894866826923077 0.4159762548076923 0.0339711875 0.4159762548076923 0.03604250721153846 0.42420413701923076 0.03604250721153846
1 0.41785889182692304 0.046022127403846154 0.4289618605769231 0.046022127403846154 0.4289618605769231 0.03376341105769231 0.41785889182692304 0.03376341105769231 0.41785889182692304 0.046022127403846154
1 0.5193701033653846 0.3296350528846154 0.5620562692307692 0.3296350528846154 0.5620562692307692 0.2269650625 0.5193701033653846 0.2269650625 0.5193701033653846 0.3296350528846154
0 0.5460774903846154 0.2034280673076923 0.5376315649038461 0.2034280673076923 0.5376315649038461 0.23548707692307694 0.5460774903846154 0.23548707692307694 0.5460774903846154 0.2034280673076923
1 0.5608381057692308 0.1641605721153846 0.541764375 0.1641605721153846 0.541764375 0.2269650625 0.5608381057692308 0.2269650625 0.5608381057692308 0.1641605721153846
1 0.531068125 0.18011768028846153 0.5193994903846154 0.18011768028846153 0.5193994903846154 0.22532948557692306 0.531068125 0.22532948557692306 0.531068125 0.18011768028846153
1 0.5461775120192308 0.14501204326923076 0.5209702692307693 0.14501204326923076 0.5209702692307693 0.18636754807692307 0.5461775120192308 0.18636754807692307 0.5461775120192308 0.14501204326923076
0 0.48232698557692305 0.19690864903846156 0.48232698557692305 0.15924945913461538 0.47619113461538465 0.15924945913461538 0.47619113461538465 0.1810658173076923 0.47619113461538465 0.19690864903846156 0.48232698557692305 0.19690864903846156
0 0.4884628365384615 0.16911286298076922 0.4884628365384615 0.16002861298076926 0.4840800841346154 0.16002861298076926 0.4840800841346154 0.1992461153846154 0.4884628365384615 0.1992461153846154 0.4884628365384615 0.16911286298076922
1 0.5193701033653846 0.18552707451923078 0.48686095913461536 0.18552707451923078 0.48686095913461536 0.23871743509615387 0.5193701033653846 0.23871743509615387 0.5193701033653846 0.18552707451923078
1 0.5221567115384615 0.14584207932692309 0.49679519471153843 0.14584207932692309 0.49679519471153843 0.18469597596153847 0.5221567115384615 0.18469597596153847 0.5221567115384615 0.14584207932692309
1 0.47619113461538465 0.14854315384615385 0.4675768581730769 0.14854315384615385 0.4675768581730769 0.18843592307692306 0.47619113461538465 0.18843592307692306 0.47619113461538465 0.14854315384615385
0 0.4787641682692308 0.10170139423076924 0.4732126850961539 0.10170139423076924 0.4732126850961539 0.12975099759615386 0.4787641682692308 0.12975099759615386 0.4787641682692308 0.10170139423076924
0 0.4857765697115385 0.04871881009615385 0.48183209374999997 0.04871881009615385 0.48183209374999997 0.07339207211538462 0.4857765697115385 0.07339207211538462 0.4857765697115385 0.04871881009615385
0 0.43858667307692306 0.033549209134615385 0.43374100240384617 0.033549209134615385 0.43374100240384617 0.0550640576923077 0.43858667307692306 0.0550640576923077 0.43858667307692306 0.033549209134615385
0 0.4460373485576923 0.052986310096153844 0.4504200985576923 0.052986310096153844 0.4504200985576923 0.029611639423076923 0.4460373485576923 0.029611639423076923 0.4460373485576923 0.052986310096153844
0 0.4706275 0.06424770673076924 0.47380645673076927 0.06424770673076924 0.47380645673076927 0.04662839903846154 0.4706275 0.04662839903846154 0.4706275 0.06424770673076924
0 0.46763554326923074 0.08286433173076922 0.4611841346153846 0.08286433173076922 0.4611841346153846 0.10929329326923076 0.46763554326923074 0.10929329326923076 0.46763554326923074 0.08286433173076922
0 0.4744609471153846 0.07455333894230769 0.46950551682692304 0.07455333894230769 0.46950551682692304 0.10170139423076924 0.4744609471153846 0.10170139423076924 0.4744609471153846 0.07455333894230769
0 0.48736376442307694 0.11660696634615385 0.48736376442307694 0.09117532692307692 0.4822213365384615 0.09117532692307692 0.4822213365384615 0.11660696634615385 0.4839043125 0.11660696634615385 0.48736376442307694 0.11660696634615385
0 0.49503065625 0.13289651442307693 0.49063621875 0.13289651442307693 0.49063621875 0.16281609134615385 0.49503065625 0.16281609134615385 0.49503065625 0.13289651442307693
0 0.49503065625 0.10513779567307693 0.4892337379807692 0.10513779567307693 0.4892337379807692 0.1340600528846154 0.49503065625 0.1340600528846154 0.49503065625 0.10513779567307693
0 0.48885974278846156 0.1405426298076923 0.48885974278846156 0.11527720673076923 0.48381081490384614 0.11527720673076923 0.48381081490384614 0.13273029326923075 0.48381081490384614 0.1405426298076923 0.48885974278846156 0.1405426298076923
0 0.4845588028846154 0.15866059375000002 0.48820525240384616 0.15866059375000002 0.48820525240384616 0.13322895432692308 0.4845588028846154 0.13322895432692308 0.4845588028846154 0.15866059375000002
0 0.4803177403846154 0.12651236298076923 0.47452082211538466 0.12651236298076923 0.47452082211538466 0.15924945913461538 0.4803177403846154 0.15924945913461538 0.4803177403846154 0.12651236298076923
0 0.4559681418269231 0.1173461923076923 0.4492479254807692 0.1173461923076923 0.4492479254807692 0.14851241826923076 0.4559681418269231 0.14851241826923076 0.4559681418269231 0.1173461923076923
1 0.4727686875 0.10877548076923077 0.4597665264423077 0.10877548076923077 0.4597665264423077 0.1537067908653846 0.4727686875 0.1537067908653846 0.4727686875 0.10877548076923077
1 0.4623961778846154 0.07501206971153845 0.43522312259615387 0.07501206971153845 0.43522312259615387 0.12383915625 0.4623961778846154 0.12383915625 0.4623961778846154 0.07501206971153845
1 0.45661094711538464 0.05609416826923076 0.44819606490384617 0.05609416826923076 0.44819606490384617 0.08302178846153846 0.45661094711538464 0.08302178846153846 0.45661094711538464 0.05609416826923076
1 0.4357607403846154 0.07919873076923077 0.4469805817307692 0.07919873076923077 0.4469805817307692 0.04595475721153846 0.4357607403846154 0.04595475721153846 0.4357607403846154 0.07919873076923077
1 0.4763391682692308 0.029166550480769233 0.45399298317307696 0.029166550480769233 0.45399298317307696 0.06274296394230769 0.4763391682692308 0.06274296394230769 0.4763391682692308 0.029166550480769233
1 0.47231872355769233 0.059917225961538464 0.4592289086538462 0.059917225961538464 0.4592289086538462 0.0825231298076923 0.47231872355769233 0.0825231298076923 0.47231872355769233 0.059917225961538464
1 0.49288843269230764 0.021354216346153847 0.47914412740384615 0.021354216346153847 0.47914412740384615 0.04528987740384616 0.49288843269230764 0.04528987740384616 0.49288843269230764 0.021354216346153847
0 0.557188298076923 0.13304160096153847 0.5503628942307692 0.13304160096153847 0.5503628942307692 0.1641605721153846 0.557188298076923 0.1641605721153846 0.557188298076923 0.13304160096153847
0 0.5487716754807692 0.08039943749999999 0.5448821322115385 0.08039943749999999 0.5448821322115385 0.10773928125 0.5487716754807692 0.10773928125 0.5487716754807692 0.08039943749999999
0 0.5221567115384615 0.11744375961538461 0.5183628798076924 0.11744375961538461 0.5183628798076924 0.14584207932692309 0.5221567115384615 0.14584207932692309 0.5221567115384615 0.11744375961538461
0 0.5008318774038462 0.14840221153846153 0.5156747932692307 0.14840221153846153 0.5156747932692307 0.08191426201923077 0.5008318774038462 0.08191426201923077 0.5008318774038462 0.14840221153846153
1 0.48341775000000003 0.07455333894230769 0.4744609471153846 0.07455333894230769 0.4744609471153846 0.10352284375 0.48341775000000003 0.10352284375 0.48341775000000003 0.07455333894230769
1 0.4822213365384615 0.09562740144230769 0.4772234615384615 0.09562740144230769 0.4772234615384615 0.11660696634615385 0.4822213365384615 0.11660696634615385 0.4822213365384615 0.09562740144230769
1 0.4947544639423077 0.06757779567307692 0.4838852427884615 0.06757779567307692 0.4838852427884615 0.09666627403846154 0.4947544639423077 0.09666627403846154 0.4947544639423077 0.06757779567307692
1 0.4987281586538461 0.09375742788461539 0.49194950240384616 0.09375742788461539 0.49194950240384616 0.11661265865384615 0.4987281586538461 0.11661265865384615 0.4987281586538461 0.09375742788461539
1 0.4851708485576923 0.1423767403846154 0.4790934350961538 0.1423767403846154 0.4790934350961538 0.16002861298076926 0.4851708485576923 0.16002861298076926 0.4851708485576923 0.1423767403846154
1 0.5159085408653846 0.020828456730769232 0.49381947596153847 0.020828456730769232 0.49381947596153847 0.05241023317307692 0.5159085408653846 0.05241023317307692 0.5159085408653846 0.020828456730769232
1 0.5268946346153845 0.057189055288461535 0.5169603990384615 0.057189055288461535 0.5169603990384615 0.07651211538461539 0.5268946346153845 0.07651211538461539 0.5268946346153845 0.057189055288461535
0 0.5143891875000001 0.04098261778846154 0.5085455192307692 0.04098261778846154 0.5085455192307692 0.06716224759615384 0.5143891875000001 0.06716224759615384 0.5143891875000001 0.04098261778846154
0 0.5305177091346154 0.05531908173076923 0.5256090288461539 0.05531908173076923 0.5256090288461539 0.08066761298076923 0.5305177091346154 0.08066761298076923 0.5305177091346154 0.05531908173076923
1 0.5337901610576923 0.08274536057692307 0.5280633677884615 0.08274536057692307 0.5263102668269231 0.08274536057692307 0.5263102668269231 0.10934054086538461 0.5337901610576923 0.10934054086538461 0.5337901610576923 0.08274536057692307
1 0.5337901610576923 0.10061399759615385 0.5211678413461539 0.10061399759615385 0.5211678413461539 0.14545639903846153 0.5337901610576923 0.14545639903846153 0.5337901610576923 0.10061399759615385
1 0.5224534471153846 0.07131774278846154 0.5117010985576923 0.07131774278846154 0.5117010985576923 0.10580836778846153 0.5224534471153846 0.10580836778846153 0.5224534471153846 0.07131774278846154
1 0.49639068990384616 0.050955810096153846 0.4885601754807692 0.050955810096153846 0.4885601754807692 0.07152551923076923 0.49639068990384616 0.07152551923076923 0.49639068990384616 0.050955810096153846
0 0.6078993557692308 0.14414483653846155 0.6131352836538462 0.14414483653846155 0.6131352836538462 0.11522257692307693 0.6078993557692308 0.11522257692307693 0.6078993557692308 0.14414483653846155
0 0.685044923076923 0.15760559134615384 0.6885395312499999 0.15760559134615384 0.6885395312499999 0.12654242067307692 0.685044923076923 0.12654242067307692 0.685044923076923 0.15760559134615384
1 0.6951719302884616 0.10213729567307692 0.6885896225961539 0.10213729567307692 0.6885896225961539 0.12362620192307693 0.6951719302884616 0.12362620192307693 0.6951719302884616 0.10213729567307692
0 0.7853654399038461 0.4359272427884615 0.7695679038461538 0.4359272427884615 0.7695679038461538 0.47624553365384614 0.7853654399038461 0.47624553365384614 0.7853654399038461 0.4359272427884615
0 0.7269382451923078 1 0.7269382451923078 0.9275193197115384 0.7053166754807693 0.9275193197115384 0.7053166754807693 1 0.7269382451923078 1