1 0.3817789471153846 0.6305844158653847 0.35406480769230775 0.6305844158653847 0.35406480769230775 0.6765249711538461 0.3817789471153846 0.6765249711538461 0.3817789471153846 0.6305844158653847
1 0.3293467932692308 0.6146050937499999 0.2975129831730769 0.6146050937499999 0.2975129831730769 0.6685353100961537 0.3293467932692308 0.6685353100961537 0.3293467932692308 0.6146050937499999
1 0.32500931971153846 0.29535925240384614 0.2821048341346154 0.29535925240384614 0.2821048341346154 0.33754466586538456 0.32500931971153846 0.33754466586538456 0.32500931971153846 0.29535925240384614
1 0.3048753701923077 0.3307268221153846 0.27131879086538463 0.3307268221153846 0.27131879086538463 0.37632115865384613 0.3048753701923077 0.37632115865384613 0.3048753701923077 0.3307268221153846
1 0.6815814495192308 0.19282403125 0.6568634326923076 0.19282403125 0.6568634326923076 0.2707232331730769 0.6815814495192308 0.2707232331730769 0.6815814495192308 0.19282403125
1 0.6456279711538462 0.15620474759615383 0.6272767163461539 0.15620474759615383 0.6272767163461539 0.23343814423076925 0.6456279711538462 0.23343814423076925 0.6456279711538462 0.15620474759615383
1 0.6456279711538462 0.11092999759615384 0.6242805937499999 0.11092999759615384 0.6242805937499999 0.15620474759615383 0.6456279711538462 0.15620474759615383 0.6456279711538462 0.11092999759615384
1 0.6242805937499999 0.0763081298076923 0.6021841850961539 0.0763081298076923 0.6021841850961539 0.13756220432692307 0.6242805937499999 0.13756220432692307 0.6242805937499999 0.0763081298076923
1 0.6220335024038461 0.16419440865384616 0.6051803076923077 0.16419440865384616 0.6051803076923077 0.22678009375 0.6220335024038461 0.22678009375 0.6220335024038461 0.16419440865384616
1 0.5946938774038462 0.1342331778846154 0.5789642307692308 0.1342331778846154 0.5789642307692308 0.18616598076923077 0.5946938774038462 0.18616598076923077 0.5946938774038462 0.1342331778846154
1 0.5857055072115385 0.09961131009615384 0.5707248918269231 0.09961131009615384 0.5707248918269231 0.127575125 0.5857055072115385 0.127575125 0.5857055072115385 0.09961131009615384
1 0.5602384615384616 0.1828369543269231 0.5347714134615384 0.1828369543269231 0.5347714134615384 0.24275941826923075 0.5602384615384616 0.24275941826923075 0.5602384615384616 0.1828369543269231
1 0.8647371850961538 0.6581256057692308 0.8042154975961538 0.6581256057692308 0.8042154975961538 0.7310978485576923 0.8647371850961538 0.7310978485576923 0.8647371850961538 0.6581256057692308
1 0.9018891129807692 0.5878165817307692 0.842565875 0.5878165817307692 0.842565875 0.6570603173076923 0.9018891129807692 0.6570603173076923 0.9018891129807692 0.5878165817307692