1 0.0547794639423077 0.5147904927884616 0.0386162860576923 0.5147904927884616 0.0386162860576923 0.5484160192307692 0.0547794639423077 0.5484160192307692 0.0547794639423077 0.5147904927884616
1 0.07816449038461538 0.5037857764423077 0.05684284855769231 0.5037857764423077 0.05684284855769231 0.5459705264423077 0.07816449038461538 0.5459705264423077 0.07816449038461538 0.5037857764423077
1 0.07954007932692307 0.5832642932692308 0.05753064423076923 0.5832642932692308 0.05753064423076923 0.6052737283653846 0.07954007932692307 0.6052737283653846 0.07954007932692307 0.5832642932692308
1 0.1239028485576923 0.5655344711538461 0.10017392548076923 0.5655344711538461 0.10017392548076923 0.6034396105769231 0.1239028485576923 0.6034396105769231 0.1239028485576923 0.5655344711538461
1 0.17273628365384616 0.555141125 0.1521024375 0.555141125 0.1521024375 0.6016054903846154 0.17273628365384616 0.6016054903846154 0.17273628365384616 0.555141125
1 0.15794869471153847 0.512345 0.1393782331730769 0.512345 0.1393782331730769 0.5435250336538462 0.15794869471153847 0.5435250336538462 0.15794869471153847 0.512345
1 0.1269979254807692 0.4793308461538462 0.10464459375 0.4793308461538462 0.10464459375 0.5147904927884616 0.1269979254807692 0.5147904927884616 0.1269979254807692 0.4793308461538462
1 0.14109772115384617 0.4677147572115385 0.12218336057692307 0.4677147572115385 0.12218336057692307 0.5037857764423077 0.14109772115384617 0.5037857764423077 0.14109772115384617 0.4677147572115385
1 0.16035597596153844 0.46160102403846154 0.14694397596153846 0.46160102403846154 0.14694397596153846 0.49400380528846155 0.16035597596153844 0.49400380528846155 0.16035597596153844 0.46160102403846154
1 0.20609433653846151 0.4982834158653846 0.18408489903846154 0.4982834158653846 0.18408489903846154 0.5398567956730769 0.20609433653846151 0.5398567956730769 0.20609433653846151 0.4982834158653846
1 0.2662763870192308 0.5954917572115385 0.22500869471153845 0.5954917572115385 0.22500869471153845 0.6541835865384615 0.2662763870192308 0.6541835865384615 0.2662763870192308 0.5954917572115385
1 0.25423997596153847 0.4952265504807692 0.2415157716346154 0.4952265504807692 0.2415157716346154 0.5343544375 0.25423997596153847 0.5343544375 0.25423997596153847 0.4952265504807692
1 0.2817517716346154 0.5588093653846153 0.27040315625 0.5588093653846153 0.27040315625 0.5912121442307693 0.2817517716346154 0.5912121442307693 0.2817517716346154 0.5588093653846153
1 0.3030734110576923 0.5710368293269231 0.2851907451923077 0.5710368293269231 0.2851907451923077 0.5961031322115384 0.3030734110576923 0.5961031322115384 0.3030734110576923 0.5710368293269231
1 0.32026828365384613 0.6016054903846154 0.29894664182692304 0.6016054903846154 0.29894664182692304 0.6230035528846154 0.32026828365384613 0.6230035528846154 0.32026828365384613 0.6016054903846154
1 0.3439972067307692 0.6046623557692308 0.32645843750000003 0.6046623557692308 0.32645843750000003 0.6285059110576923 0.3439972067307692 0.6285059110576923 0.3439972067307692 0.6046623557692308
1 0.3973013076923077 0.6022168629807692 0.3835454110576923 0.6022168629807692 0.3835454110576923 0.6217808052884616 0.3973013076923077 0.6217808052884616 0.3973013076923077 0.6022168629807692
1 0.43547392307692306 0.5771505625000001 0.4203424350961538 0.5771505625000001 0.4203424350961538 0.5991599975961539 0.43547392307692306 0.5991599975961539 0.43547392307692306 0.5771505625000001
1 0.4909340048076923 0.5341604783653846 0.47580251682692304 0.5341604783653846 0.47580251682692304 0.5772011514423077 0.4909340048076923 0.5772011514423077 0.4909340048076923 0.5341604783653846
1 0.49918754326923076 0.4916089038461538 0.48570676201923074 0.4916089038461538 0.48570676201923074 0.53318228125 0.49918754326923076 0.53318228125 0.49918754326923076 0.4916089038461538
1 0.5239481586538461 0.5087273533653847 0.5052401370192308 0.5087273533653847 0.5052401370192308 0.5346495769230769 0.5239481586538461 0.5346495769230769 0.5239481586538461 0.5087273533653847
1 0.47855369711538465 0.4916089038461538 0.46094614903846154 0.4916089038461538 0.46094614903846154 0.5189984230769231 0.47855369711538465 0.5189984230769231 0.47855369711538465 0.4916089038461538
1 0.4359104158653846 0.4735122548076923 0.4207789278846154 0.4735122548076923 0.4207789278846154 0.5145965360576923 0.4359104158653846 0.5145965360576923 0.4359104158653846 0.4735122548076923
1 0.4139009783653846 0.4671539735576923 0.39409248798076923 0.4671539735576923 0.39409248798076923 0.5028581706730769 0.4139009783653846 0.5028581706730769 0.4139009783653846 0.4671539735576923
1 0.3830877692307692 0.4999235793269231 0.3665806923076923 0.4999235793269231 0.3665806923076923 0.5199766201923077 0.3830877692307692 0.5199766201923077 0.3830877692307692 0.4999235793269231
1 0.36465486778846157 0.46324118509615386 0.3484229086538461 0.46324118509615386 0.3484229086538461 0.49454349278846155 0.36465486778846157 0.49454349278846155 0.36465486778846157 0.46324118509615386
1 0.35502573798076925 0.4735122548076923 0.34044448798076926 0.4735122548076923 0.34044448798076926 0.5004126778846154 0.35502573798076925 0.5004126778846154 0.35502573798076925 0.4735122548076923
1 0.34044448798076926 0.4676430721153846 0.3236622932692308 0.4676430721153846 0.3236622932692308 0.5004126778846154 0.34044448798076926 0.5004126778846154 0.34044448798076926 0.4676430721153846
1 0.3110199350961539 0.4758746514423077 0.2983425 0.4758746514423077 0.2983425 0.5078030048076922 0.3110199350961539 0.5078030048076922 0.3110199350961539 0.4758746514423077
1 0.2736919326923077 0.43799885817307693 0.2599580456730769 0.43799885817307693 0.2599580456730769 0.4724313966346154 0.2736919326923077 0.4724313966346154 0.2736919326923077 0.43799885817307693
0 0.33408582451923075 0.4282951418269231 0.3244016730769231 0.4282951418269231 0.3244016730769231 0.45709326442307696 0.33408582451923075 0.45709326442307696 0.33408582451923075 0.4282951418269231
0 0.31802223798076923 0.4285230625 0.30283572596153846 0.4285230625 0.30283572596153846 0.4606079278846154 0.31802223798076923 0.4606079278846154 0.31802223798076923 0.4285230625
0 0.30657733173076923 0.41287190625000003 0.29073053605769233 0.41287190625000003 0.29073053605769233 0.4437829375 0.30657733173076923 0.4437829375 0.30657733173076923 0.41287190625000003
0 0.3244016730769231 0.4011335408653846 0.3076778028846154 0.4011335408653846 0.3076778028846154 0.43204457211538466 0.3244016730769231 0.43204457211538466 0.3244016730769231 0.4011335408653846
0 0.31296006730769227 0.3921341274038461 0.3021754423076923 0.3921341274038461 0.3021754423076923 0.41874109134615384 0.31296006730769227 0.41874109134615384 0.31296006730769227 0.3921341274038461
0 0.3244016730769231 0.3811783197115384 0.3083380865384615 0.3811783197115384 0.3083380865384615 0.40778528125 0.3244016730769231 0.40778528125 0.3244016730769231 0.3811783197115384
0 0.350156014423077 0.42343643750000004 0.350156014423077 0.40582888701923076 0.3393713894230769 0.40582888701923076 0.3393713894230769 0.43830503365384615 0.350156014423077 0.43830503365384615 0.350156014423077 0.42343643750000004
0 0.3466345048076923 0.4539561875 0.3616009206730769 0.4539561875 0.3616009206730769 0.42343643750000004 0.3466345048076923 0.42343643750000004 0.3466345048076923 0.4539561875
0 0.3587396923076923 0.4523910721153846 0.37546686538461543 0.4523910721153846 0.37546686538461543 0.42343643750000004 0.3587396923076923 0.42343643750000004 0.3587396923076923 0.4523910721153846
0 0.3822897884615385 0.4038724927884615 0.3730458269230769 0.4038724927884615 0.3730458269230769 0.4390875913461538 0.3822897884615385 0.4390875913461538 0.3822897884615385 0.4038724927884615
0 0.378988375 0.44260910096153844 0.3930744134615385 0.44260910096153844 0.3930744134615385 0.4148283004807692 0.378988375 0.4148283004807692 0.378988375 0.44260910096153844
0 0.3675434663461538 0.38626494471153844 0.3560985600961538 0.38626494471153844 0.3560985600961538 0.42343643750000004 0.3675434663461538 0.42343643750000004 0.3675434663461538 0.38626494471153844
0 0.35939997596153844 0.3447893870192308 0.34685459855769235 0.3447893870192308 0.34685459855769235 0.37648297355769234 0.35939997596153844 0.37648297355769234 0.35939997596153844 0.3447893870192308
0 0.3704046947115385 0.3882213389423077 0.3807491298076923 0.3882213389423077 0.3807491298076923 0.3541800793269231 0.3704046947115385 0.3541800793269231 0.3704046947115385 0.3882213389423077
0 0.3723855432692308 0.3459632235576923 0.3616009206730769 0.3459632235576923 0.3616009206730769 0.3792219254807693 0.3723855432692308 0.3792219254807693 0.3723855432692308 0.3459632235576923
0 0.3083380865384615 0.34713706009615386 0.2975534615384615 0.34713706009615386 0.2975534615384615 0.3811783197115384 0.3083380865384615 0.3811783197115384 0.3083380865384615 0.34713706009615386
0 0.29953431009615383 0.3909602908653846 0.28632864903846156 0.3909602908653846 0.28632864903846156 0.4253928317307692 0.29953431009615383 0.4253928317307692 0.29953431009615383 0.3909602908653846
0 0.29953431009615383 0.3682661177884615 0.2865487451923077 0.3682661177884615 0.2865487451923077 0.3968294735576923 0.29953431009615383 0.3968294735576923 0.29953431009615383 0.3682661177884615
0 0.2900702548076923 0.3663097235576923 0.27862534855769233 0.3663097235576923 0.27862534855769233 0.3968294735576923 0.2900702548076923 0.3968294735576923 0.2900702548076923 0.3663097235576923
1 0.27510383894230767 0.4066114447115385 0.26585987499999997 0.4066114447115385 0.26585987499999997 0.42030620673076924 0.27510383894230767 0.42030620673076924 0.27510383894230767 0.4066114447115385
0 0.16393307692307693 0.3374763846153846 0.15266424759615385 0.3374763846153846 0.15266424759615385 0.3719089230769231 0.16393307692307693 0.3719089230769231 0.16393307692307693 0.3374763846153846
0 0.16322877644230768 0.3709698557692308 0.1746736826923077 0.3709698557692308 0.1746736826923077 0.33434615384615385 0.16322877644230768 0.33434615384615385 0.16322877644230768 0.3709698557692308
0 0.20020462740384615 0.3678396225961539 0.18629466346153847 0.3678396225961539 0.18629466346153847 0.4091586706730769 0.20020462740384615 0.4091586706730769 0.20020462740384615 0.3678396225961539
0 0.1958027403846154 0.408532625 0.21059308173076924 0.408532625 0.21059308173076924 0.37566520192307695 0.1958027403846154 0.37566520192307695 0.1958027403846154 0.408532625
0 0.22133368509615386 0.3647093918269231 0.20566296875 0.3647093918269231 0.20566296875 0.40759355528846153 0.22133368509615386 0.40759355528846153 0.22133368509615386 0.3647093918269231
0 0.24633640384615385 0.3631442764423077 0.2354197235576923 0.3631442764423077 0.2354197235576923 0.39288147115384614 0.24633640384615385 0.39288147115384614 0.24633640384615385 0.3631442764423077
0 0.25197081971153845 0.39444658653846154 0.26341572596153845 0.39444658653846154 0.26341572596153845 0.3628312548076923 0.25197081971153845 0.3628312548076923 0.25197081971153845 0.39444658653846154
0 0.2549641033653846 0.3559447451923077 0.24616032932692308 0.3559447451923077 0.24616032932692308 0.3972637932692308 0.2549641033653846 0.3972637932692308 0.2549641033653846 0.3559447451923077
0 0.2664090096153846 0.34874521634615385 0.25566840625 0.34874521634615385 0.25566840625 0.3816126394230769 0.2664090096153846 0.3816126394230769 0.2664090096153846 0.34874521634615385
0 0.24017376201923077 0.33027685336538465 0.22855278125 0.33027685336538465 0.22855278125 0.3690917163461539 0.24017376201923077 0.3690917163461539 0.24017376201923077 0.33027685336538465
0 0.22855278125 0.30523500721153846 0.21675572355769232 0.30523500721153846 0.21675572355769232 0.34718010096153845 0.22855278125 0.34718010096153845 0.22855278125 0.30523500721153846
0 0.2097127043269231 0.3237033677884616 0.1979156466346154 0.3237033677884616 0.1979156466346154 0.3647093918269231 0.2097127043269231 0.3647093918269231 0.2097127043269231 0.3237033677884616
0 0.20090893028846152 0.3002266370192308 0.19069655048076922 0.3002266370192308 0.19069655048076922 0.3393545216346154 0.20090893028846152 0.3393545216346154 0.20090893028846152 0.3002266370192308
0 0.27855821875 0.30836523798076926 0.2662329350961538 0.30836523798076926 0.2662329350961538 0.35281451682692305 0.27855821875 0.35281451682692305 0.27855821875 0.30836523798076926
1 0.5998886201923077 0.5459804615384616 0.5717165432692307 0.5459804615384616 0.5717165432692307 0.5713353317307692 0.5998886201923077 0.5713353317307692 0.5998886201923077 0.5459804615384616
1 0.6292932259615385 0.5187474543269232 0.6078120168269231 0.5187474543269232 0.6078120168269231 0.5619446394230769 0.6292932259615385 0.5619446394230769 0.6292932259615385 0.5187474543269232
1 0.6553523990384615 0.47555026923076926 0.6403859807692308 0.47555026923076926 0.6403859807692308 0.5196865240384615 0.6553523990384615 0.5196865240384615 0.6553523990384615 0.47555026923076926
1 0.6706709663461539 0.47523724519230764 0.6604585865384615 0.47523724519230764 0.6604585865384615 0.5124869927884615 0.6706709663461539 0.5124869927884615 0.6706709663461539 0.47523724519230764
1 0.6932086274038463 0.44393493749999996 0.6810594182692308 0.44393493749999996 0.6810594182692308 0.4739851538461538 0.6932086274038463 0.4739851538461538 0.6932086274038463 0.44393493749999996
1 0.6766575312499999 0.43579633653846156 0.6613389639423077 0.43579633653846156 0.6613389639423077 0.4717939903846154 0.6766575312499999 0.4717939903846154 0.6766575312499999 0.43579633653846156
1 0.7317691586538462 0.47805445192307694 0.7180352716346154 0.47805445192307694 0.7180352716346154 0.5209386153846154 0.7317691586538462 0.5209386153846154 0.7317691586538462 0.47805445192307694
1 0.6410902836538461 0.4264056442307692 0.623482735576923 0.4264056442307692 0.623482735576923 0.4592730673076923 0.6410902836538461 0.4592730673076923 0.6410902836538461 0.4264056442307692
1 0.8148639951923078 0.5967731033653846 0.7976085985576924 0.5967731033653846 0.7976085985576924 0.6280754134615385 0.8148639951923078 0.6280754134615385 0.8148639951923078 0.5967731033653846
1 0.7881005216346153 0.4937885096153846 0.7748948605769231 0.4937885096153846 0.7748948605769231 0.5329163942307692 0.7881005216346153 0.5329163942307692 0.7881005216346153 0.4937885096153846
1 0.8439164495192307 0.4859629326923077 0.8189137307692308 0.4859629326923077 0.8189137307692308 0.5188303557692308 0.8439164495192307 0.5188303557692308 0.8439164495192307 0.4859629326923077
1 0.8338801466346154 0.5567061490384615 0.8550092067307692 0.5567061490384615 0.8550092067307692 0.5150740793269231 0.8338801466346154 0.5150740793269231 0.8338801466346154 0.5567061490384615
1 0.9069514735576922 0.515700125 0.8858224158653846 0.515700125 0.8858224158653846 0.5498196418269231 0.9069514735576922 0.5498196418269231 0.9069514735576922 0.515700125
1 0.8858224158653846 0.584565204326923 0.9046624927884616 0.584565204326923 0.9046624927884616 0.5441852259615385 0.8858224158653846 0.5441852259615385 0.8858224158653846 0.584565204326923
1 0.9394244711538462 0.4216106442307692 0.9260427331730768 0.4216106442307692 0.9260427331730768 0.4611767620192308 0.9394244711538462 0.4611767620192308 0.9394244711538462 0.4216106442307692
1 0.9159007860576923 0.3925621009615385 0.9056179783653846 0.3925621009615385 0.9056179783653846 0.4303752908653846 0.9159007860576923 0.4303752908653846 0.9159007860576923 0.3925621009615385
1 0.8863201033653846 0.3677706730769231 0.8715297644230768 0.3677706730769231 0.8715297644230768 0.40282925721153845 0.8863201033653846 0.40282925721153845 0.8863201033653846 0.3677706730769231
1 0.7898307379807693 0.40883930288461534 0.7757446995192308 0.40883930288461534 0.7757446995192308 0.43813826201923073 0.7898307379807693 0.43813826201923073 0.7898307379807693 0.40883930288461534
0 0.7212500408653846 0.3703725216346154 0.7051356129807692 0.3703725216346154 0.7051356129807692 0.40182508173076925 0.7212500408653846 0.40182508173076925 0.7212500408653846 0.3703725216346154
0 0.6410754375000001 0.36431422836538463 0.6278345600961538 0.36431422836538463 0.6278345600961538 0.3971190480769231 0.6410754375000001 0.3971190480769231 0.6410754375000001 0.36431422836538463
0 0.6244539110576923 0.38910565625 0.6103678725961539 0.38910565625 0.6103678725961539 0.41790378125 0.6244539110576923 0.41790378125 0.6244539110576923 0.38910565625
0 0.6075506658653846 0.41840461778846155 0.5965635552884615 0.41840461778846155 0.5965635552884615 0.4509590192307692 0.6075506658653846 0.4509590192307692 0.6075506658653846 0.41840461778846155
0 0.5965635552884615 0.4071357860576923 0.5855764447115385 0.4071357860576923 0.5855764447115385 0.44469855528846153 0.5965635552884615 0.44469855528846153 0.5965635552884615 0.4071357860576923
0 0.5720538461538461 0.41214415625 0.5523333918269231 0.41214415625 0.5523333918269231 0.4492060889423077 0.5720538461538461 0.4492060889423077 0.5720538461538461 0.41214415625
0 0.5693775 0.37082510817307696 0.5531785552884615 0.37082510817307696 0.5531785552884615 0.40838787980769226 0.5693775 0.40838787980769226 0.5693775 0.37082510817307696
0 0.5505022067307692 0.4061341129807692 0.5378247716346154 0.4061341129807692 0.5378247716346154 0.4467019038461538 0.5505022067307692 0.4467019038461538 0.5505022067307692 0.4061341129807692
0 0.5505022067307692 0.3921106778846154 0.5355710072115385 0.3921106778846154 0.5355710072115385 0.42992386778846153 0.5505022067307692 0.42992386778846153 0.5505022067307692 0.3921106778846154
0 0.5352892860576923 0.43743642067307686 0.5206398052884615 0.43743642067307686 0.5206398052884615 0.4647320336538462 0.5352892860576923 0.4647320336538462 0.5352892860576923 0.43743642067307686
0 0.5206398052884615 0.4156500144230769 0.5071172091346153 0.4156500144230769 0.5071172091346153 0.44970692548076924 0.5206398052884615 0.44970692548076924 0.5206398052884615 0.4156500144230769
0 0.5088075336538462 0.4421943725961538 0.5088075336538462 0.4159004326923077 0.5002150480769231 0.4159004326923077 0.5002150480769231 0.4421943725961538 0.5012010721153847 0.4421943725961538 0.5088075336538462 0.4421943725961538
0 0.5031731177884615 0.4687387307692308 0.51063871875 0.4687387307692308 0.51063871875 0.4421943725961538 0.5031731177884615 0.4421943725961538 0.5031731177884615 0.4687387307692308
0 0.5045817211538461 0.44094227884615383 0.4926085889423077 0.44094227884615383 0.4926085889423077 0.4742479350961538 0.5045817211538461 0.4742479350961538 0.5045817211538461 0.44094227884615383
0 0.48965051923076924 0.44469855528846153 0.4651408125 0.44469855528846153 0.4651408125 0.4810092331730769 0.48965051923076924 0.4810092331730769 0.48965051923076924 0.44469855528846153
0 0.5281195576923077 0.34618296153846156 0.5160055649038461 0.34618296153846156 0.5160055649038461 0.38124154807692306 0.5281195576923077 0.38124154807692306 0.5281195576923077 0.34618296153846156
0 0.49966575961538456 0.34843672836538464 0.4836076754807692 0.34843672836538464 0.4836076754807692 0.3819928028846154 0.49966575961538456 0.3819928028846154 0.49966575961538456 0.34843672836538464
0 0.49360876201923076 0.39426330769230766 0.4836076754807692 0.39426330769230766 0.4836076754807692 0.4245639423076923 0.49360876201923076 0.4245639423076923 0.49360876201923076 0.39426330769230766
0 0.4812130480769231 0.3787373629807692 0.47036679807692305 0.3787373629807692 0.47036679807692305 0.4125438557692308 0.4812130480769231 0.4125438557692308 0.4812130480769231 0.3787373629807692
0 0.4595205480769231 0.4318260793269231 0.44318074278846153 0.4318260793269231 0.44318074278846153 0.4613754567307692 0.4595205480769231 0.4613754567307692 0.4595205480769231 0.4318260793269231
0 0.46163345432692304 0.42080766586538465 0.45064634374999996 0.42080766586538465 0.45064634374999996 0.44359574759615383 0.46163345432692304 0.44359574759615383 0.46163345432692304 0.42080766586538465
0 0.45388613221153845 0.3935120528846153 0.44064525721153847 0.3935120528846153 0.44064525721153847 0.4238126875 0.45388613221153845 0.4238126875 0.45388613221153845 0.3935120528846153
0 0.44064525721153847 0.4042800480769231 0.4272635192307692 0.4042800480769231 0.4272635192307692 0.44084114423076926 0.44064525721153847 0.44084114423076926 0.44064525721153847 0.4042800480769231
0 0.4041373245192308 0.40917416346153845 0.3933192475961539 0.40917416346153845 0.3933192475961539 0.4378220360576923 0.4041373245192308 0.4378220360576923 0.4041373245192308 0.40917416346153845
0 0.4147300264423077 0.4035647908653846 0.40436270192307694 0.4035647908653846 0.40436270192307694 0.4376217019230769 0.4147300264423077 0.4376217019230769 0.4147300264423077 0.4035647908653846
0 0.4209278846153846 0.3993577596153846 0.4103351826923077 0.3993577596153846 0.4103351826923077 0.43682036298076926 0.4209278846153846 0.43682036298076926 0.4209278846153846 0.3993577596153846
0 0.3963618317307693 0.36249616105769233 0.38576912980769235 0.36249616105769233 0.38576912980769235 0.40035943269230767 0.3963618317307693 0.40035943269230767 0.3963618317307693 0.36249616105769233
0 0.3938826899038462 0.40076010336538465 0.40571496153846154 0.40076010336538465 0.40571496153846154 0.3653008485576923 0.3938826899038462 0.3653008485576923 0.3938826899038462 0.40076010336538465
0 0.4177726105769231 0.3707098870192308 0.4076306634615384 0.3707098870192308 0.4076306634615384 0.3993577596153846 0.4177726105769231 0.3993577596153846 0.4177726105769231 0.3707098870192308
0 0.43129520913461533 0.36810553365384613 0.42149132451923077 0.36810553365384613 0.42149132451923077 0.4073711514423077 0.43129520913461533 0.4073711514423077 0.43129520913461533 0.36810553365384613
0 0.43907070192307696 0.36029247836538464 0.4297175721153846 0.36029247836538464 0.4297175721153846 0.3953510649038462 0.43907070192307696 0.3953510649038462 0.43907070192307696 0.36029247836538464
0 0.45157910336538465 0.3667031923076923 0.44143715625 0.3667031923076923 0.44143715625 0.39655307211538465 0.45157910336538465 0.39655307211538465 0.45157910336538465 0.3667031923076923
0 0.45248061057692307 0.39434938942307696 0.463186 0.39434938942307696 0.463186 0.3644995072115385 0.45248061057692307 0.3644995072115385 0.45248061057692307 0.39434938942307696
0 0.4583404038461539 0.3434643581730769 0.44797307932692304 0.3434643581730769 0.44797307932692304 0.3725128990384615 0.4583404038461539 0.3725128990384615 0.4583404038461539 0.3434643581730769
0 0.4699472980769231 0.3322456105769231 0.45822771394230766 0.3322456105769231 0.45822771394230766 0.3677048653846154 0.4699472980769231 0.3677048653846154 0.4699472980769231 0.3322456105769231
0 0.40267237740384615 0.3206261923076923 0.3944461298076923 0.3206261923076923 0.3944461298076923 0.35548444471153845 0.40267237740384615 0.35548444471153845 0.40267237740384615 0.3206261923076923
0 0.41901218269230767 0.3086061057692308 0.40819410576923076 0.3086061057692308 0.40819410576923076 0.34907373076923076 0.41901218269230767 0.34907373076923076 0.41901218269230767 0.3086061057692308
1 0.0026920721153846153 0 0.0026920721153846153 0.3321111826923077 0.9994572860576922 0.3321111826923077 0.9994572860576922 0 0.0026920721153846153 0
0 0.5683926418269231 0.30959466346153847 0.5585662211538461 0.30959466346153847 0.5585662211538461 0.3493410817307692 0.5683926418269231 0.3493410817307692 0.5683926418269231 0.30959466346153847
0 0.5547798942307692 0.3062290384615384 0.5426997067307693 0.3062290384615384 0.5426997067307693 0.34757813701923074 0.5547798942307692 0.34757813701923074 0.5547798942307692 0.3062290384615384
0 0.5305293701923077 0.30238261298076924 0.5188999375 0.30238261298076924 0.5188999375 0.3422892980769231 0.5305293701923077 0.3422892980769231 0.5305293701923077 0.30238261298076924