1 0.9407425216346154 0.7473403725961538 0.8905243317307693 0.7473403725961538 0.8905243317307693 0.7926517043269231 0.9407425216346154 0.7926517043269231 0.9407425216346154 0.7473403725961538
1 0.9556313317307693 0.6432588966346154 0.9225731274038461 0.6432588966346154 0.9225731274038461 0.682738076923077 0.9556313317307693 0.682738076923077 0.9556313317307693 0.6432588966346154
1 0.3106177932692308 0.6320432211538461 0.26872724278846155 0.6320432211538461 0.26872724278846155 0.669279266826923 0.3106177932692308 0.669279266826923 0.3106177932692308 0.6320432211538461
1 0.33837659134615383 0.6289028317307692 0.3149077884615385 0.6289028317307692 0.3149077884615385 0.6625498605769231 0.33837659134615383 0.6625498605769231 0.33837659134615383 0.6289028317307692
1 0.3701730336538462 0.6239679350961538 0.33711482932692305 0.6239679350961538 0.33711482932692305 0.6585122163461539 0.3701730336538462 0.6585122163461539 0.3701730336538462 0.6239679350961538
1 0.4420935576923077 0.38081207451923077 0.40853064663461536 0.38081207451923077 0.40853064663461536 0.4355445745192308 0.4420935576923077 0.4355445745192308 0.4420935576923077 0.38081207451923077
1 0.4617770697115385 0.3404356394230769 0.43250415384615387 0.3404356394230769 0.43250415384615387 0.3767744302884615 0.4617770697115385 0.3767744302884615 0.4617770697115385 0.3404356394230769
1 0.6790527572115385 0.20001537259615385 0.6525557211538462 0.20001537259615385 0.6525557211538462 0.27538471875 0.6790527572115385 0.27538471875 0.6790527572115385 0.20001537259615385
1 0.6507892524038461 0.18745381490384616 0.6275728028846154 0.18745381490384616 0.6275728028846154 0.24756984134615384 0.6507892524038461 0.24756984134615384 0.6507892524038461 0.18745381490384616
1 0.6432186706730769 0.11657074278846154 0.62252575 0.11657074278846154 0.62252575 0.18745381490384616 0.6432186706730769 0.18745381490384616 0.6432186706730769 0.11657074278846154
1 0.6182357524038462 0.1695087331730769 0.6043563533653846 0.1695087331730769 0.6043563533653846 0.23455965625000003 0.6182357524038462 0.23455965625000003 0.6182357524038462 0.1695087331730769
1 0.6076369374999999 0.06587588701923076 0.5849251947115385 0.06587588701923076 0.5849251947115385 0.14214248317307693 0.6076369374999999 0.14214248317307693 0.6076369374999999 0.06587588701923076
1 0.59527165625 0.14169385817307692 0.5788687283653846 0.14169385817307692 0.5788687283653846 0.1991181201923077 0.59527165625 0.1991181201923077 0.59527165625 0.14169385817307692
1 0.5639799182692308 0.19014557692307693 0.5379875889423077 0.19014557692307693 0.5379875889423077 0.25340199278846154 0.5639799182692308 0.25340199278846154 0.5639799182692308 0.19014557692307693