1 0.4747149927884615 0.8214173846153846 0.4635694158653846 0.8214173846153846 0.4635694158653846 0.8709532884615385 0.4747149927884615 0.8709532884615385 0.4747149927884615 0.8214173846153846
1 0.5440404903846153 0.6843020048076922 0.5386906129807693 0.6843020048076922 0.5386906129807693 0.7187789927884616 0.5440404903846153 0.7187789927884616 0.5440404903846153 0.6843020048076922
1 0.6055640817307693 0.703720079326923 0.596201795673077 0.703720079326923 0.596201795673077 0.7374044927884615 0.6055640817307693 0.7374044927884615 0.6055640817307693 0.703720079326923
1 0.7763117572115384 0.7417862572115385 0.7683226057692308 0.7417862572115385 0.7683226057692308 0.7657283461538462 0.7763117572115384 0.7657283461538462 0.7763117572115384 0.7417862572115385
1 0.5486079903846154 0.5710760408653847 0.5419206442307692 0.5710760408653847 0.5419206442307692 0.582469298076923 0.5486079903846154 0.582469298076923 0.5486079903846154 0.5710760408653847
1 0.5664409158653846 0.5542338341346154 0.5614254062499999 0.5542338341346154 0.5614254062499999 0.5611688605769231 0.5664409158653846 0.5611688605769231 0.5664409158653846 0.5542338341346154
1 0.6461318004807691 0.5463080889423076 0.6405590120192308 0.5463080889423076 0.6405590120192308 0.5547291947115385 0.6461318004807691 0.5547291947115385 0.6461318004807691 0.5463080889423076
1 0.6767821418269231 0.5581967067307693 0.6712093509615384 0.5581967067307693 0.6712093509615384 0.5690946057692308 0.6767821418269231 0.5690946057692308 0.6767821418269231 0.5581967067307693
1 0.7716419038461539 0.5667215721153845 0.7652331971153846 0.5667215721153845 0.7652331971153846 0.578114829326923 0.7716419038461539 0.578114829326923 0.7716419038461539 0.5667215721153845
1 0.7019820408653845 0.5731612403846154 0.6958519735576923 0.5731612403846154 0.6958519735576923 0.5840591370192307 0.7019820408653845 0.5840591370192307 0.7019820408653845 0.5731612403846154
1 0.9182269375000001 0.5659301586538461 0.9118182307692309 0.5659301586538461 0.9118182307692309 0.5728651850961538 0.9182269375000001 0.5728651850961538 0.9182269375000001 0.5659301586538461
1 0.9641737139423078 0.6683920793269231 0.9590467475961538 0.6683920793269231 0.9590467475961538 0.6917730240384615 0.9641737139423078 0.6917730240384615 0.9641737139423078 0.6683920793269231
1 0.8783527620192307 0.6117230048076923 0.8743403533653846 0.6117230048076923 0.8743403533653846 0.6232153341346154 0.8783527620192307 0.6232153341346154 0.8783527620192307 0.6117230048076923
1 0.5822660384615385 0.9042391899038461 0.5690138918269231 0.9042391899038461 0.5690138918269231 0.9258753461538463 0.5822660384615385 0.9258753461538463 0.5822660384615385 0.9042391899038461
1 0.6724499014423077 0.84127584375 0.6564932355769231 0.84127584375 0.6564932355769231 0.8614695889423077 0.6724499014423077 0.8614695889423077 0.6724499014423077 0.84127584375
1 0.699765548076923 0.7552120240384615 0.6863781754807692 0.7552120240384615 0.6863781754807692 0.7746845649038462 0.699765548076923 0.7746845649038462 0.699765548076923 0.7552120240384615
1 0.7218073822115384 0.7662705048076923 0.7127472403846155 0.7662705048076923 0.7127472403846155 0.7770885817307692 0.7218073822115384 0.7770885817307692 0.7218073822115384 0.7662705048076923
1 0.7416855985576922 0.6698694110576924 0.7346538485576922 0.6698694110576924 0.7346538485576922 0.6787642740384616 0.7416855985576922 0.6787642740384616 0.7416855985576922 0.6698694110576924
1 0.7304618437499999 0.6321263389423077 0.726675516826923 0.6321263389423077 0.726675516826923 0.6381363822115385 0.7304618437499999 0.6381363822115385 0.7304618437499999 0.6321263389423077
1 0.7120711105769231 0.6030377307692307 0.7019291634615384 0.6030377307692307 0.7019291634615384 0.6133750048076924 0.7120711105769231 0.6133750048076924 0.7120711105769231 0.6030377307692307
1 0.7284334543269231 0.5833247884615385 0.7069325240384615 0.5833247884615385 0.7069325240384615 0.5917388485576923 0.7284334543269231 0.5917388485576923 0.7284334543269231 0.5833247884615385
1 0.7438492139423077 0.5701026923076923 0.7230244158653847 0.5701026923076923 0.7230244158653847 0.5773147451923077 0.7438492139423077 0.5773147451923077 0.7438492139423077 0.5701026923076923
1 0.7456071514423077 0.5563997932692307 0.7437139879807693 0.5563997932692307 0.7437139879807693 0.560486625 0.7456071514423077 0.560486625 0.7456071514423077 0.5563997932692307
1 0.7488525769230769 0.5607270240384615 0.7466889615384615 0.5607270240384615 0.7466889615384615 0.5655350600961538 0.7488525769230769 0.5655350600961538 0.7488525769230769 0.5607270240384615
1 0.7538559374999999 0.5626502379807692 0.7507457403846154 0.5626502379807692 0.7507457403846154 0.5679390769230769 0.7538559374999999 0.5679390769230769 0.7538559374999999 0.5626502379807692
1 0.6702161899038461 0.6173489350961539 0.666995423076923 0.6173489350961539 0.666995423076923 0.6327645673076923 0.6702161899038461 0.6327645673076923 0.6702161899038461 0.6173489350961539