1 0.0034876899038461537 0.5089802211538461 0.04545959134615385 0.5089802211538461 0.04545959134615385 0.47730331490384614 0.0034876899038461537 0.47730331490384614 0.0034876899038461537 0.5089802211538461
1 0.05773439423076923 0.6502357620192308 0.04928721875 0.6502357620192308 0.04928721875 0.6769851490384616 0.05773439423076923 0.6769851490384616 0.05773439423076923 0.6502357620192308
1 0.0342406875 0.6722922740384616 0.02777331971153846 0.6722922740384616 0.02777331971153846 0.6819126682692308 0.0342406875 0.6819126682692308 0.0342406875 0.6722922740384616
1 0.028301266826923077 0.6842591057692308 0.022757807692307692 0.6842591057692308 0.022757807692307692 0.6917677043269231 0.028301266826923077 0.6917677043269231 0.028301266826923077 0.6842591057692308
1 0.16528755528846156 0.8664864062500001 0.15700932451923075 0.8664864062500001 0.15700932451923075 0.8947187427884615 0.16528755528846156 0.8947187427884615 0.16528755528846156 0.8664864062500001
1 0.17280554086538463 0.9337634615384616 0.16334470432692308 0.9337634615384616 0.16334470432692308 0.9663507860576923 0.17280554086538463 0.9663507860576923 0.17280554086538463 0.9337634615384616
1 0.19519055528846152 0.9582414975961538 0.18893964423076925 0.9582414975961538 0.18893964423076925 0.9756614495192307 0.19519055528846152 0.9756614495192307 0.19519055528846152 0.9582414975961538
1 0.25998038701923076 0.8993740721153846 0.2500971923076923 0.8993740721153846 0.2500971923076923 0.9349648389423078 0.25998038701923076 0.9349648389423078 0.25998038701923076 0.8993740721153846
1 0.2942759182692308 0.8675376081730769 0.28751817788461537 0.8675376081730769 0.28751817788461537 0.8984730408653847 0.2942759182692308 0.8984730408653847 0.2942759182692308 0.8675376081730769
1 0.34968410817307694 0.9849345721153846 0.3615101514423077 0.9849345721153846 0.3615101514423077 0.9494564350961539 0.34968410817307694 0.9494564350961539 0.34968410817307694 0.9849345721153846
1 0.30905108413461535 0.7707949278846153 0.30269880769230767 0.7707949278846153 0.30269880769230767 0.7998682283653846 0.30905108413461535 0.7998682283653846 0.30905108413461535 0.7707949278846153
1 0.4243877572115385 0.8142697235576922 0.43612932932692305 0.8142697235576922 0.43612932932692305 0.79159375 0.4243877572115385 0.79159375 0.4243877572115385 0.8142697235576922
1 0.5332144254807692 0.9267010552884615 0.53981378125 0.9267010552884615 0.53981378125 0.8990130913461538 0.5332144254807692 0.8990130913461538 0.5332144254807692 0.9267010552884615
1 0.5240186201923077 0.7363430240384615 0.5156390216346154 0.7363430240384615 0.5156390216346154 0.7476359591346153 0.5240186201923077 0.7476359591346153 0.5240186201923077 0.7363430240384615
1 0.5649364711538462 0.9070895288461538 0.558073141826923 0.9070895288461538 0.558073141826923 0.9232330192307692 0.5649364711538462 0.9232330192307692 0.5649364711538462 0.9070895288461538
1 0.5707439038461538 0.8967652043269231 0.5624023197115384 0.8967652043269231 0.5624023197115384 0.9145981298076923 0.5707439038461538 0.9145981298076923 0.5707439038461538 0.8967652043269231
1 0.6500516586538462 0.7550814399038461 0.6433203173076923 0.7550814399038461 0.6433203173076923 0.7815961850961538 0.6500516586538462 0.7815961850961538 0.6500516586538462 0.7550814399038461
1 0.82063675 0.8609644350961538 0.8146973317307692 0.8609644350961538 0.8146973317307692 0.8787973581730769 0.82063675 0.8787973581730769 0.82063675 0.8609644350961538
1 0.8150338149038461 0.6482133822115385 0.8222139134615385 0.6482133822115385 0.8222139134615385 0.6340972163461539 0.8150338149038461 0.6340972163461539 0.8150338149038461 0.6482133822115385
1 0.8150327596153846 0.5215891033653846 0.8106537427884616 0.5215891033653846 0.8106537427884616 0.5407150096153847 0.8150327596153846 0.5407150096153847 0.8150327596153846 0.5215891033653846
1 0.45657718750000004 0.6837799927884615 0.4489747283653846 0.6837799927884615 0.4489747283653846 0.7016504615384616 0.45657718750000004 0.7016504615384616 0.45657718750000004 0.6837799927884615
1 0.49813728846153843 0.6798755192307693 0.5086117860576923 0.6798755192307693 0.5086117860576923 0.6626057403846153 0.49813728846153843 0.6626057403846153 0.49813728846153843 0.6798755192307693
1 0.5177347355769231 0.6133493245192307 0.512413014423077 0.6133493245192307 0.512413014423077 0.6271651490384615 0.5177347355769231 0.6271651490384615 0.5177347355769231 0.6133493245192307
1 0.5043881971153846 0.600885048076923 0.5092030865384616 0.600885048076923 0.5092030865384616 0.5890214591346153 0.5043881971153846 0.5890214591346153 0.5043881971153846 0.600885048076923
1 0.5239856442307692 0.5881204278846154 0.5277024014423077 0.5881204278846154 0.5277024014423077 0.5667960048076923 0.5239856442307692 0.5667960048076923 0.5239856442307692 0.5881204278846154
1 0.5258440216346154 0.5732533990384615 0.5229719831730769 0.5732533990384615 0.5229719831730769 0.5920248990384616 0.5258440216346154 0.5920248990384616 0.5258440216346154 0.5732533990384615
1 0.5135111466346154 0.5885709447115385 0.5193396971153846 0.5885709447115385 0.5193396971153846 0.5750554639423077 0.5135111466346154 0.5750554639423077 0.5135111466346154 0.5885709447115385
1 0.5109791923076923 0.5768937067307692 0.5157885384615384 0.5768937067307692 0.5157885384615384 0.5661908870192307 0.5109791923076923 0.5661908870192307 0.5109791923076923 0.5768937067307692
1 0.5183489110576923 0.5606549471153847 0.5236772548076923 0.5606549471153847 0.5236772548076923 0.5503827019230769 0.5183489110576923 0.5503827019230769 0.5183489110576923 0.5606549471153847
1 0.5317107836538462 0.5405664615384616 0.5267911490384616 0.5405664615384616 0.5267911490384616 0.5525802211538461 0.5317107836538462 0.5525802211538461 0.5317107836538462 0.5405664615384616
1 0.48505534615384616 0.5290332524038461 0.47867603846153844 0.5290332524038461 0.47867603846153844 0.5484474879807693 0.48505534615384616 0.5484474879807693 0.48505534615384616 0.5290332524038461
1 0.32246950961538456 0.6614455817307692 0.31667406971153844 0.6614455817307692 0.31667406971153844 0.6843582259615384 0.32246950961538456 0.6843582259615384 0.32246950961538456 0.6614455817307692
1 0.3544309158653846 0.6506043653846153 0.3481597331730769 0.6506043653846153 0.3481597331730769 0.6734401201923077 0.3544309158653846 0.6734401201923077 0.3544309158653846 0.6506043653846153
1 0.4122031923076923 0.6581113341346154 0.40908922596153846 0.6581113341346154 0.40908922596153846 0.6636472764423077 0.4122031923076923 0.6636472764423077 0.4122031923076923 0.6581113341346154
1 0.40705511298076924 0.5648080889423077 0.39965079086538463 0.5648080889423077 0.39965079086538463 0.5862137259615385 0.40705511298076924 0.5862137259615385 0.40705511298076924 0.5648080889423077
1 0.38895950721153844 0.5631473052884616 0.37844121875 0.5631473052884616 0.37844121875 0.5822155456730769 0.38895950721153844 0.5822155456730769 0.38895950721153844 0.5631473052884616
1 0.3757510985576923 0.554074514423077 0.3717288918269231 0.554074514423077 0.3717288918269231 0.5671454855769231 0.3757510985576923 0.5671454855769231 0.3757510985576923 0.554074514423077
1 0.2919715 0.5279405312500001 0.2894111274038461 0.5279405312500001 0.2894111274038461 0.5435641875 0.2919715 0.5435641875 0.2919715 0.5279405312500001
1 0.2944500360576923 0.525643860576923 0.2921145625 0.525643860576923 0.2921145625 0.5368695192307692 0.2944500360576923 0.5368695192307692 0.2944500360576923 0.525643860576923
1 0.33173309615384616 0.48291788461538465 0.32778873798076924 0.48291788461538465 0.32778873798076924 0.5000793004807692 0.33173309615384616 0.5000793004807692 0.33173309615384616 0.48291788461538465
1 0.40238806971153845 0.47325638942307696 0.3979150288461539 0.47325638942307696 0.3979150288461539 0.4875858653846154 0.40238806971153845 0.4875858653846154 0.40238806971153845 0.47325638942307696
1 0.3899426105769231 0.41188990144230775 0.38531456249999996 0.41188990144230775 0.38531456249999996 0.4261406418269231 0.3899426105769231 0.4261406418269231 0.3899426105769231 0.41188990144230775
1 0.3940734543269231 0.4427186706730769 0.38878109375 0.4427186706730769 0.38878109375 0.45102504326923076 0.3940734543269231 0.45102504326923076 0.3940734543269231 0.4427186706730769
1 0.43201461538461533 0.38468310096153846 0.4285159014423077 0.38468310096153846 0.4285159014423077 0.39771347596153844 0.43201461538461533 0.39771347596153844 0.43201461538461533 0.38468310096153846
1 0.47407461778846155 0.4304112019230769 0.47048490625 0.4304112019230769 0.47048490625 0.44271329086538463 0.47407461778846155 0.44271329086538463 0.47407461778846155 0.4304112019230769
1 0.46728443990384616 0.39519646875000003 0.4636514783653846 0.39519646875000003 0.4636514783653846 0.4084212139423077 0.46728443990384616 0.4084212139423077 0.46728443990384616 0.39519646875000003
1 0.4602347644230769 0.4087287668269231 0.45664505528846155 0.4087287668269231 0.45664505528846155 0.4216459615384615 0.4602347644230769 0.4216459615384615 0.4602347644230769 0.4087287668269231
1 0.45876428125 0.42741256730769234 0.4553475673076923 0.42741256730769234 0.4553475673076923 0.4359471418269231 0.45876428125 0.4359471418269231 0.45876428125 0.42741256730769234
1 0.49345566105769234 0.39203996634615385 0.4903201033653846 0.39203996634615385 0.4903201033653846 0.39925194471153846 0.49345566105769234 0.39925194471153846 0.49345566105769234 0.39203996634615385
1 0.5202175048076924 0.4085653100961538 0.5173803365384615 0.4085653100961538 0.5173803365384615 0.41699224278846153 0.5202175048076924 0.41699224278846153 0.5202175048076924 0.4085653100961538
1 0.5561831971153846 0.5320329807692308 0.5516160480769231 0.5320329807692308 0.5516160480769231 0.5374951105769231 0.5561831971153846 0.5374951105769231 0.5561831971153846 0.5320329807692308
1 0.5441425264423077 0.5152529302884615 0.5409593605769231 0.5152529302884615 0.5409593605769231 0.5221913100961538 0.5441425264423077 0.5221913100961538 0.5441425264423077 0.5152529302884615
1 0.5402396899038462 0.5162863052884615 0.5465783413461538 0.5162863052884615 0.5465783413461538 0.5074288004807692 0.5402396899038462 0.5074288004807692 0.5402396899038462 0.5162863052884615
1 0.5745659807692308 0.5027939879807692 0.5785125 0.5027939879807692 0.5785125 0.4923179903846154 0.5745659807692308 0.4923179903846154 0.5745659807692308 0.5027939879807692
1 0.56694325 0.4705010024038462 0.5693760360576923 0.4705010024038462 0.5693760360576923 0.4621394230769231 0.56694325 0.4621394230769231 0.56694325 0.4705010024038462
1 0.5585095913461539 0.46252386538461543 0.5657538870192308 0.46252386538461543 0.5657538870192308 0.4536817379807693 0.5585095913461539 0.4536817379807693 0.5585095913461539 0.46252386538461543
1 0.5725656899038462 0.4384002331730769 0.5679163653846154 0.4384002331730769 0.5679163653846154 0.44801124278846155 0.5725656899038462 0.44801124278846155 0.5725656899038462 0.4384002331730769
1 0.5745165649038462 0.36236176682692306 0.567488516826923 0.36236176682692306 0.567488516826923 0.37850826201923077 0.5745165649038462 0.37850826201923077 0.5745165649038462 0.36236176682692306
1 0.5512158774038461 0.3560185024038462 0.54845871875 0.3560185024038462 0.54845871875 0.3657256201923077 0.5512158774038461 0.3657256201923077 0.5512158774038461 0.3560185024038462
1 0.58760428125 0.3910899711538462 0.5838848197115385 0.3910899711538462 0.5838848197115385 0.3972410168269231 0.58760428125 0.3972410168269231 0.58760428125 0.3910899711538462
1 0.6127755096153846 0.4012391971153846 0.6097047932692308 0.4012391971153846 0.6097047932692308 0.40669825000000004 0.6127755096153846 0.40669825000000004 0.6127755096153846 0.4012391971153846
1 0.6230688990384615 0.37063774759615387 0.6201279326923077 0.37063774759615387 0.6201279326923077 0.37632746394230765 0.6230688990384615 0.37632746394230765 0.6230688990384615 0.37063774759615387
1 0.6242366370192307 0.37848032932692305 0.6258801201923077 0.37848032932692305 0.6258801201923077 0.3693306490384615 0.6242366370192307 0.3693306490384615 0.6242366370192307 0.37848032932692305
1 0.6311133149038461 0.3611805144230769 0.6289075865384616 0.3611805144230769 0.6289075865384616 0.3660244639423077 0.6311133149038461 0.3660244639423077 0.6311133149038461 0.3611805144230769
1 0.6388117307692307 0.34034384855769234 0.635654514423077 0.34034384855769234 0.635654514423077 0.3466486706730769 0.6388117307692307 0.3466486706730769 0.6388117307692307 0.34034384855769234
1 0.6419689471153845 0.3499548581730769 0.6309835649038462 0.3499548581730769 0.6309835649038462 0.3601809711538462 0.6419689471153845 0.3601809711538462 0.6419689471153845 0.3499548581730769
1 0.6160192259615385 0.30812775 0.6116942716346154 0.30812775 0.6116942716346154 0.3149707884615385 0.6160192259615385 0.3149707884615385 0.6160192259615385 0.30812775
1 0.6302915721153847 0.31028061538461543 0.6240203894230769 0.31028061538461543 0.6240203894230769 0.31504767548076923 0.6302915721153847 0.31504767548076923 0.6302915721153847 0.31028061538461543
1 0.6423581923076923 0.3145863461538462 0.6399794687499999 0.3145863461538462 0.6399794687499999 0.3196609591346154 0.6423581923076923 0.3196609591346154 0.6423581923076923 0.3145863461538462
1 0.6436989302884615 0.3168929903846154 0.6414067043269231 0.3168929903846154 0.6414067043269231 0.3213524975961538 0.6436989302884615 0.3213524975961538 0.6436989302884615 0.3168929903846154
1 0.6464668990384616 0.32112183413461537 0.6443909206730769 0.32112183413461537 0.6443909206730769 0.32565822836538466 0.6464668990384616 0.32565822836538466 0.6464668990384616 0.32112183413461537
1 0.6482833798076922 0.3159703317307692 0.6470291442307693 0.3159703317307692 0.6470291442307693 0.31996851201923077 0.6482833798076922 0.31996851201923077 0.6482833798076922 0.3159703317307692
1 0.7018290504807693 0.33090231009615384 0.6991475793269231 0.33090231009615384 0.6991475793269231 0.34466527403846153 0.7018290504807693 0.34466527403846153 0.7018290504807693 0.33090231009615384
1 0.7684229951923077 0.25421294471153844 0.7664632499999999 0.25421294471153844 0.7664632499999999 0.26190175240384617 0.7684229951923077 0.26190175240384617 0.7684229951923077 0.25421294471153844
1 0.73003903125 0.22045427884615384 0.7262546971153847 0.22045427884615384 0.7262546971153847 0.22994514903846155 0.73003903125 0.22994514903846155 0.73003903125 0.22045427884615384
1 0.7749104254807692 0.28809174759615386 0.7719370192307693 0.28809174759615386 0.7719370192307693 0.29590069230769234 0.7749104254807692 0.29590069230769234 0.7749104254807692 0.28809174759615386
1 0.82329584375 0.2769189519230769 0.8210657908653847 0.2769189519230769 0.8210657908653847 0.28304596875 0.82329584375 0.28304596875 0.82329584375 0.2769189519230769
1 0.6226585432692308 0.2847278942307692 0.6200230240384615 0.2847278942307692 0.6200230240384615 0.29554027884615386 0.6226585432692308 0.29554027884615386 0.6226585432692308 0.2847278942307692
1 0.6492840384615385 0.24412138701923075 0.6480676442307692 0.24412138701923075 0.6480676442307692 0.25084909134615385 0.6492840384615385 0.25084909134615385 0.6492840384615385 0.24412138701923075
1 0.6492840384615385 0.25169005528846156 0.6504328533653846 0.25169005528846156 0.6504328533653846 0.24412138701923075 0.6492840384615385 0.24412138701923075 0.6492840384615385 0.25169005528846156
1 0.6521222884615384 0.30947624278846153 0.6990885817307693 0.30947624278846153 0.6990885817307693 0.2263410216346154 0.6521222884615384 0.2263410216346154 0.6521222884615384 0.30947624278846153
1 0.6518484711538461 0.31381689182692313 0.6488729038461538 0.31381689182692313 0.6488729038461538 0.31719996875 0.6518484711538461 0.31719996875 0.6518484711538461 0.31381689182692313
1 0.6511218798076922 0.31037230769230767 0.6484577067307692 0.31037230769230767 0.6484577067307692 0.31381689182692313 0.6511218798076922 0.31381689182692313 0.6511218798076922 0.31037230769230767
1 0.5560299807692307 0.38524916105769236 0.5514052908653846 0.38524916105769236 0.5514052908653846 0.3988736442307692 0.5560299807692307 0.3988736442307692 0.5560299807692307 0.38524916105769236
1 0.5492911466346154 0.3959373317307693 0.5436093870192308 0.3959373317307693 0.5436093870192308 0.40592078846153845 0.5492911466346154 0.40592078846153845 0.5492911466346154 0.3959373317307693