1 0.10735891105769231 0.5575061538461539 0.10039292548076924 0.5575061538461539 0.10039292548076924 0.5758344375 0.10735891105769231 0.5758344375 0.10735891105769231 0.5575061538461539
1 0.12268408173076922 0.49261412019230766 0.11711129326923077 0.49261412019230766 0.11711129326923077 0.5089609687500001 0.12268408173076922 0.5089609687500001 0.12268408173076922 0.49261412019230766
1 0.19011482932692306 0.48914660576923075 0.18342748317307694 0.48914660576923075 0.18342748317307694 0.5064841730769231 0.19011482932692306 0.5064841730769231 0.19011482932692306 0.48914660576923075
1 0.2884745576923077 0.6853087836538462 0.2845736057692308 0.6853087836538462 0.2845736057692308 0.6986834759615385 0.2884745576923077 0.6986834759615385 0.2884745576923077 0.6853087836538462
1 0.28122993269230767 0.7145349663461539 0.29126095192307694 0.7145349663461539 0.29126095192307694 0.7021509903846154 0.28122993269230767 0.7021509903846154 0.28122993269230767 0.7145349663461539
1 0.41553414903846153 0.6575686778846154 0.40996136057692306 0.6575686778846154 0.40996136057692306 0.6937298870192308 0.41553414903846153 0.6937298870192308 0.41553414903846153 0.6575686778846154
1 0.31912489903846153 0.5852462572115384 0.3121589110576923 0.5852462572115384 0.3121589110576923 0.6129863653846154 0.31912489903846153 0.6129863653846154 0.31912489903846153 0.5852462572115384
1 0.19053600240384616 0.3691368413461538 0.18368815865384616 0.3691368413461538 0.18368815865384616 0.38181803124999997 0.19053600240384616 0.38181803124999997 0.19053600240384616 0.3691368413461538
1 0.22477521875 0.39703546153846153 0.22020999038461536 0.39703546153846153 0.22020999038461536 0.4135210096153846 0.22477521875 0.4135210096153846 0.22477521875 0.39703546153846153
1 0.22192194951923078 0.42620220192307695 0.2189260192307692 0.42620220192307695 0.2189260192307692 0.43761527403846157 0.22192194951923078 0.43761527403846157 0.22192194951923078 0.42620220192307695
1 0.22991110096153847 0.42620220192307695 0.22448989182692308 0.42620220192307695 0.22448989182692308 0.44040513461538466 0.22991110096153847 0.44040513461538466 0.22991110096153847 0.42620220192307695
1 0.2788446466346154 0.4571443076923077 0.2742794182692308 0.4571443076923077 0.2742794182692308 0.4733762331730769 0.2788446466346154 0.4733762331730769 0.2788446466346154 0.4571443076923077
1 0.26443564423076926 0.38232527884615386 0.2621530288461539 0.38232527884615386 0.2621530288461539 0.3906948653846154 0.26443564423076926 0.3906948653846154 0.26443564423076926 0.38232527884615386
1 0.2747074086538462 0.36736147355769233 0.27213946875 0.36736147355769233 0.27213946875 0.3744629399038461 0.2747074086538462 0.3744629399038461 0.2747074086538462 0.36736147355769233
1 0.3060933581730769 0.36583973076923076 0.30124280048076923 0.36583973076923076 0.30124280048076923 0.3802962884615385 0.3060933581730769 0.3802962884615385 0.3060933581730769 0.36583973076923076
1 0.2864058076923077 0.3988108269230769 0.2824112331730769 0.3988108269230769 0.2824112331730769 0.4175789903846154 0.2864058076923077 0.4175789903846154 0.2864058076923077 0.3988108269230769
1 0.3002441586538462 0.38917312259615383 0.29639224519230767 0.38917312259615383 0.29639224519230767 0.4043905528846154 0.3002441586538462 0.4043905528846154 0.3002441586538462 0.38917312259615383
1 0.31565180528846154 0.3957673413461539 0.31122924038461536 0.3957673413461539 0.31122924038461536 0.4109847716346154 0.31565180528846154 0.4109847716346154 0.31565180528846154 0.3957673413461539
1 0.32891950240384615 0.3962745889423077 0.3243542716346154 0.3962745889423077 0.3243542716346154 0.41428188221153844 0.32891950240384615 0.41428188221153844 0.32891950240384615 0.3962745889423077
1 0.29724822596153844 0.42391958653846157 0.2936816418269231 0.42391958653846157 0.2936816418269231 0.4406587596153846 0.29724822596153844 0.4406587596153846 0.29724822596153844 0.42391958653846157
1 0.3080906442307692 0.4216369711538462 0.3036680793269231 0.4216369711538462 0.3036680793269231 0.4371080264423077 0.3080906442307692 0.4371080264423077 0.3080906442307692 0.4216369711538462
1 0.3169357764423077 0.4132673846153846 0.3135118533653846 0.4132673846153846 0.3135118533653846 0.43076743028846154 0.3169357764423077 0.43076743028846154 0.3169357764423077 0.4132673846153846
1 0.3043813966346154 0.4779414615384615 0.29995883173076926 0.4779414615384615 0.29995883173076926 0.4934125144230769 0.3043813966346154 0.4934125144230769 0.3043813966346154 0.4779414615384615
1 0.29410963221153846 0.49823136778846155 0.28854575961538464 0.49823136778846155 0.28854575961538464 0.5137024206730769 0.29410963221153846 0.5137024206730769 0.29410963221153846 0.49823136778846155
1 0.31522381490384616 0.46449939903846155 0.31008793269230767 0.46449939903846155 0.31008793269230767 0.4822530673076923 0.31522381490384616 0.4822530673076923 0.31522381490384616 0.46449939903846155
1 0.3117998942307692 0.5005139807692308 0.3179344206730769 0.5005139807692308 0.3179344206730769 0.4855501754807693 0.3117998942307692 0.4855501754807693 0.3117998942307692 0.5005139807692308
1 0.2558758389423077 0.41199926682692306 0.2525945817307692 0.41199926682692306 0.2525945817307692 0.42036885336538465 0.2558758389423077 0.42036885336538465 0.2558758389423077 0.41199926682692306
1 0.2677169014423077 0.3977963317307692 0.2654342884615385 0.3977963317307692 0.2654342884615385 0.40641954326923074 0.2677169014423077 0.40641954326923074 0.2677169014423077 0.3977963317307692
1 0.27156881490384616 0.3962745889423077 0.26857288221153847 0.3962745889423077 0.26857288221153847 0.4056586706730769 0.27156881490384616 0.4056586706730769 0.27156881490384616 0.3962745889423077
1 0.2718541418269231 0.4145355048076923 0.2681448918269231 0.4145355048076923 0.2681448918269231 0.42214421875 0.2718541418269231 0.42214421875 0.2718541418269231 0.4145355048076923
1 0.27485007211538465 0.388665875 0.27485007211538465 0.38207165625 0.2707128341346154 0.38207165625 0.2707128341346154 0.39500647115384613 0.27485007211538465 0.39500647115384613 0.27485007211538465 0.388665875
1 0.27485007211538465 0.40033256971153847 0.2782739951923077 0.40033256971153847 0.2782739951923077 0.388665875 0.27485007211538465 0.388665875 0.27485007211538465 0.40033256971153847
1 0.2816979158653846 0.37801367307692313 0.2765620336538462 0.37801367307692313 0.2765620336538462 0.38917312259615383 0.2816979158653846 0.38917312259615383 0.2816979158653846 0.37801367307692313
1 0.23737469471153846 0.4397790480769231 0.2322477283653846 0.4397790480769231 0.2322477283653846 0.46078226923076926 0.23737469471153846 0.46078226923076926 0.23737469471153846 0.4397790480769231
1 0.3095980408653846 0.5178476322115384 0.3022419591346154 0.5178476322115384 0.3022419591346154 0.5356805552884615 0.3095980408653846 0.5356805552884615 0.3095980408653846 0.5178476322115384
1 0.3191832379807692 0.5273585240384615 0.31472500721153845 0.5273585240384615 0.31472500721153845 0.5416248653846154 0.3191832379807692 0.5416248653846154 0.3191832379807692 0.5273585240384615
1 0.3301059038461539 0.5237919399038462 0.3258705841346154 0.5237919399038462 0.3258705841346154 0.5380582788461539 0.3301059038461539 0.5380582788461539 0.3301059038461539 0.5237919399038462
1 0.3301059038461539 0.5491543221153846 0.3345641370192308 0.5491543221153846 0.3345641370192308 0.5293399615384615 0.3301059038461539 0.5293399615384615 0.3301059038461539 0.5491543221153846
1 0.34570971394230765 0.46593400480769226 0.34080566105769233 0.46593400480769226 0.34080566105769233 0.4885223774038462 0.34570971394230765 0.4885223774038462 0.34570971394230765 0.46593400480769226
1 0.35306579567307694 0.4798040576923077 0.34949921153846153 0.4798040576923077 0.34949921153846153 0.5019961418269231 0.35306579567307694 0.5019961418269231 0.35306579567307694 0.4798040576923077
1 0.3557407355769231 0.5103181730769231 0.3597531418269231 0.5103181730769231 0.3597531418269231 0.49010752644230765 0.3557407355769231 0.49010752644230765 0.3557407355769231 0.5103181730769231
1 0.3577469399038461 0.4798040576923077 0.35306579567307694 0.4798040576923077 0.35306579567307694 0.5055627283653846 0.3577469399038461 0.5055627283653846 0.3577469399038461 0.4798040576923077
1 0.4112457139423077 0.49882584375 0.4050041899038461 0.49882584375 0.4050041899038461 0.5273585240384615 0.4112457139423077 0.5273585240384615 0.4112457139423077 0.49882584375
1 0.44067004086538464 0.48733351442307693 0.43398269471153844 0.48733351442307693 0.43398269471153844 0.5134884711538461 0.44067004086538464 0.5134884711538461 0.44067004086538464 0.48733351442307693
1 0.4348743389423077 0.5471728846153846 0.42930155048076923 0.5471728846153846 0.42930155048076923 0.576498141826923 0.4348743389423077 0.576498141826923 0.4348743389423077 0.5471728846153846
1 0.37736315625 0.46989687740384617 0.37223618990384616 0.46989687740384617 0.37223618990384616 0.4865409399038461 0.37736315625 0.4865409399038461 0.37736315625 0.46989687740384617
1 0.44379080288461537 0.42987186778846154 0.43821801442307695 0.42987186778846154 0.43821801442307695 0.4496862283653846 0.44379080288461537 0.4496862283653846 0.44379080288461537 0.42987186778846154
1 0.33907312740384615 0.3667542668269231 0.33386876682692307 0.3667542668269231 0.33386876682692307 0.3821745961538462 0.33907312740384615 0.3821745961538462 0.33907312740384615 0.3667542668269231
1 0.35888622115384616 0.36983833173076924 0.35550795192307694 0.36983833173076924 0.35550795192307694 0.3818499567307692 0.35888622115384616 0.3818499567307692 0.35888622115384616 0.36983833173076924
1 0.3586123076923077 0.4057108870192308 0.35404707932692303 0.4057108870192308 0.35404707932692303 0.4230790456730769 0.3586123076923077 0.4230790456730769 0.3586123076923077 0.4057108870192308
1 0.3678340697115384 0.4057108870192308 0.36418188701923077 0.4057108870192308 0.36418188701923077 0.4185341057692308 0.3678340697115384 0.4185341057692308 0.3678340697115384 0.4057108870192308
1 0.38180367067307697 0.36480643509615385 0.3771471370192308 0.36480643509615385 0.3771471370192308 0.3803890841346154 0.38180367067307697 0.3803890841346154 0.38180367067307697 0.36480643509615385
1 0.38892542788461537 0.37243543990384614 0.3846341129807692 0.37243543990384614 0.3846341129807692 0.3915891105769231 0.38892542788461537 0.3915891105769231 0.38892542788461537 0.37243543990384614
1 0.3696330552884615 0.3782484975961538 0.3636982572115385 0.3782484975961538 0.3636982572115385 0.3952920192307693 0.3696330552884615 0.3952920192307693 0.3696330552884615 0.3782484975961538
1 0.40867881730769234 0.36623242548076923 0.4026869543269231 0.36623242548076923 0.4026869543269231 0.3847469663461538 0.40867881730769234 0.3847469663461538 0.40867881730769234 0.36623242548076923
1 0.38872876682692303 0.40924702644230765 0.38443745192307693 0.40924702644230765 0.38443745192307693 0.4251543125 0.38872876682692303 0.4251543125 0.38872876682692303 0.40924702644230765
1 0.37850265625 0.43992536538461535 0.3740287307692308 0.43992536538461535 0.3740287307692308 0.4556703317307692 0.37850265625 0.4556703317307692 0.37850265625 0.43992536538461535
1 0.3890939855769231 0.44106159855769234 0.3836157115384615 0.44106159855769234 0.3836157115384615 0.4590790360576923 0.3890939855769231 0.4590790360576923 0.3890939855769231 0.44106159855769234
1 0.3836157115384615 0.43408187259615383 0.37914178605769233 0.43408187259615383 0.37914178605769233 0.45420945913461536 0.3836157115384615 0.45420945913461536 0.3836157115384615 0.43408187259615383
1 0.4320984423076923 0.4032412139423077 0.42853756249999997 0.4032412139423077 0.42853756249999997 0.4262905480769231 0.4320984423076923 0.4262905480769231 0.4320984423076923 0.4032412139423077
1 0.44908109375 0.38311362740384614 0.4459767379807692 0.38311362740384614 0.4459767379807692 0.40356585336538464 0.44908109375 0.40356585336538464 0.44908109375 0.38311362740384614
1 0.45684198317307695 0.3865223317307693 0.45291588461538457 0.3865223317307693 0.45291588461538457 0.4066499182692308 0.45684198317307695 0.4066499182692308 0.45684198317307695 0.3865223317307693
1 0.44186803125 0.3904179951923077 0.4381245432692307 0.3904179951923077 0.4381245432692307 0.4124934110576923 0.44186803125 0.4124934110576923 0.44186803125 0.3904179951923077
1 0.41876797355769235 0.38376290625 0.41465926682692306 0.38376290625 0.41465926682692306 0.4029165769230769 0.41876797355769235 0.4029165769230769 0.41876797355769235 0.38376290625
1 0.4103679519230769 0.3983716370192308 0.4079940336538461 0.3983716370192308 0.4079940336538461 0.40567600480769234 0.4103679519230769 0.40567600480769234 0.4103679519230769 0.3983716370192308
1 0.40954621153846155 0.40275425721153846 0.4055288100961538 0.40275425721153846 0.4055288100961538 0.4219079278846154 0.40954621153846155 0.4219079278846154 0.40954621153846155 0.40275425721153846
1 0.39849835817307694 0.4142789230769231 0.39548530769230766 0.4142789230769231 0.39548530769230766 0.43018620913461536 0.39849835817307694 0.43018620913461536 0.39849835817307694 0.4142789230769231
1 0.40151140865384616 0.42044705528846155 0.39785922596153844 0.42044705528846155 0.39785922596153844 0.4404123221153846 0.40151140865384616 0.4404123221153846 0.40151140865384616 0.42044705528846155
1 0.40635055048076923 0.41817458653846157 0.4021505408653846 0.41817458653846157 0.4021505408653846 0.43684129807692307 0.40635055048076923 0.43684129807692307 0.40635055048076923 0.41817458653846157
1 0.39621574278846156 0.3891194399038461 0.3920157331730769 0.3891194399038461 0.3920157331730769 0.4042151298076923 0.39621574278846156 0.4042151298076923 0.39621574278846156 0.3891194399038461
1 0.39274616826923076 0.3936643798076923 0.3882722451923077 0.3936643798076923 0.3882722451923077 0.4042151298076923 0.39274616826923076 0.4042151298076923 0.39274616826923076 0.3936643798076923
1 0.4183114519230769 0.4068122379807692 0.41447665865384614 0.4068122379807692 0.41447665865384614 0.4272644639423077 0.4183114519230769 0.4272644639423077 0.4183114519230769 0.4068122379807692
1 0.42296798317307693 0.3983716370192308 0.41977232451923074 0.3983716370192308 0.41977232451923074 0.4194731394230769 0.42296798317307693 0.4194731394230769 0.42296798317307693 0.3983716370192308
1 0.46259417067307695 0.3978846802884615 0.4602202524038462 0.3978846802884615 0.4602202524038462 0.4139542860576923 0.46259417067307695 0.4139542860576923 0.46259417067307695 0.3978846802884615
1 0.4654303701923077 0.4563005144230769 0.4610078052884615 0.4563005144230769 0.4610078052884615 0.4806484014423077 0.4654303701923077 0.4806484014423077 0.4654303701923077 0.4563005144230769
1 0.47755675961538463 0.4481845528846154 0.4721355504807692 0.4481845528846154 0.4721355504807692 0.4760831730769231 0.47755675961538463 0.4760831730769231 0.47755675961538463 0.4481845528846154
1 0.46299454807692303 0.35232509134615386 0.4598390625 0.35232509134615386 0.4598390625 0.3710242692307692 0.46299454807692303 0.3710242692307692 0.46299454807692303 0.35232509134615386
1 0.46299454807692303 0.3732058389423077 0.46579942548076925 0.3732058389423077 0.46579942548076925 0.3532600504807692 0.46299454807692303 0.3532600504807692 0.46299454807692303 0.3732058389423077
0 0.5096108846153846 0.7807776274038462 0.49985850240384616 0.7807776274038462 0.49985850240384616 0.8352671201923076 0.5096108846153846 0.8352671201923076 0.5096108846153846 0.7807776274038462
0 0.6044630192307692 0.7225079254807691 0.5908654158653847 0.7225079254807691 0.5908654158653847 0.759758923076923 0.6044630192307692 0.759758923076923 0.6044630192307692 0.7225079254807691
0 0.5320167620192308 0.6618759783653847 0.5237690336538462 0.6618759783653847 0.5237690336538462 0.7054675745192308 0.5320167620192308 0.7054675745192308 0.5320167620192308 0.6618759783653847
0 0.5369208173076923 0.6202658197115384 0.5293418221153846 0.6202658197115384 0.5293418221153846 0.6587056802884615 0.5369208173076923 0.6587056802884615 0.5369208173076923 0.6202658197115384
0 0.51574421875 0.6036217572115384 0.5077194014423078 0.6036217572115384 0.5077194014423078 0.6365135961538461 0.51574421875 0.6365135961538461 0.51574421875 0.6036217572115384
0 0.5369208173076923 0.6071883413461538 0.5309022043269231 0.6071883413461538 0.5309022043269231 0.6202658197115384 0.5369208173076923 0.6202658197115384 0.5369208173076923 0.6071883413461538
0 0.5692429927884615 0.5889591298076924 0.5612181778846154 0.5889591298076924 0.5612181778846154 0.6258138413461538 0.5692429927884615 0.6258138413461538 0.5692429927884615 0.5889591298076924
0 0.5456422307692308 0.5667297211538462 0.5379384086538461 0.5667297211538462 0.5379384086538461 0.6047732956730769 0.5456422307692308 0.6047732956730769 0.5456422307692308 0.5667297211538462
0 0.534514485576923 0.5581065120192308 0.534514485576923 0.5370557355769231 0.527666641826923 0.5370557355769231 0.527666641826923 0.5745920600961538 0.534514485576923 0.5745920600961538 0.534514485576923 0.5581065120192308
0 0.5449289134615385 0.5449180745192308 0.5375104182692307 0.5449180745192308 0.5375104182692307 0.5667297211538462 0.5449289134615385 0.5667297211538462 0.5449289134615385 0.5449180745192308
0 0.5395077043269231 0.5581065120192308 0.5323745360576922 0.5581065120192308 0.5323745360576922 0.5801717860576923 0.5395077043269231 0.5801717860576923 0.5395077043269231 0.5581065120192308
0 0.5041271826923077 0.48151211778846154 0.4975646658653846 0.48151211778846154 0.4975646658653846 0.5094107379807692 0.5041271826923077 0.5094107379807692 0.5041271826923077 0.48151211778846154
0 0.5268106610576923 0.4957150504807692 0.5196774927884615 0.4957150504807692 0.5196774927884615 0.5241209206730769 0.5268106610576923 0.5241209206730769 0.5268106610576923 0.4957150504807692
0 0.5153975889423077 0.49926578605769234 0.5096910552884615 0.49926578605769234 0.5096910552884615 0.5291933966346154 0.5153975889423077 0.5291933966346154 0.5153975889423077 0.49926578605769234
0 0.5129723125 0.47973675000000005 0.5082644206730769 0.47973675000000005 0.5082644206730769 0.49926578605769234 0.5129723125 0.49926578605769234 0.5129723125 0.47973675000000005
0 0.5196774927884615 0.4837947307692308 0.5143989471153846 0.4837947307692308 0.5143989471153846 0.51346871875 0.5196774927884615 0.51346871875 0.5196774927884615 0.4837947307692308
0 0.5315185552884615 0.4878527139423077 0.5258120192307693 0.4878527139423077 0.5258120192307693 0.5139759663461538 0.5315185552884615 0.5139759663461538 0.5315185552884615 0.4878527139423077
0 0.5315185552884615 0.4777077596153846 0.5275239783653846 0.4777077596153846 0.5275239783653846 0.49292518990384615 0.5315185552884615 0.49292518990384615 0.5315185552884615 0.4777077596153846
0 0.5280946322115384 0.4739034038461538 0.52295875 0.4739034038461538 0.52295875 0.4949541802884615 0.5280946322115384 0.4949541802884615 0.5280946322115384 0.4739034038461538
0 0.5767428533653847 0.5241209206730769 0.5767428533653847 0.49698317067307696 0.5718922980769231 0.49698317067307696 0.5718922980769231 0.5045299807692307 0.5718922980769231 0.5241209206730769 0.5767428533653847 0.5241209206730769
0 0.6075942596153846 0.5876053413461538 0.6014311995192307 0.5876053413461538 0.6014311995192307 0.6223010793269231 0.6075942596153846 0.6223010793269231 0.6075942596153846 0.5876053413461538
0 0.5964094495192308 0.5490545192307692 0.5927572644230769 0.5490545192307692 0.5927572644230769 0.5715763149038462 0.5964094495192308 0.5715763149038462 0.5964094495192308 0.5490545192307692
0 0.4959600144230769 0.37063768509615386 0.48939749759615386 0.37063768509615386 0.48939749759615386 0.3977754350961539 0.4959600144230769 0.3977754350961539 0.4959600144230769 0.37063768509615386
0 0.4986706201923077 0.33259411057692306 0.49282142067307694 0.33259411057692306 0.49282142067307694 0.3551666322115385 0.4986706201923077 0.3551666322115385 0.4986706201923077 0.33259411057692306
0 0.63703340625 0.12529665384615385 0.6349790528846154 0.12529665384615385 0.6349790528846154 0.13341261538461538 0.63703340625 0.13341261538461538 0.63703340625 0.12529665384615385
0 0.6180877067307692 0.14639815625 0.6171746610576924 0.14639815625 0.6171746610576924 0.15552861298076925 0.6180877067307692 0.15552861298076925 0.6180877067307692 0.14639815625
0 0.6180877067307692 0.1526880264423077 0.6202561899038461 0.1526880264423077 0.6202561899038461 0.14720975240384615 0.6180877067307692 0.14720975240384615 0.6180877067307692 0.1526880264423077
0 0.6202561899038461 0.1522822283653846 0.621739889423077 0.1522822283653846 0.621739889423077 0.14863004567307692 0.6202561899038461 0.14863004567307692 0.6202561899038461 0.1522822283653846
1 0.6119599567307692 0.0929923341346154 0.5831419495192308 0.0929923341346154 0.5831419495192308 0.12038370673076923 0.6119599567307692 0.12038370673076923 0.6119599567307692 0.0929923341346154
0 0.6826826442307692 0.14915221394230768 0.6789377307692307 0.14915221394230768 0.6789377307692307 0.15898013701923078 0.6826826442307692 0.15898013701923078 0.6826826442307692 0.14915221394230768
0 0.6917774375 0.1535906298076923 0.6880325216346154 0.1535906298076923 0.6880325216346154 0.1653207307692308 0.6917774375 0.1653207307692308 0.6917774375 0.1535906298076923
0 0.7891371442307692 0.22780564423076924 0.783787266826923 0.22780564423076924 0.783787266826923 0.2448459951923077 0.7891371442307692 0.2448459951923077 0.7891371442307692 0.22780564423076924
0 0.7831185336538462 0.19966925240384617 0.7808894182692309 0.19966925240384617 0.7808894182692309 0.21195415625 0.7831185336538462 0.21195415625 0.7831185336538462 0.19966925240384617
0 0.7744249807692308 0.20561356009615384 0.7724187764423077 0.20561356009615384 0.7724187764423077 0.21987990144230768 0.7744249807692308 0.21987990144230768 0.7744249807692308 0.20561356009615384
0 0.7788832139423078 0.20165068749999998 0.7759853629807693 0.20165068749999998 0.7759853629807693 0.2167096033653846 0.7788832139423078 0.2167096033653846 0.7788832139423078 0.20165068749999998
0 0.8270321105769232 0.222257625 0.8252488173076924 0.222257625 0.8252488173076924 0.23652396394230768 0.8270321105769232 0.23652396394230768 0.8270321105769232 0.222257625
0 0.8332736346153846 0.22384277163461538 0.8292612259615384 0.22384277163461538 0.8292612259615384 0.24246827163461537 0.8332736346153846 0.24246827163461537 0.8332736346153846 0.22384277163461538
0 0.7996139879807692 0.1854029110576923 0.7971619615384615 0.1854029110576923 0.7971619615384615 0.1992729639423077 0.7996139879807692 0.1992729639423077 0.7996139879807692 0.1854029110576923
0 0.796716139423077 0.22106876201923079 0.79225790625 0.22106876201923079 0.79225790625 0.23612767788461536 0.796716139423077 0.23612767788461536 0.796716139423077 0.22106876201923079
0 0.8209796153846154 0.2395103846153846 0.8173274326923077 0.2395103846153846 0.8173274326923077 0.2537133197115385 0.8209796153846154 0.2537133197115385 0.8209796153846154 0.2395103846153846
0 0.8424361923076924 0.23727849519230768 0.8390122692307693 0.23727849519230768 0.8390122692307693 0.25026403365384614 0.8424361923076924 0.25026403365384614 0.8424361923076924 0.23727849519230768
1 0.7649913653846153 0.1392211826923077 0.7405673894230769 0.1392211826923077 0.7405673894230769 0.15727919951923075 0.7649913653846153 0.15727919951923075 0.7649913653846153 0.1392211826923077
1 0.8411542211538462 0.16399007451923076 0.8222513197115385 0.16399007451923076 0.8222513197115385 0.18618215865384616 0.8411542211538462 0.18618215865384616 0.8411542211538462 0.16399007451923076
1 0.8745017908653847 0.1779393846153846 0.8484657187500001 0.1779393846153846 0.8484657187500001 0.20076552884615387 0.8745017908653847 0.20076552884615387 0.8745017908653847 0.1779393846153846
0 0.9090976658653845 0.20995939182692308 0.9064227259615384 0.20995939182692308 0.9064227259615384 0.22073840384615384 0.9090976658653845 0.22073840384615384 0.9090976658653845 0.20995939182692308
0 0.8967929471153847 0.20425285576923077 0.8939396778846154 0.20425285576923077 0.8939396778846154 0.21534889903846155 0.8967929471153847 0.21534889903846155 0.8967929471153847 0.20425285576923077
0 0.8855582043269231 0.19949740865384616 0.8841315697115385 0.19949740865384616 0.8841315697115385 0.20964236298076924 0.8855582043269231 0.20964236298076924 0.8855582043269231 0.19949740865384616
0 0.8898381057692308 0.1991803798076923 0.8873414975961539 0.1991803798076923 0.8873414975961539 0.21059345192307694 0.8898381057692308 0.21059345192307694 0.8898381057692308 0.1991803798076923
1 0.9370953581730769 0.21598295673076923 0.9210457259615384 0.21598295673076923 0.9210457259615384 0.227079 0.9370953581730769 0.227079 0.9370953581730769 0.21598295673076923
0 0.8511451177884616 0.2667869807692308 0.8511451177884616 0.26374349278846154 0.8500038100961539 0.26374349278846154 0.8500038100961539 0.27084496153846155 0.8511451177884616 0.27084496153846155 0.8511451177884616 0.2667869807692308
0 0.8500038100961539 0.28885225240384615 0.8452959182692308 0.28885225240384615 0.8452959182692308 0.3071131682692308 0.8500038100961539 0.3071131682692308 0.8500038100961539 0.28885225240384615
0 0.8738285985576923 0.3030551875 0.869691358173077 0.3030551875 0.869691358173077 0.32055523076923076 0.8738285985576923 0.32055523076923076 0.8738285985576923 0.3030551875
0 0.9206221923076924 0.3441422451923077 0.9164849543269231 0.3441422451923077 0.9164849543269231 0.3689973822115385 0.9206221923076924 0.3689973822115385 0.9206221923076924 0.3441422451923077
0 0.93046596875 0.33146105528846154 0.9273273725961538 0.33146105528846154 0.9273273725961538 0.34997559375 0.93046596875 0.34997559375 0.93046596875 0.33146105528846154
0 0.90307459375 0.3121856442307692 0.9019332884615385 0.3121856442307692 0.9019332884615385 0.3296856875 0.90307459375 0.3296856875 0.90307459375 0.3121856442307692
0 0.9072118341346154 0.31497550721153844 0.9042159014423077 0.31497550721153844 0.9042159014423077 0.3332364206730769 0.9072118341346154 0.3332364206730769 0.9072118341346154 0.31497550721153844
0 0.8895215721153846 0.2949392235576923 0.8866683028846154 0.2949392235576923 0.8866683028846154 0.31751174519230774 0.8895215721153846 0.31751174519230774 0.8895215721153846 0.2949392235576923
0 0.8853843341346154 0.2934174807692308 0.8821030745192308 0.2934174807692308 0.8821030745192308 0.3144682596153846 0.8853843341346154 0.3144682596153846 0.8853843341346154 0.2934174807692308
0 0.6595221778846153 0.6430136346153846 0.6525561899038461 0.6430136346153846 0.6525561899038461 0.6861098701923076 0.6595221778846153 0.6861098701923076 0.6595221778846153 0.6430136346153846
0 0.6595221778846153 0.6831377163461538 0.6664881634615385 0.6831377163461538 0.6664881634615385 0.6430136346153846 0.6595221778846153 0.6430136346153846 0.6595221778846153 0.6831377163461538
0 0.7467363269230769 0.5890195 0.7350334687500001 0.5890195 0.7350334687500001 0.63459253125 0.7467363269230769 0.63459253125 0.7467363269230769 0.5890195
0 0.7768293870192308 0.6425182764423076 0.7673556466346153 0.6425182764423076 0.7673556466346153 0.68115628125 0.7768293870192308 0.68115628125 0.7768293870192308 0.6425182764423076
0 0.8127738774038461 0.658369766826923 0.8035787764423077 0.658369766826923 0.8035787764423077 0.6984938461538461 0.8127738774038461 0.6984938461538461 0.8127738774038461 0.658369766826923
0 0.8361795913461538 0.67917484375 0.8267058509615384 0.67917484375 0.8267058509615384 0.7277200312500001 0.8361795913461538 0.7277200312500001 0.8361795913461538 0.67917484375
0 0.8636257524038461 0.713649125 0.8545309615384615 0.713649125 0.8545309615384615 0.7577162644230769 0.8636257524038461 0.7577162644230769 0.8636257524038461 0.713649125
0 0.8559575937499999 0.6844823846153846 0.8490027548076923 0.6844823846153846 0.8490027548076923 0.7193556610576923 0.8559575937499999 0.7193556610576923 0.8559575937499999 0.6844823846153846
0 0.8472194615384615 0.676556639423077 0.8406212788461538 0.676556639423077 0.8406212788461538 0.7142831850961537 0.8472194615384615 0.7142831850961537 0.8472194615384615 0.676556639423077
0 0.8679056538461538 0.6277340552884615 0.8598808389423076 0.6277340552884615 0.8598808389423076 0.6651435673076923 0.8679056538461538 0.6651435673076923 0.8679056538461538 0.6277340552884615
0 0.8534609855769231 0.6144188028846154 0.8447228509615384 0.6144188028846154 0.8447228509615384 0.6556326754807693 0.8534609855769231 0.6556326754807693 0.8534609855769231 0.6144188028846154
0 0.6808786298076923 0.5630951177884616 0.672675483173077 0.5630951177884616 0.672675483173077 0.5976513653846154 0.6808786298076923 0.5976513653846154 0.6808786298076923 0.5630951177884616
0 0.6386145961538462 0.581799875 0.6330863894230769 0.581799875 0.6330863894230769 0.6182583004807692 0.6386145961538462 0.6182583004807692 0.6386145961538462 0.581799875
0 0.6437861442307693 0.5729230408653846 0.6373662908653847 0.5729230408653846 0.6373662908653847 0.6011386923076923 0.6437861442307693 0.6011386923076923 0.6437861442307693 0.5729230408653846
0 0.6955016274038462 0.5006402524038461 0.6880117980769231 0.5006402524038461 0.6880117980769231 0.5288559014423077 0.6955016274038462 0.5288559014423077 0.6955016274038462 0.5006402524038461
0 0.6824835913461539 0.4841547019230769 0.6769553846153846 0.4841547019230769 0.6769553846153846 0.5145895625 0.6824835913461539 0.5145895625 0.6824835913461539 0.4841547019230769
0 0.6716055072115386 0.4892271802884615 0.6667906177884616 0.4892271802884615 0.6667906177884616 0.518076889423077 0.6716055072115386 0.518076889423077 0.6716055072115386 0.4892271802884615
0 0.5116289302884616 0.42685768509615385 0.5048524182692308 0.42685768509615385 0.5048524182692308 0.4563414543269231 0.5116289302884616 0.4563414543269231 0.5116289302884616 0.42685768509615385
0 0.5200104062500001 0.43351531009615385 0.5144821995192308 0.43351531009615385 0.5144821995192308 0.46363313942307693 0.5200104062500001 0.46363313942307693 0.5200104062500001 0.43351531009615385
0 0.5357033798076923 0.43414937019230765 0.5319584663461538 0.43414937019230765 0.5319584663461538 0.45919472115384613 0.5357033798076923 0.45919472115384613 0.5357033798076923 0.43414937019230765
0 0.5408749278846154 0.4677545264423077 0.5408749278846154 0.4633161081730769 0.5358817091346154 0.4633161081730769 0.5358817091346154 0.4918487908653846 0.5408749278846154 0.4918487908653846 0.5408749278846154 0.4677545264423077
0 0.5521096706730769 0.4633161081730769 0.5487214158653846 0.4633161081730769 0.5487214158653846 0.4861422548076923 0.5521096706730769 0.4861422548076923 0.5521096706730769 0.4633161081730769
0 0.5471164519230769 0.4690226442307692 0.5440848533653846 0.4690226442307692 0.5440848533653846 0.48994661057692307 0.5471164519230769 0.48994661057692307 0.5471164519230769 0.4690226442307692
0 0.5440848533653846 0.46712046634615384 0.5390916346153847 0.46712046634615384 0.5390916346153847 0.48994661057692307 0.5440848533653846 0.48994661057692307 0.5440848533653846 0.46712046634615384
0 0.592055423076923 0.43668560817307694 0.5884888389423076 0.43668560817307694 0.5884888389423076 0.4588776923076923 0.592055423076923 0.4588776923076923 0.592055423076923 0.43668560817307694
0 0.5872405336538461 0.4934339375 0.5829606322115384 0.4934339375 0.5829606322115384 0.50706621875 0.5872405336538461 0.50706621875 0.5872405336538461 0.4934339375
0 0.5829606322115384 0.5238687980769231 0.5868838749999999 0.5238687980769231 0.5868838749999999 0.5029448317307692 0.5829606322115384 0.5029448317307692 0.5829606322115384 0.5238687980769231
0 0.5622744375000001 0.47250997355769225 0.5553195985576923 0.47250997355769225 0.5553195985576923 0.5045299807692307 0.5622744375000001 0.5045299807692307 0.5622744375000001 0.47250997355769225
0 0.5633444134615385 0.4512689783653846 0.5556762548076923 0.4512689783653846 0.5556762548076923 0.46807155528846156 0.5633444134615385 0.46807155528846156 0.5633444134615385 0.4512689783653846
0 0.567089326923077 0.4626820504807692 0.567089326923077 0.43700263701923076 0.5617394495192308 0.43700263701923076 0.5617394495192308 0.4626820504807692 0.5661976826923077 0.4626820504807692 0.567089326923077 0.4626820504807692
0 0.5640577307692308 0.5080173076923077 0.571725889423077 0.5080173076923077 0.571725889423077 0.47029076442307693 0.5640577307692308 0.47029076442307693 0.5640577307692308 0.5080173076923077
0 0.5415882451923077 0.4205170889423077 0.5367733557692308 0.4205170889423077 0.5367733557692308 0.44651353125 0.5415882451923077 0.44651353125 0.5415882451923077 0.4205170889423077
0 0.5367733557692308 0.41829787980769234 0.5323151225961539 0.41829787980769234 0.5323151225961539 0.43224718990384614 0.5367733557692308 0.43224718990384614 0.5367733557692308 0.41829787980769234
0 0.5793940456730768 0.4309790721153846 0.5733308509615385 0.4309790721153846 0.5733308509615385 0.4579266033653846 0.5793940456730768 0.4579266033653846 0.5793940456730768 0.4309790721153846
0 0.5593581538461538 0.4156057524038462 0.5569623221153847 0.4156057524038462 0.5569623221153847 0.4335777379807692 0.5593581538461538 0.4335777379807692 0.5593581538461538 0.4156057524038462
0 0.5573129326923077 0.43264278125 0.5538068365384615 0.43264278125 0.5538068365384615 0.4485370817307693 0.5573129326923077 0.4485370817307693 0.5573129326923077 0.43264278125
0 0.5557351899038461 0.41051542067307695 0.5498332620192308 0.41051542067307695 0.5498332620192308 0.42796798557692306 0.5557351899038461 0.42796798557692306 0.5557351899038461 0.41051542067307695
0 0.5336600961538461 0.38186884375 0.528455735576923 0.38186884375 0.528455735576923 0.4050804951923077 0.5336600961538461 0.4050804951923077 0.5336600961538461 0.38186884375
0 0.5124774350961538 0.3971268533653846 0.5077295961538462 0.3971268533653846 0.5077295961538462 0.41774139663461535 0.5124774350961538 0.41774139663461535 0.5124774350961538 0.3971268533653846
0 0.5203296274038461 0.4148196514423077 0.5170426634615384 0.4148196514423077 0.5170426634615384 0.43056461778846156 0.5203296274038461 0.43056461778846156 0.5203296274038461 0.4148196514423077
0 0.5086426418269231 0.37975869471153845 0.505081764423077 0.37975869471153845 0.505081764423077 0.4000485985576923 0.5086426418269231 0.4000485985576923 0.5086426418269231 0.37975869471153845
0 0.5202383245192308 0.3843036322115384 0.51567309375 0.3843036322115384 0.51567309375 0.40167179326923075 0.5202383245192308 0.40167179326923075 0.5202383245192308 0.3843036322115384
0 0.51676875 0.38819929326923075 0.5128426538461539 0.38819929326923075 0.5128426538461539 0.40361962259615386 0.51676875 0.40361962259615386 0.51676875 0.38819929326923075
0 0.5100162163461538 0.3704480408653846 0.508146298076923 0.3704480408653846 0.508146298076923 0.3765148846153846 0.5100162163461538 0.3765148846153846 0.5100162163461538 0.3704480408653846
0 0.5144572716346154 0.3640487668269231 0.5104369495192308 0.3640487668269231 0.5104369495192308 0.3778446057692308 0.5144572716346154 0.3778446057692308 0.5144572716346154 0.3640487668269231
0 0.5305266826923076 0.3693979206730769 0.5276633725961538 0.3693979206730769 0.5276633725961538 0.38040965865384613 0.5305266826923076 0.38040965865384613 0.5305266826923076 0.3693979206730769
0 0.5240988413461538 0.3626454423076923 0.5209433557692308 0.3626454423076923 0.5209433557692308 0.3767737091346154 0.5240988413461538 0.3767737091346154 0.5240988413461538 0.3626454423076923
0 0.505224358173077 0.3342850216346154 0.5030038317307692 0.3342850216346154 0.5030038317307692 0.35080262980769233 0.505224358173077 0.35080262980769233 0.505224358173077 0.3342850216346154
1 0.5379479182692308 0.3369860144230769 0.5259103245192308 0.3369860144230769 0.5105419375 0.3369860144230769 0.5105419375 0.36129494471153845 0.5379479182692308 0.36129494471153845 0.5379479182692308 0.3369860144230769
1 0.5462626057692308 0.37397979086538463 0.5418799855769231 0.37397979086538463 0.5418799855769231 0.3965226875 0.5462626057692308 0.3965226875 0.5462626057692308 0.37397979086538463
0 0.5414125072115384 0.3769924350961539 0.5373804975961538 0.3769924350961539 0.5373804975961538 0.3973537620192307 0.5414125072115384 0.3973537620192307 0.5414125072115384 0.3769924350961539
1 0.5655607427884616 0.33858120913461537 0.5451085168269231 0.33858120913461537 0.5451085168269231 0.3720319591346154 0.5655607427884616 0.3720319591346154 0.5655607427884616 0.33858120913461537
1 0.5908429783653847 0.3315454807692308 0.5687016201923076 0.3315454807692308 0.5687016201923076 0.36076294471153847 0.5908429783653847 0.36076294471153847 0.5908429783653847 0.3315454807692308
0 0.5752947235576923 0.3942575216346154 0.5715548870192307 0.3942575216346154 0.5715548870192307 0.4140994254807693 0.5752947235576923 0.4140994254807693 0.5752947235576923 0.3942575216346154
0 0.5784502091346154 0.38116809855769235 0.5745935048076923 0.38116809855769235 0.5745935048076923 0.4084896730769231 0.5784502091346154 0.4084896730769231 0.5784502091346154 0.38116809855769235
0 0.5734832403846154 0.3810642139423077 0.5684578365384616 0.3810642139423077 0.5684578365384616 0.4017371923076923 0.5734832403846154 0.4017371923076923 0.5734832403846154 0.3810642139423077
0 0.7800707427884616 0.47800994951923076 0.7731087692307692 0.47800994951923076 0.7731087692307692 0.5007346442307692 0.7800707427884616 0.5007346442307692 0.7800707427884616 0.47800994951923076
0 0.7240325600961538 0.45183597115384616 0.7187825456730769 0.45183597115384616 0.7187825456730769 0.4688794927884615 0.7240325600961538 0.4688794927884615 0.7240325600961538 0.45183597115384616
0 0.6945770240384616 0.3971483725961538 0.6945770240384616 0.37432222836538465 0.6897621322115385 0.37432222836538465 0.6897621322115385 0.3966191971153846 0.6897621322115385 0.3971483725961538 0.6945770240384616 0.3971483725961538
0 0.7288162403846153 0.36607945432692307 0.7223963870192307 0.36607945432692307 0.7223963870192307 0.3889055985576923 0.7288162403846153 0.3889055985576923 0.7288162403846153 0.36607945432692307
0 0.7215047403846153 0.38953965625 0.7168681802884616 0.38953965625 0.7168681802884616 0.3987335216346154 0.7215047403846153 0.3987335216346154 0.7215047403846153 0.38953965625
0 0.7171013918269231 0.3955853533653846 0.7139692812499999 0.3955853533653846 0.7139692812499999 0.4161128942307692 0.7171013918269231 0.4161128942307692 0.7171013918269231 0.3955853533653846
0 0.7203737475961538 0.3962502139423077 0.7178026129807692 0.3962502139423077 0.7178026129807692 0.4125392740384616 0.7203737475961538 0.4125392740384616 0.7203737475961538 0.3962502139423077
0 0.7191583028846154 0.4138689951923077 0.7152782235576923 0.4138689951923077 0.7152782235576923 0.44104513221153846 0.7191583028846154 0.44104513221153846 0.7191583028846154 0.4138689951923077
0 0.7232253725961539 0.4151156057692308 0.7200932620192309 0.4151156057692308 0.7200932620192309 0.4412944543269231 0.7232253725961539 0.4412944543269231 0.7232253725961539 0.4151156057692308
0 0.7279001682692308 0.40422852884615385 0.7235993557692308 0.40422852884615385 0.7235993557692308 0.44004784375 0.7279001682692308 0.44004784375 0.7279001682692308 0.40422852884615385
0 0.6989603605769231 0.4234213533653846 0.6952205240384616 0.4234213533653846 0.6952205240384616 0.4531322668269231 0.6989603605769231 0.4531322668269231 0.6989603605769231 0.4234213533653846
0 0.6941102620192308 0.4193698629807692 0.68937703125 0.4193698629807692 0.68937703125 0.45157400240384615 0.6941102620192308 0.45157400240384615 0.6941102620192308 0.4193698629807692
0 0.7061478557692307 0.398593 0.7003627980769231 0.398593 0.7003627980769231 0.4279922620192308 0.7061478557692307 0.4279922620192308 0.7061478557692307 0.398593
0 0.6993694038461539 0.4018134134615385 0.6956295697115386 0.4018134134615385 0.6956295697115386 0.4221747403846154 0.6993694038461539 0.4221747403846154 0.6993694038461539 0.4018134134615385
0 0.6948114807692308 0.39983961298076925 0.6899613822115385 0.39983961298076925 0.6899613822115385 0.42134366586538463 0.6948114807692308 0.42134366586538463 0.6948114807692308 0.39983961298076925
0 0.6856846754807692 0.4349265408653846 0.6807177067307693 0.4349265408653846 0.6807177067307693 0.46297530528846154 0.6856846754807692 0.46297530528846154 0.6856846754807692 0.4349265408653846
0 0.6829820600961539 0.41337054326923073 0.6775768293269231 0.41337054326923073 0.6775768293269231 0.4349265408653846 0.6829820600961539 0.4349265408653846 0.6829820600961539 0.41337054326923073
0 0.6672588413461539 0.4104863341346154 0.6635153533653846 0.4104863341346154 0.6635153533653846 0.4343472644230769 0.6672588413461539 0.4343472644230769 0.6672588413461539 0.4104863341346154
0 0.7062086418269231 0.3628314759615385 0.7003067139423076 0.3628314759615385 0.7003067139423076 0.38350445673076927 0.7062086418269231 0.38350445673076927 0.7062086418269231 0.3628314759615385
0 0.7018260216346154 0.38288114903846154 0.6976771418269231 0.38288114903846154 0.6976771418269231 0.398593 0.7018260216346154 0.398593 0.7018260216346154 0.38288114903846154
0 0.6897299927884616 0.3582605673076923 0.6871588557692309 0.3582605673076923 0.6871588557692309 0.37259660336538464 0.6897299927884616 0.37259660336538464 0.6897299927884616 0.3582605673076923
0 0.6928854783653846 0.3571178389423077 0.6892625120192307 0.3571178389423077 0.6892625120192307 0.3731160240384615 0.6928854783653846 0.3731160240384615 0.6928854783653846 0.3571178389423077
0 0.675004389423077 0.36054602163461535 0.6714398581730769 0.36054602163461535 0.6714398581730769 0.37498594230769233 0.675004389423077 0.37498594230769233 0.675004389423077 0.36054602163461535
0 0.6760562187500001 0.3750898269230769 0.6792117043269231 0.3750898269230769 0.6792117043269231 0.3629353605769231 0.6760562187500001 0.3629353605769231 0.6760562187500001 0.3750898269230769
0 0.7573232235576923 0.49684385096153844 0.7630297596153847 0.49684385096153844 0.7630297596153847 0.46285825721153845 0.7573232235576923 0.46285825721153845 0.7573232235576923 0.49684385096153844
0 0.7594631754807692 0.4905032548076923 0.7671669975961539 0.4905032548076923 0.7671669975961539 0.4560104158653846 0.7594631754807692 0.4560104158653846 0.7594631754807692 0.4905032548076923
0 0.7693069495192308 0.4400321153846154 0.7638857403846154 0.4400321153846154 0.7638857403846154 0.4567712860576923 0.7693069495192308 0.4567712860576923 0.7693069495192308 0.4400321153846154
0 0.6998298725961539 0.46590174519230765 0.6938380096153847 0.46590174519230765 0.6938380096153847 0.4861916514423077 0.6998298725961539 0.4861916514423077 0.6998298725961539 0.46590174519230765
0 0.7063923894230769 0.4539814254807692 0.7023978149038462 0.4539814254807692 0.7023978149038462 0.47985105528846156 0.7063923894230769 0.47985105528846156 0.7063923894230769 0.4539814254807692
0 0.71110028125 0.4451045913461539 0.7082470144230769 0.4451045913461539 0.7082470144230769 0.4565176634615385 0.71110028125 0.4565176634615385 0.71110028125 0.4451045913461539
0 0.7091029951923077 0.4763003221153846 0.7125269158653846 0.4763003221153846 0.7125269158653846 0.4451045913461539 0.7091029951923077 0.4451045913461539 0.7091029951923077 0.4763003221153846
0 0.6498182716346155 0.5056763509615385 0.6458236947115386 0.5056763509615385 0.6458236947115386 0.5285024951923076 0.6498182716346155 0.5285024951923076 0.6498182716346155 0.5056763509615385
0 0.6445397235576924 0.5051691033653847 0.6408304759615385 0.5051691033653847 0.6408304759615385 0.5297706129807692 0.6445397235576924 0.5297706129807692 0.6445397235576924 0.5051691033653847
0 0.632556 0.550821391826923 0.6292747403846154 0.550821391826923 0.6292747403846154 0.5706040480769231 0.632556 0.5706040480769231 0.632556 0.550821391826923
0 0.6219989062500001 0.5115096971153846 0.6152937283653845 0.5115096971153846 0.6152937283653845 0.5503141442307693 0.6219989062500001 0.5503141442307693 0.6219989062500001 0.5115096971153846
0 0.6024540216346154 0.5099879543269231 0.5980314567307692 0.5099879543269231 0.5980314567307692 0.5366184567307692 0.6024540216346154 0.5366184567307692 0.6024540216346154 0.5099879543269231
0 0.5988874350961538 0.48817630528846157 0.5938942163461538 0.48817630528846157 0.5938942163461538 0.5099879543269231 0.5988874350961538 0.5099879543269231 0.5988874350961538 0.48817630528846157
0 0.6060206057692308 0.4640820432692308 0.60017140625 0.4640820432692308 0.60017140625 0.5016183677884615 0.6060206057692308 0.5016183677884615 0.6060206057692308 0.4640820432692308
0 0.6379772091346154 0.44886461298076924 0.6342679591346154 0.44886461298076924 0.6342679591346154 0.46915451923076923 0.6379772091346154 0.46915451923076923 0.6379772091346154 0.44886461298076924
0 0.6463454855769231 0.45613156971153845 0.6395889471153846 0.45613156971153845 0.6395889471153846 0.47966786057692307 0.6463454855769231 0.47966786057692307 0.6463454855769231 0.45613156971153845
0 0.65556725 0.4811287331730769 0.6499976706730769 0.4811287331730769 0.6499976706730769 0.4981722548076923 0.65556725 0.4981722548076923 0.65556725 0.4811287331730769
0 0.648536795673077 0.48486207692307687 0.6409585168269231 0.48486207692307687 0.6409585168269231 0.5030418317307692 0.648536795673077 0.5030418317307692 0.648536795673077 0.48486207692307687
0 0.630184576923077 0.4817780120192308 0.6241584735576923 0.4817780120192308 0.6241584735576923 0.5043403870192308 0.630184576923077 0.5043403870192308 0.630184576923077 0.4817780120192308
0 0.6386759014423077 0.48551135336538465 0.6320106682692308 0.48551135336538465 0.6320106682692308 0.5041780673076923 0.6386759014423077 0.5041780673076923 0.6386759014423077 0.48551135336538465
0 0.6310063173076923 0.5272274014423076 0.6384932932692308 0.5272274014423076 0.6384932932692308 0.5048273437499999 0.6310063173076923 0.5048273437499999 0.6310063173076923 0.5272274014423076
0 0.6018010312500001 0.4079162860576923 0.5971216706730769 0.4079162860576923 0.5971216706730769 0.42171342307692306 0.6018010312500001 0.42171342307692306 0.6018010312500001 0.4079162860576923
0 0.5978064543269231 0.4231337163461539 0.5943825336538462 0.4231337163461539 0.5943825336538462 0.45072798798076924 0.5978064543269231 0.45072798798076924 0.5978064543269231 0.4231337163461539
0 0.6023716850961539 0.37626403365384614 0.5973499326923076 0.37626403365384614 0.5973499326923076 0.39858293028846153 0.6023716850961539 0.39858293028846153 0.6023716850961539 0.37626403365384614
0 0.6193397475961538 0.42567947596153843 0.6160584879807692 0.42567947596153843 0.6160584879807692 0.44267227403846154 0.6193397475961538 0.44267227403846154 0.6193397475961538 0.42567947596153843
0 0.6260449278846154 0.40995480048076927 0.6207663822115385 0.40995480048076927 0.6207663822115385 0.43734617307692303 0.6260449278846154 0.43734617307692303 0.6260449278846154 0.40995480048076927
0 0.6323221177884615 0.420607 0.6276142235576923 0.420607 0.6276142235576923 0.4497737403846154 0.6323221177884615 0.4497737403846154 0.6323221177884615 0.420607
0 0.5841849182692308 0.4088987091346154 0.5792909927884615 0.4088987091346154 0.5792909927884615 0.4298054302884615 0.5841849182692308 0.4298054302884615 0.5841849182692308 0.4088987091346154
1 0.6456015120192308 0.3522061778846154 0.60608375 0.3522061778846154 0.60608375 0.4057208028846154 0.6456015120192308 0.4057208028846154 0.6456015120192308 0.3522061778846154
0 0.6453161850961538 0.41003240865384616 0.6424629158653846 0.41003240865384616 0.6424629158653846 0.43260493028846153 0.6453161850961538 0.43260493028846153 0.6453161850961538 0.41003240865384616
0 0.6427482427884615 0.4407208918269231 0.6390389951923077 0.4407208918269231 0.6390389951923077 0.45340208173076924 0.6427482427884615 0.45340208173076924 0.6427482427884615 0.4407208918269231
0 0.6550663725961539 0.46226268509615387 0.6510489711538461 0.46226268509615387 0.6510489711538461 0.47953345192307695 0.6550663725961539 0.47953345192307695 0.6550663725961539 0.46226268509615387
0 0.6729620697115385 0.45849687740384615 0.6679951009615385 0.45849687740384615 0.6679951009615385 0.48654564423076924 0.6729620697115385 0.48654564423076924 0.6729620697115385 0.45849687740384615
0 0.6627359567307691 0.45667890384615384 0.656381158653846 0.45667890384615384 0.656381158653846 0.48355896875 0.6627359567307691 0.48355896875 0.6627359567307691 0.45667890384615384
0 0.6646350913461538 0.43317507451923076 0.659960298076923 0.43317507451923076 0.659960298076923 0.44758902403846157 0.6646350913461538 0.44758902403846157 0.6646350913461538 0.43317507451923076
0 0.6527289759615384 0.43629160576923076 0.6500994038461538 0.43629160576923076 0.6500994038461538 0.4600551442307692 0.6527289759615384 0.4600551442307692 0.6527289759615384 0.43629160576923076
0 0.6574037692307692 0.4338243533653846 0.6538246298076923 0.4338243533653846 0.6538246298076923 0.45667890384615384 0.6574037692307692 0.45667890384615384 0.6574037692307692 0.4338243533653846
0 0.6720067475961538 0.44054874278846157 0.6672988557692308 0.44054874278846157 0.6672988557692308 0.4565270432692307 0.6720067475961538 0.4565270432692307 0.6720067475961538 0.44054874278846157
0 0.6775706201923076 0.3865268677884615 0.6738613725961538 0.3865268677884615 0.6738613725961538 0.4042805360576923 0.6775706201923076 0.4042805360576923 0.6775706201923076 0.3865268677884615
0 0.6675841826923077 0.3662369615384616 0.6645882524038461 0.3662369615384616 0.6645882524038461 0.37917177644230765 0.6675841826923077 0.37917177644230765 0.6675841826923077 0.3662369615384616
0 0.6688681538461538 0.37917177644230765 0.6645882524038461 0.37917177644230765 0.6645882524038461 0.39819356490384616 0.6688681538461538 0.39819356490384616 0.6688681538461538 0.37917177644230765
0 0.6688681538461538 0.40707039663461536 0.6718640841346153 0.40707039663461536 0.6718640841346153 0.3895703533653846 0.6688681538461538 0.3895703533653846 0.6688681538461538 0.40707039663461536
0 0.6628895576923076 0.37458592788461537 0.6605521610576923 0.37458592788461537 0.6605521610576923 0.38061121875000004 0.6628895576923076 0.38061121875000004 0.6628895576923076 0.37458592788461537
0 0.6593250264423076 0.3781179951923077 0.6560526706730769 0.3781179951923077 0.6560526706730769 0.3900646923076923 0.6593250264423076 0.3900646923076923 0.6593250264423076 0.3781179951923077
0 0.65621196875 0.34732460096153844 0.6535239639423077 0.34732460096153844 0.6535239639423077 0.3684131177884616 0.65621196875 0.3684131177884616 0.65621196875 0.34732460096153844
0 0.6530564831730769 0.34576633653846156 0.6499009975961538 0.34576633653846156 0.6499009975961538 0.3631150168269231 0.6530564831730769 0.3631150168269231 0.6530564831730769 0.34576633653846156
0 0.6444081129807693 0.33631286298076923 0.6402007980769231 0.33631286298076923 0.6402007980769231 0.3534537764423077 0.6444081129807693 0.3534537764423077 0.6444081129807693 0.33631286298076923
0 0.6299162524038462 0.3402604663461538 0.6264685913461538 0.3402604663461538 0.6264685913461538 0.35376542788461535 0.6299162524038462 0.35376542788461535 0.6299162524038462 0.3402604663461538
0 0.6248908485576923 0.3423381538461538 0.6216769254807691 0.3423381538461538 0.6216769254807691 0.35771303125 0.6248908485576923 0.35771303125 0.6248908485576923 0.3423381538461538
0 0.6188136153846154 0.33901385576923077 0.6139635168269231 0.33901385576923077 0.6139635168269231 0.3522061778846154 0.6188136153846154 0.3522061778846154 0.6188136153846154 0.33901385576923077
0 0.710180391826923 0.33382836298076923 0.710180391826923 0.33240806971153847 0.710180391826923 0.31982832932692307 0.7060716874999999 0.31982832932692307 0.7060716874999999 0.33524865625 0.710180391826923 0.33524865625 0.710180391826923 0.33382836298076923
0 0.7011640649038462 0.31495875 0.6972836201923076 0.31495875 0.6972836201923076 0.3395095384615385 0.7011640649038462 0.3395095384615385 0.7011640649038462 0.31495875
0 0.6913488245192307 0.32713269471153844 0.6878107716346153 0.32713269471153844 0.6878107716346153 0.34295882211538464 0.6913488245192307 0.34295882211538464 0.6913488245192307 0.32713269471153844
0 0.6920336081730769 0.34519071153846154 0.6952292692307692 0.34519071153846154 0.6952292692307692 0.3255095024038462 0.6920336081730769 0.3255095024038462 0.6920336081730769 0.34519071153846154
0 0.6711476875 0.3255095024038462 0.6661259350961538 0.3255095024038462 0.6661259350961538 0.3449878125 0.6711476875 0.3449878125 0.6711476875 0.3255095024038462
0 0.6648704975961538 0.32449500721153846 0.6598487451923076 0.32449500721153846 0.6598487451923076 0.3437704182692308 0.6648704975961538 0.3437704182692308 0.6648704975961538 0.32449500721153846
0 0.6846151105769231 0.3180022379807692 0.68050640625 0.3180022379807692 0.68050640625 0.33707474759615386 0.6846151105769231 0.33707474759615386 0.6846151105769231 0.3180022379807692
0 0.6878107716346153 0.3180022379807692 0.68552815625 0.3180022379807692 0.68552815625 0.3395095384615385 0.6878107716346153 0.3395095384615385 0.6878107716346153 0.3180022379807692
0 0.7234195576923077 0.3453936105769231 0.7196532427884615 0.3453936105769231 0.7196532427884615 0.36607945432692307 0.7234195576923077 0.36607945432692307 0.7234195576923077 0.3453936105769231
0 0.7196532427884615 0.3478283990384616 0.7158869278846154 0.3478283990384616 0.7158869278846154 0.3632487283653846 0.7196532427884615 0.3632487283653846 0.7196532427884615 0.3478283990384616
0 0.7121206153846154 0.34519071153846154 0.7081260408653847 0.34519071153846154 0.7081260408653847 0.3664951129807692 0.7121206153846154 0.3664951129807692 0.7121206153846154 0.34519071153846154
0 0.7081260408653847 0.34904579326923074 0.7043597259615384 0.34904579326923074 0.7043597259615384 0.3664951129807692 0.7081260408653847 0.3664951129807692 0.7081260408653847 0.34904579326923074
0 0.7219358581730769 0.32956748317307694 0.7173706274038462 0.32956748317307694 0.7173706274038462 0.3453936105769231 0.7219358581730769 0.3453936105769231 0.7219358581730769 0.32956748317307694
0 0.7158869278846154 0.3320022716346154 0.7134901826923077 0.3320022716346154 0.7134901826923077 0.3478283990384616 0.7158869278846154 0.3478283990384616 0.7158869278846154 0.3320022716346154
0 0.7134901826923077 0.33321966586538465 0.7092673461538461 0.33321966586538465 0.7092673461538461 0.34640810576923076 0.7134901826923077 0.34640810576923076 0.7134901826923077 0.33321966586538465
0 0.7161499278846153 0.28215631490384613 0.7118403533653846 0.28215631490384613 0.7118403533653846 0.3017644783653846 0.7161499278846153 0.3017644783653846 0.7161499278846153 0.28215631490384613
0 0.6916072596153846 0.2931940216346154 0.68824725 0.2931940216346154 0.68824725 0.3079975384615385 0.6916072596153846 0.3079975384615385 0.6916072596153846 0.2931940216346154
0 0.6667724134615385 0.2941030096153846 0.664800235576923 0.2941030096153846 0.664800235576923 0.3150097307692308 0.6667724134615385 0.3150097307692308 0.6667724134615385 0.2941030096153846
0 0.6639237115384616 0.2942328653846154 0.6597602235576924 0.2942328653846154 0.6597602235576924 0.3134514639423077 0.6639237115384616 0.3134514639423077 0.6639237115384616 0.2942328653846154
0 0.6498993293269231 0.3048810072115385 0.6498993293269231 0.3016346225961538 0.6469045384615384 0.3016346225961538 0.6469045384615384 0.31721727163461544 0.6498993293269231 0.31721727163461544 0.6498993293269231 0.3048810072115385
0 0.6469045384615384 0.3025436105769231 0.6444940961538462 0.3025436105769231 0.6444940961538462 0.31721727163461544 0.6469045384615384 0.31721727163461544 0.6469045384615384 0.3025436105769231
0 0.6441288798076923 0.30098534615384614 0.640330608173077 0.30098534615384614 0.640330608173077 0.3185158245192307 0.6441288798076923 0.3185158245192307 0.6441288798076923 0.30098534615384614
0 0.640330608173077 0.3016346225961538 0.635728858173077 0.3016346225961538 0.635728858173077 0.3185158245192307 0.640330608173077 0.3185158245192307 0.640330608173077 0.3016346225961538
0 0.6338297235576923 0.3008554903846154 0.6297392764423078 0.3008554903846154 0.6297392764423078 0.32007409134615383 0.6338297235576923 0.32007409134615383 0.6338297235576923 0.3008554903846154
0 0.6714472091346154 0.30150476923076924 0.6677219807692307 0.30150476923076924 0.6677219807692307 0.3150097307692308 0.6714472091346154 0.3150097307692308 0.6714472091346154 0.30150476923076924
0 0.6531862932692308 0.3034525985576923 0.6507758509615384 0.3034525985576923 0.6507758509615384 0.31513958413461535 0.6531862932692308 0.31513958413461535 0.6531862932692308 0.3034525985576923
0 0.6586645673076923 0.2989076610576923 0.6531862932692308 0.2989076610576923 0.6531862932692308 0.3185158245192307 0.6586645673076923 0.3185158245192307 0.6586645673076923 0.2989076610576923
0 0.6791167932692308 0.30501086298076924 0.6755376538461538 0.30501086298076924 0.6755376538461538 0.32942367788461535 0.6791167932692308 0.32942367788461535 0.6791167932692308 0.30501086298076924
0 0.6830611514423077 0.30241375721153846 0.680066360576923 0.30241375721153846 0.680066360576923 0.31215291105769233 0.6830611514423077 0.31215291105769233 0.6830611514423077 0.30241375721153846
0 0.6948211802884615 0.3002062139423077 0.6935063942307692 0.3002062139423077 0.6935063942307692 0.3079975384615385 0.6948211802884615 0.3079975384615385 0.6948211802884615 0.3002062139423077
0 0.698254233173077 0.2972195408653846 0.6951863990384616 0.2972195408653846 0.6951863990384616 0.3094259471153846 0.698254233173077 0.3094259471153846 0.698254233173077 0.2972195408653846
0 0.710963829326923 0.2961806971153846 0.7068733846153846 0.2961806971153846 0.7068733846153846 0.31721727163461544 0.710963829326923 0.31721727163461544 0.710963829326923 0.2961806971153846
0 0.46314380528846155 0.31787063701923074 0.4608064086538462 0.31787063701923074 0.4608064086538462 0.32644109375 0.46314380528846155 0.32644109375 0.46314380528846155 0.31787063701923074
0 0.46767251201923077 0.31501381971153847 0.4645316346153846 0.31501381971153847 0.4645316346153846 0.3270903701923077 0.46767251201923077 0.3270903701923077 0.46767251201923077 0.31501381971153847
0 0.4719820889423077 0.2991714615384615 0.4690603413461538 0.2991714615384615 0.4690603413461538 0.31566309615384613 0.4719820889423077 0.31566309615384613 0.4719820889423077 0.2991714615384615
0 0.4773142764423077 0.2968340625 0.47410035336538464 0.2968340625 0.47410035336538464 0.30345668990384617 0.4773142764423077 0.30345668990384617 0.4773142764423077 0.2968340625
0 0.48425342307692304 0.2934578221153846 0.4812586322115384 0.2934578221153846 0.4812586322115384 0.30878075961538465 0.48425342307692304 0.30878075961538465 0.48425342307692304 0.2934578221153846
0 0.4928725745192307 0.28995172836538463 0.49053517788461537 0.28995172836538463 0.49053517788461537 0.30098943509615383 0.4928725745192307 0.30098943509615383 0.4928725745192307 0.28995172836538463
0 0.4971821514423077 0.2907308605769231 0.49426040384615383 0.2907308605769231 0.49426040384615383 0.3076120625 0.4971821514423077 0.3076120625 0.4971821514423077 0.2907308605769231
0 0.48827082451923076 0.2982624735576923 0.4848377716346154 0.2982624735576923 0.4848377716346154 0.3133256995192308 0.48827082451923076 0.3133256995192308 0.48827082451923076 0.2982624735576923
0 0.48797864903846155 0.31527353124999996 0.4845455985576923 0.31527353124999996 0.4845455985576923 0.32851878125 0.48797864903846155 0.32851878125 0.48797864903846155 0.31527353124999996
0 0.4767299254807692 0.31033902403846153 0.47307774278846154 0.31033902403846153 0.47307774278846154 0.3270903701923077 0.4767299254807692 0.3270903701923077 0.4767299254807692 0.31033902403846153
0 0.5069700024038462 0.30709263942307696 0.5069700024038462 0.2993013173076923 0.5039021682692307 0.2993013173076923 0.5039021682692307 0.31033902403846153 0.5069700024038462 0.31033902403846153 0.5069700024038462 0.30709263942307696
0 0.5005421610576923 0.2968340625 0.4977665 0.2968340625 0.4977665 0.31046887980769233 0.5005421610576923 0.31046887980769233 0.5005421610576923 0.2968340625
0 0.49338387980769227 0.31228685576923076 0.4897316971153846 0.31228685576923076 0.4897316971153846 0.3276097932692308 0.49338387980769227 0.3276097932692308 0.49338387980769227 0.31228685576923076
0 0.49637867067307695 0.3076120625 0.49426040384615383 0.3076120625 0.49426040384615383 0.3276097932692308 0.49637867067307695 0.3276097932692308 0.49637867067307695 0.3076120625
0 0.5032447764423077 0.31176743509615384 0.4996656370192308 0.31176743509615384 0.4996656370192308 0.3283889254807692 0.5032447764423077 0.3283889254807692 0.5032447764423077 0.31176743509615384
0 0.5061665216346154 0.3268306610576923 0.5104030552884615 0.3268306610576923 0.5104030552884615 0.30644336298076924 0.5061665216346154 0.30644336298076924 0.5061665216346154 0.3268306610576923
0 0.5136900192307693 0.30345668990384617 0.5104760985576923 0.30345668990384617 0.5104760985576923 0.32644109375 0.5136900192307693 0.32644109375 0.5136900192307693 0.30345668990384617
0 0.5142013245192307 0.3259216730769231 0.5166848100961539 0.3259216730769231 0.5166848100961539 0.30774191826923075 0.5142013245192307 0.30774191826923075 0.5142013245192307 0.3259216730769231
0 0.5166848100961539 0.32605152884615385 0.5200448173076923 0.32605152884615385 0.5200448173076923 0.30774191826923075 0.5166848100961539 0.30774191826923075 0.5166848100961539 0.32605152884615385
0 0.5200448173076923 0.3265709495192307 0.5226013461538461 0.3265709495192307 0.5226013461538461 0.3085210504807692 0.5200448173076923 0.3085210504807692 0.5200448173076923 0.3265709495192307
0 0.5226013461538461 0.3270903701923077 0.5247196105769231 0.3270903701923077 0.5247196105769231 0.3085210504807692 0.5226013461538461 0.3085210504807692 0.5226013461538461 0.3270903701923077
0 0.5248656995192308 0.32540225 0.5274222283653847 0.32540225 0.5274222283653847 0.30449553125 0.5248656995192308 0.30449553125 0.5248656995192308 0.32540225
0 0.5280796201923077 0.3261813822115384 0.5304900600961538 0.3261813822115384 0.5304900600961538 0.30657321875 0.5280796201923077 0.30657321875 0.5280796201923077 0.3261813822115384
0 0.5304900600961538 0.3259216730769231 0.5328274591346154 0.3259216730769231 0.5328274591346154 0.30657321875 0.5304900600961538 0.30657321875 0.5304900600961538 0.3259216730769231
0 0.5340691995192308 0.3269605168269231 0.5361874663461539 0.3269605168269231 0.5361874663461539 0.30735235096153846 0.5340691995192308 0.30735235096153846 0.5340691995192308 0.3269605168269231
0 0.5361874663461539 0.32540225 0.5392553004807692 0.32540225 0.5392553004807692 0.30735235096153846 0.5361874663461539 0.30735235096153846 0.5361874663461539 0.32540225
0 0.5392553004807692 0.32566196153846155 0.5428344399038462 0.32566196153846155 0.5428344399038462 0.30878075961538465 0.5392553004807692 0.30878075961538465 0.5392553004807692 0.32566196153846155
0 0.5454141899038462 0.3070963341346154 0.5436794038461539 0.3070963341346154 0.5436794038461539 0.32040651201923076 0.5454141899038462 0.32040651201923076 0.5454141899038462 0.3070963341346154
0 0.5454141899038462 0.3239775360576923 0.5469663677884615 0.3239775360576923 0.5469663677884615 0.3070963341346154 0.5454141899038462 0.3070963341346154 0.5454141899038462 0.3239775360576923
0 0.5499794182692308 0.3106673581730769 0.548883764423077 0.3106673581730769 0.548883764423077 0.3252760889423077 0.5499794182692308 0.3252760889423077 0.5499794182692308 0.3106673581730769
0 0.5557316081730769 0.3041745865384615 0.5543620384615384 0.3041745865384615 0.5543620384615384 0.3241398557692308 0.5557316081730769 0.3241398557692308 0.5557316081730769 0.3041745865384615
0 0.5518055096153847 0.3048238653846154 0.5502533317307692 0.3048238653846154 0.5502533317307692 0.32251666346153846 0.5518055096153847 0.32251666346153846 0.5518055096153847 0.3048238653846154
0 0.5538142115384616 0.3036876298076923 0.5523533389423076 0.3036876298076923 0.5523533389423076 0.3259253677884616 0.5538142115384616 0.3259253677884616 0.5538142115384616 0.3036876298076923
0 0.5598403125 0.30352531009615386 0.5563707403846154 0.30352531009615386 0.5563707403846154 0.3243021730769231 0.5598403125 0.3243021730769231 0.5598403125 0.30352531009615386
0 0.56668815625 0.29751949759615387 0.5625794495192308 0.29751949759615387 0.5625794495192308 0.32381521634615384 0.56668815625 0.32381521634615384 0.56668815625 0.29751949759615387
0 0.5625794495192308 0.30774561057692307 0.5606620552884615 0.30774561057692307 0.5606620552884615 0.32121810817307694 0.5625794495192308 0.32121810817307694 0.5625794495192308 0.30774561057692307
0 0.56668815625 0.3236528966346154 0.5689707716346154 0.3236528966346154 0.5689707716346154 0.3113166346153846 0.56668815625 0.3113166346153846 0.56668815625 0.3236528966346154
0 0.5739925216346153 0.3096934423076923 0.5707055576923077 0.3096934423076923 0.5707055576923077 0.3231659399038461 0.5739925216346153 0.3231659399038461 0.5739925216346153 0.3096934423076923
0 0.580018625 0.30433690625 0.5779186201923077 0.30433690625 0.5779186201923077 0.3243021730769231 0.580018625 0.3243021730769231 0.580018625 0.30433690625
0 0.5779186201923077 0.3075832908653846 0.5745403509615384 0.3075832908653846 0.5745403509615384 0.32267898076923074 0.5779186201923077 0.32267898076923074 0.5779186201923077 0.3075832908653846
0 0.5827577620192308 0.3096934423076923 0.5811142788461539 0.3096934423076923 0.5811142788461539 0.32267898076923074 0.5827577620192308 0.32267898076923074 0.5827577620192308 0.3096934423076923
0 0.5860447259615384 0.3033629903846154 0.5832142860576923 0.3033629903846154 0.5832142860576923 0.32332825961538464 0.5860447259615384 0.32332825961538464 0.5860447259615384 0.3033629903846154
0 0.5887838629807692 0.3033629903846154 0.5860447259615384 0.3033629903846154 0.5860447259615384 0.32332825961538464 0.5887838629807692 0.32332825961538464 0.5887838629807692 0.3033629903846154
0 0.5916143052884615 0.3054731418269231 0.5897882139423077 0.3054731418269231 0.5897882139423077 0.3241398557692308 0.5916143052884615 0.3241398557692308 0.5916143052884615 0.3054731418269231
0 0.5977317115384616 0.3067716947115385 0.5977317115384616 0.30563546153846155 0.5941708341346155 0.30563546153846155 0.5941708341346155 0.3239775360576923 0.5977317115384616 0.3239775360576923 0.5977317115384616 0.3067716947115385
0 0.5988273677884616 0.3231659399038461 0.6009273725961538 0.3231659399038461 0.6009273725961538 0.3072586538461538 0.5988273677884616 0.3072586538461538 0.5988273677884616 0.3231659399038461
0 0.6053099927884615 0.3033629903846154 0.6014751995192308 0.3033629903846154 0.6014751995192308 0.3231659399038461 0.6053099927884615 0.3231659399038461 0.6053099927884615 0.3033629903846154
0 0.6097839158653846 0.30579778125 0.6064056466346154 0.30579778125 0.6064056466346154 0.3205688317307693 0.6097839158653846 0.3205688317307693 0.6097839158653846 0.30579778125
0 0.6143491466346154 0.29784413701923074 0.6100578293269231 0.29784413701923074 0.6100578293269231 0.3174847668269231 0.6143491466346154 0.3174847668269231 0.6143491466346154 0.29784413701923074
0 0.6223839471153846 0.296058625 0.6186404615384615 0.296058625 0.6186404615384615 0.3192702764423077 0.6223839471153846 0.3192702764423077 0.6223839471153846 0.296058625
0 0.7473251394230769 0.30702356009615384 0.7433305649038461 0.30702356009615384 0.7433305649038461 0.3291395576923077 0.7473251394230769 0.3291395576923077 0.7473251394230769 0.30702356009615384
0 0.7373957668269231 0.32305258653846153 0.734200108173077 0.32305258653846153 0.734200108173077 0.3425308966346154 0.7373957668269231 0.3425308966346154 0.7373957668269231 0.32305258653846153
0 0.75759690625 0.31432792788461533 0.7540588533653847 0.31432792788461533 0.7540588533653847 0.3340091346153846 0.75759690625 0.3340091346153846 0.75759690625 0.31432792788461533
0 0.7381946826923076 0.3494294639423077 0.7348848918269231 0.3494294639423077 0.7348848918269231 0.3656613894230769 0.7381946826923076 0.3656613894230769 0.7381946826923076 0.3494294639423077
0 0.7475534014423076 0.379255625 0.7442436105769231 0.379255625 0.7442436105769231 0.4076614951923077 0.7475534014423076 0.4076614951923077 0.7475534014423076 0.379255625
0 0.7636458341346154 0.3471975745192308 0.7587382115384614 0.3471975745192308 0.7587382115384614 0.3660671875 0.7636458341346154 0.3660671875 0.7636458341346154 0.3471975745192308
0 0.7432164350961539 0.3530816466346154 0.7395642524038462 0.3530816466346154 0.7395642524038462 0.37398025 0.7432164350961539 0.37398025 0.7432164350961539 0.3530816466346154
0 0.7397925120192308 0.30438587259615385 0.7357979375 0.30438587259615385 0.7357979375 0.32163229326923076 0.7397925120192308 0.32163229326923076 0.7397925120192308 0.30438587259615385
0 0.7345425 0.30073368990384614 0.7312327091346155 0.30073368990384614 0.7312327091346155 0.3183859086538462 0.7345425 0.3183859086538462 0.7345425 0.30073368990384614
0 0.7312327091346155 0.29606701201923075 0.7249555192307693 0.29606701201923075 0.7249555192307693 0.31392212980769235 0.7312327091346155 0.31392212980769235 0.7312327091346155 0.29606701201923075
0 0.7306620552884616 0.3169656153846154 0.7263250889423076 0.3169656153846154 0.7263250889423076 0.3366468221153846 0.7306620552884616 0.3366468221153846 0.7306620552884616 0.3169656153846154
0 0.7690293798076924 0.3742853605769231 0.7532026586538462 0.3742853605769231 0.7532026586538462 0.39528858173076925 0.7690293798076924 0.39528858173076925 0.7690293798076924 0.3742853605769231
0 0.761243735576923 0.4220176442307692 0.761243735576923 0.4108581947115385 0.7554230673076923 0.4108581947115385 0.7554230673076923 0.43256839423076926 0.761243735576923 0.43256839423076926 0.761243735576923 0.4220176442307692
0 0.7661513557692309 0.42303213942307694 0.7598741658653847 0.42303213942307694 0.7598741658653847 0.44616263221153846 0.7661513557692309 0.44616263221153846 0.7661513557692309 0.42303213942307694
0 0.7901188076923076 0.4155248725961539 0.7874938004807692 0.4155248725961539 0.7874938004807692 0.4459597307692308 0.7901188076923076 0.4459597307692308 0.7901188076923076 0.4155248725961539
0 0.8113471201923077 0.4100465985576923 0.8057547163461538 0.4100465985576923 0.8057547163461538 0.4358147788461538 0.8113471201923077 0.4358147788461538 0.8113471201923077 0.4100465985576923
0 0.8033579711538461 0.40051034375 0.7946840360576922 0.40051034375 0.7946840360576922 0.43114810096153844 0.8033579711538461 0.43114810096153844 0.8033579711538461 0.40051034375
0 0.8007329639423078 0.3832639230769231 0.7951405600961539 0.3832639230769231 0.7951405600961539 0.40578571875 0.8007329639423078 0.40578571875 0.8007329639423078 0.3832639230769231
0 0.7887492379807692 0.38407551923076927 0.7828144423076923 0.38407551923076927 0.7828144423076923 0.39807555528846156 0.7887492379807692 0.39807555528846156 0.7887492379807692 0.38407551923076927
0 0.7773361658653847 0.3796117403846154 0.7732274615384616 0.3796117403846154 0.7732274615384616 0.39564076442307694 0.7773361658653847 0.39564076442307694 0.7773361658653847 0.3796117403846154
0 0.7874938004807692 0.4161335697115385 0.7836133557692307 0.4161335697115385 0.7836133557692307 0.44271334615384617 0.7874938004807692 0.44271334615384617 0.7874938004807692 0.4161335697115385
0 0.7800753028846154 0.4090321033653846 0.7749394206730769 0.4090321033653846 0.7749394206730769 0.4356118798076923 0.7800753028846154 0.4356118798076923 0.7800753028846154 0.4090321033653846
0 0.8313199975961538 0.4155248725961539 0.8278960769230769 0.4155248725961539 0.8278960769230769 0.43419158653846157 0.8313199975961538 0.43419158653846157 0.8313199975961538 0.4155248725961539
0 0.8313199975961538 0.4360176778846154 0.8350863125000001 0.4360176778846154 0.8350863125000001 0.4155248725961539 0.8313199975961538 0.4155248725961539 0.8313199975961538 0.4360176778846154
0 0.84570046875 0.42262634134615384 0.8395374086538462 0.42262634134615384 0.8395374086538462 0.4536698966346154 0.84570046875 0.4536698966346154 0.84570046875 0.42262634134615384
0 0.8475265600961539 0.40740891105769234 0.8436461153846154 0.40740891105769234 0.8436461153846154 0.4193799543269231 0.8475265600961539 0.4193799543269231 0.8475265600961539 0.40740891105769234
0 0.8473748028846154 0.5402483076923077 0.8426936610576923 0.5402483076923077 0.8426936610576923 0.5675921274038461 0.8473748028846154 0.5675921274038461 0.8473748028846154 0.5402483076923077
0 0.8471518918269231 0.5572886586538461 0.8525017692307693 0.5572886586538461 0.8525017692307693 0.534304 0.8471518918269231 0.534304 0.8471518918269231 0.5572886586538461
0 0.9258996682692308 0.4499359975961538 0.9212631081730769 0.4499359975961538 0.9212631081730769 0.48227303605769234 0.9258996682692308 0.48227303605769234 0.9258996682692308 0.4499359975961538
0 0.91912315625 0.4540573846153846 0.9105633533653846 0.4540573846153846 0.9105633533653846 0.47624946874999996 0.91912315625 0.47624946874999996 0.91912315625 0.4540573846153846
0 0.9036085120192308 0.50351403125 0.916983204326923 0.50351403125 0.916983204326923 0.48766254086538463 0.9036085120192308 0.48766254086538463 0.9036085120192308 0.50351403125
0 0.8738275264423077 0.42837797355769236 0.8672293437499999 0.42837797355769236 0.8672293437499999 0.4515211466346154 0.8738275264423077 0.4515211466346154 0.8738275264423077 0.42837797355769236
0 0.8756108197115384 0.3808235048076923 0.8682993197115384 0.3808235048076923 0.8682993197115384 0.4058688581730769 0.8756108197115384 0.4058688581730769 0.8756108197115384 0.3808235048076923
0 0.8656243798076922 0.37860429567307696 0.8570645769230769 0.37860429567307696 0.8570645769230769 0.4077710360576923 0.8656243798076922 0.4077710360576923 0.8656243798076922 0.37860429567307696
0 0.9068184375 0.3975864543269231 0.8966536706730769 0.3975864543269231 0.8966536706730769 0.4324597307692307 0.9068184375 0.4324597307692307 0.9068184375 0.3975864543269231
0 0.8154407043269232 0.3887039110576923 0.8069950312499999 0.3887039110576923 0.8069950312499999 0.40655902884615386 0.8154407043269232 0.40655902884615386 0.8154407043269232 0.3887039110576923
0 0.8383809783653846 0.37125459375000003 0.8343864038461538 0.37125459375000003 0.8343864038461538 0.39702277403846153 0.8383809783653846 0.39702277403846153 0.8383809783653846 0.37125459375000003
0 0.8343864038461538 0.3714574927884616 0.8287939975961538 0.3714574927884616 0.8287939975961538 0.39702277403846153 0.8343864038461538 0.39702277403846153 0.8343864038461538 0.3714574927884616
0 0.8507070961538462 0.33331246875 0.8446581682692307 0.33331246875 0.8446581682692307 0.3572545576923077 0.8507070961538462 0.3572545576923077 0.8507070961538462 0.33331246875
0 0.8265113846153846 0.35664586057692305 0.8224026778846153 0.35664586057692305 0.8224026778846153 0.38221114182692306 0.8265113846153846 0.38221114182692306 0.8265113846153846 0.35664586057692305
0 0.7805167043269231 0.34000813701923077 0.7759514759615385 0.34000813701923077 0.7759514759615385 0.36354442788461544 0.7805167043269231 0.36354442788461544 0.7805167043269231 0.34000813701923077
0 0.7752666899038462 0.35238498076923075 0.7701308076923077 0.35238498076923075 0.7701308076923077 0.3718632908653846 0.7752666899038462 0.3718632908653846 0.7752666899038462 0.35238498076923075
0 0.7799460504807693 0.31566025 0.7768645216346154 0.31566025 0.7768645216346154 0.32925448798076923 0.7799460504807693 0.32925448798076923 0.7799460504807693 0.31566025
0 0.8045982860576923 0.31180516826923077 0.7986634879807692 0.31180516826923077 0.7986634879807692 0.3310805793269231 0.8045982860576923 0.3310805793269231 0.8045982860576923 0.31180516826923077
0 0.7852759543269231 0.3387577716346154 0.7812585528846154 0.3387577716346154 0.7812585528846154 0.3601839134615385 0.7852759543269231 0.3601839134615385 0.7852759543269231 0.3387577716346154
0 0.8113890649038461 0.34443894471153846 0.807828185096154 0.34443894471153846 0.807828185096154 0.3673259591346154 0.8113890649038461 0.3673259591346154 0.8113890649038461 0.34443894471153846
0 0.80527165625 0.34654909615384616 0.7993368605769231 0.34654909615384616 0.7993368605769231 0.3712216225961538 0.80527165625 0.3712216225961538 0.80527165625 0.34654909615384616
0 0.7993368605769231 0.3363229831730769 0.7956846754807692 0.3363229831730769 0.7956846754807692 0.3712216225961538 0.7993368605769231 0.3712216225961538 0.7993368605769231 0.3363229831730769
0 0.7932194543269231 0.33145340624999997 0.787102045673077 0.33145340624999997 0.787102045673077 0.3512563557692308 0.7932194543269231 0.3512563557692308 0.7932194543269231 0.33145340624999997
0 0.7756889735576924 0.3152214807692308 0.7712150504807693 0.3152214807692308 0.7712150504807693 0.33145340624999997 0.7756889735576924 0.33145340624999997 0.7756889735576924 0.3152214807692308
0 0.8282273389423077 0.3336751514423077 0.82457515625 0.3336751514423077 0.82457515625 0.34899808894230766 0.8282273389423077 0.34899808894230766 0.8282273389423077 0.3336751514423077
1 0.8236986322115385 0.31666409375 0.8112081658653847 0.31666409375 0.8112081658653847 0.35289375 0.8236986322115385 0.35289375 0.8236986322115385 0.31666409375
0 0.5527174591346153 0.24779960096153844 0.5527174591346153 0.24617640865384616 0.5497500600961538 0.24617640865384616 0.5497500600961538 0.26342282932692307 0.5527174591346153 0.26342282932692307 0.5527174591346153 0.24779960096153844
0 0.5527174591346153 0.26261123317307694 0.5557989903846153 0.26261123317307694 0.5557989903846153 0.24617640865384616 0.5527174591346153 0.24617640865384616 0.5527174591346153 0.26261123317307694
0 0.5557989903846153 0.2628141322115385 0.5586522572115384 0.2628141322115385 0.5586522572115384 0.24617640865384616 0.5557989903846153 0.24617640865384616 0.5557989903846153 0.2628141322115385
0 0.5586522572115384 0.2624083341346154 0.5627609639423077 0.2624083341346154 0.5627609639423077 0.24617640865384616 0.5586522572115384 0.24617640865384616 0.5586522572115384 0.2624083341346154
0 0.6379130961538462 0.32438693509615385 0.6357217860576923 0.32438693509615385 0.6357217860576923 0.34321596875 0.6379130961538462 0.34321596875 0.6379130961538462 0.32438693509615385
0 0.6478470336538462 0.3238675144230769 0.6449983317307691 0.3238675144230769 0.6449983317307691 0.3391904495192308 0.6478470336538462 0.3391904495192308 0.6478470336538462 0.3238675144230769
0 0.8404577091346154 0.2804980528846154 0.8374617764423077 0.2804980528846154 0.8374617764423077 0.3033241971153846 0.8404577091346154 0.3033241971153846 0.8404577091346154 0.2804980528846154
1 0.7812523966346153 0.2787226875 0.7501517764423077 0.2787226875 0.7501517764423077 0.2982517211538461 0.7812523966346153 0.2982517211538461 0.7812523966346153 0.2787226875
1 0.8152062860576923 0.2810053004807692 0.787386923076923 0.2810053004807692 0.787386923076923 0.2997734639423077 0.8152062860576923 0.2997734639423077 0.8152062860576923 0.2810053004807692
1 0.8344658461538461 0.28709227403846155 0.8192008629807692 0.28709227403846155 0.8192008629807692 0.29875896875 0.8344658461538461 0.29875896875 0.8344658461538461 0.28709227403846155
1 0.8795474807692307 0.2635052572115385 0.855009375 0.2635052572115385 0.855009375 0.29343286778846156 0.8795474807692307 0.29343286778846156 0.8795474807692307 0.2635052572115385
1 0.9739257211538461 0.32205799519230766 0.9413984663461539 0.32205799519230766 0.9413984663461539 0.36796390625 0.9739257211538461 0.36796390625 0.9739257211538461 0.32205799519230766
0 0.9399718317307693 0.33550005769230773 0.9372612259615385 0.33550005769230773 0.9372612259615385 0.35807257932692305 0.9399718317307693 0.35807257932692305 0.9399718317307693 0.33550005769230773
0 0.9359772548076923 0.3286522139423077 0.9316973533653846 0.3286522139423077 0.9316973533653846 0.3590870745192308 0.9359772548076923 0.3590870745192308 0.9359772548076923 0.3286522139423077
0 0.9194283004807692 0.3180000144230769 0.9157190528846153 0.3180000144230769 0.9157190528846153 0.3375290480769231 0.9194283004807692 0.3375290480769231 0.9194283004807692 0.3180000144230769
0 0.9157190528846153 0.31673189423076925 0.913151110576923 0.31673189423076925 0.913151110576923 0.3375290480769231 0.9157190528846153 0.3375290480769231 0.9157190528846153 0.31673189423076925
0 0.9120098052884615 0.31444928125 0.9094418629807692 0.31444928125 0.9094418629807692 0.3367681778846154 0.9120098052884615 0.3367681778846154 0.9120098052884615 0.31444928125
0 0.9261334807692307 0.33042758173076925 0.9244215216346153 0.33042758173076925 0.9244215216346153 0.3517319831730769 0.9261334807692307 0.3517319831730769 0.9261334807692307 0.33042758173076925
0 0.63703340625 0.13155020192307693 0.6391854855769231 0.13155020192307693 0.6391854855769231 0.12529665384615385 0.63703340625 0.12529665384615385 0.63703340625 0.13155020192307693