1 0.2030225841346154 0.9674263942307693 0.19048381009615384 0.9674263942307693 0.19048381009615384 0.9971479375 0.2030225841346154 0.9971479375 0.2030225841346154 0.9674263942307693
1 0.19354884374999998 0.9446398798076923 0.1762731971153846 0.9446398798076923 0.1762731971153846 0.9788196514423078 0.19354884374999998 0.9788196514423078 0.19354884374999998 0.9446398798076923
1 0.29441632692307695 0.8708313822115384 0.28410666586538463 0.8708313822115384 0.28410666586538463 0.8891596682692308 0.29441632692307695 0.8891596682692308 0.29441632692307695 0.8708313822115384
1 0.37550040865384615 0.7841435528846153 0.3624043533653846 0.7841435528846153 0.3624043533653846 0.8208001201923077 0.37550040865384615 0.8208001201923077 0.37550040865384615 0.7841435528846153
1 0.578588735576923 0.7392050456730769 0.5703855889423077 0.7392050456730769 0.5703855889423077 0.7610801009615386 0.578588735576923 0.7610801009615386 0.578588735576923 0.7392050456730769
1 0.5759137956730769 0.7217684062499999 0.5673539927884615 0.7217684062499999 0.5673539927884615 0.7392050456730769 0.5759137956730769 0.7392050456730769 0.5759137956730769 0.7217684062499999
1 0.5769837716346153 0.6840418629807693 0.5703855889423077 0.6840418629807693 0.5703855889423077 0.6960889951923076 0.5769837716346153 0.6960889951923076 0.5769837716346153 0.6840418629807693
1 0.5892884903846154 0.6865781009615385 0.5814420024038461 0.6865781009615385 0.5814420024038461 0.7017955312499999 0.5892884903846154 0.7017955312499999 0.5892884903846154 0.6865781009615385
1 0.4364686274038462 0.6570423557692308 0.4309903509615385 0.6570423557692308 0.4309903509615385 0.6704336923076923 0.4364686274038462 0.6704336923076923 0.4364686274038462 0.6570423557692308
1 0.44343060096153847 0.6529843750000001 0.4381805865384615 0.6529843750000001 0.4381805865384615 0.6706365913461538 0.44343060096153847 0.6706365913461538 0.44343060096153847 0.6529843750000001
1 0.45427301923076924 0.6548104663461539 0.44788169951923074 0.6548104663461539 0.44788169951923074 0.6688105 0.45427301923076924 0.6688105 0.45427301923076924 0.6548104663461539
1 0.6780686634615385 0.6005602355769231 0.6739670889423077 0.6005602355769231 0.6739670889423077 0.6107051875 0.6780686634615385 0.6107051875 0.6780686634615385 0.6005602355769231
1 0.6019220721153846 0.5885131033653846 0.6188633509615384 0.5885131033653846 0.6188633509615384 0.5767830024038462 0.6019220721153846 0.5767830024038462 0.6019220721153846 0.5885131033653846
1 0.5835541586538462 0.5783681514423077 0.5787392692307692 0.5783681514423077 0.5787392692307692 0.5878790432692308 0.5835541586538462 0.5878790432692308 0.5835541586538462 0.5783681514423077
1 0.5603713557692308 0.5907323125 0.5535948461538461 0.5907323125 0.5535948461538461 0.59707290625 0.5603713557692308 0.59707290625 0.5603713557692308 0.5907323125
1 0.5459266875 0.5913663701923076 0.5412901274038462 0.5913663701923076 0.5412901274038462 0.5980239975961539 0.5459266875 0.5980239975961539 0.5459266875 0.5913663701923076
1 0.8617012235576923 0.6039141346153847 0.8268712932692307 0.6039141346153847 0.8268712932692307 0.6232331370192308 0.8617012235576923 0.6232331370192308 0.8617012235576923 0.6039141346153847
1 0.727253014423077 0.6421132884615385 0.6989657740384616 0.6421132884615385 0.6989657740384616 0.6737596682692307 0.727253014423077 0.6737596682692307 0.727253014423077 0.6421132884615385
1 0.6470329519230769 0.7018514927884615 0.6196977355769231 0.7018514927884615 0.6196977355769231 0.7594031802884615 0.6470329519230769 0.7594031802884615 0.6470329519230769 0.7018514927884615