0 0.8928172908653846 0.9176259927884616 0.8772723629807693 0.9176259927884616 0.8772723629807693 0.9815104831730769 0.8928172908653846 0.9815104831730769 0.8928172908653846 0.9176259927884616
0 0.8702064879807693 0.8594839278846155 0.8578916754807693 0.8594839278846155 0.8578916754807693 0.9093712548076923 0.8702064879807693 0.9093712548076923 0.8702064879807693 0.8594839278846155
0 0.8641500216346153 0.8907083701923076 0.847191920673077 0.8907083701923076 0.847191920673077 0.9169081899038461 0.8641500216346153 0.9169081899038461 0.8641500216346153 0.8907083701923076
0 0.8530465024038462 0.8673797620192307 0.8409335721153847 0.8673797620192307 0.8409335721153847 0.9050644350961539 0.8530465024038462 0.9050644350961539 0.8530465024038462 0.8673797620192307
0 0.8504220336538462 0.8318485 0.8439618052884617 0.8318485 0.8439618052884617 0.8673797620192307 0.8504220336538462 0.8673797620192307 0.8504220336538462 0.8318485
0 0.8409335721153847 0.8354375168269231 0.8332620504807693 0.8354375168269231 0.8332620504807693 0.8831714350961538 0.8409335721153847 0.8831714350961538 0.8409335721153847 0.8354375168269231
0 0.8255905264423077 0.8261060745192308 0.8156983004807692 0.8261060745192308 0.8156983004807692 0.86845646875 0.8255905264423077 0.86845646875 0.8255905264423077 0.8261060745192308
0 0.8062098389423077 0.8864015504807692 0.7973270240384616 0.8864015504807692 0.7973270240384616 0.9240862211538462 0.8062098389423077 0.9240862211538462 0.8062098389423077 0.8864015504807692
0 0.8138813605769231 0.8950151899038462 0.8009609014423076 0.8950151899038462 0.8009609014423076 0.9380833846153845 0.8138813605769231 0.9380833846153845 0.8138813605769231 0.8950151899038462
0 0.8140832427884616 0.9344943701923077 0.7953082019230769 0.9344943701923077 0.7953082019230769 0.9894063197115385 0.8140832427884616 0.9894063197115385 0.8140832427884616 0.9344943701923077
0 0.7983364350961538 0.9617708942307692 0.7890498533653846 0.9617708942307692 0.7890498533653846 0.9894063197115385 0.7983364350961538 0.9894063197115385 0.7983364350961538 0.9617708942307692
0 0.7872329158653847 0.9373655817307692 0.7702748125000001 0.9373655817307692 0.7702748125000001 0.9858173028846154 0.7872329158653847 0.9858173028846154 0.7872329158653847 0.9373655817307692
0 0.7630070552884616 0.9050644350961539 0.7527110625 0.9050644350961539 0.7527110625 0.9502860408653846 0.7630070552884616 0.9502860408653846 0.7630070552884616 0.9050644350961539
0 0.76636965625 0.8345543942307692 0.7612437427884615 0.8345543942307692 0.7612437427884615 0.8787161201923077 0.76636965625 0.8787161201923077 0.76636965625 0.8345543942307692
0 0.7718898725961538 0.8429661514423077 0.7616380432692308 0.8429661514423077 0.7616380432692308 0.89694159375 0.7718898725961538 0.89694159375 0.7718898725961538 0.8429661514423077
0 0.7557186490384615 0.8116745576923077 0.7434442139423076 0.8116745576923077 0.7434442139423076 0.8622079086538462 0.7557186490384615 0.8622079086538462 0.7557186490384615 0.8116745576923077
0 0.7466743269230769 0.8679503365384615 0.737953016826923 0.8679503365384615 0.737953016826923 0.9124541394230768 0.7466743269230769 0.9124541394230768 0.7466743269230769 0.8679503365384615
0 0.7406986153846155 0.8274662307692308 0.7292317091346153 0.8274662307692308 0.7292317091346153 0.8679503365384615 0.7406986153846155 0.8679503365384615 0.7406986153846155 0.8274662307692308
0 0.7276166514423077 0.9044147427884616 0.7158267307692309 0.9044147427884616 0.7158267307692309 0.9698784014423077 0.7276166514423077 0.9698784014423077 0.7276166514423077 0.9044147427884616
0 0.7305237548076923 0.8854647355769232 0.7214794326923077 0.8854647355769232 0.7214794326923077 0.9176223221153846 0.7305237548076923 0.9176223221153846 0.7305237548076923 0.8854647355769232
0 0.7087204783653847 0.8690988197115386 0.6958000192307693 0.8690988197115386 0.6958000192307693 0.9210677788461539 0.7087204783653847 0.9210677788461539 0.7087204783653847 0.8690988197115386
0 0.7087204783653847 0.8567526057692307 0.6980611009615385 0.8567526057692307 0.6980611009615385 0.8834548870192307 0.7087204783653847 0.8834548870192307 0.7087204783653847 0.8567526057692307
0 0.7135656514423078 0.8191397115384615 0.6998376634615385 0.8191397115384615 0.6998376634615385 0.8604851802884615 0.7135656514423078 0.8604851802884615 0.7135656514423078 0.8191397115384615
0 0.6917623774038462 0.8581882115384616 0.6769038485576923 0.8581882115384616 0.6769038485576923 0.9156124735576923 0.6917623774038462 0.9156124735576923 0.6917623774038462 0.8581882115384616
0 0.6802954687499999 0.9260687091346154 0.6662444711538461 0.9260687091346154 0.6662444711538461 0.9918194903846154 0.6802954687499999 0.9918194903846154 0.6802954687499999 0.9260687091346154
0 0.6781958942307693 0.9156124735576923 0.6781958942307693 0.8614664158653846 0.6628528509615385 0.8614664158653846 0.6628528509615385 0.9156124735576923 0.6757745120192309 0.9156124735576923 0.6781958942307693 0.9156124735576923
0 0.6646294134615385 0.88644596875 0.6576846658653845 0.88644596875 0.6576846658653845 0.9450187163461539 0.6646294134615385 0.9450187163461539 0.6646294134615385 0.88644596875
0 0.6612377932692308 0.8792679375 0.650739920673077 0.8792679375 0.650739920673077 0.9252073461538461 0.6612377932692308 0.9252073461538461 0.6612377932692308 0.8792679375
0 0.650739920673077 0.8921883966346154 0.6395960240384616 0.8921883966346154 0.6395960240384616 0.9252073461538461 0.650739920673077 0.9252073461538461 0.650739920673077 0.8921883966346154
0 0.6304028173076923 0.8495621875 0.6231476754807692 0.8495621875 0.6231476754807692 0.8994719447115384 0.6304028173076923 0.8994719447115384 0.6304028173076923 0.8495621875
0 0.6379733990384615 0.8680680528846154 0.6294564951923077 0.8680680528846154 0.6294564951923077 0.9073229182692307 0.6379733990384615 0.9073229182692307 0.6379733990384615 0.8680680528846154
0 0.6341881081730769 0.9432130841346154 0.6341881081730769 0.9095660552884616 0.6244094399038461 0.9095660552884616 0.6244094399038461 0.9432130841346154 0.6278792884615385 0.9432130841346154 0.6341881081730769 0.9432130841346154
0 0.637342516826923 0.9471385697115384 0.6259866442307692 0.9471385697115384 0.6259866442307692 0.9863934375000001 0.637342516826923 0.9863934375000001 0.637342516826923 0.9471385697115384
0 0.6067447499999999 0.8944248918269231 0.5969660817307691 0.8944248918269231 0.5969660817307691 0.9432130841346154 0.6067447499999999 0.9432130841346154 0.6067447499999999 0.8944248918269231
0 0.6007513725961539 0.8809660793269232 0.5916035865384616 0.8809660793269232 0.5916035865384616 0.9275111370192307 0.6007513725961539 0.9275111370192307 0.6007513725961539 0.8809660793269232
0 0.5912881466346154 0.9207817307692309 0.5723616923076923 0.9207817307692309 0.5723616923076923 0.97966403125 0.5912881466346154 0.97966403125 0.5912881466346154 0.9207817307692309
0 0.5423948076923076 0.8983503774038462 0.5364014302884615 0.8983503774038462 0.5364014302884615 0.9572326778846154 0.5423948076923076 0.9572326778846154 0.5423948076923076 0.8983503774038462
0 0.5364014302884615 0.8736758918269231 0.5278845264423077 0.8736758918269231 0.5278845264423077 0.9185385961538461 0.5364014302884615 0.9185385961538461 0.5364014302884615 0.8736758918269231
0 0.535455108173077 0.9073229182692307 0.5203139447115385 0.9073229182692307 0.5203139447115385 0.9678875697115384 0.535455108173077 0.9678875697115384 0.535455108173077 0.9073229182692307
0 0.5136896850961539 0.9067621346153847 0.50517278125 0.9067621346153847 0.50517278125 0.9650836514423078 0.5136896850961539 0.9650836514423078 0.5136896850961539 0.9067621346153847
0 0.5073808677884615 0.9196601634615384 0.4947632331730769 0.9196601634615384 0.4947632331730769 0.9706914903846153 0.5073808677884615 0.9706914903846153 0.5073808677884615 0.9196601634615384
0 0.5083271899038462 0.8669464855769231 0.5026492548076923 0.8669464855769231 0.5026492548076923 0.901154298076923 0.5083271899038462 0.901154298076923 0.5083271899038462 0.8669464855769231
0 0.50517278125 0.8675072692307692 0.4950786730769231 0.8675072692307692 0.4950786730769231 0.9157346754807693 0.50517278125 0.9157346754807693 0.50517278125 0.8675072692307692
1 0.48845441346153845 0.7962877259615385 0.47930662980769234 0.7962877259615385 0.47930662980769234 0.8461974831730769 0.48845441346153845 0.8461974831730769 0.48845441346153845 0.7962877259615385
0 0.4767831009615385 0.8574131610576923 0.46069561538461534 0.8574131610576923 0.46069561538461534 0.9067621346153847 0.4767831009615385 0.9067621346153847 0.4767831009615385 0.8574131610576923
0 0.5032801370192308 1 0.5032801370192308 0.9678875697115384 0.48971617788461536 0.9678875697115384 0.48971617788461536 1 0.5032801370192308 1
0 0.49413235096153846 0.9084444879807693 0.4821455961538461 0.9084444879807693 0.4821455961538461 0.9678875697115384 0.49413235096153846 0.9678875697115384 0.49413235096153846 0.9084444879807693
0 0.4862463293269231 0.9336797572115384 0.4745750144230769 0.9336797572115384 0.4745750144230769 0.9852718677884614 0.4862463293269231 0.9852718677884614 0.4862463293269231 0.9336797572115384
0 0.4821455961538461 0.9123699735576923 0.47015884375000006 0.9123699735576923 0.47015884375000006 0.9398483798076923 0.4821455961538461 0.9398483798076923 0.4821455961538461 0.9123699735576923
0 0.4745750144230769 0.9134915408653845 0.4619573798076923 0.9134915408653845 0.4619573798076923 0.9589150288461539 0.4745750144230769 0.9589150288461539 0.4745750144230769 0.9134915408653845
0 0.4726823701923077 0.9505032716346153 0.45785664903846157 0.9505032716346153 0.45785664903846157 0.9920012740384615 0.4726823701923077 0.9920012740384615 0.4726823701923077 0.9505032716346153
0 0.46006473557692307 1 0.46006473557692307 0.9667660024038462 0.44744709855769227 0.9667660024038462 0.44744709855769227 1 0.46006473557692307 1
0 0.4619573798076923 0.9241464326923077 0.45060150721153847 0.9241464326923077 0.45060150721153847 0.9634013004807692 0.4619573798076923 0.9634013004807692 0.4619573798076923 0.9241464326923077
0 0.45154782932692306 0.9224640817307692 0.4401919591346154 0.9224640817307692 0.4401919591346154 0.9779816802884616 0.45154782932692306 0.9779816802884616 0.45154782932692306 0.9224640817307692
0 0.45722576682692306 0.900593514423077 0.44240004326923077 0.900593514423077 0.44240004326923077 0.9291934879807692 0.45722576682692306 0.9291934879807692 0.45722576682692306 0.900593514423077
0 0.4099096322115384 0.9275111370192307 0.3938221466346154 0.9275111370192307 0.3938221466346154 0.97966403125 0.4099096322115384 0.97966403125 0.4099096322115384 0.9275111370192307
0 0.4269434399038462 1 0.4269434399038462 0.9807855985576922 0.41590300961538457 0.9807855985576922 0.41590300961538457 1 0.4269434399038462 1
0 0.38088906971153846 1 0.38088906971153846 0.9673267860576923 0.3670096706730769 0.9673267860576923 0.3670096706730769 1 0.38088906971153846 1
0 0.3468214543269231 0.9342405432692308 0.3351501418269231 0.9342405432692308 0.3351501418269231 0.9908797067307693 0.3468214543269231 0.9908797067307693 0.3468214543269231 0.9342405432692308
0 0.3468214543269231 0.8439543485576924 0.33704278605769233 0.8439543485576924 0.33704278605769233 0.8972288100961539 0.3468214543269231 0.8972288100961539 0.3468214543269231 0.8439543485576924
0 0.3297876442307693 0.8501229711538462 0.3178008918269231 0.8501229711538462 0.3178008918269231 0.8972288100961539 0.3297876442307693 0.8972288100961539 0.3297876442307693 0.8501229711538462
0 0.29603546875000003 0.8955464591346154 0.29603546875000003 0.8574131610576923 0.2818406298076923 0.8574131610576923 0.2818406298076923 0.9134915408653845 0.29603546875000003 0.9134915408653845 0.29603546875000003 0.8955464591346154
0 0.24493404567307692 0.8747974591346155 0.23137008653846153 0.8747974591346155 0.23137008653846153 0.9297542716346154 0.24493404567307692 0.9297542716346154 0.24493404567307692 0.8747974591346155
0 0.23578625961538463 0.9549895432692307 0.22127597836538462 0.9549895432692307 0.22127597836538462 0.9998522475961539 0.23578625961538463 0.9998522475961539 0.23578625961538463 0.9549895432692307
0 0.2635450576923077 0.9460170024038461 0.24682668990384615 0.9460170024038461 0.24682668990384615 0.9981698966346154 0.2635450576923077 0.9981698966346154 0.2635450576923077 0.9460170024038461
0 0.2938273846153846 1 0.2938273846153846 0.9605973822115386 0.2831023942307692 0.9605973822115386 0.2831023942307692 1 0.2938273846153846 1
0 0.2938273846153846 0.9437738677884616 0.28657224278846155 0.9437738677884616 0.28657224278846155 0.9678875697115384 0.2938273846153846 0.9678875697115384 0.2938273846153846 0.9437738677884616
0 0.3118075144230769 0.9022758653846155 0.30423693269230767 0.9022758653846155 0.30423693269230767 0.9505032716346153 0.3118075144230769 0.9505032716346153 0.3118075144230769 0.9022758653846155
0 0.3080222235576923 0.8921817572115385 0.29603546875000003 0.8921817572115385 0.29603546875000003 0.9420915144230769 0.3080222235576923 0.9420915144230769 0.3080222235576923 0.8921817572115385
0 0.3215861826923077 0.9549895432692307 0.3099148701923077 0.9549895432692307 0.3099148701923077 0.9987306802884616 0.3215861826923077 0.9987306802884616 0.3215861826923077 0.9549895432692307
0 0.3345192596153846 1 0.3345192596153846 0.9628405168269231 0.32442515144230766 0.9628405168269231 0.32442515144230766 1 0.3345192596153846 1
0 0.3351501418269231 0.9342405432692308 0.3215861826923077 0.9342405432692308 0.3215861826923077 0.9634013004807692 0.3351501418269231 0.9634013004807692 0.3351501418269231 0.9342405432692308
0 0.35596924038461536 0.9488209206730769 0.3496604206730769 0.9488209206730769 0.3496604206730769 0.9942444086538462 0.35596924038461536 0.9942444086538462 0.35596924038461536 0.9488209206730769
0 0.36006997115384615 0.9387268125 0.3534457115384615 0.9387268125 0.3534457115384615 0.9751777596153846 0.36006997115384615 0.9751777596153846 0.36006997115384615 0.9387268125
0 0.12155723076923076 0.9228191298076923 0.1049226514423077 0.9228191298076923 0.1049226514423077 0.9885359807692308 0.12155723076923076 0.9885359807692308 0.12155723076923076 0.9228191298076923
1 0.17273685576923076 0.8267785456730768 0.16232730528846154 0.8267785456730768 0.16232730528846154 0.8665941971153847 0.17273685576923076 0.8665941971153847 0.17273685576923076 0.8267785456730768
1 0.15728025240384616 0.8239746274038461 0.15144001442307692 0.8239746274038461 0.14844790624999998 0.8239746274038461 0.14844790624999998 0.8609863581730769 0.15728025240384616 0.8609863581730769 0.15728025240384616 0.8239746274038461
0 0.06706415625 0.9265980649038461 0.05350019711538461 0.9265980649038461 0.05350019711538461 0.9793117427884616 0.06706415625 0.9793117427884616 0.06706415625 0.9265980649038461
0 0.057600927884615384 0.9512725528846153 0.04592961538461538 0.9512725528846153 0.04592961538461538 0.9994999591346154 0.057600927884615384 0.9994999591346154 0.057600927884615384 0.9512725528846153
1 0.1203779423076923 0.7718217331730769 0.13141409855769232 0.7718217331730769 0.13141409855769232 0.7404178389423077 0.12044631009615385 0.7404178389423077 0.11595749519230769 0.7404178389423077 0.11595749519230769 0.7718217331730769 0.11798247596153846 0.7718217331730769 0.1203779423076923 0.7718217331730769
1 0.21910666586538463 0.8043471947115385 0.21910666586538463 0.7678962451923077 0.20838167548076925 0.7678962451923077 0.20838167548076925 0.8043471947115385 0.20954256971153845 0.8043471947115385 0.21910666586538463 0.8043471947115385
1 0.2323551826923077 0.8004217067307693 0.2323551826923077 0.7690178125 0.22868586778846153 0.7690178125 0.21910666586538463 0.7690178125 0.21910666586538463 0.8004217067307693 0.2323551826923077 0.8004217067307693
1 0.25159707932692305 0.7690178125 0.24371105528846154 0.7690178125 0.24371105528846154 0.8077118966346154 0.25159707932692305 0.8077118966346154 0.25159707932692305 0.7690178125
1 0.27367793990384615 0.7611668389423076 0.2626375096153846 0.7611668389423076 0.2626375096153846 0.8004217067307693 0.27367793990384615 0.8004217067307693 0.27367793990384615 0.7611668389423076
1 0.3042757067307692 0.7527550817307692 0.2913426298076923 0.7527550817307692 0.2913426298076923 0.7802334903846154 0.3042757067307692 0.7802334903846154 0.3042757067307692 0.7527550817307692
1 0.3370421298076923 0.7037916466346155 0.32505537740384616 0.7037916466346155 0.32505537740384616 0.74024259375 0.3370421298076923 0.74024259375 0.3370421298076923 0.7037916466346155
1 0.28530982451923076 0.6841642139423076 0.2749002740384615 0.6841642139423076 0.2749002740384615 0.716689673076923 0.28530982451923076 0.716689673076923 0.28530982451923076 0.6841642139423076
1 0.179637125 0.6897720504807693 0.17080477884615386 0.6897720504807693 0.17080477884615386 0.7222975120192309 0.179637125 0.7222975120192309 0.179637125 0.6897720504807693
1 0.2247451730769231 0.6914544014423077 0.2247451730769231 0.6690230504807692 0.2130738605769231 0.6690230504807692 0.2130738605769231 0.6914544014423077 0.2162798173076923 0.6914544014423077 0.2247451730769231 0.6914544014423077
1 0.23767824999999998 0.65107796875 0.22758413942307693 0.65107796875 0.22758413942307693 0.6768740240384615 0.23767824999999998 0.6768740240384615 0.23767824999999998 0.65107796875
1 0.2455642716346154 0.6533211033653846 0.23925545432692308 0.6533211033653846 0.23925545432692308 0.6802387259615384 0.2455642716346154 0.6802387259615384 0.2455642716346154 0.6533211033653846
1 0.2881487908653846 0.6387407235576923 0.27868556490384616 0.6387407235576923 0.27868556490384616 0.6628544278846153 0.2881487908653846 0.6628544278846153 0.2881487908653846 0.6387407235576923
1 0.38656635096153846 0.6151878052884615 0.3802575336538461 0.6151878052884615 0.3802575336538461 0.6359368052884615 0.38656635096153846 0.6359368052884615 0.38656635096153846 0.6151878052884615
1 0.39760678125000004 0.6123838846153846 0.38656635096153846 0.6123838846153846 0.38656635096153846 0.6286466153846154 0.39760678125000004 0.6286466153846154 0.39760678125000004 0.6123838846153846
1 0.4398758605769231 0.5882701802884616 0.4285199903846154 0.5882701802884616 0.4285199903846154 0.6050936947115384 0.4398758605769231 0.6050936947115384 0.4398758605769231 0.5882701802884616
1 0.4531243798076923 0.5512584495192308 0.4427148293269231 0.5512584495192308 0.4427148293269231 0.562474125 0.4531243798076923 0.562474125 0.4531243798076923 0.5512584495192308
1 0.4294663125 0.5232192596153846 0.42599646153846155 0.5232192596153846 0.42599646153846155 0.5321918004807692 0.4294663125 0.5321918004807692 0.4294663125 0.5232192596153846
1 0.40833177163461537 0.5164898533653847 0.3979222235576923 0.5164898533653847 0.3979222235576923 0.5299486658653846 0.40833177163461537 0.5299486658653846 0.40833177163461537 0.5164898533653847
1 0.3953986947115385 0.5652780456730769 0.38782811298076925 0.5652780456730769 0.38782811298076925 0.5882701802884616 0.3953986947115385 0.5882701802884616 0.3953986947115385 0.5652780456730769
1 0.38782811298076925 0.5630349086538462 0.3786803293269231 0.5630349086538462 0.3786803293269231 0.5882701802884616 0.38782811298076925 0.5882701802884616 0.38782811298076925 0.5630349086538462
1 0.37678768269230767 0.5714466682692307 0.36574725240384615 0.5714466682692307 0.36574725240384615 0.5983642908653846 0.37678768269230767 0.5983642908653846 0.37678768269230767 0.5714466682692307
1 0.3502906490384615 0.5686427475961539 0.34019653846153847 0.5686427475961539 0.34019653846153847 0.5854662620192308 0.3502906490384615 0.5854662620192308 0.3502906490384615 0.5686427475961539
1 0.3228472908653846 0.6050936947115384 0.31243774038461536 0.6050936947115384 0.31243774038461536 0.6179917235576924 0.3228472908653846 0.6179917235576924 0.3228472908653846 0.6050936947115384
1 0.3200083221153846 0.5714466682692307 0.3092833317307692 0.5714466682692307 0.3092833317307692 0.5949995865384615 0.3200083221153846 0.5949995865384615 0.3200083221153846 0.5714466682692307
1 0.2998201057692308 0.572568235576923 0.28657158653846154 0.572568235576923 0.28657158653846154 0.5916348846153846 0.2998201057692308 0.5916348846153846 0.2998201057692308 0.572568235576923
1 0.17269742548076922 0.5658388293269231 0.16386507932692307 0.5658388293269231 0.16386507932692307 0.58939175 0.17269742548076922 0.58939175 0.17269742548076922 0.5658388293269231
1 0.19824813701923077 0.5131251514423076 0.1887849110576923 0.5131251514423076 0.1887849110576923 0.5282663149038462 0.19824813701923077 0.5282663149038462 0.19824813701923077 0.5131251514423076
1 0.11591806490384617 0.5978035072115385 0.10109234134615384 0.5978035072115385 0.10109234134615384 0.6264034807692307 0.11591806490384617 0.6264034807692307 0.11591806490384617 0.5978035072115385
1 0.04904459375 0.5333133677884615 0.03642695913461538 0.5333133677884615 0.03642695913461538 0.5462113966346154 0.04904459375 0.5462113966346154 0.04904459375 0.5333133677884615
1 0.3268031634615385 0.6409781947115385 0.3154977620192308 0.6409781947115385 0.3154977620192308 0.6650246057692308 0.3268031634615385 0.6650246057692308 0.3268031634615385 0.6409781947115385
0 0.03831344951923077 0.9155338557692307 0.016750108173076924 0.9155338557692307 0.016750108173076924 0.9826198100961538 0.03831344951923077 0.9826198100961538 0.03831344951923077 0.9155338557692307
1 0.6376649086538462 0.8538827692307692 0.6480396706730769 0.8538827692307692 0.6480396706730769 0.8109948629807692 0.6376649086538462 0.8109948629807692 0.6376649086538462 0.8538827692307692
1 0.17680451201923075 0.8706188028846154 0.14539727163461538 0.8706188028846154 0.14539727163461538 0.9046876754807692 0.17680451201923075 0.9046876754807692 0.17680451201923075 0.8706188028846154
1 0.23323108173076923 0.8128909927884614 0.2098087307692308 0.8128909927884614 0.2098087307692308 0.8408085408653846 0.23323108173076923 0.8408085408653846 0.23323108173076923 0.8128909927884614
1 0.22790781971153845 0.8048469519230769 0.22311688461538462 0.8048469519230769 0.22311688461538462 0.8180959591346154 0.22790781971153845 0.8180959591346154 0.22790781971153845 0.8048469519230769
1 0.27634949759615385 0.8133641706730769 0.24440993028846153 0.8133641706730769 0.24440993028846153 0.8318181442307692 0.27634949759615385 0.8318181442307692 0.27634949759615385 0.8133641706730769
1 0.30509510817307695 0.7882856947115384 0.28752834615384615 0.7882856947115384 0.28752834615384615 0.8095787403846154 0.30509510817307695 0.8095787403846154 0.30509510817307695 0.7882856947115384
1 0.22205223317307693 0.69554265625 0.21619664423076923 0.69554265625 0.21619664423076923 0.7068989447115384 0.22205223317307693 0.7068989447115384 0.22205223317307693 0.69554265625
1 0.24281295192307692 0.6832400072115384 0.23163410336538462 0.6832400072115384 0.23163410336538462 0.6960158341346154 0.24281295192307692 0.6960158341346154 0.24281295192307692 0.6832400072115384
1 0.2877945096153846 0.6666787500000001 0.2830035745192308 0.6666787500000001 0.2830035745192308 0.67519596875 0.2877945096153846 0.67519596875 0.2877945096153846 0.6666787500000001
1 0.2838020625 0.7220406658653846 0.27634949759615385 0.7220406658653846 0.27634949759615385 0.7286651682692308 0.2838020625 0.7286651682692308 0.2838020625 0.7220406658653846
1 0.13129062740384614 0.7807148341346154 0.11745014903846154 0.7807148341346154 0.11745014903846154 0.7953833774038461 0.13129062740384614 0.7953833774038461 0.13129062740384614 0.7807148341346154
1 0.12916132451923076 0.7718217331730769 0.1203779423076923 0.7718217331730769 0.1203779423076923 0.7911247692307692 0.12916132451923076 0.7911247692307692 0.12916132451923076 0.7718217331730769
1 0.2428462235576923 0.9347085096153845 0.22538592548076922 0.9347085096153845 0.22538592548076922 0.9513644038461538 0.2428462235576923 0.9513644038461538 0.2428462235576923 0.9347085096153845
1 0.2933107403846154 0.9199453317307692 0.28074784375 0.9199453317307692 0.28074784375 0.9377368533653846 0.2933107403846154 0.9377368533653846 0.2933107403846154 0.9199453317307692
1 0.30800293990384614 0.955528375 0.30140209615384617 0.955528375 0.30140209615384617 0.9964110216346154 0.30800293990384614 0.9964110216346154 0.30800293990384614 0.955528375
1 0.2449755264423077 0.9577996346153845 0.2383746826923077 0.9577996346153845 0.2383746826923077 0.9733198990384615 0.2449755264423077 0.9733198990384615 0.2449755264423077 0.9577996346153845
1 0.3503761009615385 0.9021538100961538 0.3192882548076923 0.9021538100961538 0.3192882548076923 0.9275161923076923 0.3503761009615385 0.9275161923076923 0.3503761009615385 0.9021538100961538
1 0.410693375 1 0.410693375 0.9861309927884616 0.38425593028846156 0.9861309927884616 0.38425593028846156 1 0.410693375 1
1 0.3670096706730769 1 0.3670096706730769 0.9781361658653847 0.3576822115384616 0.9781361658653847 0.3576822115384616 1 0.3670096706730769 1
1 0.5465541802884615 1 0.5465541802884615 0.9750972764423077 0.5158921947115385 0.9750972764423077 0.5158921947115385 1 0.5465541802884615 1
1 0.8225785600961538 0.8766918221153847 0.8130937860576922 0.8766918221153847 0.8130937860576922 0.9067329975961538 0.8225785600961538 0.9067329975961538 0.8225785600961538 0.8766918221153847
1 0.8417661490384615 0.8929722019230769 0.82977390625 0.8929722019230769 0.82977390625 0.9265020288461538 0.8417661490384615 0.9265020288461538 0.8417661490384615 0.8929722019230769
1 0.8338076586538462 0.9482091995192307 0.8656416129807692 0.9482091995192307 0.8656416129807692 0.917005141826923 0.8338076586538462 0.917005141826923 0.8338076586538462 0.9482091995192307
1 0.7631611682692309 1 0.7631611682692309 0.9603935841346154 0.7503853413461539 0.9603935841346154 0.7503853413461539 1 0.7631611682692309 1
1 0.7829211129807692 1 0.7829211129807692 0.9900713557692308 0.7667383990384615 0.9900713557692308 0.7667383990384615 1 0.7829211129807692 1
1 0.7306253966346153 1 0.7306253966346153 0.9761409735576922 0.7163164687500001 0.9761409735576922 0.7163164687500001 1 0.7306253966346153 1
1 0.7214268004807691 1 0.7214268004807691 0.9776551442307693 0.7045627091346154 0.9776551442307693 0.7045627091346154 1 0.7214268004807691 1
1 0.7050737403846153 0.9219903942307692 0.6917868822115385 0.9219903942307692 0.6917868822115385 0.9453086442307692 0.7050737403846153 0.9453086442307692 0.7050737403846153 0.9219903942307692
1 0.6892317163461539 0.918053545673077 0.6769669230769231 0.918053545673077 0.6769669230769231 0.9404632932692307 0.6892317163461539 0.9404632932692307 0.6892317163461539 0.918053545673077
1 0.6631477355769231 0.9544396418269231 0.6527673749999999 0.9544396418269231 0.6527673749999999 0.9984452692307693 0.6631477355769231 0.9984452692307693 0.6631477355769231 0.9544396418269231
1 0.6519249831730769 0.9324622740384616 0.6379703725961539 0.9324622740384616 0.6379703725961539 0.9811483557692308 0.6519249831730769 0.9811483557692308 0.6519249831730769 0.9324622740384616
1 0.11126780048076923 0.6303625625 0.10551868028846155 0.6303625625 0.10551868028846155 0.643990110576923 0.11126780048076923 0.643990110576923 0.11126780048076923 0.6303625625
1 0.08075345192307691 1 0.08075345192307691 0.9793117427884616 0.06706415625 0.9793117427884616 0.06706415625 1 0.08075345192307691 1
1 0.01662478846153846 1 0.01662478846153846 0.9761233125 0.002068995192307692 0.9761233125 0.002068995192307692 1 0.01662478846153846 1
1 0.011634230769230768 1 0.011634230769230768 0.9243693822115385 0 0.9243693822115385 0 1 0.011634230769230768 1