1 0.6556108774038462 0.8081031995192307 0.6456201418269232 0.8081031995192307 0.6456201418269232 0.8573765048076923 0.6556108774038462 0.8573765048076923 0.6556108774038462 0.8081031995192307
1 0.6586725552884616 0.6909358677884616 0.6533549062499999 0.6909358677884616 0.6533549062499999 0.7170048822115385 0.6586725552884616 0.7170048822115385 0.6586725552884616 0.6909358677884616
1 0.7216786418269231 0.7101295384615385 0.7160387115384614 0.7101295384615385 0.7160387115384614 0.7413550625 0.7216786418269231 0.7413550625 0.7216786418269231 0.7101295384615385
1 0.9019200216346154 0.7352222331730769 0.8968047668269231 0.7352222331730769 0.8968047668269231 0.7537031586538461 0.9019200216346154 0.7537031586538461 0.9019200216346154 0.7352222331730769
1 0.9071177836538461 0.7331687956730769 0.9019200216346154 0.7331687956730769 0.9019200216346154 0.7506230048076923 0.9071177836538461 0.7506230048076923 0.9071177836538461 0.7331687956730769
1 0.7770572836538462 0.8786748677884616 0.7639597524038462 0.8786748677884616 0.7639597524038462 0.898475858173077 0.7770572836538462 0.898475858173077 0.7770572836538462 0.8786748677884616
1 0.8189281322115385 0.8288056995192308 0.8107808485576923 0.8288056995192308 0.8107808485576923 0.84493984375 0.8189281322115385 0.84493984375 0.8189281322115385 0.8288056995192308
1 0.8216558461538461 0.7521721057692308 0.8120881057692307 0.7521721057692308 0.8120881057692307 0.769181423076923 0.8216558461538461 0.769181423076923 0.8216558461538461 0.7521721057692308
1 0.8493519350961538 0.7588863100961538 0.8415466730769231 0.7588863100961538 0.8415466730769231 0.7678385817307691 0.8493519350961538 0.7678385817307691 0.8493519350961538 0.7588863100961538
1 0.7474937596153846 0.6216967620192307 0.7447543653846154 0.6216967620192307 0.7447543653846154 0.6363068677884616 0.7474937596153846 0.6363068677884616 0.7474937596153846 0.6216967620192307
1 0.8322217019230769 0.6722841298076924 0.8274777139423077 0.6722841298076924 0.8274777139423077 0.6787011177884616 0.8322217019230769 0.6787011177884616 0.8322217019230769 0.6722841298076924
1 0.9489445817307692 0.6232773605769231 0.9510416850961538 0.6232773605769231 0.9510416850961538 0.613509516826923 0.9489445817307692 0.613509516826923 0.9489445817307692 0.6232773605769231
1 0.7320663461538461 0.6012116634615384 0.7294491610576923 0.6012116634615384 0.7294491610576923 0.6081311754807692 0.7320663461538461 0.6081311754807692 0.7320663461538461 0.6012116634615384
1 0.605911139423077 0.5745139759615385 0.6039608317307692 0.5745139759615385 0.6039608317307692 0.5814483990384616 0.605911139423077 0.5814483990384616 0.605911139423077 0.5745139759615385
1 0.6114043774038461 0.5582892115384616 0.6096971682692307 0.5582892115384616 0.6096971682692307 0.5615533125 0.6114043774038461 0.5615533125 0.6114043774038461 0.5582892115384616
1 0.7702723100961539 0.6129598197115385 0.77686671875 0.6129598197115385 0.77686671875 0.6081539567307692 0.7702723100961539 0.6081539567307692 0.7702723100961539 0.6129598197115385
1 0.7310684423076924 0.6286182067307693 0.7283146610576924 0.6286182067307693 0.7283146610576924 0.6348845889423077 0.7310684423076924 0.6348845889423077 0.7310684423076924 0.6286182067307693