1 0.2671921995192308 0.65971065625 0.2511123822115385 0.65971065625 0.2511123822115385 0.7019687283653847 0.2671921995192308 0.7019687283653847 0.2671921995192308 0.65971065625
1 0.16162469951923075 0.8237714086538461 0.14344751201923078 0.8237714086538461 0.14344751201923078 0.8747296730769231 0.16162469951923075 0.8747296730769231 0.16162469951923075 0.8237714086538461
1 0.014109846153846155 0.7902135288461539 0.00012739663461538463 0.7902135288461539 0.00012739663461538463 0.8374431370192308 0.014109846153846155 0.8374431370192308 0.014109846153846155 0.7902135288461539
1 0.06654403605769231 0.7218548798076923 0.034384399038461536 0.7218548798076923 0.034384399038461536 0.7467125697115384 0.06654403605769231 0.7467125697115384 0.06654403605769231 0.7218548798076923
1 0.08891595673076923 0.2756593509615385 0.07982736298076923 0.2756593509615385 0.07982736298076923 0.29305973317307693 0.08891595673076923 0.29305973317307693 0.08891595673076923 0.2756593509615385
1 0.20706766346153846 0.5031072115384615 0.19448345673076922 0.5031072115384615 0.19448345673076922 0.5453652836538462 0.20706766346153846 0.5453652836538462 0.20706766346153846 0.5031072115384615
1 0.2427229110576923 0.4272912572115385 0.2280413389423077 0.4272912572115385 0.2280413389423077 0.4620920240384615 0.2427229110576923 0.4620920240384615 0.2427229110576923 0.4272912572115385
1 0.2818737716346154 0.5664943197115385 0.2685904447115385 0.5664943197115385 0.2685904447115385 0.6025379711538462 0.2818737716346154 0.6025379711538462 0.2818737716346154 0.5664943197115385
1 0.3804500480769231 0.42107683413461533 0.36996321153846157 0.42107683413461533 0.36996321153846157 0.44717740865384614 0.3804500480769231 0.44717740865384614 0.3804500480769231 0.42107683413461533
1 0.6069657451923077 0.5292077860576924 0.5964789086538461 0.5292077860576924 0.5964789086538461 0.5664943197115385 0.6069657451923077 0.5664943197115385 0.6069657451923077 0.5292077860576924
1 0.5873903149038461 0.5167789399038462 0.5796999687500001 0.5167789399038462 0.5796999687500001 0.53666509375 0.5873903149038461 0.53666509375 0.5873903149038461 0.5167789399038462
1 0.5468412091346153 0.38751895432692307 0.53565525 0.38751895432692307 0.53565525 0.4161052980769231 0.5468412091346153 0.4161052980769231 0.5468412091346153 0.38751895432692307
1 0.4678403629807692 0.26571627403846154 0.45875177163461534 0.26571627403846154 0.45875177163461534 0.29430261778846156 0.4678403629807692 0.29430261778846156 0.4678403629807692 0.26571627403846154
1 0.4412737067307692 0.2781451201923077 0.4335833605769231 0.2781451201923077 0.4335833605769231 0.29430261778846156 0.4412737067307692 0.29430261778846156 0.4412737067307692 0.2781451201923077
1 0.33850269711538467 0.25701608413461535 0.3287149807692308 0.25701608413461535 0.3287149807692308 0.2756593509615385 0.33850269711538467 0.2756593509615385 0.33850269711538467 0.25701608413461535
1 0.9201726370192307 0.37136145673076926 0.9131814110576923 0.37136145673076926 0.9131814110576923 0.40367645192307694 0.9201726370192307 0.40367645192307694 0.9201726370192307 0.37136145673076926
1 0.8873138774038462 0.39621914423076926 0.8761279182692309 0.39621914423076926 0.8761279182692309 0.4185910649038461 0.8873138774038462 0.4185910649038461 0.8873138774038462 0.39621914423076926
1 0.6510104639423078 0.2731735817307692 0.6419218725961537 0.2731735817307692 0.6419218725961537 0.2893310793269231 0.6510104639423078 0.2893310793269231 0.6510104639423078 0.2731735817307692
1 0.64961221875 0.23712993028846155 0.6419218725961537 0.23712993028846155 0.6419218725961537 0.25204454567307694 0.64961221875 0.25204454567307694 0.64961221875 0.23712993028846155
1 0.6419218725961537 0.22967262500000002 0.6363288918269231 0.22967262500000002 0.6363288918269231 0.23712993028846155 0.6419218725961537 0.23712993028846155 0.6419218725961537 0.22967262500000002
1 0.6789753653846154 0.20108628125 0.6719841418269231 0.20108628125 0.6719841418269231 0.20978647115384616 0.6789753653846154 0.20978647115384616 0.6789753653846154 0.20108628125
1 0.663594670673077 0.19735762740384616 0.6593999350961539 0.19735762740384616 0.6593999350961539 0.20481493509615384 0.663594670673077 0.20481493509615384 0.663594670673077 0.19735762740384616
1 0.68648025 0.11659121634615384 0.6816693918269231 0.11659121634615384 0.6816693918269231 0.12432931490384616 0.68648025 0.12432931490384616 0.68648025 0.11659121634615384
1 0.6933529038461538 0.13776917067307692 0.6860220745192307 0.13776917067307692 0.6860220745192307 0.14835814903846153 0.6933529038461538 0.14835814903846153 0.6933529038461538 0.13776917067307692
1 0.7317001658653847 0.052850531250000006 0.7288365600961538 0.052850531250000006 0.7288365600961538 0.05794138461538461 0.7317001658653847 0.05794138461538461 0.7317001658653847 0.052850531250000006
1 0.7233957091346154 0.06303224038461538 0.7202457427884615 0.06303224038461538 0.7202457427884615 0.0665958389423077 0.7233957091346154 0.0665958389423077 0.7233957091346154 0.06303224038461538
1 0.7202457427884615 0.058959555288461536 0.7194589615384616 0.058959555288461536 0.71824121875 0.058959555288461536 0.71824121875 0.06303224038461538 0.7202457427884615 0.06303224038461538 0.7202457427884615 0.058959555288461536
1 0.7252197115384615 0.050053545673076925 0.7234603125000001 0.050053545673076925 0.7234603125000001 0.057768836538461536 0.7252197115384615 0.057768836538461536 0.7252197115384615 0.050053545673076925
1 0.7234603125000001 0.057768836538461536 0.7234603125000001 0.051304673076923074 0.7211144471153846 0.051304673076923074 0.7211144471153846 0.057768836538461536 0.7230971826923077 0.057768836538461536 0.7234603125000001 0.057768836538461536
1 0.7211144471153846 0.05026206730769231 0.7175956490384615 0.05026206730769231 0.7175956490384615 0.057768836538461536 0.7211144471153846 0.057768836538461536 0.7211144471153846 0.05026206730769231
1 0.7304979110576924 0.03212070432692308 0.7304979110576924 0.028784360576923077 0.7274482836538462 0.028784360576923077 0.7274482836538462 0.03212070432692308 0.729090391826923 0.03212070432692308 0.7304979110576924 0.03212070432692308
1 0.7292076826923076 0.03691669711538462 0.7314362572115385 0.03691669711538462 0.7314362572115385 0.03212070432692308 0.7292076826923076 0.03212070432692308 0.7292076826923076 0.03691669711538462
1 0.742931 0.023362802884615383 0.7365971610576924 0.023362802884615383 0.7331956562499999 0.023362802884615383 0.7331956562499999 0.034205918269230765 0.742931 0.034205918269230765 0.742931 0.023362802884615383
1 0.7131385024038461 0.0729909014423077 0.7012918798076923 0.0729909014423077 0.7012918798076923 0.09259191346153847 0.7131385024038461 0.09259191346153847 0.7131385024038461 0.0729909014423077
1 0.4119628557692308 0.26332317788461534 0.40454435817307693 0.26332317788461534 0.40454435817307693 0.29172904567307695 0.4119628557692308 0.29172904567307695 0.4119628557692308 0.26332317788461534
1 0.37760950721153846 0.29639572596153846 0.36996275 0.29639572596153846 0.36996275 0.3264247860576923 0.37760950721153846 0.3264247860576923 0.37760950721153846 0.29639572596153846
1 0.42965311538461537 0.17567078365384617 0.42577267067307695 0.17567078365384617 0.42577267067307695 0.1941345985576923 0.42965311538461537 0.1941345985576923 0.42965311538461537 0.17567078365384617
1 0.39746825240384615 0.16309104326923077 0.3929030240384615 0.16309104326923077 0.3929030240384615 0.1837867451923077 0.39746825240384615 0.1837867451923077 0.39746825240384615 0.16309104326923077
1 0.6469791634615384 0.18714294230769232 0.6420487163461538 0.18714294230769232 0.6420487163461538 0.19769369471153847 0.6469791634615384 0.19769369471153847 0.6469791634615384 0.18714294230769232
1 0.6484400360576923 0.20126471634615387 0.653735701923077 0.20126471634615387 0.653735701923077 0.19460962740384616 0.6484400360576923 0.19460962740384616 0.6484400360576923 0.20126471634615387
1 0.6354505336538462 0.2099640144230769 0.6265026850961538 0.2099640144230769 0.6265026850961538 0.22181331971153848 0.6354505336538462 0.22181331971153848 0.6354505336538462 0.2099640144230769
1 0.10317501201923077 0.8290885889423076 0.09569511778846153 0.8290885889423076 0.09569511778846153 0.8463754567307693 0.10317501201923077 0.8463754567307693 0.10317501201923077 0.8290885889423076
1 0.03970737259615385 0.9614129687499999 0.025028079326923077 0.9614129687499999 0.025028079326923077 0.9996435384615385 0.03970737259615385 0.9996435384615385 0.03970737259615385 0.9614129687499999
1 0.04489871153846154 0.8546372259615385 0.03047215625 0.8546372259615385 0.03047215625 0.8913224735576922 0.04489871153846154 0.8913224735576922 0.04489871153846154 0.8546372259615385
1 0.03686366826923077 0.8377555216346154 0.027915552884615384 0.8377555216346154 0.027915552884615384 0.8546372259615385 0.03686366826923077 0.8546372259615385 0.03686366826923077 0.8377555216346154
1 0.1640844591346154 0.7282753197115385 0.14583351682692308 0.7282753197115385 0.14583351682692308 0.7597640144230768 0.1640844591346154 0.7597640144230768 0.1640844591346154 0.7282753197115385
1 0.2533981081730769 0.5943380072115384 0.2426270625 0.5943380072115384 0.2426270625 0.6214650889423077 0.2533981081730769 0.6214650889423077 0.2533981081730769 0.5943380072115384
1 0.012021918269230769 0.5754554278846153 0.0018492620192307693 0.5754554278846153 0.0018492620192307693 0.6142843918269231 0.012021918269230769 0.6142843918269231 0.012021918269230769 0.5754554278846153
1 0 0.5737267427884615 0.009703151442307692 0.5737267427884615 0.009703151442307692 0.5306425504807692 0 0.5306425504807692 0 0.5737267427884615
1 0.40778571153846155 0.7624751490384616 0.3791377163461539 0.7624751490384616 0.3791377163461539 0.8171282451923076 0.40778571153846155 0.8171282451923076 0.40778571153846155 0.7624751490384616
1 0.41534040625 0.67364725 0.3991838341346154 0.67364725 0.3991838341346154 0.7244440432692307 0.41534040625 0.7244440432692307 0.41534040625 0.67364725
1 0.4169111826923077 0.7159335841346154 0.40023101923076926 0.7159335841346154 0.40023101923076926 0.7555604038461539 0.4169111826923077 0.7555604038461539 0.4169111826923077 0.7159335841346154
1 0.45707821634615386 0.7680601370192307 0.4330677548076923 0.7680601370192307 0.4330677548076923 0.8142027740384615 0.45707821634615386 0.8142027740384615 0.45707821634615386 0.7680601370192307
1 0.44772834855769233 0.681226875 0.4275326322115385 0.681226875 0.4275326322115385 0.7263057067307692 0.44772834855769233 0.7263057067307692 0.44772834855769233 0.681226875
1 0.47660074038461536 0.6794981899038461 0.46066856490384617 0.6794981899038461 0.46066856490384617 0.7209866682692307 0.47660074038461536 0.7209866682692307 0.47660074038461536 0.6794981899038461
1 0.5371878846153846 0.8673931346153847 0.5230508846153846 0.8673931346153847 0.5230508846153846 0.9184558798076924 0.5371878846153846 0.9184558798076924 0.5371878846153846 0.8673931346153847
1 0.4466063629807693 0.9235089639423077 0.4121240504807692 0.9235089639423077 0.4121240504807692 0.96832184375 0.4466063629807693 0.96832184375 0.4466063629807693 0.9235089639423077
1 0.5478658173076923 0.6142025961538462 0.5358044879807692 0.6142025961538462 0.5358044879807692 0.6474465721153847 0.5478658173076923 0.6474465721153847 0.5478658173076923 0.6142025961538462
1 0.5831148197115384 0.4795645 0.5723624711538462 0.4795645 0.5723624711538462 0.5053285793269231 0.5831148197115384 0.5053285793269231 0.5831148197115384 0.4795645
1 0.569183516826923 0.4225510817307692 0.5594596538461538 0.4225510817307692 0.5594596538461538 0.44415966586538463 0.569183516826923 0.44415966586538463 0.569183516826923 0.4225510817307692
1 0.4652635745192307 0.3656013100961539 0.45456732692307694 0.3656013100961539 0.45456732692307694 0.3792978269230769 0.4652635745192307 0.3792978269230769 0.4652635745192307 0.3656013100961539
1 0.4556893100961539 0.36108012980769233 0.4523233581730769 0.36108012980769233 0.4523233581730769 0.37185117788461536 0.4556893100961539 0.37185117788461536 0.4556893100961539 0.36108012980769233
1 0.4375131682692308 0.3699895144230769 0.4292852836538461 0.3699895144230769 0.4292852836538461 0.38235627403846156 0.4375131682692308 0.38235627403846156 0.4375131682692308 0.3699895144230769
1 0.3941505360576923 0.29471691105769227 0.38620314903846154 0.29471691105769227 0.38620314903846154 0.31881879326923074 0.3941505360576923 0.31881879326923074 0.3941505360576923 0.29471691105769227
1 0.396838625 0.27643272355769233 0.3897093485576923 0.27643272355769233 0.3897093485576923 0.2913925120192308 0.396838625 0.2913925120192308 0.396838625 0.27643272355769233
1 0.39312201682692305 0.10203114423076923 0.39036462980769226 0.10203114423076923 0.39036462980769226 0.11129052163461539 0.39312201682692305 0.11129052163461539 0.39312201682692305 0.10203114423076923
1 0.3907476009615385 0.10060138701923077 0.38818169711538464 0.10060138701923077 0.38818169711538464 0.1097245985576923 0.3907476009615385 0.1097245985576923 0.3907476009615385 0.10060138701923077
1 0.6609414711538462 0.16554919230769233 0.6536859735576923 0.16554919230769233 0.6536859735576923 0.17445857692307692 0.6609414711538462 0.17445857692307692 0.6609414711538462 0.16554919230769233
1 0.6635754423076924 0.18250202403846152 0.6576850240384615 0.18250202403846152 0.6576850240384615 0.19230899519230768 0.6635754423076924 0.19230899519230768 0.6635754423076924 0.18250202403846152
1 0.6598354927884615 0.17701676923076923 0.6539450769230769 0.17701676923076923 0.6539450769230769 0.18782106009615385 0.6598354927884615 0.18782106009615385 0.6598354927884615 0.17701676923076923
1 0.71611421875 0.13297583173076924 0.7100368052884616 0.13297583173076924 0.7100368052884616 0.14045572596153846 0.71611421875 0.14045572596153846 0.71611421875 0.13297583173076924
1 0.7023699134615384 0.13231095192307693 0.7093823149038462 0.13231095192307693 0.7093823149038462 0.12084178125 0.7023699134615384 0.12084178125 0.7023699134615384 0.13231095192307693
1 0.7000248942307692 0.11730674278846154 0.6935734855769231 0.11730674278846154 0.6935734855769231 0.12744615625 0.7000248942307692 0.12744615625 0.7000248942307692 0.11730674278846154
1 0.7001183942307693 0.12661505528846154 0.6919840072115384 0.12661505528846154 0.6919840072115384 0.14174106490384616 0.7001183942307693 0.14174106490384616 0.7001183942307693 0.12661505528846154
1 0.7959183100961538 0.1908590360576923 0.7924775576923077 0.1908590360576923 0.7924775576923077 0.2143957716346154 0.7959183100961538 0.2143957716346154 0.7959183100961538 0.1908590360576923
1 0.8198539711538462 0.05283005288461539 0.8159644254807692 0.05283005288461539 0.8159644254807692 0.0645319326923077 0.8198539711538462 0.0645319326923077 0.8198539711538462 0.05283005288461539
1 0.8585250240384615 0.03261771875 0.8541118870192308 0.03261771875 0.8541118870192308 0.04790994471153846 0.8585250240384615 0.04790994471153846 0.8585250240384615 0.03261771875
1 0.7081996274038461 0.05939648557692308 0.7059783966346154 0.05939648557692308 0.7059783966346154 0.06334533653846154 0.7081996274038461 0.06334533653846154 0.7081996274038461 0.05939648557692308
1 0.7068975264423076 0.05456254567307692 0.7045614062500001 0.05456254567307692 0.7045614062500001 0.061166661057692306 0.7068975264423076 0.061166661057692306 0.7068975264423076 0.05456254567307692
1 0.7041784350961537 0.053541290865384616 0.7015359375 0.053541290865384616 0.7015359375 0.05953265144230769 0.7041784350961537 0.05953265144230769 0.7041784350961537 0.053541290865384616
1 0.7100829807692308 0.0670558125 0.707968983173077 0.0670558125 0.7062839110576923 0.0670558125 0.7062839110576923 0.073537375 0.7100829807692308 0.073537375 0.7100829807692308 0.0670558125
1 0.705854985576923 0.06493160096153847 0.7020559158653845 0.06493160096153847 0.7020559158653845 0.0707595625 0.705854985576923 0.0707595625 0.705854985576923 0.06493160096153847
1 0.7104721009615385 0.01674659375 0.7076764158653847 0.01674659375 0.7076764158653847 0.02961440625 0.7104721009615385 0.02961440625 0.7104721009615385 0.01674659375
1 0.6980690384615384 0.016553514423076923 0.6956754735576923 0.016553514423076923 0.6956754735576923 0.02878729807692308 0.6980690384615384 0.02878729807692308 0.6980690384615384 0.016553514423076923
1 0.5926859350961539 0.3480507596153846 0.5870760144230769 0.3480507596153846 0.5870760144230769 0.36254513221153845 0.5926859350961539 0.36254513221153845 0.5926859350961539 0.3480507596153846