0 0.25412131250000003 0.7996101322115384 0.24497078846153847 0.7996101322115384 0.24497078846153847 0.8430617451923077 0.25412131250000003 0.8430617451923077 0.25412131250000003 0.7996101322115384
0 0.5317056009615384 0.4341572475961539 0.5301905985576923 0.4341572475961539 0.5301905985576923 0.4415078197115384 0.5317056009615384 0.4415078197115384 0.5317056009615384 0.4341572475961539
0 0.39790795192307693 0.4769038798076923 0.39494107211538465 0.4769038798076923 0.39494107211538465 0.4894166850961538 0.39790795192307693 0.4894166850961538 0.39790795192307693 0.4769038798076923
0 0.5431509495192308 0.4280308413461539 0.5418095408653846 0.4280308413461539 0.5418095408653846 0.4330808509615384 0.5431509495192308 0.4330808509615384 0.5431509495192308 0.4280308413461539
1 0.577364483173077 0.4225487860576923 0.5722424495192308 0.4225487860576923 0.5722424495192308 0.42822769471153843 0.577364483173077 0.42822769471153843 0.577364483173077 0.4225487860576923
0 0.5704361514423076 0.4350122788461538 0.5704361514423076 0.4328532884615385 0.5693963245192308 0.4328532884615385 0.5693963245192308 0.43658178605769227 0.5704361514423076 0.43658178605769227 0.5704361514423076 0.4350122788461538
0 0.5691495865384616 0.4371144278846154 0.5691495865384616 0.4328846201923077 0.567915891826923 0.4328846201923077 0.567915891826923 0.43489275721153847 0.567915891826923 0.4371144278846154 0.5691495865384616 0.4371144278846154
0 0.5761557524038461 0.4667478653846154 0.5761557524038461 0.4649965456730769 0.5748890120192308 0.4649965456730769 0.5748890120192308 0.4675422644230769 0.5761557524038461 0.4675422644230769 0.5761557524038461 0.4667478653846154
0 0.5778906346153846 0.4648355168269231 0.5778906346153846 0.46406637980769233 0.5764586682692308 0.46406637980769233 0.5764586682692308 0.4665631418269231 0.5778906346153846 0.4665631418269231 0.5778906346153846 0.4648355168269231
0 0.5960261105769231 0.43895649759615385 0.5960261105769231 0.4381519615384616 0.5947042956730769 0.4381519615384616 0.5947042956730769 0.4420194951923077 0.5960261105769231 0.4420194951923077 0.5960261105769231 0.43895649759615385
0 0.5390778100961539 0.43739390624999996 0.5375356947115384 0.43739390624999996 0.5375356947115384 0.4416530889423077 0.5390778100961539 0.4416530889423077 0.5390778100961539 0.43739390624999996