1 0.06064079326923077 0.1610558125 0.0057262187499999995 0.1610558125 0.0057262187499999995 0.24270333173076922 0.06064079326923077 0.24270333173076922 0.06064079326923077 0.1610558125
1 0.06663575480769231 0.26009764423076925 0.024452514423076922 0.26009764423076925 0.024452514423076922 0.3213458870192308 0.06663575480769231 0.3213458870192308 0.06663575480769231 0.26009764423076925
1 0.1509670889423077 0.5509399975961539 0.14641914423076924 0.5509399975961539 0.14641914423076924 0.5572061610576923 0.1509670889423077 0.5572061610576923 0.1509670889423077 0.5509399975961539
1 0.9061901850961539 0.7429839158653846 0.8831191418269231 0.7429839158653846 0.8831191418269231 0.7566556466346154 0.9061901850961539 0.7566556466346154 0.9061901850961539 0.7429839158653846
1 0.6202490745192308 0.6447960432692308 0.6090631129807692 0.6447960432692308 0.6090631129807692 0.6584677716346155 0.6202490745192308 0.6584677716346155 0.6202490745192308 0.6447960432692308
1 0.6013727668269231 0.6025379711538462 0.5950806634615384 0.6025379711538462 0.5950806634615384 0.6199383533653846 0.6013727668269231 0.6199383533653846 0.6013727668269231 0.6025379711538462
1 0.5545315576923077 0.5988093173076924 0.5454429639423076 0.5988093173076924 0.5454429639423076 0.6162096995192308 0.5545315576923077 0.6162096995192308 0.5545315576923077 0.5988093173076924
1 0.36996321153846157 0.6373387355769231 0.3636711081730769 0.6373387355769231 0.3636711081730769 0.6497675817307692 0.36996321153846157 0.6497675817307692 0.36996321153846157 0.6373387355769231
0 0.08179609134615386 0.6635307860576922 0.07349163461538462 0.6635307860576922 0.07349163461538462 0.6874578028846153 0.08179609134615386 0.6874578028846153 0.08179609134615386 0.6635307860576922
0 0.07635524038461539 0.6604762740384615 0.07148711057692309 0.6604762740384615 0.07148711057692309 0.6762579230769231 0.07635524038461539 0.6762579230769231 0.07635524038461539 0.6604762740384615
0 0.06547353846153846 0.6401128533653846 0.058887245192307695 0.6401128533653846 0.058887245192307695 0.6777851802884616 0.06547353846153846 0.6777851802884616 0.06547353846153846 0.6401128533653846
0 0.05344639423076923 0.6390946826923076 0.04285105288461539 0.6390946826923076 0.04285105288461539 0.6788033509615385 0.05344639423076923 0.6788033509615385 0.05344639423076923 0.6390946826923076
0 0.04285105288461539 0.6324765721153847 0.03597839903846154 0.6324765721153847 0.03597839903846154 0.6665852980769231 0.04285105288461539 0.6665852980769231 0.04285105288461539 0.6324765721153847
0 0.033114793269230766 0.6314584014423077 0.026242139423076922 0.6314584014423077 0.026242139423076922 0.6599671875 0.033114793269230766 0.6599671875 0.033114793269230766 0.6314584014423077
0 0.026242139423076922 0.6319674855769232 0.021374009615384618 0.6319674855769232 0.021374009615384618 0.6558945048076923 0.026242139423076922 0.6558945048076923 0.026242139423076922 0.6319674855769232
1 0.2069949519230769 0.6920650721153846 0.19804683413461538 0.6920650721153846 0.19804683413461538 0.7125179086538461 0.2069949519230769 0.7125179086538461 0.2069949519230769 0.6920650721153846
1 0.24643970673076923 0.6966101466346154 0.23895250721153843 0.6966101466346154 0.23895250721153843 0.7164136875 0.24643970673076923 0.7164136875 0.24643970673076923 0.6966101466346154
1 0.2945951346153846 0.5740388100961538 0.29010719711538463 0.5740388100961538 0.29010719711538463 0.5800227235576924 0.2945951346153846 0.5800227235576924 0.2945951346153846 0.5740388100961538
1 0.2091805 0.5300772427884616 0.20587737980769233 0.5300772427884616 0.20587737980769233 0.5482045168269231 0.2091805 0.5482045168269231 0.2091805 0.5300772427884616
1 0.7310970600961538 0.6538881009615385 0.7266163052884616 0.6538881009615385 0.7266163052884616 0.66934309375 0.7310970600961538 0.66934309375 0.7310970600961538 0.6538881009615385
1 0.7158548317307692 0.5894809591346154 0.7094592211538462 0.5894809591346154 0.7094592211538462 0.6075912115384615 0.7158548317307692 0.6075912115384615 0.7158548317307692 0.5894809591346154
1 0.7410796370192307 0.5911643341346153 0.7361129855769231 0.5911643341346153 0.7361129855769231 0.6091426778846154 0.7410796370192307 0.6091426778846154 0.7410796370192307 0.5911643341346153
1 0.7627211875 0.7213081346153847 0.7441149495192309 0.7213081346153847 0.7441149495192309 0.7319462067307693 0.7627211875 0.7319462067307693 0.7627211875 0.7213081346153847
1 0.6627710985576923 0.6963751538461539 0.6364979711538462 0.6963751538461539 0.6364979711538462 0.708176764423077 0.6627710985576923 0.708176764423077 0.6627710985576923 0.6963751538461539
1 0.37662475 0.6054369254807692 0.3622633533653846 0.6054369254807692 0.3622633533653846 0.6158090456730769 0.37662475 0.6158090456730769 0.37662475 0.6054369254807692
1 0.3331665625 0.5873522019230769 0.3167107956730769 0.5873522019230769 0.3167107956730769 0.5995859855769231 0.3331665625 0.5995859855769231 0.3331665625 0.5873522019230769